0.1692231660916379
0.2319989163567218
-0.6959299068076262
-0.6581957062135527
0.9473712391681739
-0.0802106673733069
0.2983023902723720
0.0840813177482189
0.7007294787877286
-0.1580897581460601
0.3640992166454546
-0.5928048467795829
0.2262292387752246
-0.9634777216346525
0.1160706446643290
-0.0840155752470261
0.5129853691851213
0.2633171907602588
0.7865156068680106
-0.2211408334188317
-0.2993858258379418
0.7596411341218987
0.5765106358054015
0.0308052177492809
-0.0881026772956196
0.1936875566443802
0.9669651362255397
0.1403619392100200
0.6089251325378982
0.1358904588405270
-0.4286103057759885
0.6534808122220790
0.2725223646359068
-0.6299068188384028
0.0390998244836487
-0.7262369889226831
-0.1863268436696854
0.3513882889785989
0.7443268638316241
-0.5364569856711389
0.6796613384880897
0.5346767307285674
0.1808667569456474
-0.4684746255817424
0.0587650398513727
-0.3115754904143927
0.6560780057739103
-0.6848569443351118
0.6684211394452851
-0.5300624242574306
-0.1978859143450164
0.4827920583821148
-0.8599852972187708
-0.4221835620941937
0.2821025353246909
-0.0510341848997500
0.3737594449555907
0.8639784981987750
0.3265689346750412
0.0848396302554826
-0.3158513309745001
0.0961982277395111
-0.2372167124987227
-0.9136257817141066
-0.0034000516229905
0.8211732449824496
0.2197841334132913
-0.5266477723049091
0.0635097180850535
0.4468709249049278
0.5780131604404728
0.6798335667948353
0.6891514715362621
0.4112863982246886
0.2319507506889080
0.5496477027784430
0.4969237090677705
-0.0538023713961418
0.7503982130518830
0.4325212758316315
-0.7600740314555714
-0.0346029904070666
0.3340543350214995
0.5563252654833385
-0.3487105192054468
-0.4195109961192623
0.8297785760585186
-0.1178092213911505
0.3476514251448391
0.8243355871112046
-0.3607096481650582
-0.2636244983635400
0.7216511091499055
-0.1800054700058532
-0.6663276633890276
0.0531521630152719
-0.7805903391331647
0.5724275442523876
0.1035867553331812
0.2286377334402519
0.1932690294121063
0.2394340611046310
0.2624636685730605
-0.9145661459578617
0.3404284704422418
0.7682553321915763
-0.2896037228363086
0.4582814471380193
0.3162343198613022
-0.6764937341648346
0.4208934406985870
0.5149764986428828
0.4630772529695736
-0.5234057861803203
0.7050675192794075
-0.1203562795715161
