0.7681209637039286
0.5153766774502401
0.3799698217739135
0.7623737642586536
-0.5137096703043054
-0.3935589132594164
0.3971609245408281
0.6953322832988356
0.5989793116797127
-0.2168476715161173
0.1389946964364533
0.9662595726411078
-0.8467941782136672
0.0880626332583484
-0.5245803964761225
0.5086356541738571
0.8438996480982525
0.1706550768151310
-0.0496563985831481
-0.2967221356723048
0.9536719647141872
-0.1972814014769120
-0.3486540115526700
-0.9162534741323147
0.1688335707573700
-0.6501512993946220
0.7408093636562655
0.9378868056349272
0.1507523225058160
-0.3124773224971932
0.9665651143594621
-0.2468365192869297
-0.0694522314227063
-0.3662741262655327
0.0864291015224663
-0.9264843629756737
0.4297680905158883
-0.8142804726504975
0.3901880318954052
0.4953797043837601
0.2144039993858839
-0.8418015642252017
-0.6203049437457024
-0.2583504982695274
-0.7405921933213502
0.0534189697584110
-0.6907521232142384
-0.7211157451789356
-0.3668141633142078
0.8364265554246632
0.4072321045454677
0.8063695681917379
0.5859851447329898
-0.0799345335041585
-0.0261833594403806
-0.9132971729911730
0.4064513568617375
-0.5781388810735575
0.4307385997951430
-0.6929788545385313
-0.9746157945659990
-0.1636729338994936
-0.1527587106885192
0.2952993306033125
0.6594991686525470
-0.6912735723950648
-0.2125598041922142
0.9770931905006495
-0.0103550335117445
-0.6324887179688435
0.7740474203967842
0.0284361146996688
-0.8168820447052266
0.4945346173043742
-0.2968825311900727
0.4642018481640856
-0.4708196411854718
-0.7502303043966106
0.7544435503601246
-0.1205499575540517
-0.6451996877352986
-0.0856121119035232
-0.9342031613816888
-0.3463163576267762
-0.6967908174885723
-0.4902839883584704
0.5235495844931198
0.4719066652426741
0.8309790367044937
-0.2945809563722857
