0.3100043176196168
-0.0441519679127061
0.3134988007592063
-0.1343138205472182
0.3077708420226203
0.3583537571610010
-0.0511401582929945
-0.0244967077902605
-0.1852619799429391
-0.3098698938991725
-0.1129221867736687
-0.2548555937471816
0.0745032582151981
-0.3690480340299083
-0.4576889578875692
-0.3261370373384794
-0.4252557099858527
0.1571539098281020
0.0791635538531615
0.1986953489542758
0.0950879323944402
-0.3752346668722771
0.1050766487002581
0.4308908014646990
-0.0968829490717780
0.3669205523274092
0.1459707097129627
0.0849204757445768
0.2061878628104770
-0.2841619785729946
-0.1956816645488530
-0.1384619939487609
-0.3508298327743158
-0.2435124131480207
0.2144481755052103
-0.1848342582462179
0.0809275716661323
0.1846207069141494
0.2295145629627387
-0.1491698256944069
-0.4632814338815208
-0.2243999731003746
-0.5059540552782565
0.0678092120125166
-0.1971549986446744
-0.1997515431863558
-0.0261270713742920
-0.1679186670140954
0.3497471713927465
0.0524471484535431
-0.2089439803444364
-0.0721246092008425
-0.1206693425010901
-0.5359759523159993
-0.5225884320525757
0.2695803070562712
-0.2333206473730763
-0.1264177347226099
0.1978860603744353
-0.0102127846194406
0.1298032855943473
-0.1914248922517425
0.0544873727072003
0.1151550153906645
0.1189237232896542
0.2106053754388012
-0.0918264523292536
-0.4098417839347321
0.1746622252698912
-0.1260169884156496
-0.4266828734800132
-0.2741760924889968
0.2725523614506071
0.4460921163776543
0.3442052591758550
0.1055756366355027
0.2280576635941266
0.3609218658453436
-0.4647763075514128
0.1614601966533199
-0.0577124417074987
0.0624947041412899
0.1628156970142134
-0.1308422069151936
0.1577442795016953
0.2780212013206179
-0.2584302261536103
-0.1485918525338950
0.5675963785819379
0.0204234871945709
-0.3979145170508154
0.5662427865250785
-0.0619464858166555
0.2049966805535521
0.0173033170702498
0.2116406142758705
-0.1804931297668781
0.3658620562634750
-0.0270291983026899
0.0566663197280221
-0.2684492819929006
-0.1311007129334616
0.3435144438198395
0.1317659409473079
-0.1873223681071928
-0.0133547256128408
-0.0585616370689466
0.4164186845292613
0.3324717554584910
0.0454739928836669
0.0987563297687792
-0.0270778635020846
0.4706947432005436
0.1112380206686306
-0.1085936049703996
-0.0322779038103772
-0.1764367749986196
-0.3194189119016717
-0.2126471942315609
0.5241728826200212
0.0863980598939654
0.1873179727039694
0.0782437374725048
0.2239034261151029
-0.2657207365191414
0.5010249467120668
0.0792889016286178
-0.1658463775809333
0.0329995993934552
-0.0912431360092507
-0.0558278756957822
0.3476705864156525
-0.5284672225693487
0.2955829425198273
-0.2138095290568505
-0.1279932096017226
-0.0147464641527569
-0.2658658056531108
-0.0574055155195927
0.6568826825715490
0.3618952253203022
0.3267033005831065
0.0688234824067714
-0.1648458172446960
0.0149012098612103
0.1107687548623131
0.3467914709626011
0.0510313857389317
0.0111558094017338
0.2698641210503552
