0.2464656484070868
-0.2173174519362646
-0.2025704745670130
0.4398391995437009
0.0437820136314897
0.2286333687328526
0.3771688250243438
-0.6790346721866642
0.0102593809153712
-0.1279195252721578
0.3809594537838968
0.0863467716052904
0.6376939643467342
0.1466318642354026
-0.6346302808296070
-0.0059481630886084
0.5336544293863308
-0.2600067305437904
-0.4196752902901061
0.3250722472116890
-0.3549541437952747
-0.3831623110118263
-0.3041180701221844
0.0227273739955644
-0.3863196325164713
0.4935889045265905
-0.1277497484349343
0.6126703527611467
0.4182191447746914
-0.1352864240671791
0.0033606651455055
-0.1490678094685201
0.0657698726304627
0.0471317806669640
0.5297185606322421
0.2524829307368033
-0.1345470191847863
-0.5346506131108882
-0.1975979628589294
-0.5532670258710846
0.2493712230590745
0.1540788820655507
0.2036380577246186
-0.5352316560830959
0.2658434705043689
-0.5605707079674110
0.4481381811655451
-0.0198042451229174
0.4310760237330614
-0.5531870982335531
0.1249383481054458
0.2538484400961719
0.4041662328196381
-0.0386979018598921
0.3335777569280375
0.3898549518304730
0.5027535000948602
0.3570056412670647
-0.0902152885321109
-0.4510897295355841
0.2649664417848205
0.4580434766298963
-0.0919959904677243
-0.3459636452735928
-0.1064558280382150
0.0268116086787880
-0.6453889622731391
-0.3295711914082653
0.4495626560671629
-0.3546421527090904
-0.3567237391069297
-0.0876056347260939
-0.5256571031000726
-0.6278187010902515
0.0341255865355845
-0.2298550435607807
0.0021432293066679
0.0380428379397140
-0.1650934166020019
-0.4968125447886482
