0.1729663829525485
-0.1858565151639641
0.2942379303977627
-0.3251234375400339
0.2302455033816335
-0.6989586586279422
0.2068551951654705
-0.0572603690674171
0.3945057121078186
0.4170694237774841
0.6309470919979747
0.3160908954345071
0.4865274993047582
0.1210526524390079
0.0872397655833286
0.0286176444890328
0.2457149867161562
-0.0887527771864742
0.2209072594937650
0.7023062763330589
-0.0428163793878825
-0.0000559758257398
0.2641417677009884
-0.1770554348490219
-0.5726639115744607
-0.0815392640318607
0.1429003981679862
-0.0093801049237104
-0.5226695344333637
-0.2420651741461921
0.0832031546767921
0.1149453485643651
-0.4604108630029370
0.4720482483914490
-0.4572421112000445
-0.0641853950087788
0.1135074777187525
0.1439627049022901
0.7623735352111926
0.0665768057157415
0.0191607787667001
-0.0385900193546084
0.5670931827046486
0.2300494065581823
-0.0661149112139230
-0.1316884827923774
0.0741458691538380
-0.5228052209251786
-0.0407697821768782
-0.1919549990446916
0.3756079117938968
0.6371885946255467
0.0450666940285449
-0.3408881375611769
0.5367720882485014
-0.3030238058665533
0.4977172521807798
0.4978369835052875
-0.0722967673153475
-0.1758994606333447
0.0207883590956532
0.1650375288308480
0.2462746200476796
0.5981749537134410
0.0387418433860562
0.1171210765438190
0.2620800500396054
0.3821044781817145
-0.4583546093209332
-0.3178135305381832
0.1098785872485227
-0.2985146074487582
0.3717550714973692
-0.0420914622735383
-0.3971009106229674
0.0209691434062415
-0.1249300821696667
0.6460088646880761
-0.2113968586770053
0.3855018539285373
0.2750678961629988
-0.1501811686624452
0.5680839979207606
0.7335654461664455
-0.0475597643288410
0.0204021925900304
-0.1619479650338917
-0.2444874621334672
-0.0449291198479943
-0.1609653847921294
0.0630306017992982
-0.2211443312648086
-0.4657471368967609
-0.1029955028646514
-0.2808160522130307
-0.5772850725417445
-0.0634103517815766
-0.1890687159472015
0.5174072831197498
0.1893476691146016
-0.1518243844340501
-0.6681099528007006
-0.3660627757870259
-0.0470064393154226
-0.1988395690626353
0.1012673788950853
-0.2290940893102622
-0.5061995538288477
0.3743634537417530
0.1226383633043769
-0.0334889548364712
-0.4331225597501099
-0.1748351725877749
0.4821692264893754
-0.1689794340626501
0.1029811841721613
-0.5948793999721704
-0.0239485644111925
-0.1335717313369463
-0.5341542821825647
-0.4493333685642552
-0.0429440548953987
0.1595945605443810
0.0271888767536238
0.6367649746126849
-0.2466582697826930
-0.1739450758642102
0.4338043264601846
0.2172526940732312
-0.2292849992079452
0.3279334144452387
-0.2940790594034688
-0.0662074346464172
0.4764403575083794
0.5063446620915854
0.4424396856200234
0.3551796280074007
-0.0417820341644499
0.4462342467914848
-0.2693776986696188
-0.5444827777083601
-0.1119334710694926
-0.1394425810749886
0.2760881017436738
-0.1865300574356707
0.2529579088272541
0.2438767125065125
0.2159011316519478
0.7518467805156716
0.1876258713898432
0.3606127497384731
0.1561855652482924
0.2005421387907361
-0.2023774578388225
-0.0707160695270912
-0.0510874103344863
-0.7261122338892643
-0.1725692171040422
0.0467247371109511
-0.6006214131872866
0.1345481069967767
-0.1156766681120040
0.5188792590871973
-0.1461962249150720
0.1830413048025703
-0.0235571737694532
-0.1593288706712428
-0.4659828387026210
-0.0611653672985882
-0.6179094990951670
-0.2173772582087030
-0.2018528749117363
0.0472350842834095
0.2146208559986381
-0.0082180472955381
0.1575055475101972
0.8741102511865261
-0.1478636757294552
-0.1490703760848137
0.2791634704246143
-0.5978334663197979
0.1781728315400720
-0.0601216675751508
-0.4546570044280601
0.0005141184510027
-0.4123937773459576
0.1984267489126977
-0.1906454403540433
0.3933627226088353
0.3560988727521380
-0.0746524005303505
0.3896908523020114
-0.0095739433833801
0.5746491763602511
-0.1156727603404939
0.4257640473852373
-0.4301354221508379
-0.0760040942903365
0.2578462049663671
0.6306764945392630
0.1428546432991511
-0.1338632796633794
0.3748999503250722
0.4516505543977357
0.1699187821743768
-0.3521258666386118
-0.0056967124383510
0.2927372440899496
-0.0878369445562913
0.5577283909954519
-0.0887452974026275
0.1256577911414081
0.4054218643948755
-0.2653366534732737
-0.5371098112471703
-0.2204668536126427
0.2433788161364262
0.6618693001508145
-0.5956867456840245
-0.1133219016489331
0.0375261379335087
0.2753932634971150
-0.0103610657136743
0.1669992439207292
-0.1725267203546577
-0.2019413623035009
-0.3402534245866788
0.3726652057379694
-0.6070620204227440
-0.3987465073749746
-0.3007016633513427
0.1388275925181236
0.2576371290195972
0.0311990842931747
-0.1755427876700852
0.1560204159843112
0.2516188733371025
0.3849739386848768
-0.1346889891957432
0.3032747788611187
-0.7407624136548476
-0.2728643448980084
0.0049748470239325
-0.3066315614837323
0.2660348367080039
0.0949130332582310
0.1810340452659198
-0.2551171479665666
0.4391673000313300
0.1295191126728125
-0.7054601560095192
-0.1449787324549426
0.0385368497321608
-0.1581408255837372
-0.2804298665840846
0.2141826277014422
-0.4777788427025421
-0.0877983094082752
0.0945139132687857
0.3741740338346555
-0.6812275899788144
0.0469403760599831
0.3176575025748268
0.1847923179864547
-0.4062221861673270
-0.3713675448120993
-0.6319438494938620
-0.3209095669606529
-0.1996739963161558
0.1326880160650412
-0.0799413041581497
-0.3371186153222775
0.5219736731590364
0.0176187984839487
0.5382091468881313
-0.1456943990152905
-0.1967828418602724
-0.0192592201431284
-0.5071519904840430
-0.2498693140282048
-0.2587593116392123
0.0756128117838462
0.6233155856674554
-0.1863206775575785
0.0497771572954145
0.3082492381518600
0.5471441145798128
0.2116409523008159
0.4411041440309464
0.1017517484490886
-0.3686318713824198
0.3405891167115074
0.0010921996600416
0.0948613709134549
0.4271940433733767
0.5878338990111501
-0.0783581308673638
0.1726335706068638
0.6124022733456219
-0.0772451980368329
-0.0401247332710097
-0.3187630333399269
-0.3778691520053633
-0.1369045261377402
0.5658028541189908
-0.0656780373740045
0.0321436309639480
-0.5703231697110368
0.3186873664298243
-0.5132537854838288
0.3302496690491526
0.1419517900815277
-0.2936079364981186
0.0566648432063819
0.3001258132834301
-0.2435017927773066
0.0422201408098490
0.2279831443169691
-0.2198353468036907
-0.4437011262030194
0.3929275022654333
0.3150674735660339
0.5456642701605868
-0.3005673348315386
0.4199771451326694
0.3887822250636852
0.1437591798343147
0.2513617101466246
-0.1525603069493678
0.3636889146364808
-0.2301191719439314
-0.2386110417701413
0.5684925958088926
0.3498264526279871
-0.0838959300987837
0.6961988195206995
-0.3266646805394114
-0.2652023605542830
0.0319003774199062
0.0426073677400391
-0.1623635629389233
0.4238550172660392
-0.1911511503030998
-0.0986865844973951
0.3040033323628206
0.0955160926225453
-0.2621938565938531
-0.4382430064845739
-0.6103762191924599
-0.0084141547570983
-0.4677054282519154
0.2156529024985417
-0.4173807779845978
0.4234716627914046
-0.0104698061005078
-0.0536470056697168
0.5616994955037315
0.1989067687816509
0.4209359590658496
0.2543893413991834
-0.3310545901582473
-0.5403722956678733
-0.3785324621903768
-0.0318697918434561
0.4721194533872075
0.0527811848045793
-0.2974365779180125
0.3651382991122671
0.0813695566384937
0.2614191569850135
-0.2964741644997987
-0.0822434873363653
-0.3396826548885828
-0.2285298584087135
0.2892977335179312
-0.4005952333700167
-0.5376323484727653
0.3690130607145914
0.4724241573780661
-0.7470841312010907
0.0323539745301137
-0.2537235847472424
-0.2533174913489876
-0.1911261519783963
0.1159399192878203
-0.0664100724743333
0.1862980389170090
-0.0691105158123884
-0.2371570073528004
0.1404443616843001
0.6685828597921277
-0.3685177201027988
-0.4710328133664693
0.1086194410380252
-0.2238982656766138
-0.2294488912345731
-0.1908453768026979
0.2967228860996455
0.4207179359233621
-0.6511864151376197
-0.1931263215590510
0.3657260522700687
0.1115107944023071
-0.2593350689217744
-0.1540895373523480
0.0081560251608365
-0.1600765632852946
0.2204878122192910
0.2208088963919029
-0.6494675762221134
-0.1401750625511600
-0.3708107986663873
-0.0581348601199572
0.5427707047948206
0.6872851508933245
-0.3139409102116422
-0.1308418202594567
0.2728763995099631
0.1402753764436210
0.2563928973242570
0.1412264267813689
-0.4213233556027053
0.2337227894027739
-0.4463933420406594
0.1059097546025235
0.1361446799355433
0.1924670878580733
-0.3334401264868848
-0.2277054867958832
0.7480905571296607
-0.0698959700072491
0.0798756491061272
-0.2059408233645339
0.0108694560270377
-0.4794871059788821
-0.0196082890184667
0.0471914880648682
0.1227801148337288
0.1599035974913188
-0.6779535930197514
0.4740101628403786
0.2534765756744896
0.1529564054155245
0.1065554399697142
0.1325906615709342
-0.1794952682853362
-0.2814788896049794
0.5316261394789331
0.3458527988946845
0.6080544309460306
0.1792010270797281
-0.5857048711393442
0.0430082051791533
0.1680033353295938
0.4821467577694294
-0.0619652483512759
0.4105268568328952
0.1541203360603031
0.4076412678119934
0.1157642793801279
0.1453919257649134
-0.1078558209965538
0.2688721652992042
0.5921292107970547
0.1856201237357528
-0.2533257363718227
0.6207903818609234
-0.2165831032473911
-0.5432424525970476
-0.4198426258858904
-0.1658486132225102
0.3044702699699194
0.1915697456553131
-0.3498118350770272
-0.3272937645727740
-0.3551363044078759
-0.1268921153385780
-0.4068057217467533
0.1271591319834588
0.2393877014033793
-0.1564912894547808
0.5726102879104301
0.1822691420982173
-0.6010919998039949
0.1116294503212759
0.0408210271725414
-0.1266328213942378
0.4325130295057600
0.1181892369142513
0.3773097380030574
-0.2547866402054191
0.5681984130597790
0.4499953123398024
0.1325357346857751
0.1809367375959473
-0.5892042120351145
-0.2192205642303698
-0.3735114013333082
0.0054467430030805
0.3810380237683633
0.0196709572007608
0.5459985281738494
0.0107962441280768
0.1463982002399899
-0.2128699274100451
0.0893066845810751
0.2818559631148152
-0.7398538129825634
0.4637897213930700
-0.2582157914878851
0.0226819072642764
0.0900427702703552
-0.1717142729265073
-0.2621309938394306
-0.2258425225032780
0.7061231605844477
-0.1786012935913061
-0.2418174815942727
0.3121325627612104
-0.3892401450193316
0.1669081206733525
-0.1204388422810231
0.3037609484527576
-0.5791549412329695
-0.0088423059725551
0.3755301950389159
-0.1137563805087494
-0.0954565207613705
-0.5875806440335978
-0.2524769639092625
-0.0126346535189768
0.1954146765963186
-0.2742307399842045
0.2973361514411555
0.4325745380795151
0.6065367074520855
0.3164884784974231
-0.3226180304117479
-0.0591380314061163
0.1882807814306901
0.2350952214110466
-0.1552538311239968
-0.2774999790914084
-0.7227792630705844
-0.3230274880049333
0.3111299818890422
0.3243483417780250
-0.0970409448961280
0.0737764720821115
0.6405995913664501
-0.3228936297819312
-0.1471957893068576
-0.2958687904512461
0.3906701771934000
0.3038586615794718
0.1836625728970439
0.2866571732982440
-0.1237310655532482
0.3876559757974657
0.1169095898292715
-0.0019198697863584
-0.4124919515637325
-0.1795054950606655
-0.0448877581662925
-0.4631231096727554
0.2738859661649542
0.5849513017887639
-0.5766155860852575
-0.2098184796345535
0.1383724577005786
-0.1922049737893185
-0.5096836324539875
0.0598235507003060
0.0167966600138386
-0.2244454552812246
-0.5033754363236733
0.0268592004079666
-0.3148312743923752
0.1612263341838767
0.2911730897884034
-0.0599977475781332
0.1270277782413378
-0.5986220464363936
0.6063621196001178
0.2088659671693736
0.0206038793711508
0.2651348805457995
-0.2179668036133199
-0.2775940797327224
0.2175188890783871
-0.2768633646506855
-0.3892932174367998
0.2876583672075359
-0.6681666255765579
0.4478749886917867
0.1789220691355367
0.5955753169022839
-0.2606756042970078
0.5006411453078577
0.1318955283862691
-0.1419299579683500
0.2330254409472822
0.0474363048802767
0.1110849953626272
0.3522749704871982
0.1876764220673363
0.4063801296084532
0.0642779722069004
-0.0752663671746434
-0.2110057254478151
-0.4582903850703413
-0.6315417982006963
-0.5986453486202643
-0.2850862123219107
0.1088369840665252
0.3560298457325161
0.0225480179528633
0.1600511171078281
-0.2429637727507568
0.3684481753395717
-0.4481480023216047
-0.1534684569719875
-0.0797431008372442
-0.1225518132300410
0.1019317436730648
0.7609224580393430
-0.5887410642702141
0.0563872352342609
0.1132055858313553
-0.0553659680837593
-0.0897017438885666
0.2624438513402784
0.3332196953973158
0.4967679405988020
-0.6358920194289536
0.0712820434857098
-0.1780145143609358
0.2967912395653841
-0.1898659330336245
-0.7248821678129488
-0.2663580713167883
0.1507810266384141
-0.0528296776167105
-0.0936156341963253
-0.0066655746943563
-0.3298437068674253
0.1873767337358138
0.4747189691200984
-0.1181969362285454
-0.3150594092598997
0.4925828629810433
0.6142288741034706
-0.1469161613621168
0.4372099384893506
0.0556155539084036
-0.1710421878109211
-0.1475352757378511
-0.2775945474340812
0.3251289261516798
-0.5306744434518385
-0.0167500946517089
0.5940705375824360
0.0261735003146461
-0.1580314171914199
0.0287880049178068
0.3948784423359701
-0.3736247773819321
0.2001042662188198
-0.0019606102952305
0.0263150883409849
0.6544096082983754
0.0133047605919642
-0.0213695333451771
-0.6092910974539257
-0.1398042560888735
-0.0867873279844296
0.4540246803131496
-0.2243371148992316
0.5521203388616499
-0.0472344184206841
0.0103361623736456
-0.2384791566495505
0.3855064936226861
0.4725886671770258
-0.3096961978052786
0.0858817503165832
-0.2611708343120995
0.0612455142516884
0.1236952622736097
-0.5544522902160052
-0.6221704190812608
0.2977054461889835
0.1622003366557486
-0.3479300347071686
0.4214889533368154
-0.1642159515896001
-0.2722813066847355
-0.1772505664301602
0.2537422396272879
-0.4660869174249567
-0.2195416154618950
0.4888244485007657
-0.6132507636910434
-0.0133657218340139
-0.1925654338686043
0.6120667742539917
0.0757012008062911
0.3475416929680890
-0.0356500073332000
-0.1631468025708914
0.2400707676476142
-0.7793873101246563
0.1001790864135269
0.5151901105986989
0.0245235897273252
0.1484785455903898
0.2032518924920167
0.1875266302965878
-0.1229241317612967
-0.0535119183762351
0.2447696279114676
0.6149210877564831
0.1639237803528469
-0.1451735630999212
0.3458999984735589
-0.5479496744199556
0.2753077253933125
0.0162506021984010
-0.1343853992150053
0.0174087154633986
-0.3042321781679312
-0.2725160359988384
0.2202180256138748
0.1371041093189737
0.1374982140301315
-0.3453693666316757
-0.0143671180291530
0.7919526757134318
0.1869150642910690
-0.0569225371156020
-0.5113720884314402
-0.1944832553724739
0.2427455488477456
0.6665796249978313
-0.0029584941163111
-0.3733799160974767
-0.1407917670971687
-0.2087963799477369
-0.2403047838258426
0.3756909537822705
-0.4685665950053057
0.2082009223501293
0.1225519999818473
0.6049993577290781
-0.1284915081601188
0.3115420173806146
0.2468006983844735
-0.4700540774197439
-0.3606867950988978
0.2275103199095245
0.5675285047502772
0.0038882101063873
-0.0984958367446784
-0.2119794359174334
-0.3994273860968181
0.1359310999477163
-0.7206921733406747
0.0093914693727475
-0.1881414804146166
-0.0403841673887492
0.1479855916980072
-0.2996862517607933
0.2831343306485006
-0.4828380639415417
-0.3838468236924675
-0.3296713360629374
0.4408954864991351
-0.1011769077292828
0.3418431682234053
-0.0805893254753483
0.1819014381792729
0.6161302366134165
0.0574180870818028
