-0.3634485215018647
-0.0503694524294612
0.5788142542353552
-0.2228245710960291
-0.3628903525230496
-0.5907638717250758
0.3881930188425863
-0.3185528029770081
-0.6727359896346793
-0.4888683893662785
0.0551009885378796
0.2307122862532226
-0.2833347640189730
-0.1056614443146952
-0.0260523702206785
0.7654932408592268
0.3931423667259468
-0.4090690924202040
0.0261181109470923
-0.3430309339553492
-0.0397333339673135
0.3450894709684085
-0.1137149250551740
0.8648994494440139
0.3796121091448475
0.4475015759637492
0.6489330597036389
-0.0996923006384125
-0.1814453694048976
-0.4377920662131458
0.1054974208262916
-0.2765964239148637
-0.2194313654153626
-0.4200129543883085
0.8154713244632117
0.1510305448334177
0.5577481132818443
-0.5342780378872131
0.2021278948320438
-0.5644512177251938
0.1789303528132120
0.1094855522129947
-0.3815768567717819
0.3524973078861452
0.2770785267173135
0.3887761796538857
-0.3584192749619580
0.6113599151161485
0.4617102305292137
-0.3109513470636986
-0.0576586321260396
0.7997641854775990
0.1154774057254401
0.1839853834399910
-0.0031334841974461
-0.1281727923395015
-0.4283608381577892
0.6619792626635324
-0.4280130382998501
-0.4226786057540796
0.1413366774556073
-0.3518631413594968
0.4587377178947011
0.6440991749296782
-0.3021610368863656
-0.3736454739212859
-0.3088268280194187
0.0199034794817719
-0.0267924378491446
0.0221235179678861
0.6039224619387836
0.7336894554187118
0.8379471804290183
-0.1712163967037691
0.3953626644873288
0.2207707059555457
0.0926481729728635
-0.2342956322192029
-0.3136855943464245
-0.1131859652909795
0.1976120736093278
-0.3656914955872470
-0.8403142578247027
0.0994053905790976
-0.0169917273293318
-0.8261634234564124
0.4228810410521564
-0.1295198803888356
-0.1500324719233460
-0.3147248989457667
0.3211175940594922
-0.7122326204237125
0.0995008383796301
0.1999162802282115
0.5632867810480653
-0.1498307429995261
0.0140447345214691
-0.1288603351790091
0.5741318458009016
0.1738923175200521
0.3891537743946861
-0.6869433636544573
-0.3254257500473298
-0.4878738602048802
0.5305633373008434
0.2790425588931784
-0.4400416288044192
0.3210581537550704
0.6703278550128544
0.1028527510517488
-0.6862154925360255
0.1845359177336778
-0.1368794387907931
-0.1280651806737479
-0.4307171243377346
0.0122704030432560
-0.6084065906443439
-0.4066968720782481
0.2513862205724099
-0.4643018832828520
-0.4300878967988132
-0.0960222861203221
0.1742458003265292
-0.3932157141045002
-0.1925881864413578
0.7640246823817176
-0.2085461772421925
-0.3045203594329239
0.3879665723488732
-0.6421773974842757
0.3972740264887686
-0.3782053931742663
0.7868360077107815
0.5107168455648914
-0.0367640277297224
0.0958949508668334
0.2770654581415811
0.1809549590205739
-0.5130744802180923
0.1713018558592850
-0.3236039161886115
-0.0695728737848572
-0.5507552786731883
-0.5426960434740872
0.7954730228707965
0.1538449215803308
-0.0554157915172788
-0.4816523411686395
-0.1722871304559127
-0.2807341571047041
0.2464167791153618
0.4386016341425578
0.1411869962041066
-0.1149659140294629
0.0263948539120092
0.8444286588570312
-0.4036722277951122
-0.4778372604495176
-0.2602790861355949
-0.7058891405580968
0.1134732094064716
0.1726830459037517
-0.1854387981251801
-0.5439204827700691
-0.6669004609364860
-0.1748868014410907
-0.3766845093618154
-0.2291945088005367
-0.4959258156942282
-0.2030378928153535
-0.3510182452290307
0.3709430674857468
-0.6066475276527479
0.2898265150094462
0.5163591708217211
-0.3029748255769917
0.4607315054785051
-0.2299729807571948
-0.6134224794137574
-0.0114556320618182
0.5332188921769414
-0.6716418455861585
-0.2336177272136083
0.1943936655301342
-0.2678943335719174
-0.3169248028422184
0.1726185184357605
0.7068886879962034
-0.3443296397417516
0.1802655106003644
-0.3276098915659609
-0.4605696838780144
-0.2230318255408920
0.2219611414905727
-0.9197817239109987
0.1848411413934955
-0.1411020661226109
-0.0302588203288044
0.1057595336119679
-0.7243323321525207
-0.0980357701196537
-0.2985879173843547
-0.4385150457801975
0.4160485448144015
0.2457867424251286
0.7888160239945121
0.1331750722948894
-0.5431026756851244
0.0601293039562560
0.0323497778381661
-0.5400767393437015
-0.5299787791523626
-0.1613250156491339
0.0333098446596738
0.5934165025648617
-0.2194565044064303
-0.8031357746231097
0.1927787419662852
0.1147308263438125
0.0182854707043148
0.2332168727260277
-0.4999216473507755
0.0965882864701336
0.3194816183637254
-0.6076498243142890
-0.5777251924425629
-0.3866241847205423
-0.1900506018450130
-0.3108274995019473
0.1378105574530541
0.3640983298040586
-0.0451256379241393
0.8632205827732350
-0.0681235959144592
-0.0997556104048088
0.3590183850876033
0.0183481714914744
0.7570309875628269
0.3773895252847586
0.3811813112414722
0.0936140563894716
-0.4070202019378868
-0.7070233976134239
0.3311208345027879
0.3406537474254084
-0.3162323452955509
