0.0185709162861210
0.3631512645291042
-0.9315451036526393
0.4489953331191371
0.2197597574800762
-0.8660882402096990
0.5946509467468036
-0.2056805754306107
-0.7772295365100730
0.4993429933043364
0.8038360931230324
-0.3232709551298494
0.6684671339321996
-0.5572717770773937
-0.4925442694067961
0.0605176606792635
0.9205861495004066
-0.3858221793701404
-0.8266346406960394
-0.5474616380262971
0.1302341187665262
0.1432436622200559
0.5025982859347077
0.8525703585096542
-0.9900091498800865
-0.1238094468912565
0.0674766923773674
-0.4293905592668837
0.3363562305539565
-0.8381457115442437
-0.8977393702942298
-0.2482182783048865
-0.3639391560949133
-0.3258164432148262
-0.7789932200249826
-0.5357361369983820
0.6899541042274167
0.4599660831947685
-0.5589226568767870
0.9460470097878244
-0.1956288185887210
0.2583107055642437
0.1853177490562836
-0.1397217331814481
-0.9726947975400529
-0.8648254156560045
-0.0403089507660441
0.5004519846334510
0.7049215173739006
-0.4950285019563383
0.5079689327056736
-0.2512883933908638
0.7154451593618376
-0.6519143864747529
-0.7718089810825812
0.6313591740266131
-0.0754750958442629
-0.7154780714232163
0.0065181360323802
-0.6986047832753355
0.1209946496522788
-0.8669615628747519
-0.4834645211939446
-0.6960207934225648
-0.6541773214482117
-0.2959849442560661
-0.2683020202946477
-0.0749983459619694
-0.9604109922365421
0.3769110628884685
0.9205314535837427
0.1027613430979122
0.4800321419963103
-0.8544332486066500
-0.1987786867999710
0.4237539307779538
-0.8688765584816170
0.2559025835574433
0.5700602897768464
0.4281746024706726
0.7012116483763082
-0.2756165835531616
-0.6617223820419419
0.6972510222116719
0.3040621003953305
-0.5601167459584334
-0.7705942317459402
0.9282190918919048
-0.3077682112937802
-0.2090168547375898
-0.0716401143562119
0.9963458722922688
0.0465037286804723
