-0.0688352106287540
0.0731732989244272
-0.4387811904845529
-0.2397641068903605
0.4477266504280495
-0.3573043161753290
-0.1622338474437920
-0.1273919618591289
-0.1093615751810537
0.5767974070642182
0.1157229975938994
-0.0353048730669902
0.0930424023061011
0.0355980783061863
-0.3905103311495355
-0.1201113028546922
0.4399255244290737
-0.1131687017085772
0.3644709856113043
0.5723529932194874
-0.0732656202123935
-0.0406305107876367
-0.2993881417110985
0.0379902283452287
0.1182572394187432
0.0646627895798380
-0.0990590020388053
0.2005800155215251
-0.4624719082716330
0.6130790997092022
0.2534177084563911
0.0929547354382353
0.1088292496972152
-0.2032854289870248
0.1673466278198553
-0.2593238606991449
0.1584610600404188
0.1835315046943114
-0.0361239437711571
-0.1251015771260523
-0.1928793456617287
0.2757147027283612
-0.3007689338375505
0.0264483016851773
-0.2307712255891729
0.3005580444208195
-0.2502103277738179
-0.0710491293384373
0.4004312236675172
-0.0484568588166263
-0.2422381728035441
-0.1349996043407841
0.3277728677007198
-0.4477932703795623
-0.2764672407270619
-0.2713105115231355
-0.0431965963138328
0.2149843786852340
-0.3056207042950370
-0.0175931946727704
-0.0904575022382653
-0.0688988778500981
-0.5658916755775586
0.4813619083564009
0.0145020907580656
-0.0691582992544790
0.4364063077416089
-0.0343899987643967
-0.2755864382775099
-0.1440685316252789
0.0118227727984666
0.2471300793928615
-0.0017550842379571
-0.5099206609066572
-0.1205781578973425
0.2077615223332295
0.2894478140380692
0.1618085189245925
-0.3565004396859525
-0.1758751535981673
0.1345686157442119
0.3400633460500611
-0.2409662779446252
-0.4015689692497735
0.1918415422368233
0.4234933584715818
-0.2537765558458603
-0.3167775775850661
-0.4519532103007696
0.3364172455098264
0.0944914649051486
-0.1976221428666159
0.0639999281971083
-0.0380993356220139
-0.2853613273597793
-0.0388838090788711
0.0292277780867503
0.4053805094221028
0.1323989781529023
-0.2482175377442435
0.1422007548722007
-0.1004614122280200
0.1415414110778340
0.2921925733341842
-0.2700343461816386
-0.2861850090515798
0.6127176956072674
-0.1598224119691333
0.4378852263427703
-0.0421561908530846
-0.1429554533116019
-0.1240607941135634
0.1265888420629927
-0.2297721137516854
-0.4827312491995617
-0.2154585684827177
0.4232952335811874
0.2003088467109307
0.3887742286766787
-0.1548352143207338
-0.0431767773446889
-0.2784116852162933
0.0885899983256277
-0.0506933554035439
-0.2971407080157887
0.2814577211382818
0.1847893544837271
0.4991509470367507
0.1027478252287860
0.2488879610684370
0.3505647487351204
-0.0154359951013855
-0.1687542675539944
-0.0281761025162643
0.2214472539471143
-0.3011696465012730
-0.2183563686419623
0.2197201913486874
-0.1680058081744109
-0.4773558684765575
-0.4365945131986542
-0.2612760981800564
-0.2583688887566278
0.1100097809789665
-0.3740875924340366
0.4352276589454216
-0.4221582528668674
-0.1630350650247307
0.0547034660334339
0.0552477159082747
-0.2521813946909493
-0.1310004873492338
-0.1141809557452481
-0.1681132912139035
0.3767000677558687
-0.1145619566218065
0.1174375946981690
0.0202097316764314
-0.1083843405281174
-0.0828608654754638
-0.0631198634257214
-0.5349440549114447
-0.2189908767625364
0.3393519991884497
0.0255240315382267
-0.0533365484794013
-0.2458341725758640
-0.5431047415992636
0.0521377468651178
0.0157559608984636
-0.1776365796300730
-0.0011343208161182
-0.0123805219868353
-0.3676114155956933
-0.4335811663750396
-0.3138786516935977
-0.1302229583593040
-0.1635875016996567
-0.3092795406228183
0.1508614760203392
-0.5401082169812126
0.2997076960554022
-0.1691464444255003
-0.0867351055182310
0.0799297619056532
-0.5262445748902523
-0.2192984617586091
-0.0624582569326556
0.1916857624421550
0.0142306884974951
0.5106863465354604
0.4608821157394143
-0.2160876938019154
0.0056590252514444
-0.1421739527811127
-0.2268333555439475
-0.2472939652561413
-0.1759785597436866
-0.2080412781442063
0.5062463434211030
-0.0093811785686287
-0.0509566329610822
0.3485317444625336
0.0771188495747267
0.3389823993166973
0.0683379999561038
-0.2408714191161516
0.4083048140860482
-0.3646420986690584
0.0304886478590828
0.2627872805541222
0.2067715508938696
0.0802866884943336
-0.0697425914843475
0.1234672426155740
0.0620502349892598
0.0977062610785972
0.3297791811761630
0.3393688795434759
-0.0958612416531248
-0.1194991630857739
-0.7204018711856974
-0.2804478516976933
0.0566803183592003
0.2891432684301122
-0.2179111575609413
0.3814836539524710
0.0054794650367106
-0.1420728349516982
-0.0237642842953652
-0.0251879808379233
0.4713276559936113
-0.1896682315303892
0.3459370853028951
-0.0522066457077162
0.1511242482010687
-0.5291247877673592
0.1365058655135700
-0.3282420139874340
-0.0742982847170460
0.2313838532501407
-0.3487076846003402
-0.2953554592641218
-0.5538181941346660
-0.0257494700426996
-0.0692352212721118
0.1254670005351730
-0.4337541379964519
0.3232009230298741
0.0611396964508644
-0.0065494543006298
0.0084263171162299
-0.2597340207712900
-0.2232110507172267
0.0348791800800396
-0.4202631643042117
0.3289202157529970
-0.0924672659479312
-0.0884624827298390
0.1130938826685314
-0.1173525841749670
-0.3669764164256454
-0.5736933103928044
-0.1752269394458286
0.0233228588955364
-0.2422954196797226
