0.0067698783007867
-0.9996998093218377
0.0235469741086627
-0.7470002061721777
0.0226701469688219
-0.6644371726620479
0.6524527680386454
0.7257992637224311
-0.2179926931314139
0.3913416804451011
-0.9028389648811105
0.1781389700172573
0.9555663861398740
0.0080734411369709
0.2946654055497340
0.5049375305338298
0.6525857095460271
0.5649513093663081
0.2896546268292040
-0.0152418061700114
-0.9570098664596466
0.6159863432835940
-0.3146023910761521
-0.7222092220522209
-0.4904115937009100
-0.3084824395072706
-0.8150675145528602
0.9912949162926554
-0.0328164447691561
-0.1275047837731994
-0.7999613681935513
-0.3993426133734651
0.4478697205013447
-0.4812122877875271
-0.6318185621161685
0.6076512475489140
-0.1869563738228310
0.7651712420524740
0.6160846407945033
0.7200214241767252
0.6651475423697606
0.1978582715126865
-0.5936237496214605
-0.2199643238566577
0.7740972420281842
-0.1103637813019066
-0.2005276268399065
-0.9734518512236239
0.1758772141233673
0.8859416888028457
0.4291556006780816
-0.2344519329921546
0.4287423125489885
0.8724748251648227
-0.8003053485524771
-0.3577781112668317
-0.4811508829635843
0.3398849258525891
-0.7451794408567765
0.5737471900607115
0.3275085484333175
-0.9131805937927184
-0.2425682457031006
0.8489269811351389
-0.0157640466319390
-0.5282749999144061
0.8629820232643031
-0.3884267241150051
-0.3230893181705884
0.5857656146666801
-0.4191000728254333
0.6937101510226610
-0.2824172700342292
-0.8968572880124690
0.3404225176531844
-0.1540445803183901
-0.5850540217292167
-0.7962299033149913
0.3999132502585988
0.9140025649580765
0.0683279117027627
-0.2252135095825899
-0.3998793046379900
0.8884680167702890
0.9246075067418713
0.3786639880635631
-0.0414070358801277
0.1977592250196128
-0.4663283259842199
0.8622233940832256
-0.4064672021350959
0.0982416431486118
-0.9083683135930756
-0.5765140774974777
0.6618208083743530
0.4791917529026876
-0.7016948556889111
0.7085131888716288
0.0750559171196645
-0.6839757445641459
0.6427143598315630
-0.3451020610112702
-0.0736288759446700
-0.7349302195863571
0.6741337856582128
-0.9173776331147064
0.3854941133783101
-0.0990584010144009
