-0.0124784820230338
-0.5630760577750586
-0.3962226227557398
0.2147103229122416
0.0884215949197252
0.0008806954285229
-0.2322198990051413
-0.0864830444893227
-0.0354572926037313
0.3217975037443020
-0.3495247346489008
-0.2612684091757230
-0.2071136502715742
0.2689545679839505
-0.3532076608408825
-0.1845520643989895
0.1333199888693928
0.0992455658694400
-0.4134093038845384
0.0967479545595275
0.2735949176229254
-0.0263926798546091
0.1721628410082008
-0.1123610385742465
0.1689727293092484
0.2712315200627115
0.5816297018762353
0.2739823583369314
0.2994318116704822
-0.0962268303382814
-0.2020905184288885
-0.1454112997562640
-0.0782910526642846
0.6479238525632889
0.1071198501472892
-0.3565931337889793
-0.2388447536363450
-0.1485078089438168
-0.3574285396253559
-0.0421976317922018
-0.2566461678270572
0.0048361506966118
-0.4106636837907933
-0.3977320451676878
0.1470923945216608
-0.2516778655777941
-0.2560797287613511
0.0681480669005462
0.4004500161219461
-0.0010302832424657
0.0388907487655765
0.1211624399757581
-0.5684236522001246
-0.0192035867322778
-0.1050092648273949
-0.0831286718880447
0.0128396200496870
-0.1513412287058771
0.6080611857245363
0.2998704593772983
-0.0887502186465476
0.1695426382768175
0.1145101698547545
-0.0981286946711984
0.2426330390311894
0.3006389371477789
0.2795287781006566
-0.1541626679559874
0.2055031209542776
-0.4056089133372478
-0.2322809689665064
-0.1630988344462168
0.1005876757180976
-0.0512556632079680
0.3550645614281304
-0.1219998384882753
0.0239988163041481
0.2821627102803256
0.4609237937293176
0.0666383728896799
-0.1944774133906231
0.2893309169777455
-0.3483134328456832
0.4751896977047256
-0.4548073913102580
-0.1250169483759361
0.1743426559626402
-0.0675313297617283
-0.2384865265993603
0.0847936232018512
-0.4572381038407891
-0.4456821967154099
0.0813527009200386
0.0957632565153909
-0.1565552255803849
-0.3860487520961767
0.2834610632750016
0.0334343531829257
0.2279112569741050
-0.5546101085307844
0.1644234326398224
0.0111703748087292
0.0038319217735893
-0.4873089656137521
0.2234207391525691
0.1910653551657761
0.2223729118335602
0.0476208468418246
0.0637270555386802
-0.2271691277411126
-0.3810078831744366
-0.1919513520316405
0.0402466858147644
0.2755975887825621
0.2178662206588877
-0.1199225660345413
-0.1991718803279916
-0.0232832256229803
0.0752718616824984
0.3080912325730863
-0.0525854777912733
0.5816247065647742
-0.0988551101949839
0.5585059502837162
0.1498827244106658
0.1859108979578106
-0.1333846226272115
-0.0776429520460621
-0.5582364275167496
-0.0193746420761898
-0.2106470607384909
-0.0191880712645138
0.4350283857944763
0.0340244300014981
-0.2956990793237145
0.1238484165242163
0.1308636408913900
-0.2717372032152281
-0.4379287880497432
-0.2085778147638998
-0.2310279366669478
-0.1150107411143705
-0.1414577755465399
0.2666198710491702
-0.0674765061615667
-0.3498509720011648
-0.1474515095433630
0.5041222921053631
-0.2744219334518016
0.1121971944298648
-0.3432582412639953
0.2713934744961924
-0.2977644883152855
-0.2672680541235389
0.1659575970965400
-0.0902848322341161
0.0311082911977390
-0.4100344497636983
-0.2064021347255245
0.0147194906801912
0.0743260513764108
0.4166322793702290
-0.2720330996552642
-0.5301229140758073
-0.1712493256660780
-0.1481193282083400
-0.1707672922594106
-0.3712492156714878
0.0793121602577808
0.3024244159761224
0.2143164417002785
-0.3434090710279842
-0.0771203645052582
0.3090053239403213
-0.2218972603619151
-0.0148450364997205
0.1441497381404347
0.1959774613118226
-0.4447395687715244
0.0133129051557302
0.1215517943518522
-0.5617521232417200
0.2797140136009686
0.3193862396486848
-0.0207330119198688
0.0661197010940046
-0.4769763370846602
-0.0940788800634797
-0.1091102401244360
0.4497711922779490
0.1735404710980346
0.2339015120726514
0.2563152411463420
-0.1403267140809042
-0.2406142481062508
-0.3691664634920869
-0.1042821244366517
0.3378031334018603
-0.0335117316252623
-0.3005174016335985
0.1563381275441352
0.2610981415329663
-0.0067008586318293
-0.1670990436444321
-0.1276976216373447
0.5472338386349609
0.5148987739967392
-0.0048467949256697
-0.1297451798089750
-0.2554409676019471
-0.0702832941888222
0.3424677016810236
0.2349553603257736
-0.0653767254223395
-0.3104429272313676
-0.5123673218154574
0.3836276526319127
0.1908379976060280
-0.1211124038575933
-0.0801228129492575
-0.1637640312930181
-0.1444153824878437
-0.2995448488816266
0.3425261112747679
0.1470335296374785
-0.0502525106619776
-0.3804204841549206
0.7417800021973588
0.0835767362807174
-0.1237275829865108
0.1969486044394714
0.1486450442611803
0.1692822487554657
0.0623241656618010
0.0265090474756697
-0.1574948187583544
0.1953595724416194
-0.3186021513570447
0.1218672790577091
0.0981668115768135
-0.0446010620220787
0.4427153656908112
0.0665051005671707
-0.1112469041882702
-0.3610454558258211
-0.5099075804258111
-0.1790719779505416
-0.0295058384605128
-0.4863543442674428
0.2245919236890620
0.0234269755109856
-0.2233805239057923
0.0181942129133606
-0.0982159026485249
-0.0331400394091436
0.1834748831534416
0.2983379936786825
0.2693537700787669
-0.2601636429380458
-0.0387492783140875
-0.4894149679132467
0.1910973467206629
0.1280879211590769
0.4827733458292324
-0.3677788414410483
0.2524570667969881
0.3901256564555879
0.1590925601641954
-0.2347455668765199
0.2872004539825836
0.0267866662497751
0.3766410338231109
-0.3713447235273630
0.4211374600557195
0.1782161020606116
0.0460470817061245
-0.3784585574441380
0.1792134123876201
-0.0464451877392650
0.1252417447332370
-0.0823184224286263
-0.0208305022861186
-0.2771227934524643
-0.1474736565787365
-0.1846435027155378
0.4282469645737191
-0.5390603748344012
0.2398335350005450
-0.2843116560440900
-0.0370561990086774
0.2533752338881444
-0.3731143679886427
-0.1850483917783174
0.0937380380846466
-0.2381347225746082
0.1034781945919910
0.0558482192040972
0.3437942433951595
0.0848466942113607
0.4573124515928266
0.1289419930037196
-0.2344979778460077
0.5820254114980197
-0.2304663401881787
-0.3521116847762896
-0.0196919449738735
0.0630499531925527
-0.0557459528100049
0.0440395417109030
0.0177791877793797
-0.3626025537415899
-0.2653768789459916
0.1246710979407696
-0.4062498119552720
0.0157056263529928
-0.0390525071461546
0.1033688439108767
-0.0243962364221994
0.1500540609374204
0.2350645384652536
0.0418800364180663
-0.7229658165215412
-0.5379842593133083
0.4380147352070533
-0.0527655694878573
0.2540479203174945
-0.3623772830351980
-0.1433633412658671
0.1829792253111890
-0.1907777541603842
0.0511803769469069
0.2605258632034912
-0.0780882037770030
0.0894027454177963
0.0584489281900586
-0.3763555951868648
0.2260028616290643
0.1236466043936442
0.0550914017844914
0.2824498612047555
0.5024885000191386
-0.3688096755079036
-0.0130950376291190
0.2212648819583275
-0.3073739733765869
0.2036934367769514
-0.2991805316205116
-0.0353152608130594
0.1887150183253145
0.3883774552289222
0.4883695436086851
0.1158527314393942
0.1406873256734509
0.0066359854829395
-0.2014953347060569
-0.0860869264425939
0.1427725635796363
-0.2851453470071160
-0.3856821513728099
-0.2569498969136609
0.0005584315363612
0.3917288454869188
0.1879300016143919
0.4183177187149382
0.5571015938779977
-0.0238905459122104
-0.2898931180748252
-0.1170162103748694
-0.2862978419658296
-0.2868305654140235
0.2113105456001205
0.0510510915869686
-0.1013857352979902
0.2535728794048569
-0.5353261293663509
-0.0193587411125376
0.0538857249186767
-0.1241325293043399
-0.1969756457974828
0.2886676943978974
-0.2045855867864030
0.1986688515568945
-0.0382402717918033
0.1206920164881761
-0.0032331459650846
0.1544845180631163
-0.2598874983727465
-0.0948647285169595
-0.6010195329988773
-0.5567659419305109
0.0607228549460518
-0.0721200021455854
0.4142789398359566
0.6456792754801634
0.1601219305005548
0.3291172209359299
0.0352413939686977
0.2175709132575781
0.3140048548167428
-0.1784493956055756
-0.0170284053133157
0.2549931344102589
-0.1267333634926709
-0.1125984166809841
-0.0648573553369298
-0.0152993826184879
0.2695065815020741
-0.3662508533042890
0.1178856621727756
-0.0468797453207609
0.1472350575196353
0.1475036292492909
0.5717245381035012
-0.1332337417777517
-0.2610496207324661
0.5112900687095786
0.0941553156184895
-0.0257315827204810
0.0264379045939081
0.2220030978116369
0.0820587315460376
-0.2918857463956320
0.3275610843818160
0.2992543978197517
0.3304426612083584
-0.1894099398911205
-0.0263985017891240
0.0794725149990273
-0.4071325345100334
-0.3932123690316040
0.2094980018365833
0.2248731194595104
0.1468699367195057
-0.3503389773380808
0.3417399229036879
0.0652850529872250
-0.2545518643736002
-0.5192730667356715
-0.3519499282169525
0.0647275647755286
-0.2891142310915822
0.1860917426988824
0.1712797027298588
-0.1097594582314079
0.1356440902117219
0.1959205338115086
0.4443758298529617
0.0509608118918634
-0.5070068543402242
-0.1939692206722961
-0.1748607307698833
0.2268343789873231
0.1503460742649838
0.0576794250833727
0.0052647182824334
0.1314188376787460
-0.5220584851217515
0.3242184999158814
0.1799142792899656
-0.1232170948402198
0.3915180211462199
-0.0394934847378495
-0.3257770943870931
0.5754661594282534
0.1604130773366681
-0.2481712609426984
0.4865979038578052
-0.2204280660564681
-0.0127786760571361
-0.2314892679238687
0.2172093121798890
0.0229077834302882
-0.1657326629685677
-0.2353670008730557
0.0135573434190474
0.0742740320880915
0.5473169413013461
-0.0668786315097359
0.2111961155584730
-0.0630419173541203
-0.2530251455754043
0.1491369061173884
-0.4690903835697923
-0.2857237724432292
-0.0314380579772320
0.4797151265331510
0.0441704779441095
-0.0471224168827911
-0.0858071863117074
0.1296014971100663
-0.1440146564569675
0.1407058104063897
-0.4422399720134821
0.0261853520950308
0.4641921021961177
0.1984981658703239
0.2744651045135447
-0.0272015436133433
-0.0212191847474142
0.4003816395036171
-0.4168039024627046
0.2596919782718072
-0.0270091417506930
-0.1720532460867869
0.2439267187079715
-0.1374835923183443
-0.1059888188323870
0.2993331426272374
0.1039008408557530
0.4359994999879555
0.0727942350995816
-0.0151963252497907
0.3587369808051298
0.1424201065111546
0.3866214827394671
-0.1594503752561617
-0.5302607978000857
0.0963865403544802
-0.0113206038740540
-0.1822404650078681
-0.3074927395667063
-0.6760709444888465
0.2469561874069300
0.0532876348901194
0.0334827417211213
-0.0852286218382548
-0.1674729752199454
0.1563289850982414
-0.1430648550098814
-0.4525346166744271
0.2349598670211389
-0.0993850457557651
0.0178502639369436
0.2913957263985841
0.0505330094085679
-0.1266222736721311
0.3693686173533771
0.1925772487412469
0.2819492346430083
0.0104980222609506
-0.6212591071247863
-0.2776772981497470
0.2309231278198232
-0.2949292489465471
-0.0848599986218750
0.1802243867326896
0.3153966770578392
-0.0003893901363468
0.0284566174080882
-0.0020575022591481
0.2189289582094214
0.3537161969575757
0.3736908545052220
0.2201585026063479
-0.0822885007337691
-0.2047511688505083
-0.2550393917331765
0.0024141294405609
0.6427525125321010
-0.1080507478977309
-0.3267689140476953
0.3914111835382620
0.1135563253484327
-0.0449631979940763
-0.0792725675985921
0.4942386888525943
0.1731552025962384
0.3668923983198338
-0.0487787642739421
-0.0141629534026470
-0.1147234238707010
0.1279457691998301
-0.5258809924451987
-0.0359374066992377
0.0091286255188562
-0.1685122222958521
0.2758614947619875
-0.3523417669283923
0.5455512028024221
0.2917641940105830
0.3579017287462460
-0.0809274795266891
0.1829676736477215
-0.1572166662715933
0.0461631711721164
0.0446460656343778
-0.2436632559822330
-0.3635798513832007
0.3110170210082071
-0.0891312246245267
0.5879895944525255
-0.1340327166729916
0.1011212478074486
-0.1242818612356996
0.0924273464740340
-0.3034620492480804
-0.2070358214065189
-0.1232277728557515
-0.3999125067503100
-0.4294623632620545
0.0416356803242551
-0.0342579607979585
0.1459394556711235
0.2147602471782210
0.3944628822313715
0.2752304992036592
0.3181020188985247
0.0285600783930231
0.0324272177251065
0.5041488378069798
0.2481699871988183
-0.3380057601343150
0.0153348073658094
-0.3940222923260393
-0.1071776546620390
-0.0345363791910825
-0.0646393735240420
-0.1012314697387762
-0.0310842471184666
-0.1335746287977971
-0.0267761421372803
0.2213840456561539
-0.0016960616666925
0.0427362740197263
0.0437104072774054
-0.3625867534862364
-0.2830917953352109
0.8175894856234827
0.0211278399274028
-0.1810766001730210
0.4532371944702934
0.0756028763077525
-0.0127005420610069
-0.1823759886558410
0.3955553150967241
-0.0729804826858564
0.0434526052316166
0.1968249587556776
0.5406064307517122
0.4583223241917290
0.0629777034832255
-0.0911025946479620
0.1853877390359108
-0.0638000054534653
0.1904548294528884
0.0066902539952646
0.3423027397781773
-0.0580205259606001
-0.2689780306971132
-0.0675741085094795
0.2175627521692379
-0.2322018768368091
-0.3354334678398812
0.1475977835234694
-0.0223593383645597
0.3377714374981751
-0.4720983026276926
-0.4395576629713768
-0.1273446961291655
0.1834514529519131
-0.0143254774717388
-0.3440597993021567
0.5319900492068984
0.0986136926211608
-0.3017291415273373
0.5774926365806328
-0.1562103361750297
-0.0222356974648868
0.0663041891228048
0.2087716351395390
0.1503027549907039
-0.1371181254839225
-0.1558084531097969
0.4283884232908881
0.5345233562700697
0.1804376238931966
-0.0330182207030311
-0.0614860560669245
-0.4361906913049011
0.1103445419595227
-0.4582790179191910
0.1602386320373418
0.0309785458574361
-0.1217955193546585
-0.0632962588248102
-0.1054933288097729
-0.1698147706853634
-0.3194087893102073
0.3292615119038678
-0.2080031239129927
0.3973958804031213
-0.2888428302748662
-0.2553093222536349
-0.1577147288582273
-0.0876355752381196
0.5317246255851765
-0.1602017228836896
0.1642095500418379
-0.0174491408967332
-0.2066571115151555
-0.0434884148406409
-0.4101619672106208
0.4298428310925279
0.1302388892764963
-0.0279117948006708
0.2907345658270200
-0.4619093994233404
0.0515112814662606
0.0761434993122674
-0.1836883895133923
-0.2408876660611597
0.0058907402096901
-0.4388501022761535
-0.1914139273393053
-0.0793950226863607
0.3278578080098908
-0.2836666931211932
0.0900088061815323
0.1787808309665735
0.0172928686017555
0.2546834185010719
-0.5850532982151173
0.0438593634213017
-0.2812204781673875
0.2405178745166532
0.3257918526519772
-0.3362243353085388
-0.0134198329046269
