-0.4672701353424600
-0.6322358593312926
-0.6180100636661683
0.9063481192213612
-0.4045373356114210
0.1219943887247038
-0.3531857749407600
-0.8224006020589193
-0.4460011862233349
-0.3272853319335428
0.3434033378329506
-0.8803172491019016
-0.0829507659001904
0.0422858643544271
0.9956561033370763
0.1384681820470584
0.9903191105329777
-0.0097273775373777
-0.5330831359699454
0.8259266461392569
-0.1834871803195183
-0.5117001504575359
0.5459865826426235
0.6633713949183858
0.6944299460039769
0.4861877506197704
0.5304606688909197
0.0513493298474617
-0.8899869538809141
0.4530854977219954
0.7978153252189250
0.5367873643875835
0.2744996034234893
-0.9878873475626477
0.1522497423967552
-0.0299767320726954
-0.2050093235578640
-0.6759424514125889
-0.7078650857562386
-0.6738544489149643
0.6501717486246907
-0.3509941295347002
0.1428282731617677
0.9526734642326344
0.2683530415937539
-0.2062616987094918
-0.8175422329149206
0.5376623559874363
-0.9918362817536319
-0.1155014449216205
0.0540389342802756
0.4583275875211912
-0.3222682479273431
-0.8282988584411096
-0.3591978097367378
0.7531398580274039
0.5511418036501970
-0.1667198336065513
0.8980102079193152
0.4071635587266031
-0.7105678108666607
0.5269725486362001
0.4662545647433700
-0.1090333835416639
0.9837654067669354
0.1425389270415026
0.3188260776132635
-0.9465863835449267
0.0482094463884208
0.8720416908318983
0.0293434967378657
0.4885511730108105
0.4034088839601065
0.8971048302801753
0.1801782335079332
0.6203429489528578
0.7654905305722659
-0.1708767780848613
0.0814302326466351
0.2843976655015142
0.9552418987190647
-0.8704831538956196
-0.2938799446667392
-0.3948337079158890
0.3039480678539456
-0.8934031020508033
0.3308269476536870
0.1116548323593411
-0.7244441516433541
-0.6802307472913501
-0.1984665072725767
0.2912151252106547
0.9358444295605799
0.6053807229209066
-0.0861142520498119
-0.7912638724911318
0.0996048418765884
0.4252504524407959
-0.8995781945854614
0.7387000744776817
0.2289456707924640
0.6339606295284086
-0.9642500390215825
0.1010847224951996
0.2449566106985997
0.6662511844814554
-0.0182764381634721
0.7455034077622412
-0.3853389734673862
-0.6415010003521990
0.6633176780956686
-0.2064172516784022
0.7438153089009730
-0.6357127531000816
0.5992413594984319
0.7041052050524406
0.3809798594211141
-0.9030972658539660
-0.1145294345091438
0.4138820327558407
-0.7811202410308186
0.2180004304828888
-0.5850871570639977
0.9184146197883276
-0.3638105802474137
-0.1554234469412582
-0.1420820985871259
0.5468993739977286
-0.8250537873266026
0.1972304960246547
0.0299429285833655
0.9798997665402928
0.0843853156250436
0.8485530531651596
0.5223378547175647
0.7970348780831621
0.3656366667354055
-0.4806716457807563
-0.1022126071513337
-0.6593722403529477
0.7448361105580622
-0.2698274892054819
0.5288472832456793
0.8046823454461579
0.8172754044447811
0.5762410261277118
-0.0026819949480613
-0.7787377881392133
-0.5612627320555464
0.2802705887701914
0.4026488014226712
-0.5626702049895224
0.7219945866347859
-0.3931093954329953
-0.9140628306688422
0.0997704606182045
0.0777869517734127
-0.9790352820596193
0.1882527731966849
0.8587193017475584
-0.2930692905006450
-0.4203707313451240
0.5394720055321217
0.3925472065636220
0.7449004268130389
-0.0874968948726283
0.2281638009199145
-0.9696832335033054
-0.7181198693219039
-0.1770512104742452
0.6730205956393136
-0.3776521499967076
0.8989316843392167
0.2220375655017039
-0.5648705491493402
0.7422689778971887
0.3604969169843005
0.3713555451190791
0.4160280013142031
-0.8300697327525087
0.2388723472186444
0.1874715781268967
-0.9527824563502764
-0.5001751346137644
-0.1674524085306938
0.8495790284554887
-0.3623910423185449
0.0634918936899665
0.9298610175090365
-0.6387232832911529
-0.7616560004698613
-0.1091453358143380
-0.4382265206446176
0.0859640159309669
-0.8947444912201098
0.6392204986955200
-0.4991635090142214
0.5850067908290125
0.9184439516334267
0.3236741858818740
-0.2273669481294103
-0.8024486680891482
0.0779498822125699
0.5916079368509172
0.5769078637999551
-0.2913768150861428
0.7630706836958345
0.9364704180571803
-0.1730351479096559
0.3050934179750417
0.9698505807357150
0.0938379179153920
0.2249095289397507
0.4547133121472020
-0.7334176784928127
0.5053061573247793
-0.6811826793449436
0.3223709412893010
0.6573181372613219
-0.8221898636214312
0.4150610204802651
-0.3895230127169039
-0.4269659255450021
-0.8275122976764003
0.3645867463551359
-0.1827730660483233
-0.9408536348824297
0.2852865998532267
-0.4081341440992328
-0.1930579838169016
-0.8922752575886769
0.6020625226956192
0.4325742027498179
-0.6711186764505565
-0.6006213538606394
0.7947720397529516
0.0871286067462653
0.7618468260400544
-0.6422071551564875
0.0846131403418315
-0.9340672704263242
-0.3427320049313169
-0.1002651839577232
-0.0076721532660952
-0.5323772533592689
-0.8464724438337627
-0.5993951276113448
-0.6394498078544906
0.4814866812598607
0.2842561187044613
0.4463647700869721
0.8485027701806753
-0.7737285123543269
0.6015478052013657
0.1987068877200285
