-0.0624049922310934
0.3000754312642896
-0.3518742115800645
0.1703977558617038
-0.2245169923567896
0.1651693083677704
0.2203748059856828
-0.7733555920909176
0.0089368822939117
0.1696965569424086
-0.0476611271757414
-0.5102739379402871
0.2835702195633466
-0.0592283281969192
0.5858970487241781
0.3674896417211027
0.0893708918656614
0.0455932217146243
-0.1653119341884267
-0.3710942450250819
0.3497626782729155
0.0842474013079987
0.1703892788932546
0.5612059431835614
0.3819107855671845
-0.3186284004366341
-0.2604271891533947
0.3745122717194925
0.2522862696798966
0.0864511257804633
-0.1134589755063030
0.0809120088275195
0.0951777153583332
0.0993872318034357
-0.1765765824752215
0.5213346437208293
0.0626328570899650
0.7560489289168096
0.0885049076520531
0.2744241457197518
0.1412228204206836
-0.1260117826683040
0.0655281660191106
0.0714440436737571
-0.0889237839341116
-0.3402150663944076
-0.1686862420775239
-0.5529507700874957
0.1990466418311145
0.6762366855777278
-0.7881466736165956
0.0717422670490553
-0.0092470303870424
-0.0519242657348910
0.2149063033787503
-0.0581280567292450
-0.1621480474870372
0.4220658260700537
0.0150509860018396
0.3415765767905502
0.1234876901896225
-0.0145176268465248
-0.5435416900184076
-0.0642164687140346
0.2592736097914830
0.0020138706769914
-0.1808766586642498
0.1377421325942805
0.7084507141637091
-0.2532985781455682
0.3677625171301024
-0.4433526271697258
0.2290064138000744
0.2180237739115790
-0.1714683999572948
-0.0022216872920212
0.3508931815117485
0.4800197629390510
-0.3230473567545563
0.2844291387950110
-0.2900358960941467
-0.3258909835143302
0.4568267500309842
-0.5123848823579635
0.1691180685230153
-0.3369289715324685
-0.1635656207561629
-0.2951542221163508
-0.2593612941102625
0.1232283963223709
-0.5012694910221990
-0.1441524334885872
-0.1445826633569370
-0.0795216265499115
-0.2428896474449027
-0.4080632766391787
0.0785473734704993
0.5080007947240118
0.2218090566132520
-0.4022143261554973
-0.5062773478614826
0.1410057055148524
-0.2460551711765764
0.1020275187299477
0.4023170284753620
0.5068919492811446
0.2190727995059286
-0.3142604967484319
-0.2314321805362798
-0.1836737081856882
-0.3693989894945444
-0.3742586238560416
0.6332785126879923
0.0356034656051021
0.0003892841002148
-0.2243584209839256
0.4586623633793197
0.2171367524451660
-0.0250979490834986
-0.1126023762384119
0.2747612934592529
-0.0946854144578717
-0.3993847383157511
0.0407380711138500
-0.1567054934397288
-0.0264573168543600
0.2946921158051511
-0.1977896035189187
-0.6204713260788310
0.4670842601872703
0.1913625011015658
-0.1867181219330995
0.4671644290689414
-0.5089211158170205
-0.1490211755784981
0.5187634521920177
-0.0909850939089979
0.2483156078549448
0.2764123312130090
-0.1166528818186293
0.2294408895112117
0.2211014682644827
-0.4371206335711378
-0.5143714501283860
-0.2857194939339150
-0.1902501640072093
0.2248937439589688
-0.3375825275961823
0.3424327323923034
-0.2078184125826951
0.1625530532983499
0.4586870264595458
-0.0204599845001713
-0.0860460231681397
0.0620229648269636
0.2017686091574731
0.7976321456444629
0.0710790971250674
0.1122738702945090
-0.2385960351317761
0.2029278220025999
-0.2461476764141988
-0.5955684327147978
0.0485600704608577
0.1176653269606844
0.4609358750044983
-0.0582025389315926
0.4095961825182429
-0.3789874678552338
0.0087580172297969
-0.0404684866995578
0.1502718355314676
-0.1922514488740983
0.1147540173081415
0.3904798439930027
-0.3525499255608593
0.4462842300839346
-0.3770173604027256
0.5487310979353835
0.0804244518906811
0.0497068524288503
0.3912459601550288
-0.1283872830997193
0.0680724729656152
-0.3131939856925954
0.7233970401177102
0.1497732659055148
-0.0298389109465281
-0.4118971894294207
0.0946743612346644
0.2701280189533354
-0.2274406291766653
-0.1355005331513623
0.6467734936127617
0.4891535216088626
0.1158859959477531
0.3469492810696049
-0.0450385235179485
-0.2368727050333944
0.0861021757409429
0.2487046763827593
-0.3000920965982647
0.1602810074719195
-0.2945982552320589
0.1855541516736065
-0.0344189644368887
0.4114618218650701
-0.0806383316737727
0.5289706114637689
-0.4943524012952632
0.2546751526366225
0.3223112555052175
0.1670612751624212
0.0944657738312593
0.6644696116642324
0.2180245923131209
0.0410032477844014
-0.3433207770588360
0.2052812529499788
-0.3790479736647426
-0.5683009194871937
-0.5341642448939322
0.1473440771267569
-0.2467462165043583
-0.2220788397304372
0.0271255097058547
-0.0248026078255973
-0.2288181624783445
0.4385320389057216
-0.1173481045812350
-0.4976442402857619
-0.4195216364383890
-0.2197955836256901
0.2926638380752737
-0.1395331957817137
0.4995057349115186
0.0184129431361903
0.0106754855525638
-0.0836947659877513
0.4073773161543693
-0.0158414406270227
-0.1841117598245932
-0.1082050842065568
-0.1148176843187207
-0.2446204993516157
-0.6861189077643596
0.2812501186483302
0.0073428919578334
-0.5387804707277580
-0.2022923145803376
-0.0579765098827876
0.1610941765008047
-0.5523796290509413
-0.5496913554053282
0.3608632874254036
0.0542479982940646
0.3252810212328328
0.3458112712210006
0.0322995364630470
0.0616599881419648
0.3051108786028987
-0.1927667467310230
0.1528691151075105
-0.2145687213593655
-0.1635895809839962
-0.1029071532027273
-0.4617389010171010
-0.4288781380241541
0.5813037982978407
-0.1671371337659812
0.3986905313699414
0.1654615136310784
0.1653727916529694
0.2993369986681850
-0.2348814532559632
-0.4798886796898684
0.5701821374345919
-0.1511846887885208
-0.0419386070315572
0.2480560017428836
0.1008046401999435
0.4262451804454512
0.0240140473081198
0.3070070272035619
-0.5779823815791478
-0.1348389151736536
0.0901858696814142
-0.2573675425724735
-0.4077346589859729
-0.3470723552534736
0.5816309912783784
-0.0492207075958845
0.0434080679921753
0.0098797006876379
0.4361938814434326
0.3672511862059875
0.2335924799890233
0.4795381292685553
0.2102976432676338
-0.0584375239352225
0.1917030073015507
-0.0664532782752242
-0.5407812777616547
0.0852308990089443
0.2122073388968388
0.3513520969520924
0.2994805183793894
-0.1075396409301005
0.2832592598513873
0.5560178126720290
0.0549645282708752
0.3153332931249022
-0.5287647353284814
-0.3833103825873441
-0.4336259393868733
-0.0421730452487938
-0.0673051114629473
0.2392670752217122
-0.4466763787120452
-0.1411251235057244
-0.2300958010442245
-0.3001433888893935
0.5760699053826894
-0.0973638435596984
-0.1797181048863449
0.0522272438525073
-0.1751252078671151
0.1664420032886667
0.2138249703959666
0.6136077211452114
0.5045787968772568
0.0369270966899756
-0.4960392085059625
-0.1789956925058631
0.2649010594922650
-0.5728969693368592
0.0034492660720034
-0.0463147031147712
-0.0001767525409041
0.2557377245599207
-0.0946738588950947
0.2173119002655727
0.2108020591075478
-0.0685693597960925
0.4922213500743411
-0.1828974339046703
0.1777525592172733
-0.1485487735134731
-0.6622091037709078
-0.3560283652778425
-0.0960926456484467
-0.4519863082123746
-0.2122914363099135
-0.0946039401623229
0.3671632791326883
-0.3439797592371102
-0.0695758391349111
0.3383904299124718
-0.4748611010711280
0.3667207754540517
0.1909423345126770
0.3650724462064761
0.0760430777470148
-0.3534438843340375
-0.0528180231049618
0.3003465921010337
-0.3673965844311090
-0.3309979037566038
-0.3999486048168759
-0.4495124435163059
-0.0163385950560770
-0.2559445823589988
-0.1340633888642928
0.2576088010904342
-0.5571096583579210
-0.5029238385854985
0.1333071418708341
-0.2605453730579320
0.4056283803209612
-0.1907813071789682
0.2668996760212519
-0.0312226147640482
-0.3452171141848180
-0.3157763538311520
0.1044874062621896
0.7095414596486508
0.1321236094608397
-0.2111231928571037
0.1718812256731615
-0.3208748076684612
-0.4831209459580656
0.2667903378865034
0.3764825589972822
-0.0489247011273955
0.1610630949763618
0.2973961333923998
-0.2982072153999836
-0.4460437442377281
-0.0989577110036876
0.3731264520239945
0.5824671058527503
-0.6688468047706114
-0.1050190363180179
0.1734614192592420
0.1366141284238568
-0.0836368085920586
-0.0264284483018043
-0.0644156626622417
0.3164764905356959
0.2039470887582054
-0.2114025836554614
0.0350995344958057
-0.6367215293783089
0.0803624783553730
-0.3550707830033529
-0.1259250720491638
0.6208382940773681
0.0902947999221731
0.0392675300354225
0.0716719923438496
-0.0094855507136300
-0.1414988992433225
0.5312054114699001
-0.1041896304015436
0.0188417218743498
0.2679237791469752
0.2170911778636461
-0.7091584746544087
-0.1018805291154893
-0.2330263757037788
-0.1400455718007760
0.5512935307050614
0.6556598780682832
0.0550848138929765
0.2336434721772332
-0.0254448996795780
-0.0604389587906893
0.3452852157348518
0.1059604843776677
0.2328076055169773
0.3300554904449902
-0.1857038853259610
-0.0279536175415741
-0.4555355907953847
-0.5048255051565557
-0.2082726427075908
-0.2881916938555689
-0.3896697154689563
-0.3194354662821353
0.1145474571963030
0.2161745751451045
0.7164306162284182
-0.0412468888278574
-0.3467855329403848
-0.0385896940956473
0.3256034109779515
-0.1335309798218647
0.3764320353619496
0.1863620717292533
-0.1275344901101627
-0.2416784623854985
0.1157238488717947
-0.4367387528750848
-0.4029178909328818
0.2791498694276607
-0.0792280149496491
-0.2579014622486175
-0.3643876993123036
-0.5163169997629850
0.1582384741013149
0.1821691097639469
0.0514937472172233
0.4336579689161456
-0.4164792952170592
-0.5448445041052663
-0.1512063113847454
0.4487505094706123
-0.0703941370951454
-0.0422533072949329
-0.2735178121717244
0.0722688346773014
-0.0804032019841978
-0.1722364558574015
0.4208089598009485
0.0778103110578768
-0.2767939602409435
-0.3114860541601983
0.4304484554353491
-0.5254704855951022
-0.3747918840939460
0.1698806772895158
0.1201976676608165
0.1664003548494975
0.6641125138917320
-0.1737450440063713
0.2201069173189843
0.0442335496078028
0.0343868503596628
0.1260537854492395
0.6247363863165262
-0.0180450768224248
0.1543272497682847
0.1678450186266802
-0.4134457607518526
-0.0294435258310855
-0.1890649647267567
0.2748071928954248
0.4929421791164624
0.6306159526519384
0.1547519976000460
-0.1241464689904200
-0.2345663398177404
-0.0377184288870480
0.1462250833062490
-0.0504675599201253
0.2388003654165409
-0.1964129312037332
-0.3148948647115726
0.0855322960206183
-0.8379359482922348
-0.5330810600716651
0.2308609197772095
-0.2686820528156887
-0.2081478267156996
-0.1544362486846450
0.4386575983837122
0.2025621304033774
0.1688473625175518
0.4865565538182394
-0.1564067893252973
0.1108666492592767
0.3957647459910598
0.1982695037625780
0.0703963373490340
-0.3589043440216410
-0.2930742435002658
0.2114869783941044
0.6817731853917560
-0.2118337966768511
-0.1330135156792628
0.3547846119534573
0.1584668632301957
-0.0247747756396087
-0.7507303036457605
0.3648871733737464
0.0773544983165705
-0.2525552053941030
-0.2003423103488895
0.1439838840938255
0.1450084631673103
0.2078262328250190
-0.4214268104735215
-0.3695187717626647
-0.5930684935283936
-0.1687391774626329
-0.0161543293473110
-0.3354880545576631
0.3643056869212604
0.1300875205763769
0.0024157838593872
-0.0607105338768905
-0.0926932666551699
0.3839686100937199
0.0926448465958223
0.2006930676746050
0.5773668794163015
0.5774314264373860
-0.0043214039011090
-0.0920856751034682
0.3408100777076525
0.0892393007430170
-0.2691944488272043
-0.0174134047670971
0.1363045504160067
-0.1695195520665417
0.2630487906857002
0.6015171388586014
-0.1041257479085229
-0.5307361713861277
-0.3852415743971828
0.1988538103216782
-0.7759600787615267
0.2789448353309976
-0.1496180366786797
-0.3005460435799204
-0.0678893896332266
-0.0653366639181742
0.0478282755550262
-0.1144647830774179
-0.3788823518399025
0.3278653117924292
0.3929350383063551
0.4913427164389739
-0.1145350139591528
-0.5157683183486244
0.2181803475663541
-0.2502077938413801
-0.0489481557693908
-0.0398180296671891
0.3215050524627384
0.1301297086992056
0.2692826543178233
0.1455522348757510
-0.4177424730372251
0.0504096316017765
-0.3961804798909905
-0.5167002724610340
0.2824494727208065
-0.4129386725749490
0.1951500884611975
-0.2174379810970285
0.1663136388570582
-0.2846253669995281
-0.4869985211227247
-0.1423256612722428
0.4351070364296684
-0.2303572987192017
0.0912983369621464
0.0127958345139514
0.5794333499185870
-0.3760783369082797
0.3974578031862919
-0.1607605702878782
-0.3859295058801681
0.1167171987171083
-0.7025275842360624
0.0927442244648573
0.0041450139311942
0.0505751181771808
0.0863852345415289
-0.0108267561869799
-0.1386371682650430
-0.1637331049915274
0.0335754765657389
-0.7898343940302954
0.2900348778721571
0.0892700922825403
0.2225818491897109
0.0838862276005811
-0.4245224918749452
0.1917808400960237
0.6190246400633465
0.0939831263681835
-0.4147342785516273
-0.0457738076358355
-0.1262996481660699
0.2858526436184727
-0.3505041040901818
-0.3519192082718007
0.2296354108757926
0.5822289346410899
-0.1307774672312715
0.0434072679732582
-0.4650909487657037
0.0946125839903336
0.0144696777364541
0.1124930126212539
0.2396318904178435
-0.5426676469450536
-0.2280037976366832
0.1549506715166405
-0.6104943564053220
0.0769599075228595
-0.3954813834597390
0.0490089453716954
0.4089670198824470
-0.0363248912337307
-0.0943814899315699
-0.3273102233990769
0.3923561295306384
0.1183507631678869
-0.3810950963748316
0.1502230190882226
0.1004649904538287
-0.6500349982079461
0.2145857721365371
0.3234116254773894
-0.3612617379889378
-0.0045007393034239
0.3230812941414857
0.5408764380545555
0.0338073200791389
0.0793116824267627
0.1173454689432740
-0.1284508893443712
0.1218252682919707
-0.4842044814116104
0.3246276672634096
0.1753672582622285
-0.5332144384817908
0.5080363785668767
0.0551467299197793
-0.1805440957933876
-0.3855078993105732
-0.4217682594762830
0.2859643979435910
0.3693038557512212
0.2732751937929823
0.0672862490069503
0.2870351110255948
0.4819745624964604
-0.0641194235871538
0.6665215358264721
-0.2954599561725060
0.2405405277985602
-0.1214406436685816
0.2756162612998020
-0.0124517218542206
0.0820990793184162
0.2767209317345948
0.6616378165247382
0.3924502222668454
0.0117830849263037
0.0448841916726743
0.0171625774265519
-0.0235252381106003
0.0300304562546096
-0.0927420119265668
0.5614389018476529
0.2837256607280386
0.3895062684271777
0.2779674584013439
0.6337637956956438
0.1660248314023575
0.0059093671456930
0.2816562333238657
0.1723045654229694
0.1142896115665656
-0.2782803857889536
-0.3771499164342575
0.2634471298419976
-0.1963305497691232
-0.1318991337724722
-0.3330422166722634
0.5076209849415785
0.0544276822689106
0.5476674874582469
-0.4081348079550755
-0.1843982334064893
0.0507698898211415
-0.1764436109427825
-0.5998546198785675
-0.1696845219883367
-0.2341808743783020
-0.0654332577353201
0.2947554333074796
0.4849297468043740
0.4203999434937503
0.1147390085465187
-0.0958555144534609
0.2670233600756606
-0.0100246515531217
-0.2672213871821992
0.6478691004972916
0.1099563235415902
-0.0586717719129223
-0.2425223099873007
-0.4656971588404636
0.3367669557553863
-0.1811649066453066
-0.1100544936144702
0.4809878950120399
0.0429669727633234
0.5005845862061842
0.1698195417459244
0.4112659575207314
-0.4022870119256583
0.0866754448467704
-0.1649135623118894
-0.3310366207527363
0.4465990711199345
-0.1700243558432508
-0.3148399889563245
0.4585634131629260
-0.5551323820261943
-0.0390844292095084
-0.3288854413292151
0.0306325602208043
-0.1780373793098937
0.1083305851595496
-0.3775942232495870
0.3357693320364068
0.3104729575034301
0.1120666258775406
-0.4822932162175265
0.0380568371607038
0.5179271136899637
0.1107347804402646
0.1826053116582805
0.2963422285998953
0.1284336021067709
0.0669315015769657
0.0837117585194929
-0.0040248921473260
0.5125019326265086
-0.5075785933167406
0.5243110787098195
0.4183654520369608
-0.0346792082810629
-0.0239261391171862
-0.4966075174724147
0.0871503633497992
-0.0033614599202487
-0.0002140436808109
-0.0741935639185646
-0.2478022469172354
0.5321033901550293
-0.3549969223055269
0.0138154220695438
-0.5191494057382623
