0.2343549674244282
-0.1406892356755438
0.0860293710985323
0.0232516314076782
0.8929920644205468
0.3364860357330005
0.0817613465668168
0.6096874706628278
-0.2324159381084082
0.2775815475920092
-0.4902811862796311
-0.0164612015380875
-0.4683247793100269
-0.1929709630352502
0.1933207191501044
-0.0839698273055432
0.8343959722986961
-0.1521683473199137
0.4689708562563061
-0.1230156005462973
-0.0337316044632369
0.3513083957084879
0.6455535597831370
-0.0813815432496253
0.5025940036131403
0.1655998938775443
-0.4065168225632911
-0.0891070851687128
-0.4108225913325477
0.3649021326267489
-0.2702707989784922
0.5835949157337916
-0.2545024428165480
-0.2461396961261787
-0.3988554352090234
0.2082387437121444
0.4563683783556940
0.1121618059582889
-0.2612277976879032
-0.1671466630905096
0.6056516133831579
-0.5222953303233437
0.4163667515127234
-0.1484461108028648
-0.5568144247066870
-0.3381128389597176
-0.4854320577943935
-0.3453091787637296
-0.1592393585720131
0.5688102678909311
0.3646212544619313
-0.6455067165698293
0.0711674351992624
-0.0488685195622138
-0.0373615258908152
0.3434799545035476
0.8546063991817988
0.2266597841465401
-0.1055318715924864
0.0545213234541611
-0.1385238343194136
-0.0051081888153343
-0.4300566797849233
-0.6463676554696545
0.2297085942091539
0.2176936775507753
-0.3157491211420642
-0.0286228287710959
0.6107598021984922
-0.0922386505384203
0.0366801848068267
0.0027073438992542
-0.4952752251427845
0.8060303074216953
0.0450840303091833
-0.1424350228884652
0.2852096135736705
-0.4989439400058140
0.3594670233673420
-0.2289410477145181
-0.1825376485351241
0.6830609060520153
0.2005280254198061
0.1712329320725937
0.0924754121407633
-0.0539916430098480
-0.2944211273213534
0.1355222355748123
-0.5586261710135060
0.1552689376217780
-0.7398050298252339
-0.6147072715771950
-0.1508929979982000
-0.6355239809941603
0.2142123847275912
0.2915813981290187
-0.2498546503415737
-0.0462767674292966
-0.0050198009143672
-0.3833089361066080
-0.3579424334021512
-0.2760688015520401
0.2751201965909314
-0.7181794296516006
-0.2392477304645468
0.1474237154638406
0.1297584291581881
-0.4466347252652935
0.1332114726069401
0.7116837348231111
-0.4102317767786861
0.2634715826110141
0.0825771884930905
-0.2110209125644771
0.7857554724212050
0.5206504874948417
-0.1976288482576217
0.1447811533439236
-0.0119935735005806
-0.6557415198515187
-0.0941735896281994
0.1128426202060035
0.0387924059999993
-0.1324398100352218
-0.7093562866208711
-0.1617697184593503
0.2038846802446473
0.5157951306249490
0.3652531820156681
0.3693825310062003
-0.5460838409455668
0.0037149542153950
-0.3525786677797270
-0.6507217189371516
0.2891353464784088
0.4707850536081547
0.3148612075520393
-0.4075600066261531
0.0088231430307293
0.0774780120051965
-0.1157633315713811
-0.5103600213655420
-0.4065829332796422
0.3967500332627153
-0.3914795079229965
-0.4503826757613800
-0.2175096995018902
-0.0410342482743237
0.0567194083700005
0.7483666012001637
-0.1754199787275919
-0.4240212081642407
-0.4595016362792977
-0.1154929510300537
-0.3000790606755337
0.4919532178856828
-0.2216302991010009
-0.0892239190809639
0.4120972616973798
-0.5139364500163994
-0.4205934661716799
-0.0288320796107935
-0.7808076861992740
0.1260811630841835
0.2867901920634537
-0.2101711783255609
0.2963351367503068
-0.3992199355460877
-0.2398991276046039
-0.0757667861483402
0.7410558525866467
-0.2687337081817522
-0.1530575638096051
0.2549628391569079
0.4763334472142198
-0.5321300830841045
-0.3619139105626772
0.1502314914270447
0.7348628722224331
0.0939525498713972
-0.1050734969976501
-0.0582703409298770
-0.0043540634674972
0.0594267522692548
0.2530913760573792
0.6306103286941035
-0.3789371778550573
-0.6019366591677628
0.1697166625436167
0.1524435163782077
0.5130673652647962
-0.0886922918631423
0.4092802741589801
0.4365635382321797
0.3079476528729145
0.5027193130755609
0.2300009039569310
-0.0812624834062890
0.3391207471559115
0.6538619601017818
0.5140548865654895
-0.2654506234347626
0.2514780091104334
0.4332198467547083
-0.0082030411572030
0.0933401197120493
0.1165653608618385
0.6220284200659113
-0.3779784397032052
-0.5100650516774570
-0.1988648793302800
-0.1324861945183408
-0.0073107486135169
-0.0933137294541603
0.2709636443546354
0.7144644754362055
0.5918263982442736
-0.3224763160976944
0.1352541264161369
-0.0446996198345582
-0.7893841956765940
0.0445712844480166
0.1101816858129843
0.4883270207148005
-0.7332989074302420
0.5001562590428859
-0.3149704188130503
-0.2057892799428025
-0.2099311583685315
-0.1359580103131943
0.0894715855057770
-0.6513874563840215
-0.1536003418974542
-0.1402487558513757
-0.5918179226941043
0.2464973678198355
-0.1074196274531083
-0.3314863810029671
-0.1114092681038841
-0.5697867736347968
-0.6596743093370215
-0.2338602954313880
-0.0125423300679392
0.1515539834063831
-0.3872263620455071
-0.4213865524270906
-0.2348628253037431
0.1988719913045359
0.0620440374076774
0.7605522543853250
-0.3728702508878708
-0.0800083718925336
-0.4475027761393743
0.3621947887274947
0.2250044261642924
-0.2224353916879039
-0.2995864731257313
-0.1037046732377134
-0.6840650487826939
-0.5277760196166074
-0.4213406628319319
-0.1028598846303346
0.1042525435283294
0.4728897277264543
0.4968631621701129
-0.2279870034734939
-0.2032189427977772
-0.0730594422490860
0.2457806274438622
0.5372965992399432
-0.1079735335004218
0.1125278162684426
0.7615430607878905
-0.3268303795651915
0.1946808786853917
0.2083917562228210
-0.1587738669824905
-0.3343658934070407
-0.4917549733547786
0.6580436832584171
-0.1764676239081195
0.2242128969512051
-0.1842414278799599
0.6068465471414698
0.6384896216039987
0.0903463396068218
-0.3170940886422067
0.1185916358530470
-0.6510492570410857
-0.3205535621811099
0.4200016646703937
0.5015125564975503
-0.1138966400283793
-0.1357483529350736
-0.2131478087149462
0.2215055530519508
0.3110337972628248
-0.1991837602802256
0.5934055912948154
0.2327813624952871
-0.6023037022158773
-0.2950592597611665
0.8752621539922908
0.1363121343011502
0.1868448824710761
0.1369770651064484
0.2042429796352011
-0.1813457357071331
-0.0819114510462204
0.6537566009403399
-0.1747216629616746
0.3860286427513018
-0.4564285261883669
-0.0285383828600859
0.4209579665087441
-0.4382396476690754
-0.3751058949494050
-0.4512825531142005
-0.3926341624138786
-0.3469082234749800
-0.3402009899483954
0.2708173212129102
0.2449189285189710
0.4590757222549483
-0.3831134191844957
0.5448025097337924
-0.1220626327813262
0.4632165904946927
-0.2370857167496731
-0.5032980034733109
0.4188937756365969
0.0241503283428612
0.4480726801589793
0.3041237281969579
-0.4014086337479568
0.3409495946162104
-0.1236114367674143
0.2677403209344776
-0.0373888712210412
-0.6960704662224336
-0.2263923599066189
-0.6042827896232212
-0.1034993775294733
-0.1107435306570140
-0.1270510852589339
-0.0486404998774911
0.6728188348147556
-0.6665997045139279
0.2677967538902207
0.0217380309626564
-0.2857961312908677
0.1379614703153912
-0.5399748449773428
0.0166461117451014
0.0896553147571998
-0.0322533370754809
0.7735366342884710
-0.3289111402863273
-0.2888544683135912
-0.0955491360168176
0.1975662729824898
0.2019260833718189
-0.2176013132660927
-0.8198134017177674
-0.7621309870410355
-0.2806514271563881
-0.1888892557288669
0.0810009121206513
-0.4201023366940924
0.1603771264371124
-0.3097483500403106
0.3238913393719601
-0.0944544677930169
-0.2623932973853336
-0.4736350745345297
0.0731941132191124
-0.5005781163855078
0.5805656712532207
-0.1063894671895168
-0.1864778375281886
-0.3017318759348704
0.0422085061206520
-0.2876625266588705
0.8697334130579837
-0.1479786315809603
-0.1213074917515568
-0.7268160431894261
0.4205022904055368
0.1512679564886413
0.3484549926879451
0.1410661991285286
0.3405850942791462
0.5399781882801375
-0.4161864317373425
-0.5194255534856458
0.3579576272627163
-0.2590396978877746
0.2589736108594914
-0.0557399810425400
0.0869312519605876
-0.2704476648337319
0.5326640963638258
-0.1099598411992618
0.1813083295974357
0.7467178125116865
-0.1817102360441973
-0.2175018721824433
0.2809323053212056
0.5641251733202040
0.4314265684138778
0.2144684134397581
-0.3691552966724759
-0.4325870396722605
-0.4064685278650506
0.3054753803574943
-0.5233621750358713
-0.0470154129603120
0.1244347350385092
0.3557969630415843
-0.5685720977526402
-0.0775573875787233
0.5943298486710853
-0.4278130390190538
-0.2445816859428018
-0.0774913483333097
0.5733982763076769
0.2512413039651273
0.3146282109016612
0.6428462158838827
0.4138936818931593
-0.3034363038085552
0.1205158635683610
-0.2640817996748258
-0.3743166987423833
-0.3556624591759850
-0.5861268075138822
0.3344729193070045
0.1280163250809632
-0.5445370717326017
-0.1954198366044718
0.2588237477123296
