0.1406955569006943
0.2976295945103978
-0.3691728862988341
0.0834129541203123
-0.2750188524725907
-0.3557008291186472
-0.0425081212247665
0.2183705042514257
-0.6529024500233809
-0.2654098115218085
-0.3705132519023907
0.4453835900006751
0.0664901772785922
0.0096762212881357
-0.1018506330574409
0.1148487056004776
0.3912612296125814
-0.1943883872511533
-0.2933865483905757
0.5994390516849691
-0.2124962659740625
-0.6263165135868278
-0.0825591180145615
-0.6153322373843180
0.1028220925984818
-0.1463848101240535
-0.1908775947838688
-0.1793291918656366
-0.1327304126181534
-0.2427173631674508
-0.0970359271572724
-0.1318781737162835
-0.1613826741418905
-0.4248369942982544
-0.1664927566987976
-0.1255553560669407
0.2129111774821469
0.5125183475368434
-0.1434205781536697
-0.6281732747685934
-0.1069541141635623
-0.0365115828757032
0.1494077877000370
0.1055865070277089
0.2612977022329687
0.2406900455831230
0.0359901371861382
-0.7846111120510308
-0.4438483340966031
-0.1167780212354611
-0.1484346503811616
-0.1637860669745456
0.6185005729654965
0.5205065482968524
-0.2221340081675286
0.3230504299132606
0.0417891060224843
0.2389328449692155
0.2835925652897269
-0.0686015927374676
-0.4027215840913279
-0.1403053626613039
-0.5736350320361858
-0.2812038360479300
0.3359468757729172
-0.2006500411912126
-0.2010762696509482
0.3710343252362771
0.2539356284923687
-0.1195608674212046
-0.2013474487799890
0.5826593980218352
-0.6323547914849468
-0.0869004776362096
0.0946565119964598
0.2543506881506921
-0.0890565047634278
0.1032660687505843
0.1522960716041477
0.3116083955724706
0.2232118403447153
0.4202144013577553
-0.1650735965444681
-0.3006326743107885
0.0825722225791656
0.4286032797910664
-0.4391794482578891
0.0599677824666210
-0.5143569822191604
-0.0664098097354186
-0.2142170853393281
-0.3973328695096096
0.0615448658131945
-0.0225381133632514
0.0840790348467652
-0.5011173513392635
0.4619758232479772
-0.1218806671208594
-0.4571592430872137
0.3106169318573206
0.3644061461419414
0.0806778586986156
0.0749001146235102
-0.3689713475314749
0.0675464708886082
-0.2740345243715348
0.1972579085265367
-0.2428586763765049
0.0150579741161628
0.7356453991365972
-0.0932863093623540
0.3017320162973772
0.1522128723982995
-0.7633542780182350
-0.1086686824773068
0.2917478199542665
0.2899706704316025
-0.1595106435706157
-0.0943588561099556
-0.2811068136590137
0.3749874723764440
0.1094878393961121
0.0422168071683281
-0.2095543800625112
-0.7691567392618417
-0.0907457175729584
0.1044702611278313
0.1704625284080597
-0.2152562314431530
0.3399380569133028
0.3628572791978378
0.1298322753337664
-0.0877918404234660
0.0895353179313366
0.1653078918225465
0.1526017289210082
0.0310810740041598
0.6649987082629890
-0.2774169686537999
0.5147724918782467
-0.3031144539493648
-0.3632319793198431
-0.0707101020604696
-0.0558070989497692
0.4411720561051659
-0.4438590031590242
-0.2194349762673562
-0.3029447202512602
0.2367938149733586
0.4247678015800953
0.1988267729406426
0.3632590772379687
-0.4319868863131621
0.1226584358365052
0.3552405428814349
0.1319789078011747
-0.0016284227395075
0.5613280289650001
-0.0507227088346633
-0.4069079980448487
0.1194634986345098
-0.4872946105156943
-0.2939400082461031
0.2351879781245010
0.2050818139969537
-0.1934919278198370
-0.2686912522503304
-0.1867920855927705
-0.6425040078377977
-0.0846343466156137
0.1984778354118970
-0.4170688470528454
-0.0273447333486369
0.3763386885932231
-0.6036420274396584
-0.0790507898631835
-0.0051904710402022
0.4432730224804512
-0.0888711624923169
-0.2631213808368282
0.0023618335005011
-0.3644439748751895
0.1511054811267316
0.4718732029758992
0.4803231813404807
0.1412609088881958
0.1662579671751941
0.5221082273578042
-0.1984629761474112
-0.1771625137218062
0.2620513802655855
-0.1280431301744543
-0.2157803042873460
0.1702133465602511
-0.0193671457769779
-0.2651664301873877
0.3629642336227733
-0.7718955677330218
0.1659550492298484
0.1166409236779597
0.6676638036281034
-0.1911769601732264
-0.2481689306165110
-0.2388875668149930
-0.1603883422019511
0.2263460882821898
-0.1985990255867773
-0.4567766176968646
-0.2059878316671273
0.1776145188130152
0.3681586121856847
0.4424078639706051
0.1912586666282338
0.1511298423674225
-0.2060954120480378
-0.6989662517475375
0.2191457162026313
-0.1529024623327837
-0.0632607540395516
0.0536594864657494
0.5418002696221651
0.3828835600653608
0.0179308854524284
0.0343163328809572
0.3683603028575204
-0.0782574793873047
0.1383069318422414
-0.1995156009406988
0.5887731741408195
0.1046462665840630
-0.3447636975021852
-0.6062371347638950
0.2609181210540344
0.0430406818790629
-0.0008765739614660
-0.3005386245254799
-0.3507995445369800
0.4479433819893612
0.1715702135043592
0.0144774941193000
-0.8122015791000075
-0.1618948411168775
0.0009132378212343
-0.3935506906800322
-0.1202200043475401
0.0275108273823290
0.3092875350036200
-0.0668544991592850
0.1423068125066946
0.1537740155822641
0.0717587651612989
-0.1850262819975303
-0.5160320677412983
-0.0926410238448565
0.0221443722999613
0.4366800762726401
0.3093322268024591
0.2008411127443537
-0.5808952094742011
-0.1452646365129540
-0.2975073982189064
0.2816713973981655
-0.2729627750847263
-0.1757534121070075
-0.2877910036264709
-0.3615660601418940
0.5597388410575116
-0.3408373592492532
-0.2030872852814274
-0.2060990896081734
0.4542601158708367
0.1448352846329163
0.6370031053625879
-0.1188183875222962
-0.3189225973886405
-0.0277398564865245
-0.2988066059499076
0.3339907816192871
0.1542260944761870
-0.1602425694158202
-0.2503326635240533
-0.2428801336898899
0.4532076549332238
0.2843946884627526
0.0314136789552003
0.0906261801901253
-0.6677338735499861
-0.2926726233033074
-0.0692038694032336
-0.2157553969123245
0.1271990031275999
0.0754983866698383
0.1297038111492304
0.1260859391316699
0.6158086264357407
-0.4611073794104317
-0.2396859459038748
0.4498308257785271
0.3032228823552570
-0.0426396990205137
-0.0437429344289579
-0.2448559905674575
-0.0402561143044450
-0.3008294575674303
0.7677166944151730
0.0529073047327187
-0.2316403480799971
0.2175688717457064
-0.3384639482822044
0.1956368253055259
0.4183730994324604
-0.2593100198693235
-0.0104960459165799
-0.1832218431977038
0.1027120535176704
0.4816878214462051
0.3015243420446738
0.5257698144509286
0.2852468665888739
-0.1809760416811705
-0.4797573085690899
0.0197748016456001
0.5574904561432127
-0.3696859703020296
0.3203762746138677
-0.3979844522946602
-0.0990659944588951
-0.0570772549496765
-0.2188002279953863
-0.0007423612367328
-0.0450526472341859
-0.2585409486875365
-0.7564820687547764
-0.0350295626136563
-0.2202062733832458
-0.0185342830244016
-0.1288848164439662
-0.2218967047456166
-0.0216425611943233
-0.4924251006987320
-0.3536329768166057
0.2495789517641230
0.5160351401791771
0.1485958765077610
-0.3731657886580052
-0.1709753524540837
0.0889842075219977
-0.0774879174820468
-0.3340928703602412
-0.4798491164816067
0.5845275084229873
-0.2316947087663943
0.2547331715520512
0.2790374700171417
-0.1948696820470467
-0.0261909178200875
0.1941761079663667
0.2152027265521543
0.3773561912342505
0.4436438085032780
-0.3104009301992999
0.2393355693080630
0.0293729637661278
-0.2213798152065262
0.4569409389344983
0.4411455114314060
0.4263807395472536
0.4176155388889618
0.0130018014097486
0.1916278947998334
0.3439208409448928
-0.5535493537575451
-0.1757316893775879
-0.2816244183645084
-0.3683731666613428
-0.0862339396235509
0.5364691064890181
-0.0972186488371553
-0.0511496769126366
-0.1486798198865429
0.1205537758012322
0.3808687493982832
-0.4774323670369609
0.4387327291330024
0.3465266030049143
-0.4102407791066225
-0.0573271518306457
-0.2805062433618387
-0.0483466553869950
-0.2174671762441825
-0.5190333497215528
0.3947562905147503
-0.2228525726398747
-0.1922715337313484
-0.5992784196845250
-0.0486956801243283
-0.1429620850583202
0.2809426872537329
0.0560700927254092
-0.1553175489572342
0.5473116766521218
-0.3108863826350002
-0.2923262458470395
-0.0475139610963138
0.0625101489015631
-0.6535361192546654
0.0230656638619419
0.2358956481420054
-0.0351543293902623
0.1663002969315750
0.2411322255163665
-0.1129332122136581
0.5564414860605061
-0.4963311149172534
0.2615623241657161
0.2788072776989487
-0.3456857171175411
-0.3010193416585137
-0.1138968248478518
0.0624303055375778
0.3052842212885383
0.1737063038739260
0.3005615985149547
0.3007964008353322
0.0363342584112354
-0.2034310914222105
0.4387978596559557
0.3373144964089195
0.3471290788011251
-0.4756934929156175
-0.3459580863787604
0.4062800567900068
-0.1546599488821231
-0.2633345990281292
0.0225833790493133
-0.6220394831561347
0.1248596644293753
0.1127461023265141
0.2867220356402573
0.3521795484734494
0.1244335963905009
-0.4368524631428215
0.3677099967914814
-0.4328244346831128
0.3624972723724064
-0.2711922204812381
0.3386825392022251
0.2779948108871277
0.2114653639935651
0.1716813973605801
0.1534745282527030
-0.0057645875897353
0.2304740833133831
-0.4416470843390101
-0.2636234915077133
-0.3251195719319047
-0.0355447814500182
-0.4030571757611572
-0.6187588164536302
-0.0803792002656671
-0.0293626871340078
-0.3880533618474202
-0.0178336901854951
-0.4654950217934063
0.2592697116003201
0.4035815664834417
0.4197039839373781
-0.3071049793087385
-0.1706579939028012
0.3191564626519591
0.0660805394606490
-0.1058221832470066
-0.5026844961702372
-0.6225853070403803
-0.3921929960516054
0.3605144409873599
-0.0508544167678091
0.1804403413178788
0.1222761597241663
0.1012348980143574
-0.0755722816140814
-0.0113962055086631
0.5050526417526139
-0.1538519170677746
0.1292499177513961
0.3533240936288397
0.2624648661510253
0.1123110125686589
-0.6999907376821054
-0.0487679679597983
0.3322648056211842
-0.1043463941466295
-0.2511324113162460
-0.4002583273138440
0.5089098567406750
0.3586887758473395
0.0024114155108328
-0.2206408501741782
-0.0396104730942334
-0.4664050202353617
-0.0214313794012463
0.0888005276495036
-0.0891197475669656
0.3521105875293133
0.5255928351123554
-0.2406811865571257
0.4633025535525833
0.1018223669822965
0.1363387577404983
0.5309900165888792
-0.2303953313747498
0.2221249171309338
-0.4304595664050920
-0.0435173139074834
-0.0549356266677793
0.4373536141792461
0.4927849743781776
0.0104868876684295
0.2933213008269185
-0.4325607695263353
-0.1656191110960096
0.5163529317858306
-0.0822106330502470
-0.1977936146273988
0.2402057689134250
-0.2630099637360049
-0.0473979924620720
-0.0003799674861066
0.4549157915644295
-0.5692107815027133
0.1941149873391381
-0.0623147817053867
0.0176012580376288
0.6656834460442961
0.0493483775792349
0.1200577475764239
-0.1315562199633585
-0.3683924522929585
0.4417382251965279
-0.3872856341375795
-0.7183684390888897
-0.1725635216396349
-0.2984630936510711
0.3508604939232274
-0.1508267972441419
0.0395181582661235
-0.3892875093660144
-0.0652974833331445
0.2229051941568862
0.1103614642557469
-0.0992154114371752
-0.0738517921429058
-0.2758058529967351
-0.0087787147060740
-0.3908901473249913
0.1666606827405585
0.3436687812025612
-0.1907351822742316
0.4816715725373077
0.5843712393531891
-0.3320571611677811
0.3967156946243678
-0.1060976810129364
0.4765710061105811
0.2161011077307718
0.1682726301330297
0.3855636578952789
0.0375782822982961
-0.4567004117922354
-0.2455930842647972
-0.0658751294718786
0.0248199989907555
-0.3971007455824360
-0.0393803755741760
0.0559362823086210
0.5154563251112654
-0.1617187167099675
-0.6461869860484142
0.3507049849762162
0.0166125647969252
-0.2385434615931289
0.3513306936533004
0.4741069854311152
-0.2355747989118420
-0.3930972246990617
0.1111428094662532
-0.4428675731035719
-0.0269752267750908
-0.2914581702236177
0.3011734945058296
-0.0121785393069749
0.0912776883037348
-0.0330668947971145
-0.4736189747978234
-0.1122169365345620
-0.5895702184547515
-0.5525022775170833
0.2575615144020102
-0.0995294354905833
-0.1562793068596397
0.0803095403990577
-0.8455435707299452
-0.2098831737150036
0.1899238198376916
-0.0349752754258680
0.1221373552651695
-0.1231257511817113
-0.3189923258632986
0.2489673196423788
0.0586758852663569
-0.2702675431079584
-0.3214998571666108
0.0118966505147327
0.6856322037073900
-0.3355817976085059
-0.0731926747960677
0.1754947697524347
-0.3657054728807817
-0.2565895633880927
-0.0707871899078340
0.3738941948576328
0.4550249519710174
-0.0507053551864477
-0.0105728515630738
-0.1724038121241978
-0.1263941492175691
-0.5389335313478190
0.1415275543269035
0.2153082460111517
0.4979327362849369
-0.2237415562669058
-0.5997522029428578
-0.3299899815836392
0.0077533123645844
-0.0008727372680799
0.0605850389202921
0.3968474916771580
0.4718672779634154
0.0675729557304440
0.3047940889284811
0.2513192655228251
0.3803532074287937
0.3821363043982921
0.2174756065053113
0.5422754855490797
0.4905659587930479
0.0622776090000658
0.0122978022109542
-0.0223647957495438
-0.2441284232667791
-0.3768729218544309
-0.0364313885004869
0.0241087973306839
-0.1443603144411082
0.0725904315719889
0.1267085023253665
-0.2501006226527945
0.3757401734922429
0.2578949229242666
0.7373284303455334
-0.0058727787949892
-0.1203811641426587
-0.2881991957454574
-0.5920239432997620
0.1514436392498107
-0.1086758161339980
0.3105098211410848
-0.2867873698354123
0.5791848169254108
-0.0553060065420960
0.4701041826898402
-0.0958496656598674
0.2782040602019412
-0.2366099926941966
-0.2265675858750115
0.3268884246437619
0.1330739105681067
-0.3808001395412669
0.4427398055115849
-0.3456996540156386
0.2581071129390651
0.3609101387686738
0.0476605546674746
0.0972209452988513
0.4165746854245735
-0.2025374389762197
0.0398143152099016
-0.1504811842401652
-0.6827685000829936
0.2940113524560894
-0.0645311064739399
-0.0410490849422143
0.3840105771489896
-0.4792848917403266
-0.4619526873853633
-0.4923934873087313
0.2385553696546948
-0.0059140172772069
0.2577171223952758
-0.1943172437434766
0.2919889507807769
0.2342014413981905
0.0998845420016641
-0.1948260740263187
-0.0122977533932371
0.7411377931509151
-0.0056780498757980
-0.0205361203421888
0.1330935469870153
0.4943214426906291
0.0393338094775509
-0.1215319758912069
-0.5356885464101953
0.1228095265630406
-0.2285934826429569
0.0925798256393715
-0.6384785909531489
0.4094164714219744
-0.1879060078249285
0.1011286374978105
-0.1677564893056303
-0.1390116157662361
0.5679928257820707
-0.2919398007693484
0.2385312384863346
0.2029734894741126
0.0135347469222111
0.1927521462231005
0.2793240322249065
-0.5755301470604290
-0.4573117014641257
0.0777907900761004
0.1098869634535917
-0.4947827998817239
0.0581967532150998
0.1249495740785471
-0.5815792641444296
-0.1144957242888821
0.3927733206480423
-0.0575811250687433
-0.4516253135064570
0.4208784677990416
-0.0849524180803106
0.3678862712900671
0.0878505891148309
-0.0565133313358596
0.2680287728854286
-0.4128894985978179
0.4677025462290658
0.0660632581655483
0.5960869606703773
0.2923493551300315
-0.3377327628860678
-0.2997396375210898
-0.3378244927856199
-0.2220581638612263
-0.0405168534971220
0.0949368997403304
0.2114394637358665
-0.3694704686549001
-0.2167019732141200
0.0024605617606594
0.2766700947781476
0.0530518616553999
-0.4052047150055945
0.0537960792831360
0.7868308793990382
0.2909731001169873
-0.0496384523449994
0.0188766030713376
0.0706924596209341
-0.1659071449328496
0.0703727923634235
0.2140033227744067
-0.6091721025124742
0.3982322394739491
-0.4827676837398966
-0.1561909713823501
0.2318188408261382
0.2754048753138439
0.3103588840376887
-0.0876287976243735
0.1820000649705149
-0.2908223132005416
0.3798151426047183
-0.6018837811339308
-0.0985623681310327
-0.4013521982702989
0.1258746377688665
-0.2917717172308509
