0.0185082612823810
0.3845896786219304
0.1507682901726909
0.0322404244735708
-0.8130516174069293
0.1287981888089906
0.1488565494586872
-0.0125313193527398
-0.2772388241685687
-0.1491970903374872
0.1699980923082397
-0.7080435333936574
-0.1010852108276872
-0.5327697545899475
0.0796921826448414
-0.0869991200681372
-0.2743943684232079
0.0854796230113713
-0.1388097984477206
-0.0700424768709089
-0.2602390064508483
0.1272609450531255
-0.2921500795741835
0.4103299266251337
0.3033795289715333
0.0093663068993447
0.0829101514178388
-0.2586312414045394
0.1883029135543264
-0.4595063966861380
0.2155981333456383
0.5339706378429512
0.0466400123182669
0.1497192752905188
0.6426905311612534
-0.3679302202684113
0.4986099450446504
0.2207255491282591
-0.0407575993532885
-0.2712931931820711
0.2215399565799916
-0.0665762416664650
0.0446771379037633
0.0325446447338081
0.1469599826528164
-0.2298709583162070
-0.3805626286611997
0.1170024448811225
-0.2698043815148317
0.1845288369920619
0.1569075885728927
0.1546104163919636
0.4719080751774333
0.4521421596113697
0.4295872291970359
-0.1702084831991924
0.0973154302469645
-0.0777910680104579
0.2235838027161022
-0.0064439648342204
0.4482636737689664
0.4926330300340511
0.0723788779158162
0.2484707215399451
-0.0666994607473003
-0.6248385747571915
