0.5135314135908847
0.1814197327525039
0.7915550653538576
-0.0958880298670039
-0.2600354438614718
0.0504053496557018
0.0500821786772399
-0.3923960548759102
-0.1679498908838074
-0.9015371575120831
0.0234503551153311
0.3782094722003184
0.1768835071971464
-0.8480168530607345
-0.3255569347894884
0.5075057349974856
0.0878523205967377
-0.8378302180886721
0.1698338803425394
-0.0625849618975221
-0.0215477157895826
0.6540900000734936
-0.3999244781465236
0.2478228791721851
0.5919004984675618
-0.4257605095762748
-0.8377146826962208
0.0833160917952137
-0.0385496418045067
0.3294456751047683
0.1051955805364760
-0.3716528898985599
-0.5776306190957036
-0.7167326145228079
-0.0586962215824575
0.5983422218595065
-0.0636041948891832
0.1928874056405903
-0.6069929394977727
0.4819700323441529
-0.6165904123320666
0.7639573682765441
0.1596866737349776
-0.0696264953485253
-0.0764049753163349
0.7924324241756280
0.1884034087310618
0.1022086900628856
0.4465376982799056
0.3559669596804840
-0.4238578702501656
0.1945847895777392
-0.1397248791539082
-0.6387436156932248
0.5957892387820986
