0.0556789710853064
0.2969020756039896
-0.0248500939640462
0.2286559866330214
-0.0756870923125907
-0.4307086284731620
0.2114343618682462
0.0520788589774960
0.3763848699881343
0.1709813141071805
-0.4071529010806763
0.2328864900780822
0.3751187854441126
0.1941063354005282
0.2188415223123650
-0.1771977716533086
0.4041463528284526
0.0500905270492253
-0.2033714710148225
-0.1519564549536759
-0.0231651679326733
0.0111254053294881
0.4276072757694256
0.5637847709825945
0.2305867899423550
0.2025661644074684
0.1664179886573399
-0.3266188987211345
0.0592826122223337
-0.0696609376809745
0.1880502975549642
-0.2837661283868961
0.1328956835226505
-0.3213413080561293
-0.3961939741129881
0.0313112690129455
0.2300648973859316
0.2793621864932750
0.0358642667258225
0.4263967008739935
0.2625075087841433
-0.0787958886661271
0.1597287605508107
-0.4329676187793494
-0.0554581808588324
-0.3144031562320543
-0.0730716497913757
0.4360905613569884
0.0365711236024823
-0.3788490627974143
0.1533488702692556
0.0240809660204594
0.0736751782828026
-0.1298290586510541
-0.1603217557057837
-0.3175872705188966
0.0133506590685373
0.2994155294587302
-0.1760717297904566
0.5167193374730661
0.0300921388579223
0.1179484978237093
-0.2629060178895403
-0.6250570217338464
-0.2457110799635066
-0.0760536380888254
0.0180140422109767
-0.2784700494214737
-0.0204794219403082
-0.1659162781678612
0.4625178313853941
0.3722203454103201
0.0181632065382552
-0.0186221787238349
0.0156064080020136
0.3192985233899270
-0.3096453010396992
-0.1932557202776707
-0.3169089973988697
0.4578541997549975
-0.1014675839171498
0.2780945004784958
0.0189161362773046
0.0056736172713029
0.1361852268424313
-0.2345961077848598
0.4675167186200234
0.1759498137942216
-0.2061737806548765
0.0334194180302099
0.0610973850847440
-0.1904750949488601
-0.3406905484597338
-0.2329789761838414
0.1688575471329686
0.4296566920792130
-0.2796702217782083
-0.2726647556759993
-0.1019793384244136
0.3198275975561989
0.0248652004539422
0.0630265025060091
0.0243377478910573
0.4995006772465551
0.2378749671551080
0.1575577918701162
-0.0540004242902936
-0.2057624419837668
0.0703453708031549
-0.4059745802911027
-0.2161633601744337
0.1434397552413547
-0.1472583263881615
-0.2706638707290025
-0.1918503526260672
-0.0064497729893855
-0.0246208659816685
-0.3046894447494004
0.3675975946744149
0.5766229112582819
0.4324074504000544
0.0091542473831144
0.6048883464654603
-0.0960911444420756
-0.2158512928987020
-0.0214284219946766
-0.2445951688297298
0.1984318394291043
-0.0475382941921233
0.0221777684691560
-0.1295627428272059
-0.0857314133092455
-0.4911083110478756
-0.0510407587581051
0.1445094211925430
-0.4385785527248103
-0.1990543049663054
-0.1599669305301006
0.0045911735595664
-0.3203885472485731
0.0743928659900336
-0.0289610133514584
0.5328856891429379
-0.3236875211222518
-0.0201617359427745
0.3253526506999042
0.2851440740330152
0.0297824724407507
0.2330919861062636
0.0432001674606243
-0.1594519313845435
0.2560381644458978
0.2857818829250132
-0.1076572664095323
0.0583527046833996
-0.1128394112275782
-0.0698367594354122
-0.0809889799095979
-0.0036453066353618
0.1345879899079135
0.2781501530527324
0.1664542686286389
0.3421191011910920
0.6588008553664997
-0.3375177279690351
-0.2301433630892339
-0.1611202596493171
-0.1972600982591124
-0.0654250559907713
-0.0295653120342656
0.0192759121268171
-0.1344024973380674
-0.1914013260825149
0.6286815250607641
-0.5223155352952928
0.0750225897041267
-0.1610675633468189
-0.1818704630270062
-0.1556383951623816
-0.2549761557415783
0.1438749858414476
-0.1076702473082288
0.3077830998264416
0.2038215291966498
-0.1157301042542411
-0.4223108576249160
0.0506465922027919
-0.3480203957766754
0.3754975503009663
0.0872532221669068
0.5651398549366359
0.0316424271147554
-0.1804195972553141
0.0523703331968266
0.1082614730594852
-0.0321307302202546
-0.0183585193613926
0.4147366443074859
0.0118700139848783
-0.0883202542475823
0.1205200519568860
0.3201316037425830
-0.1734912829588734
-0.4188075171324206
-0.3707746867409185
-0.0180273527060341
0.5119016598044879
-0.2261474234549641
0.1368694863055921
-0.1626541344690361
-0.0724319201903810
-0.1593569818828321
-0.2224363760221285
0.5981391692601420
-0.4205288151169460
0.2056890832090428
-0.0075965259852806
-0.1652100375313300
0.0548351573838422
0.4723107318011940
0.0745806091908083
0.1366455452458392
0.0893132777175173
-0.0944860995910907
0.2199612154976245
0.0452497232231446
-0.3321216128676066
0.2145392183963180
-0.4973054103603926
-0.1295891725012095
-0.4877553564488616
-0.2820618761431565
-0.2608954265259140
0.0281841203231761
0.1946563367799738
-0.2151776714003105
-0.0928325420497788
0.2311786738647501
0.1440729454606444
0.1554948372060710
0.3494403496917060
0.0859986575105025
-0.0336824688394534
0.1662258476946830
-0.2220069320167621
-0.0411628238258961
0.7189014700562827
-0.1896906089101995
-0.0577782299547270
-0.0266981048390201
0.1159326123621789
-0.2414594105548370
0.2006773301592204
0.2219474455511947
-0.2694821616328819
0.1503876799488358
0.7988577642329628
0.2310445192788214
-0.0704240933863821
-0.0397348035913002
0.1433785794183252
-0.2543525658946988
-0.0157920649810643
-0.0833445673824490
-0.1639656045313572
-0.0727912006864583
0.2872381899197061
0.1854611837580466
-0.1933703023637595
0.0190921223490067
0.0694963384264628
-0.2337428697409220
0.0212537023808673
0.2777522471643374
-0.1038027551575288
-0.1296709250210447
-0.2795246252144279
-0.0131717765227497
0.1359202631093052
-0.3794999918872477
0.1567325665609710
0.5823276534379216
0.4450256734103191
-0.1811108744105694
-0.0050271840251036
0.2789216143530053
-0.1189632557267897
-0.1669204635304124
0.0507290015397593
-0.1142290248627660
0.2572725872096684
0.2520119456894700
0.0677231023575502
0.3264451594414810
-0.0616764626018089
-0.5242881645369851
0.1840982447639994
-0.4253115026050420
0.3275265570074524
-0.1515800756151074
0.5655159420003542
0.1749348579828643
-0.3857838305216109
-0.0980165813160191
-0.1746562448622786
-0.1237047317141932
0.0541119513122870
0.5765292870993196
0.0566076666153302
-0.2898581565298026
0.0572389466177686
0.0549957286598275
0.1209075849314344
-0.0187011666735137
0.0392419455313724
0.1643394528808134
-0.2296925602028166
0.0543172050100821
0.3050598522035364
0.4699779971582365
-0.3444706205443159
-0.0397846006196793
0.3248053544768895
-0.3314877190423359
-0.2237070127745197
0.2757380123304912
0.1267969317930811
-0.2892622237231835
-0.0510025529695650
0.1982160376311348
-0.0521482753025283
0.2394934800699000
-0.2101051560725979
0.0099851772164359
-0.0948242609390349
-0.0205779408661844
0.1832971253992053
-0.3256169008795709
-0.4527918433569179
0.2777048426247233
-0.0704461893773409
0.0841995857272536
-0.1006712460562065
-0.5249425804822695
-0.4083481041165623
-0.0737968713414557
0.4138527659043783
-0.2837604817192698
0.0425363591248920
0.3617371652022120
-0.0920742393315055
0.1140934264243313
-0.2295774166797876
0.0417938345384096
0.2919543414134703
0.1858434300924134
0.1794710804485797
-0.2239066349622568
-0.1893196041323353
0.5442317609900225
0.0662134241286968
0.2652306708950629
-0.1834364816830806
-0.2008645187778285
0.0671994073864615
0.3873846060680551
0.1442952667185287
-0.1475707866410435
0.0184134941982649
-0.4268200729622270
0.1714858918072256
-0.4718628840438006
0.2262423662853909
-0.0405455059725229
0.4082721534597564
-0.3403756618597134
-0.0285112029701889
0.3478558681272200
-0.0915347670741313
0.3720358852165792
0.0579576276383924
0.6497893373549223
0.2604589144454531
0.0508100702057667
0.0712408619389040
0.2511323210014216
0.0103943888238572
0.1294996306028420
0.0326033236549522
0.1828902549234726
0.5827231719714426
0.0303987271667703
0.1750264605362789
0.3294763565033357
0.0760070509493182
0.3361890501783542
-0.3115026844080128
0.0182053383113517
-0.0122996286521391
0.0872838689355225
0.3934916729431781
-0.2003782886436792
0.2950085937689333
0.0868995098769917
-0.0825631865315005
-0.1277077598146696
0.1041671225696080
-0.2818730981443162
0.1126755130413373
-0.0441179488898770
-0.6199432044646993
-0.0531961264196821
0.2041625722389552
-0.4106039209964074
-0.0007357734657101
-0.1615757652775094
-0.3484994788902918
0.1074348591142854
0.2463720612871397
-0.2480068395604706
