0.4391022395941918
0.0222290457624366
-0.0681845497191780
0.8836574653740358
-0.0507916629241391
-0.1364391833513565
0.0744877928612907
0.4164785239934853
-0.0616485687277821
0.5745381958293575
-0.6076352058397716
-0.3433394528711822
-0.3236109906992041
-0.3708278088564212
-0.4883245671572901
0.0328687546065530
0.0635859750981962
0.7170622349067732
-0.4816048698670832
0.2122947299636331
0.1836267595882954
0.2274556310625158
0.7856298789223439
0.1425431140234286
-0.0806860353337657
0.5202044052394996
-0.6284611448834930
0.5632432487396287
0.1021680157858905
0.0152469388032088
0.2756081003649714
-0.6035319556975491
0.3861828164830691
0.6167376010415602
0.1500198000116006
-0.0882098451664470
-0.4037349343079967
0.2462721696966957
0.6511202772428416
0.0423303671830922
-0.5836394793517611
0.0998178539718956
0.6592395918932753
0.6735446232902286
0.1806715420914670
-0.0436525853531575
-0.2738095597965580
0.0471314284899562
-0.2013968351200457
-0.0906842076241480
-0.2481077583851972
-0.5961910396059248
-0.5654972821725143
0.4630629521667528
-0.4552011346335895
0.4802616588524419
0.3225932463579105
0.0714424898223138
-0.3074703635456982
-0.5986920825081310
0.2946713581617079
-0.0537288539433196
-0.6064931378051560
0.5727710720542712
-0.2471679644145642
0.3915218654344729
0.1429592252816663
0.3065526846784004
-0.4434761315187583
0.2839715823533610
0.3695793256622916
0.6867956716922596
-0.1420932563404474
-0.4371537014751061
0.3462235251554387
-0.2181873838115460
-0.7820014023548326
0.0985062976599529
-0.1464330694743622
0.8443380823165507
0.1261092796286826
-0.0920819048067606
-0.4898080708928682
0.0368237016230933
0.6773526343322243
0.0776363713127776
-0.1406468920762958
0.2595958292729772
-0.3150982634100716
-0.5905146434948857
0.1902074770423456
0.0457907091473817
0.7202396465548756
0.4693620887691157
0.4149038081490724
0.2247959914526145
0.3572480871605074
-0.2510264450157103
-0.7068898740162765
-0.2430782889797135
-0.3504585015820199
0.3574325366160254
0.0588926192702240
0.0178916440754455
-0.4712602655306401
-0.7737442108995771
0.4103298670024250
-0.0841106827039448
-0.1333304027320004
0.3682630909540643
0.0729414348869990
-0.0572980234486437
0.5258018954909288
-0.7493558232454939
0.1519784688813419
0.5340461395393472
-0.5613374356358780
-0.2909562764850019
0.2062920463452106
-0.4993852080128408
-0.1611834960204957
-0.3621926979203261
-0.8547522940273621
0.3165262649683920
0.1063975518133296
-0.0269356750807769
0.2946672338522076
-0.3723959566032281
-0.0147796213388556
0.0410319899392139
0.3994475921302766
-0.7829636214636588
-0.1477433845396780
0.5188497890464216
-0.0241158044986180
-0.4577138380620857
0.6822486533632234
0.1828114715633904
0.0578781965773547
-0.0673484725537371
0.1847975177471718
-0.0265036551678471
0.1943795508815538
0.9588943223848729
0.6014829124431151
0.2581525090862282
-0.3186229957627700
-0.3666685195056555
0.4589465014319700
0.3535212586103929
-0.0343146803958483
0.6296548111406486
0.3105738834305975
0.1729591447901180
0.3867398728303514
0.5713305430696290
-0.1976897264517740
-0.0378861008370503
-0.0043375710425571
0.6524361534285333
-0.1362540832623811
0.7177927914028853
-0.5645588293445771
0.2352632079421565
-0.1867733827243330
-0.5022094604604396
-0.0438127305577144
-0.5804363506610070
-0.6683513491704864
-0.3646581459323567
0.6226366504350946
-0.1751333622734191
-0.0190884776750787
0.0402299346381239
0.3482909047836784
-0.5712472805437562
0.5136234630673743
-0.0553140838432624
0.3782210761355847
0.3774256191601575
-0.7653118588190361
-0.3372329896411281
0.0225416887344262
0.2201662125110438
-0.3054426094719069
0.3978632841884169
-0.6879929182231583
-0.1818766811509906
-0.4823838704795106
0.1735553488833437
-0.2061135594520863
-0.4339218366404974
-0.2762723056444658
-0.5432951036179673
-0.4651645589428078
0.0100641285729077
-0.6254738666424642
0.1442467749572559
0.3209692046551216
0.1357180327807566
0.3193575740156580
-0.8054218787064039
0.3537861606886292
0.0519718670653661
-0.2811464635388101
-0.5068699439648526
0.1283051186627481
0.3265071623514763
0.5173165040069245
0.5228326979874790
-0.5549432961364847
0.3588462837664375
-0.5287264451270925
0.0584844007756928
0.4212114889876938
-0.3207430207099399
-0.2720669910082046
-0.0100225473662180
-0.1246459420737157
-0.0955951615050252
-0.8325342357747353
-0.4561697068333178
0.6180168304894789
0.0419009305272374
0.3755171933173758
-0.5445528497490016
-0.3206117425430609
-0.2756023424237800
-0.2233777262681597
0.0549570736366079
-0.0303414388269718
0.3304654958156371
-0.8731675479928178
0.2730064060823702
-0.2770682235938415
-0.0583189783784530
-0.5036165642790351
-0.1019245829973626
0.7412745943634184
0.3260763830015760
0.5558304247517923
-0.5668336347715196
0.3243439665595733
0.0149098644046536
-0.2350439817785120
-0.4572583332663163
-0.1735683911237460
-0.2562553684624485
-0.6278906026377231
-0.2438597022205816
0.2768841367796676
-0.6114149256346247
0.5930530561282187
-0.5275306294540276
-0.4508147097118725
0.3689785436341101
-0.0507110989838618
-0.1674778310395667
0.1440550135936488
-0.0958256248606662
-0.6793623455768163
0.2936672048059925
-0.5574104658953857
-0.3340442357273772
0.7559499802984797
-0.2689200191679314
0.0727161516941943
0.2392821986104236
0.5332507322956905
-0.0965489398932284
-0.5015156802176790
-0.3051707701370006
0.2981809164779342
0.6738320614393267
0.3024615037800787
-0.1445972209473226
0.5952833043967227
-0.5051245333760656
-0.0669280936311122
-0.5253586111308097
0.3233231741428121
-0.0739464559256182
-0.1970402617629119
-0.8794759221167624
0.3209061723623044
0.0716860618120139
-0.1886795035108458
-0.2097084158965341
0.5494919534256849
0.2990685781222673
-0.1594994390111242
-0.0685669561361092
-0.2292842110562624
0.7251922715680466
0.9652596250665485
-0.1120979522404628
-0.0908165114388452
-0.1059394431334217
-0.1543434295473488
0.1114235464975990
-0.4676659528202337
0.1751872125481511
-0.6641215102914988
0.2180659545561652
-0.3854629978232986
0.3367582715733570
0.1108138635859886
0.6570690617251731
0.5880095964086260
0.4265608654268337
-0.1330475610508246
-0.1028077082559923
-0.1310339071197301
-0.6270485760966047
-0.2328942461825556
0.5306770008948791
0.0569564353846379
-0.5005380641716571
0.5892579055382677
0.0866207542594990
0.0394498920426142
0.4241314728423765
-0.6429728442450712
0.2245308152970446
0.2510163619503372
0.2650671235144313
0.2536247764168699
-0.2860683818809733
-0.7678922210428623
0.3618163852043695
-0.2231387537207659
-0.4710013702010122
0.5024761089264922
0.0018741356020096
0.6633998111589623
-0.1891606301131470
-0.1489486021946704
-0.6652455068829349
0.0499399241954808
-0.5154190269976351
0.2704706553322181
-0.4404061587451317
0.5583542670468512
-0.1394126384473096
-0.5831169772123469
-0.3739638451090012
-0.1070881778114643
-0.4212628446976778
-0.3675510731773567
0.8358752431120474
0.1210106828322082
0.1826861659947394
0.3046019771175576
-0.1594321218865551
-0.1938445813317061
0.2584466930601994
0.3520587856494351
-0.6642620166844957
-0.5354536125740302
-0.2091162321611950
-0.1517477937109762
0.3698386674274422
0.1205028649957934
0.8366407934810229
0.3152491530389770
0.1622380377679744
0.1069905970935851
-0.1458083645108275
0.3438428377665571
0.5772857437848349
-0.2132055668896846
-0.6858203789323521
-0.3904413670703114
0.2772842450008738
-0.0988373170288469
0.6501850403189592
0.1068833682084131
-0.5716078463972999
0.6271686664707042
0.4585172143838455
0.0462665401534700
0.4547240860198324
0.3645545599757155
0.2336810081448747
0.0156597995694174
0.7390519600545710
0.2337444431171669
-0.5321353563198733
0.1093775299410855
-0.3221630407528098
0.0113202858353874
-0.2864321296219381
0.9054880078301476
0.1807576010217965
-0.1409479945215998
-0.2130265392804879
-0.2256972628525748
-0.0331391875023248
0.5859950692888811
-0.4505549355260882
-0.2230308822206939
0.5931524207238832
0.7310473399393593
0.0780631253228354
0.5471283286652459
0.3597920914723554
-0.0886689861839842
-0.1510430038348207
-0.3346317495684921
-0.7077262340267643
0.1053582577416396
-0.3795761624937698
-0.1151988593220830
0.4676494061303450
