-0.3060048632887780
-0.0144870418262236
0.8661427893842200
-0.1546007811680596
0.0393017615648285
-0.3612503116408228
-0.2143071872242414
0.2760760096895869
-0.6438295160365107
-0.1059252026245806
-0.6687205505064994
-0.0702189250653092
0.4741849196343665
-0.2618054830091676
-0.6083583799558061
-0.0600897834500701
-0.5213157369907795
-0.2472362289105645
-0.3630282434780086
0.1769891786653373
-0.2084943046945591
0.0215372547982962
0.6823981076667816
0.5720877723663760
0.3485420460936536
0.2665733978665784
-0.2159420132321820
-0.0339913008409271
0.2061947354958299
0.8468497122257849
0.8377424750524362
-0.3779078452457088
-0.0278317498993781
0.3367160298051481
-0.1037614271553707
-0.1745121233589279
-0.7602664871463570
0.0249777601252563
-0.4392794372339860
-0.1379447207975228
-0.1379114798487514
-0.4362983311619207
0.3558881696749839
-0.4680206821705423
-0.2072201016441958
-0.1576827734201163
0.0494896143358122
-0.7642296789971010
0.2811344043449115
-0.4181273667366769
-0.6384438443129061
0.4521047220317544
0.2270480653843464
-0.2873550171134264
-0.3885396033207990
0.5581874770975799
0.0455951228405525
0.2922172275253176
-0.1957770436151946
-0.6416114423594867
0.5067870935248175
-0.6697191091477360
0.0712065471976469
-0.4057998061891456
-0.3508472288395099
-0.0424914535843203
-0.3788226823852011
-0.4212311406109593
0.6253468247112665
0.5163382487770064
0.1462589333292024
-0.0014790486490119
0.3996995502470925
0.2296745953858099
0.0978625501430832
0.6570344424049689
-0.2600456939038758
-0.5278207552017752
-0.7048926429801362
0.2325045444797727
-0.3447865224215107
0.3744132380460127
-0.3190339030419099
0.2970224713905630
-0.2871109255806860
-0.8857217506694827
-0.0482748151809667
-0.1820261382875457
-0.1398088304533421
0.2793811284425345
-0.2753793616690325
0.6968973531147016
-0.4745675100441300
-0.2563736978746948
0.1898411697493098
-0.3339443398311492
-0.5177198571573473
-0.0028485838009101
-0.3412927479569469
-0.3731723047807982
0.6610915751998292
-0.1979334620818244
-0.1164928872769905
-0.3294877170525053
0.3085382074978089
-0.2310334111693232
0.5883095820136733
-0.6190208596435191
0.7015192628800282
-0.2860977977988773
-0.5082881306573036
-0.2962767596910046
0.2824120498428562
-0.0112011564739252
-0.4476356488593511
0.1963695357695232
-0.7497285021936141
-0.2833869027605131
0.0734348287931412
0.3365526608933214
0.4844942001989259
0.0041066249125471
0.6619721822897230
-0.4179812075582158
-0.3788229684125408
0.0939478802916783
0.4073070174154254
0.6756697409173921
0.3220806990003941
-0.0574367787517305
-0.2523664147100914
0.4548050431527680
-0.2027586410055745
-0.6610059059111349
-0.1844267884449498
0.6299989774794253
0.1728303815750904
0.2473415313519780
0.7124520265066914
0.3864698951383766
-0.2382019299044622
0.4826953512872900
-0.0278322965167752
0.2292237592054381
-0.1919319319560351
-0.0530573817787219
0.0691870716819956
0.6214510527869711
0.7540183097254054
0.0285512597846271
-0.1420827031567185
-0.0822262081326781
-0.4917776239748168
0.4275935540032691
-0.3996713091086496
-0.6234041401592684
-0.0797702662338184
0.3957364356415968
-0.1679377996081722
-0.5892590705512677
-0.2971586258174469
0.6109801735480279
0.0020640289322163
-0.5943453019136394
-0.1991012367222168
-0.6915426936492186
0.3060876661946880
-0.1875823629164208
-0.2259800771936685
-0.5305652420005594
-0.2910041543474022
-0.4199018783610525
-0.4892325224647189
-0.4087591740336272
0.2349506951395136
-0.1120054942203939
-0.0768207291607751
-0.3659051045455607
0.8765157534630067
0.1555156072160977
0.2802806010982024
0.2764231713280063
0.3476312909681658
-0.0573479874137007
0.1159529070321743
-0.8411014399174397
0.0923787562380947
0.5021004393240817
0.6277694930378153
0.0725030917858220
-0.4934504482323882
-0.3106714255580378
-0.0013189860417838
-0.5774554772651752
0.6262835562671604
-0.4987900581064266
0.1081785630682394
0.1175509065397095
-0.0881937248382869
0.3626393732518540
0.5929658469137531
0.5744367436722508
0.2669387017951312
-0.3284390556308086
-0.3296184846922043
-0.4805031676240737
-0.7293304991981695
0.1664758858542026
-0.3076442338705596
0.0786523247402789
0.2761781619607875
0.2131540577242968
-0.2218113855764325
-0.5969459726859802
0.4500531768102969
-0.5198060441138022
0.2452445707375423
-0.1857282277708411
-0.3812726942493159
0.7402326871434021
-0.4455725441291223
0.1162408506313011
-0.0435369171802128
-0.2436754447401618
0.3183073179916230
0.3645103901017950
0.3515829829689716
0.7621868848127634
0.0814459925988095
-0.1704672536166079
0.3576832922830767
-0.7064690191889167
-0.1832061018694081
-0.5510963412322850
-0.3206979246886756
0.1173046394313279
-0.3175681752707603
-0.8634780100765223
-0.1057808527508439
-0.1604962741905752
-0.4780638530997292
-0.5543616619046238
0.1667520011293419
-0.0409768170884297
0.6334939952518779
0.1825873180981075
-0.6006579373965492
-0.2911400220531682
0.4986571812848633
-0.1121126095553695
-0.0903617761532197
0.5339045397293040
0.5130090554125446
-0.2287681527400089
-0.2325839754143554
0.3900235621309058
0.5829187135009650
0.3721275724401604
-0.7221238941176394
-0.4722358256310968
0.0451793036896701
0.2843313432045979
-0.3939369154074128
-0.1321311129286788
-0.2013988790247200
-0.3967546943527240
0.5993338377993310
-0.1132725998755019
-0.6549390845161173
-0.0323615295686497
0.1616512818675401
-0.1016003881473626
0.3402177808537268
-0.1391041126121279
-0.4015646857656892
0.8168194015754937
0.7602205149598078
0.0066748893374158
-0.1910362524225924
-0.2359349602605846
-0.3925447157626304
0.4192477852065312
-0.4150085530730673
0.0080099758108347
-0.0247507223213928
0.8866737867058238
-0.0434754428902129
-0.1975110749870336
-0.0942436401181826
0.7863011527498971
0.0822840502265827
-0.3469919102601189
0.3807113558769312
0.3173853277644524
-0.6345263992896656
-0.1718042230630278
-0.1935687491645157
-0.3884997067701522
-0.5343245476027570
0.3065223524601445
0.0395585494785004
0.1633158493560780
0.8457675686677029
0.3150529788772605
-0.1170009651230029
0.3788042620708390
-0.0683751695451726
0.4536421585483588
0.1589913039256719
-0.0209509169117828
0.8120616448150664
-0.3230670790316991
-0.3199975001724351
0.8418262504817540
-0.0145521685625873
-0.0775171168437354
-0.4162741490298085
0.0970841270192678
