-0.5864523349303078
0.7535852323253817
0.2969561524466037
0.4238739610725375
0.3236007405457750
-0.8459393748034804
0.0793885879627593
0.8441722784635435
0.5301609344104382
-0.3323392929645630
-0.8202541192144863
-0.4655467476671722
-0.6338243253422825
0.6160273984765465
-0.4677360034577395
0.2892433289890900
0.2816599082535357
0.9148803160621168
-0.5200602330028998
0.4996521284910372
0.6927373994114550
0.2502197456071149
-0.9217961076265434
0.2961114906126827
-0.8047274000311501
-0.5125613179660137
0.2994907460407559
-0.2888839080234488
0.6168501290404208
0.7321488960504658
0.4404966356505430
0.8277096608221336
-0.3476484306914980
-0.0377740066138096
0.9927395693085452
0.1141983885763027
-0.3901299532526155
-0.0397347092472184
-0.9199020450331388
0.4551924648196974
-0.7955314122140766
0.3999119805057675
0.0155805746502639
0.1656738100556922
-0.9860575208146826
0.8105529486443237
0.3448498551112313
0.4733735257423626
0.9145877709185090
-0.3853479920839585
-0.1226219159986282
0.6126024973145290
-0.0097471637129407
0.7903310528402359
0.2007018906231207
0.9796334669846098
0.0060845266059589
-0.1526432250771627
-0.9421864833732095
-0.2983029942639993
0.4110370340244964
0.4709896185326812
0.7805237574185585
-0.5590955346801100
0.4463040664229704
-0.6987308948336854
0.5592975334694167
-0.2584407905096702
-0.7876513358433183
-0.6505404266066697
-0.2470155853639267
0.7181785668882976
0.8192996381009455
0.1238084257317775
-0.5598388846136705
0.4283661586176539
0.8985419386422500
-0.0955239166501366
-0.6593431800415885
0.7511094526341258
0.0331837474723619
-0.1010924810867900
0.4912361890416003
0.8651400562010767
-0.9303069741354627
0.3409247930642932
-0.1352746071847505
0.8372925803941963
-0.4000417692113009
-0.3727032568989984
0.9894729653352927
-0.1424575201525052
-0.0254775552708917
0.6620303343770667
-0.7144656244510372
0.2263950260990265
-0.5277635824816055
-0.2370165305069171
-0.8156523556470890
0.9348933668222500
0.2054584642429085
0.2894152935535778
0.7522956828493195
-0.3907240630772800
0.5304582095685372
-0.9859091784665267
-0.1634234114977227
-0.0357194679398326
-0.9751177267383454
-0.0718845923214559
0.2097093807806882
-0.1600051821815912
-0.5066267268750222
-0.8471881144651036
0.5986212378040102
0.7973929218302332
0.0762701898846352
-0.6241331280113132
-0.6566346264500119
0.4234250888476817
0.6681320802815749
-0.5756950857389763
-0.4713541042089357
0.0306911990942027
0.2845703154723758
0.9581637573244527
-0.7648160559655781
0.1473689196735553
-0.6271672839454455
-0.9752723321788241
0.0431779814297193
-0.2167476412931232
0.4208387734266605
0.6934603297990818
-0.5848140711163616
-0.3117563048452846
-0.5497156898403592
0.7749972043385397
-0.2082515215365669
0.7999678645095133
0.5627456970335659
0.7559445922326010
0.1479989019146838
0.6376865205618937
-0.6305536912429486
-0.7548779851685254
0.1804474160740455
-0.4773806329739735
-0.6453599793954270
-0.5963373443413573
-0.7759213692372158
0.5952610210830165
0.2088309017847910
0.8971938326682449
0.4184364712817552
0.1412591452732826
0.7458865530749232
0.4030335047529519
-0.5302992023269149
-0.1914948595642152
0.6460903858238463
-0.7388483823535619
-0.2234209330563766
-0.8401966770529794
0.4941180330056266
0.2463690108289744
-0.1881471877017850
0.9507381060329190
0.8063874616538849
-0.5082138513627200
0.3024201431295140
-0.1232673917766382
0.0747076934169273
0.9895574317182946
-0.3328188041195803
0.4454839743314173
-0.8311291549682862
-0.8245034058200641
0.5639116832830617
-0.0468801370302895
0.2497684439514030
-0.9675608138036228
0.0379709888963430
0.4490555649460231
-0.8864775503904655
-0.1118331446608210
-0.9225203300895739
-0.3684636789263386
0.1148510247385357
0.3681756782453640
-0.1368465887644776
-0.9196301871361620
0.4824653605879931
-0.2306706836707600
0.8449959831428562
0.2738918212187469
0.1365600491750315
-0.9520160834979581
-0.8965024667095600
0.2376937512560733
-0.3738783328804844
0.0254055501519658
-0.6949962909382785
-0.7185643420066929
-0.3833592114334525
-0.9060566670396847
-0.1791564431497218
0.6837151216602854
0.5732527376893148
0.4515694090001743
-0.4527611337058864
0.7063651051016439
0.5441100018379593
0.7170935280271453
-0.3531005875532507
-0.6009133441113877
0.2312045826566281
-0.8125461219950626
0.5350824614854789
-0.3431388354228022
0.3911364096788262
0.8539719249766006
-0.0893996670390150
0.3949493529264290
-0.9143427738853238
-0.0138894520283817
0.9123377054902913
-0.4092028766554091
0.5479874959891941
0.4854432638950432
-0.6812154885044971
0.0543158631352859
0.5866921681882675
-0.8079864397367190
0.3561034556999772
-0.8640025023068967
-0.3559353942023124
0.5101459571450712
0.0744250159714920
-0.8568617271218166
0.1719559660201830
0.3746062633553049
-0.9110989480868923
0.7516217309640210
0.6272015335834421
0.2041641736770374
0.8933676050853105
0.2726641131250399
-0.3571394735924217
-0.1017550242703232
0.9274237425957018
0.3599043160418162
0.6333485515952241
0.4141222557353180
0.6537372327601693
-0.1374484247284299
-0.0471692843040687
-0.9893851571344272
-0.6959077328073362
0.0462468937588740
0.7166405320916539
-0.5512456046468811
-0.7653889870764010
-0.3321264545615954
-0.0175307481696705
0.9872829090330904
-0.1580035771739689
-0.4668702461378224
0.8716306966054966
-0.1493053984497077
-0.0097429188595394
-0.7753374514084843
0.6314720199466425
0.4254656692292100
-0.6581082888569478
0.6211863202334068
-0.8430076643253959
0.1378837311249440
0.5199289899396887
-0.8887118965727929
-0.0103690902509644
-0.4583488266128289
-0.2227648488881408
-0.9416385975016931
0.2523738770057006
-0.2339360855702632
-0.6947100911504044
-0.6801851197445145
-0.7985375706699362
-0.5996689435525827
0.0522963322527135
-0.9429947343515298
0.1783543187646242
0.2809816149916120
