0.3029485407396194
-0.8264545787346249
0.4410224883728309
0.1586170372361935
-0.0743963117375913
0.0358426766079837
-0.4119847111745036
0.7771877337509936
-0.4721161804292893
0.0454910867741121
0.1128975549989982
0.2920095864188267
-0.9170990222024100
-0.2081343990847936
-0.1326423722184932
-0.3410348789793284
0.1214033799087946
-0.5506522007642191
0.4653602656770459
-0.5909131980154000
0.4151772132998229
-0.5738854912729408
-0.4512753345072835
-0.4559359889514776
0.2945441747975783
-0.0540302805238179
0.6424505570445711
-0.5396746182946299
0.0533838449340974
-0.5387387882900542
-0.2784380263107064
-0.7005760292744354
-0.6217952629001654
-0.2119899512989168
0.0098185688091983
-0.3268015674612943
0.3109546002142644
-0.6216542558784861
-0.4664716685554488
0.4387005136692795
-0.4298437666598818
0.7630526557448480
0.0298284846895428
-0.1464876900189337
-0.4589516303472752
0.6766335722950824
0.3712406528826904
0.4856969013079335
-0.0525106319606063
0.4070485721402284
-0.5122442329870093
-0.2445417268332075
0.4885448276866528
-0.5906109688087766
-0.3005126028511291
-0.3298661021649726
-0.3668464284842882
-0.3999256216477343
-0.5930708998927761
0.4949125755129446
-0.3696202877627313
-0.1035662624443549
0.6981951054618701
-0.2366461266294063
0.5560369390767934
-0.3277564940499426
0.5779562107473382
0.6869148340962514
-0.2616276760548933
-0.1350602416971916
0.6627331323991489
0.5483449339837563
0.1028989709974939
0.4943607373328917
0.0715673930369043
0.2777024398544553
0.6175617550745204
-0.4846127876977939
-0.5158593958022197
0.2013414098751240
0.7344110143378439
-0.4149030374796460
0.2330982551756935
0.4752337895118728
0.0911810300975762
0.0818995518846705
0.4019839159215695
0.1434203306251002
0.8725534789609721
0.2231197657267098
-0.3711455106969420
-0.0659672536783422
0.4470393860385924
0.4720452253034360
-0.6597184429210011
0.1545223166764449
-0.4534125100442184
-0.0230544056565904
-0.3667473945107033
0.7971855445150633
0.3344957892550147
0.3812329334686879
-0.2972583560815642
0.7304903172426985
-0.3475563027249995
0.1462115696384901
0.6231899418732798
0.3232849690474254
0.3048233533594758
0.6267583468024311
0.6383115016205732
-0.2407628462281311
-0.3851623524778096
0.5836354237046412
-0.2135680996916013
0.5196527234581749
0.6558547026050396
-0.5252115723059994
0.1247750427701906
-0.0916495995131119
0.1212005056118457
0.6252533928248798
0.4474821346173765
-0.0912297763353388
-0.6211324329871124
-0.2872254461397854
0.2039567565063988
0.0026607729137955
0.8664070910443239
-0.3538853733072401
0.1689313842411863
-0.0300415446482302
0.4139824236413982
0.0499754903051532
-0.8925697150913527
0.7939790812539166
-0.0058641888652995
-0.2704391865601156
-0.5341792279509450
0.1052522143167266
-0.3189718202770503
-0.1751747434623847
-0.1029660439612304
0.0963285504016719
-0.9207005980722069
-0.1725275627436777
-0.2317940438657543
-0.9182811442634534
0.2021691050071904
-0.1799809834201425
0.5525873292697400
-0.4163354115933451
-0.1000836767792266
-0.5816681299174372
-0.4158816091926147
0.2825676815909762
-0.1784506417524232
0.1458040011186390
0.9171981407663299
-0.1606226559705467
0.8165311772750886
-0.2450573489821871
0.1440953357394112
-0.1357688179267747
0.4837634696259042
-0.4945049382128608
0.2202645327756952
0.4463923040957044
-0.1825078712043679
-0.6887475513399501
0.0937648890599073
0.1112577679440304
0.7408465224336801
-0.4746028362353314
-0.4524692615935337
-0.4493360274835534
0.6959611321105209
-0.2555681515972876
0.4603781094733715
-0.1909768394429328
-0.0224121829521567
-0.1647789337264864
-0.5171124880390132
0.8290000624657267
-0.1330382208284679
0.3599039359779989
-0.2148625401927932
-0.2418355217411457
-0.1085058609328495
-0.8683578204040393
-0.0664724539764132
0.6698162410081171
-0.1756520178839113
-0.1850527346009444
0.6941393737385398
-0.8719777856920415
-0.4335453504108523
-0.0450605262475134
0.1442585947720845
0.1698592864856562
-0.5920408256783271
0.2995206888968369
-0.7329768968615837
0.0142351286675109
-0.1493895827421437
0.0222972461540990
-0.2137376755404176
-0.8739447547608520
-0.2176085623698825
0.3777381607381363
0.5238845094571446
0.4187280042498163
-0.0906435956704526
0.1518955211293100
-0.7203633586132764
0.2472348794936512
-0.9242553446941113
-0.2325150078059720
-0.0712519392955294
-0.1596461852276599
-0.0231889950794518
-0.2454395563266628
0.2078453078258925
-0.5686481692204831
-0.7567438683955946
-0.3352305262268740
-0.7641607638695666
0.1321358077481376
0.3624447190604326
0.3935133735769156
0.7731452911998428
0.3482052176505611
-0.2537207391792968
-0.0138235457553439
0.4652248716368214
0.1911367007497305
-0.0297873380048591
-0.6209144203658217
-0.7580447488000428
0.0491214568141882
-0.1823944927932453
-0.8747114924010689
-0.0035335090879922
-0.3203547121464328
0.3145988346756721
0.1322154555219676
-0.4450107884397921
0.4777101986555858
0.6546448143021610
0.3573759990556770
-0.4804886890925830
0.4334777884569098
-0.5342330922326896
0.2444967555713098
0.4858435614960845
0.0380856809330185
-0.3502275007321289
0.1075541727167268
0.3259012143631715
0.8706955133952544
0.4816615408602398
0.1145271861980841
0.6496295017435642
0.5645116638086611
0.1191376328708731
0.6806116117911759
0.0013465900776333
-0.7305349483209288
0.0173671737794515
0.0527550106324791
0.6387339773523887
0.2106063390506864
0.6483503074829868
0.0224275460375399
-0.3560937518304921
-0.5061182751186407
-0.1830795574630166
0.5064932401550795
0.4680595188652505
0.4844698666655308
0.1052161359416663
-0.7772094400065002
-0.0901942622532669
0.6088426869330185
-0.0777857874361299
0.6495610032619210
-0.0771775698838285
0.4174863700123260
-0.6300571147166306
-0.0291082255913942
-0.5381255238569406
-0.1882573171239408
-0.2064460776826733
0.4639708641240621
0.6458259497545759
-0.4313037691282839
-0.5900299901447446
-0.4861208203718693
0.4708032548601545
0.0887271811768747
0.1548407803808344
-0.5579817284394799
-0.5122171698375921
0.3256807815596141
-0.5442851485251374
0.4242929069608277
0.8637354923155670
0.0365416446091487
-0.1029834863368077
0.2489892330368735
-0.2515350612957160
0.3335405969925668
0.2157811145943502
-0.7651293307725159
-0.4398822579654975
-0.2224563832656310
0.1219959340944465
0.0492947289386334
-0.5841248449704873
0.7694142868415358
-0.3500939424299259
-0.3146773124579590
0.0451553084362105
0.8686366669375473
0.1477963445751184
-0.8274372433788062
0.5007364628478302
0.2433322835135820
0.0336080985347961
0.0653490516937105
-0.7763157835939428
0.1957579854672069
-0.1299143081514672
-0.2200262926871983
0.5419624694871374
-0.1894722308865914
-0.4099480569756411
0.7305164613245143
-0.0497510812327929
-0.5098170200717433
-0.1907949461582189
-0.0013324115076289
-0.6807687772527349
-0.2166132419486650
-0.6732221687751839
0.3737617698300009
0.4434375410712112
0.1336472860801560
-0.6242059529710774
0.5061330040425555
-0.2921917067031375
0.4111597939885557
0.7555484513555407
0.2831775758581726
0.3074550837545693
-0.6099577768067361
-0.0672944113259628
-0.1406413696960510
-0.4803597012731037
-0.6106533675008345
0.0500844084362135
0.7974352472201625
-0.2953865784302359
0.4132801961471169
0.3217682819645089
