-0.5444117828214052
-0.0922363303919794
0.1246279154861429
0.0885775028673006
0.2299603019667872
-0.4257726432661834
0.2178667479849634
0.1420089019709366
-0.0020490232132530
-0.6072282356933999
-0.0346888696544351
0.5102503600281625
-0.1422100320042214
0.0485694029578537
0.0427387388220044
0.2767813631017352
0.0364299371393179
-0.0486665159503352
-0.5862596758598706
-0.1334226048618023
-0.1182931324129750
0.5093491267588810
0.2809045360553217
0.2496622776784786
-0.2489458898044922
0.4914848586152165
0.1711737672165449
-0.3353373506677470
-0.0036617301357126
0.3854697230121540
-0.0415225218402899
-0.2415504348320978
-0.4525564286132672
0.2944933240114291
-0.4360981011066448
-0.5515298748214212
0.4423468913982123
-0.1261081014324114
-0.0758594752130944
-0.1404276749997220
-0.3610919040725475
-0.0165112144078562
0.0813990691233349
-0.2111220410077012
-0.0781029204954811
-0.1949869967247500
-0.1603309226793621
-0.7782375818645694
0.0691949947264389
0.2008292455276298
0.0565399097835998
0.1324975117490383
0.3331265518225783
-0.3428535381020173
-0.1735676612564268
0.1907591881856381
-0.6156558108041025
0.3803146759623752
-0.0156875320187593
0.0417320408012302
-0.1791327113887942
-0.2778830200269444
-0.1147870091275980
-0.3218704569561159
0.4601001510515776
-0.0132529797094555
0.4345883565863502
-0.0899828103453290
0.5830468298579035
0.2023826945330861
0.0746834430742708
-0.2248849147256960
0.3106012516037873
0.2339915723146821
-0.3091076436868519
-0.3253443844149893
0.1155904602437188
-0.4712791084827134
-0.3728685903230595
0.0295105761294841
0.4140689085292747
0.1576462871522472
-0.0579662990589173
-0.4006932006600591
-0.3351089081487136
0.1879150163799437
-0.0424049804581927
0.3582811470620217
0.5202587595722840
0.2063109124090947
-0.0649206836872014
0.2672908471914336
-0.4171623176505530
-0.1141501868982432
0.4854806667361559
-0.1233039858819570
0.3154114995658663
0.0199507553094447
0.2706936949861534
-0.1514044434227833
-0.2430826517180264
-0.0593804125918056
-0.0874856176318480
-0.4531209639345965
0.2467607708678505
0.5418890509520096
0.3870682057373692
-0.1910850505008652
-0.3658048454158186
0.1637255183782665
0.0044508236013338
0.5609573554324226
-0.1534551201855904
-0.3161799898517722
0.2281237011326468
-0.0382082872100289
0.3806196621128262
-0.3399179977103877
0.0590691160173303
0.4349500795040954
0.2349514310441667
-0.0229809530856460
-0.1010522834934279
0.4963518037864643
-0.0050755658173259
0.1878822593321426
-0.5112422763642650
0.2109715721048221
-0.1143217411501918
0.4520830889536746
0.2602444356649574
0.3413448087246540
-0.0270230939914154
0.3646387616135791
-0.1110690079685656
0.3729896744813888
-0.0524929435081865
0.3116827775368012
0.2851432223605113
-0.2952470617242920
0.0733329100652736
0.2747202069174431
-0.6046673868215616
0.3479476188482892
0.3619530392380530
0.3499654096775984
-0.2733202843666773
-0.3655728988588867
-0.4575613835505919
-0.1845924837043874
-0.2743427204515855
-0.2482411061590716
0.1343134310903097
0.1368746293034905
0.0634662413292405
0.1133916830369032
0.1470319245365982
-0.1182468918187037
0.1302799138753654
0.3359863908048589
0.1662063401078282
0.0289662847684857
-0.8131739738984500
0.2523638524788859
0.2534776487134892
0.2820464545380177
0.0362067086678486
0.0381167742699096
-0.0631137960531471
0.5712282907702950
-0.1213208420504913
0.4749875160850184
-0.2824855521776815
0.3048433374672349
-0.2826083433404819
-0.3073661682021007
0.2936922531288092
-0.0858017664074867
-0.2859779401731823
-0.3701631360649698
-0.1540117868672373
-0.3033432245290698
-0.5936041716334730
0.3109136875639724
-0.0334114679926717
0.1151963738598378
-0.3292753877310390
-0.1695385452455603
0.2040623506365342
0.3037196709811960
-0.0436534766769317
0.3225806152613274
-0.5033487418828345
0.2370554254840287
0.0589972027528237
-0.3845251026251571
0.3300433880071739
-0.4019721727485371
-0.0672724611499873
-0.3177642223627922
0.5288772768530794
-0.1747611670246534
0.1267052003317241
0.4444657357764660
0.3703847235076059
0.0635541223087146
-0.1042479235249095
0.0618817510533631
-0.4633818370116654
-0.1266968811053972
0.0979348706561935
0.1355745359642755
0.4865110982502811
-0.0815677237474331
-0.0562002527348038
0.0219905433240107
0.6419833395720606
0.3294418250846485
-0.0977746113729169
0.4227923993076186
-0.1650211498398369
-0.3652488083626937
-0.4979076811009844
-0.1439031042850506
0.0638079083729754
-0.2299242004555147
0.4564065520822667
-0.2771792207914169
0.2419479615930208
-0.1041915309154076
0.3990922527326495
0.0159479677595199
0.2876025471249939
0.0654225306731570
-0.1631586556542728
0.4561772476443091
0.7442470198352069
-0.1645880441613346
-0.2708668484059397
0.1205421390232186
-0.0941753476730924
-0.0164559332516416
0.2964711758033817
-0.1253296186289579
-0.2129221077831295
0.3123996511567910
0.4324803610437911
0.2150678868158280
-0.5156963078199919
0.3537641735440695
-0.2235232457032746
0.0965941330503845
0.2641773337484113
-0.0249819985984409
-0.1292470073214966
0.6238367557889840
-0.2362246173174470
0.0886565020638612
-0.0587635065777811
-0.3279725891997140
-0.4114040072896170
0.1867575807797831
-0.4411779506222011
-0.1415908312942883
0.3726402840478641
-0.2167839842469992
0.0541904442198770
-0.2402684233381459
0.3059115301402464
0.3317640146529395
0.4234531057215590
0.3226338959964275
0.1937408603863241
0.2053170925257475
0.4321265840372104
-0.3569107463011613
0.0422520118231122
0.2409878079184337
0.1476646903298442
0.2660832285452074
0.2835241828764556
-0.0403045128554838
0.2044226775648104
0.1119331975889221
0.7603165245523453
0.0757622099610496
0.6000014659789408
0.3810001281541626
0.1532823684992015
-0.1479644714237713
0.1821190039482580
-0.0329258172856873
-0.2775430943053634
0.2305395522839312
0.4023355447435424
-0.3115102941027880
0.1615720414248609
-0.1616797420938731
0.1425455164066436
-0.2918047039593531
-0.2236716168642776
0.6043482237747473
-0.3467813799969984
-0.0415236985005269
0.4682187051100739
0.2902152175922954
0.1468192212760144
0.0783174859317253
-0.1242309793132542
0.3351408003172885
0.1908352926834607
0.2324413205248041
-0.0161717153543583
0.1870519209512485
-0.3235260980767156
-0.0310970393491907
-0.3434005974151648
-0.5945789925442851
0.4116624529131935
0.3746428541393544
-0.2407994778318115
0.3553816234685461
0.5462547609967286
0.1769729758350688
0.3204621115906833
-0.0591651090433484
-0.0841350506239442
0.4662742076742246
0.1021371365460399
-0.0673032962846412
0.2296021869291976
-0.1964487045146625
0.4587717328248222
-0.2905371960477653
-0.5733406481017711
0.0501323983569979
-0.0363579269872005
0.3381050004184727
0.3859210828953614
0.1338671942945862
-0.0090676844042261
-0.2108949906942497
0.5056902067063141
0.3327987137474366
0.1959607861728618
-0.3557317939954368
0.1694202411005377
-0.2428437956782691
-0.2742865815512514
0.4642265093944146
0.1211675136666568
0.1760758941110478
