-0.5049103491041724
-0.4302335612242844
-0.5927079747874181
0.4567952263182814
-0.1074691652322369
0.8670449871901434
-0.1046681716067604
0.4751083482377762
-0.8590350928833147
0.1205233036944064
0.2859359405128604
-0.4071528955866173
-0.6490635412459264
0.7565208487295640
0.0375426242209156
-0.0705923241535856
0.0672962817047544
0.9304496765675648
0.0899827412175612
-0.3487659904964959
0.2685422441401096
0.1982707389042284
0.7367389481887406
0.5880386887172590
-0.2503440943120960
0.6893177986636966
0.6233519260795733
0.2712953798747376
-0.6432587317380425
0.4214165562851628
-0.4732326975426789
0.4297407405727306
-0.0123219073654521
-0.1791062877310399
0.6124692786104118
-0.7698379641538374
-0.8768140552599952
-0.0656317943060078
-0.4503171098630772
-0.1552548892604077
0.2737982007072631
-0.3111411028002947
-0.2523017485202088
-0.8743966989480958
-0.2798435402482679
0.5113786102784195
0.6425959293049839
-0.4972423770875656
0.4709183420246668
0.3594224891029363
0.0035238444253795
0.8056295500987128
-0.2693076491108522
-0.3685175002966496
0.6299757898160759
0.6283301252933097
0.7407893087026343
0.5840634515716092
-0.1293577705405768
-0.3055612080269732
0.1897390807559105
-0.7652903934134599
0.6025170390372176
0.1237049419093582
-0.2242206153128633
0.1020701136531549
-0.9635004705351277
0.1047551948408318
0.5329176353765219
-0.0267960264967301
-0.8450011238501940
-0.0354099923833984
-0.4712693350136903
-0.6185596690119254
0.5496548805081864
-0.3052354207511684
0.8747283314170979
-0.1826043994887618
-0.2411417909513122
-0.3786246375507042
0.5279506333588574
-0.4093008894410819
0.3130201588176823
0.6750994673472002
0.4933546962401775
0.7537166399072787
0.3694933624125841
0.2280066348983877
0.1081580183720601
0.3806714288858863
0.0881891726716088
-0.9141191257791864
