-0.3813709279799651
-0.7931944176591560
0.2904824609380642
0.1712933737349075
0.3341816139286123
0.0360332038302631
-0.5621409352683389
-0.6494806379233918
0.4486813647978515
0.2440473539359225
0.2713183413810368
-0.2539197043702924
0.9265105268332292
0.0560589581742757
-0.0186219826649422
0.6805000265177141
0.3203702786557417
0.6565397602709819
0.0372648541691520
-0.0430054913994277
0.0399965553233588
0.3747387631892393
-0.5684838112813914
0.0417525536409081
-0.7301054824483317
0.0578969983281244
-0.5518661016982788
-0.0444945079141076
0.3504698933917222
0.7531818080466458
0.6101145363058301
-0.4662881133694946
-0.1901452998552084
0.5976185546733552
0.1305085283486952
0.2463784019158926
-0.0596793640910922
0.1492062090782265
0.8301869448633794
0.4735643571067894
-0.8188258651365490
0.1929539195928119
0.1406745245719767
0.2020495822538063
0.4813311042771530
-0.2167929889439313
-0.8972403447107286
0.0291758095506252
-0.3686209780212141
-0.1059618349590021
-0.3991594684021599
-0.3434700461786375
0.2430174400699261
0.6881961051019531
-0.4359228038395233
-0.4944427665144087
0.6166431654458626
0.5679289268630354
-0.0758639637678701
0.2167462806696181
0.2692056823379467
-0.1592801519101266
0.1698194194105042
-0.5215714514014669
-0.7754242191719922
0.8996269953524061
0.1416422218154876
0.0666255877841367
-0.3857626219824821
0.1317458946836410
0.1368909455437345
-0.4429210801562165
0.2659486677918608
-0.8284511607611568
-0.1673970313793508
0.2603922242399364
0.1243482092723245
0.7208252485471325
-0.0734528764569116
-0.6258985927475116
0.4566248794816319
-0.0140237148632871
-0.7540769410583249
-0.3212185322901933
-0.3456641091251334
-0.0251322349414799
0.1836081506182548
0.8553429725021340
-0.3190402452245781
0.3636731212389023
-0.2616093341662671
0.7433652102170557
-0.5120555060126005
0.2927963121032371
-0.1761766127979490
-0.2510559466481504
-0.7412359610626453
-0.3762099643478489
-0.1518604624963928
0.4721701222397599
0.2464203006175600
-0.9403611122911081
-0.0651031720349976
0.1530762045233774
0.1653096081112047
-0.3482010666966565
-0.4779826760103557
-0.0786749989484944
-0.3717665920744213
-0.7112583385403052
0.2490334000816635
-0.6495238495071578
-0.0789268509824531
0.5169498095911024
-0.4925795175632926
0.5809173594919134
0.4343814536894770
0.2699013498836729
-0.4450728567644065
-0.4504566434565055
-0.3657562804224644
0.0408381169369498
0.4949548783521122
-0.4189667820893611
-0.6663640862454243
-0.0043082408595401
0.4162754711592009
0.8695453073600281
0.2504865789991697
-0.0885641200561980
0.3605147300880297
0.1955072900228718
0.4602131541448458
-0.7773819529265077
0.1252484768517731
-0.3718721867052425
-0.4390509821258923
0.7760126912360056
-0.2311507137235145
0.1154078092466560
-0.8218918662713316
-0.0212964976506560
-0.2295824558866401
-0.3649350111933943
-0.3716914754190354
0.8643910177276523
-0.0494294389005467
-0.4789512051011715
0.0989977057094269
0.1057832521627889
-0.2381467326053279
-0.5381494089666234
0.1849653640404166
-0.6148668010806899
0.4913328590807621
-0.3529018496018346
-0.7464457376893799
-0.3712700073616918
0.1989807722871219
-0.3752922582823039
0.0116582732833851
-0.3797761802091628
0.3214344695164291
0.1314397207316527
-0.8573433496741341
0.4674788673145919
-0.5351787718829981
-0.4776848962279215
-0.1188757628559345
0.5027254555532389
0.0009001197326559
0.7468897984307714
-0.5443770072300801
-0.2843919688453628
0.2548130703868785
-0.4368568825653733
-0.2137303317887904
-0.0565639065707517
-0.1096327232503319
0.8650182656423440
-0.8247135806738757
0.5374165894436570
-0.0963122956173601
0.0641180036845155
-0.1328297502792562
-0.0944406394143950
-0.0721725008520730
-0.2868682029677022
0.5639883468691521
-0.7651770216555384
-0.1931956978000976
0.0806173903524830
-0.0087287346389390
-0.9431283117163515
0.2580873021962851
-0.0295918717007231
-0.1943872709196298
-0.4321321359562102
-0.5810045731820278
0.6610850270949720
0.3961498457955204
-0.7573426344376798
0.1505694589779386
-0.1789570286614589
-0.4634659142320320
-0.5850728448352043
-0.2752110737601424
0.2943939826085438
-0.6947197463850753
-0.1124512699028676
0.0782636588966669
0.6343029872975330
-0.0188537325274474
-0.7565218034295401
-0.1373092047425510
-0.1920472780358481
0.5745010780924250
0.4121768981174972
0.5858661726655240
0.3463197751416341
0.6564876878418652
0.6046277576694037
-0.3042906104697333
-0.0387181792920889
0.3306921791333651
0.3501745895430575
0.1544247505604421
-0.7907010168611390
-0.2055420864377320
0.4313642380752967
0.4158884430202824
0.4345367878413584
0.4016726633879645
0.6872220569114507
-0.0678196059845043
-0.0363336457109466
0.1580970924004447
-0.6728541254174627
-0.7209501819337601
0.0343996604962365
-0.8503930602257728
-0.4090086529071560
0.0212127928106110
-0.1854670890635885
0.2733048504186706
0.4098966473195392
-0.5576042201113683
0.4799684647392866
0.4164594860172035
0.3424237748642654
0.4873699827442471
0.0354091080782166
-0.1974782431435373
-0.8167731898187653
-0.2347351589839040
-0.5975109350215702
0.1400968968819127
-0.5822771444393089
0.2483822524351230
-0.4718189544227391
-0.2286858437571295
0.3241099789330492
0.4002593143619363
0.0579939338920969
0.8240659508312062
0.2689385766625744
0.1221296947317123
0.7128524375077153
0.3638308240809721
0.5217517737730433
-0.6566628300234104
0.2419977367912058
-0.5316722046018755
0.4019353524190867
0.2569117793778750
0.6081226709226759
0.0301684551024607
-0.0817103822189791
-0.1509707069135445
0.7744726854565336
0.5038635530764770
-0.3629158303510974
0.0028732321400174
-0.6672977825276811
0.4112408466244944
-0.6788573345548528
0.2277556625460863
-0.4291275108414605
-0.3948992034950616
0.3836460295861960
-0.5988661071469016
0.0683090732748481
0.4067973676182853
-0.4610672676197729
0.5085529791944173
