0.3125884792886944
-0.5899425633469227
-0.4051020553659748
-0.1905501508379252
0.2252711179567373
-0.0606136218225634
-0.2639717173752356
0.2130200703560246
0.0512219917453237
0.3053106793866351
0.2325397137524628
-0.1855975532682001
-0.4257522733107148
0.1308717082393722
-0.3244321566939473
0.0276860697618589
-0.1657804337235790
-0.1046746402084043
0.3778428787081829
-0.5954523539881288
-0.3723041279572131
0.1127848967568923
0.0465001222629682
0.0795180333482944
0.0272379005849582
0.4106624776946062
-0.2799403541563686
-0.1454269424320880
0.2655709689402777
0.0666962397743189
-0.5419458038640599
0.2691729398850690
0.1825965141283364
-0.0079846645320552
0.5057771603888891
0.0273385637591041
-0.3012960208769546
0.3069548778464997
0.4678836667023470
-0.1906264217301120
0.4588576607610835
0.0740524463848889
-0.1586868838453835
0.0334656860039746
-0.4341428187985128
-0.2241816694817107
-0.0339341344142644
-0.2784265111625129
0.0644055917375644
0.0907396713078981
0.3717882332692682
-0.0623139869485106
-0.3731753055910332
0.0023263224461679
-0.2493504358541422
0.0373541183253168
0.1424881141359469
-0.2202507590437491
-0.6658569471181828
-0.3612392342845058
-0.1627627254267541
-0.0849886042014852
0.1049903772590205
-0.0148545488255054
-0.3696021735083977
-0.3058221995151950
0.3539160800845408
-0.1403906726755826
0.1279184996275602
-0.5670022551890361
0.4415654412989122
-0.2170431741581904
0.0562695135927182
-0.3437427530666844
-0.0233151446701815
-0.0432892871415979
-0.1178935538679444
0.6608157157599182
0.2469291449095123
-0.0701072169081969
-0.0018391104033063
0.5496398971160501
0.1987183821963535
-0.1348902674144425
-0.7406188851997699
-0.0235097693775483
0.1170017118152713
-0.0864722116312292
0.1855444157809530
0.0791341950059110
0.1750296762082713
0.1189155004146942
-0.1703729282618076
0.2310360662352714
-0.3562898479549469
0.3673578970108792
-0.2244609924867996
0.0046151095769051
-0.2354216082930609
-0.6102963813800095
-0.1241814940642383
-0.1599204747295254
0.2433807250069357
0.1907110207769165
0.0002124740798330
0.6083406204692524
0.1187759299171608
0.0304040654576733
0.4925937458106302
0.6089282342368219
0.0467145109024777
0.3460796028897867
-0.3194806744971727
-0.0136386178189740
-0.2003431741752602
0.1697379913272438
-0.0835087921088083
0.2016899119581569
-0.2111819800153626
0.0339384152884571
-0.1659124710973285
0.5263783626103434
-0.1076571490895924
0.5161866809111569
0.3659491198699129
-0.0827315674842173
-0.2326571426207765
-0.2112976533647353
-0.3444918054906250
0.0486667326757076
0.1082300715816573
0.2122828343835159
-0.1578617495853790
0.3224612588867528
0.1939281450321744
-0.4035212954219851
-0.4099135825609133
0.0945810759119879
-0.1576506873879856
0.2140812563158496
0.5309894127367720
-0.2578591891621195
0.1014892077880777
0.2534963854589423
-0.0991069851817697
-0.2972570787580965
-0.5067065500788811
-0.3314552811099105
-0.0374953857222851
0.1681016853934538
-0.0646487769367300
-0.3452543911383181
-0.0729878089837297
0.1921316431719521
-0.5031066306132786
-0.2946178770379655
-0.5858074642441917
-0.1006513167058888
-0.0899885291198042
0.3684396186866941
-0.0275553374466017
-0.1926912391474153
-0.0694520623685296
-0.0442915745278735
-0.2963848031145140
-0.2888851781377317
-0.3713244917183551
-0.3860028765020581
-0.1098281391210753
0.4730717955862718
-0.4252345923197403
0.1276904095144443
-0.0505216110836503
-0.1162240590027998
0.0452281895362733
-0.4144053922383667
0.5267162233155939
-0.2410498249021090
0.1889610481413775
0.0770220608934530
0.1904864042479723
0.1994778343116339
-0.3204625045407554
0.5937303533672570
-0.0894719615030247
-0.2695880700916646
0.5570690764266355
0.0081576089942974
-0.1052778734013290
-0.2275760508584773
-0.0956396838468855
0.0749324594820071
-0.3046048883410588
-0.0581134147123503
0.1572664848195587
-0.3397124888558878
-0.1770178120189492
-0.5026175628413658
-0.3564864473934616
-0.1527800153587686
-0.5199157948226374
0.1568927979192007
-0.1763274322331265
0.0574298100060786
-0.2297934964327933
-0.2973432400746828
0.5134661103518561
0.2273654903076736
0.0588646672601519
0.2847062801715435
0.1852200260875209
-0.0009974423217265
0.2314115612447126
-0.1615430976736378
0.0264725316921116
-0.5867375801179396
0.2602127395338358
0.2621876174552583
0.3248414769833756
0.2451938438232888
0.5293917201448227
0.0697823972771312
-0.0598002433922465
0.0092690752606738
0.1832814331798946
0.4367153076405645
0.2786999568805845
-0.3273099546071659
0.0006888175832572
0.0460438014517440
-0.3442340090320403
-0.4883457194123515
-0.4124331809863761
0.2745783425987890
-0.0995213503312029
-0.3331602265113763
-0.0031658095630652
-0.0457812124088981
0.5176959935093637
-0.0662660175082957
0.5630345734566223
0.1880106780218180
-0.1946014510302336
-0.1753368270686164
-0.0665737023346097
0.0226867941278568
0.0857801907437545
-0.0399555361995713
0.3460860658285467
-0.4210480609474008
-0.4399572199227192
0.2729661186942277
0.2318503701115848
0.1916217405794158
0.2599173802173034
0.1843855411594957
0.0812973165889265
0.3276647724323887
0.4110487512953342
-0.4917863979449483
-0.2502041138174996
-0.1542008084378128
0.4157534862526087
-0.1547646566261399
0.3667830531497991
0.3889131830462376
-0.5111280141526109
-0.0746056156327668
0.2001148429879500
0.1175144889669584
0.3854501594456133
-0.2335778669049927
-0.0002328668790974
0.4033394898914108
-0.0080529689923389
-0.1663285416613419
-0.0451938429551934
0.3834955742045846
0.2279276698406982
-0.1745663145356507
-0.1241219036339781
0.3372682044363606
-0.1796573237677772
0.2359237632466191
-0.5122440809263429
0.2928064116852047
0.2928260717995107
0.3427749612325845
-0.3271895554641661
-0.2346814648982752
-0.3717803618461535
-0.1376594418376025
0.2707699806743012
0.3258685999718246
-0.3870828630948182
0.2230233753165931
-0.5265157087094416
-0.1303184282523840
0.0285836546219842
0.0812578621063323
0.5712954495978946
0.1228680028132371
0.1131982812473514
-0.4511762753278827
0.2388020960813397
-0.4051069751866556
-0.0560004865322193
0.1407041545794335
-0.1194893217054454
0.2843096298800726
-0.2476009176990672
-0.2041161108836275
-0.1415281980610115
0.3423027327088379
-0.2383397045208542
0.0334031164078671
0.1481884271054373
-0.3569288318120556
-0.0431021855312727
0.6205888323633912
-0.4376995814262620
0.1936580663021657
0.0249658539958251
-0.1970356900361655
-0.1550100380474646
0.1373420024599862
-0.1337489811132036
0.1453826756404497
0.6201422396338560
0.2176375674873533
0.4053310928102464
-0.3518359887539481
0.0290216924503121
-0.2581434432367321
-0.3556931585546118
0.0637327642357696
-0.0118107609402135
0.3325794923575621
-0.1726119048754867
-0.4081387109249750
-0.0131786599574648
0.2708460516012725
0.5714539308239976
0.1224535923257664
-0.1286652170083520
-0.3168524746627698
0.1613363374838979
0.3671701642216489
0.2360671903050434
0.0870577871089777
0.1082423783468286
0.3096546911161833
-0.4896379176970713
-0.2666877709814512
-0.0936933898899950
-0.4821763427156446
-0.1538382852235698
-0.1459116397833324
0.2291659113222786
0.4236475058421580
-0.1429491480852072
0.4102467517569158
-0.1281163638668693
0.2481194363027779
-0.5031904943592267
0.0580977612848947
0.3344780613749067
0.1115439552680367
0.0752195836739799
0.3377410623755273
0.4813684085925383
-0.0308201171580218
-0.0828681376227044
0.6833549993962361
0.0227678546705956
-0.0670209715999800
0.3194104989129362
-0.1455887457169864
0.1618572111282408
0.2576798568784252
0.3445629683722803
0.2561761835833735
-0.1534324957524177
0.3121560645487755
0.0563922715248360
0.3627380443714606
-0.2653950135906620
0.1754818720449690
-0.3265579048610940
0.0999181005505694
-0.1499005891247418
0.1503127285907921
-0.4793759317061755
-0.5316408526938031
0.2896838758329267
-0.0772321119201338
0.2303263606484851
0.0743477102960492
-0.3713735525704309
-0.2397837343107386
0.0789992143215020
-0.4055279355764662
0.3047586474363121
0.4653738367837960
0.4135629744766913
-0.1614646844964775
0.2492271855558963
-0.0815097479526109
0.2979680132261317
0.1844751407535923
0.5591223512367430
-0.2185389601216116
0.2055837783837629
0.3810007076646457
0.4236252559513770
0.1335058438303633
0.0830016530101160
0.0168857516988683
-0.3530507157835237
-0.0167121774205921
-0.2034033392447678
-0.1815162004474581
-0.6418732587472143
0.0903109106516655
-0.0610755471086047
0.1819313369010381
0.3779992764801993
0.1289676597060738
-0.1031225912421041
-0.1161213949081353
0.2522060385821884
-0.4705846709505602
-0.4958069889162665
0.5734920372181316
-0.3511527996715882
-0.1739473202023946
-0.2410741454805686
0.1225544685933177
-0.3507671661732104
-0.0230562931829183
-0.0951988231337472
0.0578362161956748
-0.2455266816849349
-0.0481624325112079
-0.1987309438070312
0.3428527762092982
0.3832095270034765
0.1520994572936080
-0.2734901622666180
0.0479559313338653
-0.4823572805108229
-0.2751322765101482
0.0933329086329871
-0.1383548214701508
0.3899274314643553
-0.3280468765457343
0.2165683294977871
-0.3594573173409448
-0.1943922260916095
-0.0928348809730289
-0.0098519504648781
0.1928317661264448
-0.1418281043219269
0.2009460323491308
0.1264512549393703
-0.5654517557759955
0.4445470657196711
0.3825683877488815
0.2090118611137774
-0.2370497162394984
-0.0557760146306572
-0.4614539274609424
-0.1164243121604442
-0.5380239358503355
-0.2975881593860090
-0.3236471336108329
0.3682199974829951
-0.0609164324436902
0.1328946463621928
0.1754493144368632
0.1387240673524469
0.3010117465496982
-0.1326560492289659
-0.1094534971069156
-0.0001238442181565
-0.0001385230028575
0.1312702876088621
-0.0150113587347378
-0.6438005806797337
-0.1744208002983771
-0.6309857493766374
-0.0082330521465759
0.3199095553194425
0.0724105870357656
-0.4351116369341628
-0.2701006376678043
-0.2897761719271797
0.4185422594977503
-0.0744491236006602
0.5867004080823780
-0.0872895000773791
0.0648587715304996
-0.0966101805342335
0.0083996746438152
-0.2719991508662284
0.1018091498902849
0.4626555913063063
0.2404299103527200
-0.2533078112312608
0.3042140499380095
-0.1925840240082090
0.3280489844033595
0.2973009985573233
0.4897834816763262
-0.1137889592746214
0.0339878385127423
0.2085972511807213
0.1595362600897340
0.2907936418536129
-0.2839766871508453
0.4913556857784914
-0.0381141104046596
0.0453744957357274
-0.1718271095029723
0.4084817327230733
-0.4965899966770615
0.2702008762869003
-0.0699836225997633
0.2125211691490630
0.1429146052267116
-0.0935699674433637
-0.0943576777146790
-0.0335576962749896
0.2512531791300282
-0.4254113268195156
-0.0135315631456391
-0.4509197981943928
0.2912527088706593
0.0613271393079188
-0.6159719604752734
0.3016438631329120
0.3482633077038205
0.0513999714270742
-0.1523811565367428
0.1173818091806679
-0.0464530675164001
-0.2527627826252875
-0.7515181395939645
-0.0301675000364348
-0.0852203438338007
-0.2530021143763096
-0.2123066283546589
0.1474171588620915
0.2244753243619554
-0.3861078619269660
-0.1483549448568580
-0.5539784958080253
-0.5332065180595817
0.0770088659785033
-0.1101975450762913
-0.0438074109127323
0.0467852485483114
-0.1819742623417916
-0.3321034919024557
0.1441641240044617
0.2030317792165247
0.0807759886232906
-0.3733659944174531
-0.5609864010384683
0.2628725880416263
0.0956757306452149
-0.2883430288369769
-0.0407908684033757
0.3106562436751891
-0.3683158676279605
0.2865952082984023
-0.0538996038575371
0.1718377668779022
-0.0339304384758974
-0.0130715188541846
-0.0696824403697104
-0.0527437582581567
-0.3474127056411374
-0.4916004380242084
0.0830144550984876
0.7007814626548300
0.2617804235872268
0.1724102715939013
0.1366794268516747
0.1063394238863079
0.2513461108483190
0.4155382066388500
0.0538350116750633
0.1528133655299149
0.3938703779457621
-0.1426988032337957
-0.0814731504809073
0.4743426292067704
-0.0313009274942069
0.5475383860147307
-0.1785357167249604
-0.1977113150568970
0.6563189086194327
-0.3212094526752666
-0.2500282238299437
-0.0365411251226843
0.3000400218936694
-0.1340237593068515
-0.0246679298435553
0.1917732655049171
0.3420392178693464
0.2624750339237750
-0.2719754155516960
0.1725670237412829
-0.2495400401584646
0.0157167287999409
-0.3260039923126103
0.1916838196602018
0.4991625061516502
0.2500624884878768
0.3636001974623984
0.0161429753994630
-0.4917459999667829
-0.0688271406764366
0.4671428657251966
-0.1359581639141177
-0.1192302423089460
-0.1326113397744483
-0.3438925663691909
-0.0941379759329065
0.4247792544542934
0.0395505064841410
-0.5478319985593604
0.2026949528396927
0.2734556038987614
0.0798904211957462
-0.2523026712468194
-0.0729051496199877
-0.4815612779641720
-0.2773668552409216
0.1730736574760785
0.4525839964814861
-0.0497575068243771
0.0248219830409562
0.4444085161026011
0.1114402154558519
-0.0245304948429582
0.4168887901185573
-0.0996034373623033
-0.0618875328204657
0.1645151014426509
-0.5004129519034423
0.4325483894114007
-0.2955163536864965
-0.0733597493174231
0.4216394280992863
-0.1269068195405402
-0.0820662361882408
0.1854117013563042
0.4404129379541440
0.2277404260318027
-0.1427479956302862
-0.1231856040011166
0.6447527894354982
-0.0528673216662070
0.3030115901810838
-0.3430850921687944
0.2374984340978348
-0.1216308288282740
0.1981842399615427
0.4107844037521582
0.0730596575969857
-0.0851098343479745
-0.1514070945497348
-0.3217935297159262
0.1696607879525786
0.4060771328172262
0.4056882426873629
-0.2966031580557530
-0.4918064294186218
0.1199003048856413
0.0094064205286605
0.2992001965925097
-0.2723645390717296
-0.0624092651199257
-0.6197500988615592
-0.0075068262201392
-0.0456103006897174
-0.0244140652237724
-0.0092144019685947
-0.2304374326717251
-0.1381468647673068
-0.1385103502650956
0.2506865887141678
0.0074992639114358
0.6744821764603507
0.0164972969833585
0.5820022306417370
0.0941619039998980
-0.3558509747401333
0.0404049753919363
-0.4432280223915165
0.1192331753659836
-0.1908470798148983
-0.2188360096714795
0.0228778053111588
0.4763577682392990
-0.0381149054036898
0.5712841487605769
0.2097493891445988
-0.0818440980645787
0.0938746081372457
0.5194618070628533
0.1748223563738349
0.0565512398678812
0.3295028534198663
-0.3660020234546311
-0.1676038545421324
0.1246222251490841
0.1561277874964540
-0.3650889591749762
0.1445787565275830
0.0386001027283486
-0.2881728222842683
0.1424552173479902
0.0710536833752958
-0.3246528911883143
-0.4630745472194112
-0.0783598114803812
-0.3855956675800690
0.1237722830923690
0.4959334468773398
0.2736165805429605
-0.1033205584397875
0.3440623794063205
0.2392084421920035
-0.6207435978788157
0.4536426050030917
0.1872021298757812
0.2079490166790319
-0.0530162096101076
-0.2291700539219714
0.0408289666016417
0.1116285552978763
0.2157162498361682
-0.0282288987881695
-0.1836762530311490
0.0258191329107303
-0.3301983207640323
0.2375662598621573
-0.7957369884848442
-0.1630587639431856
0.1564266748621357
-0.1268875791567836
-0.1344228041083914
0.1853985125589116
-0.5209553740663324
0.3634444396880068
0.1493700075883098
-0.2775176625831939
0.1677878675447964
0.3455794676598163
0.2390430051856933
-0.2833126997797997
0.2694011893918412
0.2095265160223579
0.2358354397371016
-0.2002595509145833
0.3510157716516865
0.0183963742194963
0.3533256493278856
-0.5870961587134333
-0.2382693815310612
0.0161476574710361
-0.1260741005919363
-0.0469376546894135
-0.3299085928547411
-0.4663072442381354
0.0295833203239278
0.0681206402183228
0.3453172420290732
-0.0843580249748814
-0.1716916090043249
0.3177070765001074
0.5242897888753915
-0.1560714001397872
-0.2744603149553877
-0.1220549921144788
0.4122067262452719
0.0214294617500788
0.0439396511092468
0.4259761504364016
0.0869613531014760
-0.1618532782908814
-0.0058413591494124
0.2102143816943008
0.0239815137774048
-0.7880119315851778
0.1321526214000831
0.0534400779277778
-0.0386311911530499
0.4781369636774503
0.1326244874523642
0.1801731872208756
-0.2819068064042287
0.1115073701389592
0.4592022940466404
-0.2009543717017348
0.0693087690935554
-0.5326024569311938
-0.0909525711881504
0.3238039984998772
0.3089428169943595
0.1180409076398060
0.0835019661282004
-0.3726967559493363
0.1510349846185673
-0.0901606877175803
0.2036624290868813
-0.3219376399332601
0.0970608949063380
0.2176831196758256
0.1332082337947500
0.3896420876670399
-0.1344893714024392
-0.0691461413091508
0.6614696907998908
-0.3703435906223566
0.0981361070644023
-0.2307218138072100
0.0620341152567657
-0.2830548363101881
0.0153377782246941
-0.2247973762008701
0.2175452708149292
-0.4494517816798716
0.0526990603692137
0.2966630245282509
0.2629867905552976
-0.6269914891926663
0.1546122638619983
0.1760276656410089
-0.1930023733065154
-0.2064137561632649
-0.1383340075447038
0.0785088736765615
-0.2700239492334346
0.0198406362594142
0.6658212724129468
0.3660609067299994
-0.1138695384729391
-0.4199540487187921
-0.0900116340813331
0.0952789793032360
-0.0830018316082273
0.5337145618721936
-0.4025817838807650
-0.2055516814207749
-0.1856372580872342
0.3866065640358558
0.4521848041117402
-0.2510356855852606
0.0179276303064851
-0.1871321949843742
