-0.2843989495290274
-0.6032098353526290
-0.4841971288565137
0.0296893302699406
0.4349650380035239
-0.3615691245536104
0.0699235191711200
0.0245869981233219
-0.6918862739499713
0.6123545055217787
-0.3578721734546330
0.1129116111995137
0.3837758200052155
0.2681297160641467
-0.6207533959496101
-0.4745769964949231
0.3794245280749287
0.1621773678806220
0.1194629461063338
-0.1448500887144459
0.6037065199561109
-0.4183414883210169
-0.0876760597342800
0.6462111123838105
0.5591867738815071
0.1887698491332944
0.0333051352411886
-0.2842316352716985
0.6513983636273915
-0.3813914174638499
0.5688584608436369
0.5263928026383851
0.2568188408570510
0.4471508722118414
0.2665496519535585
0.2497241124953331
-0.2218390243439466
0.2982176465367956
-0.0075661554197364
-0.1244458722881248
-0.3096628032049045
0.8662670541155733
0.2485192150117029
0.6241683711813983
-0.1660528777101291
0.3795595006927668
-0.4307918270714624
-0.4375288255111898
-0.5112444381101158
0.2870382499181985
-0.0993575754226894
0.7093875722479251
-0.3172970371389043
-0.2060536395081681
0.6608282966194772
0.0314263907795882
0.6528606492804618
-0.3294992460009757
-0.1431447570693670
-0.0838519074261481
-0.0900627903926728
0.9827232325120215
-0.0532278599285428
0.0881429792381433
0.0388889523204990
0.1184440863600823
-0.0619851857847472
0.6260029467623616
-0.2901449678002478
-0.6281952014019374
-0.3536516598627416
-0.0198830948338238
0.3504371369799403
-0.4487711991387492
0.4336984185696163
0.1276510255158786
-0.4265359100065362
-0.5380299608188435
-0.2457143322030534
-0.0006696204060865
-0.2452491396807560
-0.8391550086367099
0.1142316042085580
0.4027988209072004
-0.3928167586314069
-0.2063207810630251
0.7541162417571229
0.1605241430367396
0.3825784447316328
0.2496019961599195
0.1067959216708124
0.6838552475633967
0.5467486974026362
-0.2600569210876672
0.0200552044789308
-0.3923909784267716
-0.0738952831797914
-0.3572575347841693
0.2711568679386308
-0.0481917071499791
0.8544426175068458
-0.2469531669840440
0.1774757333345655
-0.5637995063625492
0.0276293024892853
0.5991315309655706
-0.5259619159655001
0.1194762482814525
-0.2687467074357207
-0.2549778949543324
-0.1911812875166966
0.3499452426181935
0.7020135761946209
0.4592673095680856
0.5147235917983516
0.0574627588497073
-0.2855527262638257
-0.5449360740589112
-0.4074486090986354
0.4327211596949350
-0.4683126731177790
0.4382194672816643
0.3720704736553097
0.0082557591513544
-0.6638719522241584
-0.0970380070770614
0.4207797404481352
-0.1770740109885756
0.4410284640293735
0.0543052393898685
0.6169631977320329
0.4620502702042095
0.2011972220460484
-0.5449265681422565
-0.6267782794603226
-0.5190376413987060
-0.0108020478290173
0.0143855533220457
0.0936293911291845
-0.2108320921699604
0.4805882595897297
-0.0648797781559620
-0.8176675710398504
0.2074334795271836
0.1618534510681845
-0.4704492463519450
-0.2958151136013847
-0.1643105908472114
-0.7676436747451890
-0.2206798674740145
-0.7181795436786135
-0.6324456259369984
0.0754699472958699
0.2523983475118747
0.0882425773166267
0.0839242637840205
-0.1330415118109942
-0.5622237979720222
-0.0963308339715889
-0.4087985746540330
-0.4489006942536047
0.5369326024882090
0.3912687955620969
-0.1463099273663031
0.7122588321170695
0.4640169207164890
-0.1550992968768221
0.2807525534020741
-0.1834260192382434
0.0258695580501547
-0.7930258485005535
-0.2099569628765548
-0.2951024921636455
0.4534625209442752
0.4588632607875860
-0.5462587811994990
-0.5238940939920096
0.3173835908234272
-0.0747428382002487
-0.3320572157865448
0.3155478818107965
0.5277415351620898
0.1556555103281409
-0.3751581421648824
0.3294052868377991
0.5902866200623792
-0.8217633825021242
0.2886124455361944
-0.2233172526308485
-0.2985493434086584
-0.2402376211603260
0.2114033563290357
-0.4745165777449414
0.1981758129526230
0.2307517655927753
-0.6375377813109799
-0.1922787305610291
-0.4887621655330180
-0.6992341898734563
0.2409275481748761
0.1325962659329704
0.4150211554467560
0.1285834469777093
0.4966562515443225
-0.7596132576050431
-0.0623469354007438
-0.0943713786175743
-0.2584600240066354
0.5859766576301816
0.0049370150555834
-0.0898209929524459
0.4470194675017449
-0.3287176754309467
0.7201081960515953
0.3617961212016475
0.1860059875959057
0.0314903465984277
0.2968765764253405
0.0936036235906515
0.6978557358165547
-0.3724955549181144
0.5256952079351310
0.4023797074043293
0.5063270872925737
-0.4737326085802320
0.1634872594018394
-0.0898316812519165
0.5678935220334207
-0.2168929160884058
0.1966783076562974
0.3337778508622469
0.1988389400130172
-0.2562092551674476
-0.8352768080241086
0.1359376039550317
0.4077245973182247
-0.2410129817879670
-0.3411592795502464
0.0235794152357401
-0.8001554351100960
-0.6370506999803063
-0.2668138106637427
0.5196321850833688
-0.3477653017442506
-0.3165633572198789
0.1783427152635836
-0.6471107498393209
0.5557311556606394
-0.1183362490899916
0.0329771989643643
0.1834731884403571
-0.4729240802642509
