-0.1788326608024407
-0.5994428427264926
0.1589828418137179
-0.0512574982415058
-0.6379797539364602
-0.4168526312551363
0.1209663474716437
-0.4788305617608516
0.4294102902840111
0.1324961745944634
0.0242791410210567
0.7440097617171910
-0.8002527027987697
0.0067063558200099
0.4780698440732433
-0.1754530305411915
0.3112246514248209
0.0579250469320010
-0.1959200714286839
0.4434468285620353
0.4127213573043882
-0.4140622791112823
-0.2319401911967785
-0.6077725674948221
0.4446212471332590
-0.3990701101798812
-0.5104079777263855
0.4046128209884314
0.3130639463791784
-0.3475890110478511
0.3726754672588942
-0.1457718638043298
0.0758945529300227
0.4601663822694756
-0.7381221238336069
-0.2784352843989376
0.2674374954209325
0.2425473697082913
0.6572231095213996
0.6555033398575850
0.0805112305334470
0.0392308169062545
-0.4847079070225210
-0.2926944115403646
0.4508296681434091
-0.1046265265764593
0.0506880110836884
-0.6801653123421658
0.4715562914101746
0.1973114444360272
-0.5426440892314447
-0.5625461195210560
-0.1288840662564994
-0.3334231713981781
0.2698291496633731
0.2623008896125352
-0.0473622719797974
0.6577865592488171
0.6133598646763859
-0.2173794087973690
0.3598924805368557
0.4037820399122060
-0.6928606227065228
0.0883550818131233
0.4130629713830620
-0.2212554753900754
0.5459839656282348
0.3353660859755349
0.0710445957245686
0.0091991946705337
-0.6857531419852669
0.3377007049850462
-0.3242329141855889
0.7573155635156130
0.4653541606871811
-0.0414032497874376
0.3203756455841769
-0.0209015877492666
-0.2955264245637601
-0.8619371935309383
0.0776885480170035
0.3068084292604387
-0.1710633674075070
0.2007456309998471
0.3212430118040156
0.6067780673571698
0.6726120682320159
-0.0868459052212885
-0.2607288816548476
-0.0263542980809679
0.7506418388643563
-0.0409005479747215
0.1979524909963585
0.4413222649902714
0.0431497841398521
-0.4461519256739600
-0.3246620853233799
0.1933610500426649
0.0853373217931259
0.8973368948263190
0.0014586013885755
-0.2114425355847262
0.8867199440656571
0.2783761076736128
0.1514266270651596
-0.3332507010752127
-0.0318656651346835
-0.0351142379492944
0.1189886988061953
0.5819469088577116
0.3293566666715234
0.3411730895368270
0.1029336767889187
-0.6416457372296620
0.5211077003872342
-0.7420312452054647
0.2041314436944963
0.3225591727104320
0.1694988678024447
0.0582448568133534
-0.4489621119375135
-0.4947722780254836
0.0075071636997377
0.0691449881652399
0.5255651105079545
0.5220894010259709
-0.4789659162503931
-0.1522312739382384
0.1791021986260492
0.5151901737184549
-0.6700583728180235
0.0306684638234233
0.1798502356169384
-0.8171736556432040
0.2744884035685370
-0.4226261411619586
-0.1851939416317995
0.1078312309448432
0.1531209894227493
-0.0576224338920005
0.6780695975253135
-0.6681034840372112
-0.2570828617898244
-0.0316445163292724
-0.4310227895447506
-0.1991806614159573
-0.1134818903472253
0.3508604208025252
-0.2624218170149676
0.7547847604734886
0.1143568161729279
-0.4381314854580777
0.0667451177626247
0.0869249771832054
-0.7660514497223068
0.4428517065790694
-0.4131340987423777
0.2481788647573575
0.7558049868174238
0.2735865791479427
-0.2480562834013251
-0.2451627080557615
-0.7296192324909643
0.3654349993184154
0.0296728967267637
0.1992128283476416
0.1926481558679390
-0.5063926274292547
-0.0617372580567006
0.2253875701861353
0.5318658791214629
0.3409862122015451
-0.4662438909336861
0.5734567795876543
-0.0876117512082243
-0.4640090038485112
0.5061709164052451
0.5949268799976918
-0.1464448606478905
-0.3813485794247133
0.5603237207658537
-0.3082160109562933
0.5418011769556563
-0.3426252166541632
0.3799338933980976
0.1890764415436681
0.1818769109946852
-0.3145653060825724
0.1530073384178106
0.8099530989393523
-0.2632027609228649
0.3453382342105022
-0.0786132544494682
0.1670176631543920
0.4124847976845961
-0.1367535034692811
-0.8722379133082230
-0.1275964340214932
0.0274167894202769
-0.3919271335116116
0.0657285829428805
-0.6958070056981560
-0.1189618984951456
-0.5856806916634469
-0.8081140545878914
0.0458867368064327
0.1245040757944140
-0.2231713406597384
-0.4717666924006215
-0.2386955339399272
-0.3589286714634731
0.3263735327035127
-0.2028476241585310
-0.0799208627424191
-0.7338792866368397
0.4225366441733137
0.0291072929503617
0.8385460412886084
0.0662202285649105
-0.0069155986695071
-0.1776664044269338
0.5098970550004813
0.2618759528788443
0.3036118326555589
-0.4053594168635422
0.6106947479912062
-0.1855814031308692
-0.5172388724016344
0.2718984485291998
-0.0785125567249216
-0.5717044401247464
-0.3645827911329921
-0.5950879103257747
0.3255930169081643
-0.2743051364182512
0.0580400373197398
-0.8156729483810562
0.0003324347091388
-0.0712500761353463
0.5009880274215286
-0.0645309362575534
0.1031032164634641
0.9163091089225402
-0.0700512469585813
0.2311303390492312
0.2953890504008692
-0.5564139950613880
-0.2922055649419509
-0.4292476864455068
-0.0550523090151656
-0.1034896187134850
-0.6379850622770075
-0.0361653375076628
0.6134348469461161
0.0586824117888222
0.4999920826482733
-0.6054111814699829
-0.0493087223720220
0.7108044941242246
-0.4856721921918258
-0.1511221293825218
-0.3560734212862849
0.1640933176341296
-0.2869262912954971
0.1547097114443338
0.4643101440348901
0.3755332190912751
-0.6450322806524260
0.2936892219237293
0.3422510694391170
-0.1156130682584550
-0.1374969930827945
-0.0609598489094213
0.4527463803840678
0.3010351641574103
-0.8175638428598970
0.5464205921779316
-0.2311533756622094
0.6675821084974608
0.1381319083040942
-0.3942900546835926
0.1666784643073222
-0.1668798648920094
-0.6558563643076897
0.6239426770604926
0.0142693735373534
0.3896266851361051
-0.0262012793964645
-0.3466430327616626
0.2722137041796024
0.2605319161386388
-0.0172074186564456
0.2900578559396495
0.8083512681493246
0.0948652687071495
0.0114401857287483
-0.5419908560636201
0.5097146870131146
-0.6026916997726844
0.2721566970612179
-0.1484417163936068
-0.5033631529931407
-0.0206390039008602
0.6949907982691391
0.4887554259853966
-0.0476502723178237
-0.4675043224706129
-0.4361158384694329
-0.4914189120800495
0.0007779160887296
-0.5825990461669683
0.1016261925359544
0.1387764971014051
-0.0550659302519135
0.3718732186576031
0.3761634057021695
0.7133354493849648
0.4348249823598974
0.5490237513368420
-0.2515091439145682
0.0762998055438946
-0.4067896573831691
-0.6512215534253223
-0.1998176010008644
-0.2830506260064853
0.1416436213741756
0.0735828041013765
0.2925723885691537
-0.5089253910409024
-0.7414859016749605
0.6256178611065571
0.6475892764877459
-0.0202873813548756
0.4283221913823358
-0.0157321229153035
0.0714943611644150
