-0.0502157890029729
0.0247647030097809
-0.2284734103015359
0.2099553164108864
-0.3044439301937167
-0.1741123749133673
0.4040645811579527
0.0119446486983535
-0.4262565986821414
0.3072426421151858
0.3476768182592212
0.2012461459885997
0.2880542005073065
-0.1628214775539375
0.2592560462942556
-0.1066724207127320
-0.0911456023087563
-0.8801963850219837
0.0055213990484840
-0.0493798275158773
0.1110227997728858
-0.0090472613482722
-0.1691532085484855
0.1980138448957452
-0.0140154875862127
-0.1371438675098916
0.1219462171032300
0.1797158979237551
-0.2029791842026266
-0.1244774330577234
0.1625562804737490
-0.0561043818395647
-0.0096902823199525
-0.1088268299251101
-0.3837690429897032
0.3721254575892524
-0.1061792962523831
0.0136124264843718
0.2414638503144420
-0.4328119655114094
0.0451736336998231
-0.2373637992640317
0.1553639185589662
-0.5659576108883301
0.1132078375803315
-0.2128553783366308
0.0727525987126501
0.1200976963124681
-0.0555302972181674
-0.4088889783942112
-0.0141540632644086
-0.5947321087525266
-0.0134100080417856
-0.3333116610309180
0.1603270341726042
0.4379241587758488
-0.2679352874164023
0.0570625982271501
-0.0784592795760109
0.0289071972478489
0.3477875290793552
-0.5648050700106950
-0.2817265554470016
-0.1516631685543879
-0.1950392687764246
-0.0138189416338843
-0.1989526056658791
-0.2161654499583484
-0.2276974407932054
0.2976503355405215
0.2388027891800933
0.2195675136604162
-0.0694172806824067
0.2614547025939926
-0.1194602271269308
-0.0622069617186292
-0.3678018116841177
-0.2719709107844649
0.3137158377189151
-0.0633210613616840
-0.1914403480178948
-0.0901844903735339
0.4363802628859985
-0.2240421074403139
-0.2012738885686934
-0.2735215998843823
0.4937237118800918
0.0034393182297959
0.1258811679531165
0.1552587116025421
-0.5591921373615274
-0.2789534170877749
-0.2513738857502589
0.1038037138033558
-0.2953058579084679
-0.2053647190772572
-0.0048547552651800
-0.1188860778718339
0.2206389338507260
0.0328227661121562
0.1918453902004583
-0.0777072908257591
0.0322053693706778
0.4572367530228671
0.2988023316985631
-0.0875022088801244
0.0737464607966573
0.0868698552854120
0.2477057081128882
-0.2696022087148499
-0.3687581727413632
0.0502880654419317
0.3234270208403014
0.1827010782458621
-0.3144903649830947
0.5248365699827904
0.0789969487640390
-0.3415642864310634
-0.2449663354548468
0.1074522270266359
-0.3487794949372506
0.0514627063823385
-0.0968680610150922
-0.1337896609258011
0.1014640403039748
-0.6205087276082121
0.1476757944652317
-0.3603862352970007
0.2926298189998454
-0.0658446931956248
-0.1646104989832758
-0.1135051337736794
-0.2309411254523779
-0.1496405505186437
-0.3094108654027201
0.1536068837345944
0.2979027192708360
-0.0022737880065071
-0.0486345609629079
-0.1612156008142975
-0.0083060108071760
0.3206719658169409
0.3069537350393859
-0.3906817376378456
0.2093028518913100
-0.5532095646156547
-0.0909558940495994
-0.1961870105550813
0.1090697909789082
0.3178656575010449
0.4838110869658245
0.1244831301078880
-0.3240991969541562
0.0662759155995208
0.3331027522339383
-0.5717509810191737
-0.0679784370546665
-0.0662768239515077
-0.0112401873667537
-0.1351421174066452
0.2356898961673071
0.2963826509132352
0.1632478547742096
-0.0753040051015574
0.0049990952460509
0.1652106859692155
-0.1034016385585979
-0.2137807899590696
-0.1230453280715616
-0.2590066868367480
-0.0162419883825335
-0.0248125825552006
-0.1177653653083509
-0.1419542651806932
-0.0979255196910642
0.0170539863856515
-0.5137100741643728
-0.7210643164749044
-0.0735942254733676
-0.0077059627154534
-0.0867310054834002
0.1727234937170590
0.1224191678638419
0.1363737501519239
-0.1099558759013268
0.0837986295062374
-0.1640482853042000
-0.3171706396575452
0.1208417317825287
0.3452664044900473
-0.1805505991743545
-0.1340626860574073
0.2311083174339224
-0.1575653242854499
0.7209838367269492
-0.3865781645390575
-0.1701426081946862
-0.1536257676902092
-0.3287395320328135
0.2302199719380283
0.1839221679137788
0.5617825516063859
0.1444045990440641
0.0908606939251480
-0.1050075307985887
0.3059187666373965
-0.1904668381330171
0.3343464217919479
-0.0654787749292609
-0.0378969807428922
-0.0261754990041527
-0.0377398511642952
-0.3248232936222681
0.2234571573594716
0.0426766283764022
0.2797587001935481
0.0834571972557992
0.1939377829125903
-0.1729191570618275
-0.5042531470511588
-0.2675069182251246
-0.4877688733584464
0.1322668467048035
0.3238379242685718
-0.0420459871489522
0.0406764904496135
-0.0328535127774703
0.0444295194360070
-0.0580284773366176
-0.2239344628863763
0.3590247984825575
0.1312561743382623
-0.5970314811761729
0.0551433155371275
-0.1847303472282301
-0.1337624440817833
0.3387377568394587
-0.3164338277761450
-0.1353086205277502
-0.3885408924316004
0.3643542264546824
-0.2854589633694246
-0.1708090946553694
0.0726237279175881
-0.4832987358426657
-0.4451102269264667
0.1940230276252072
0.0427289547869291
0.3649486898152338
0.1448132595814784
-0.2440610230181402
-0.0773554227728631
0.0212944128212722
-0.1301941017355076
0.2074264142623296
-0.2216890756992562
-0.4204474974125287
-0.2333685415981246
-0.2881764731412952
0.2789071130558298
-0.0028340897161624
0.0670758834790617
0.1400899833901079
0.1409205546200317
0.4859357977961348
-0.2269309479644218
-0.0605759790519576
-0.3232240034001518
-0.1351876867833376
0.3173971308610035
-0.1095308241501493
-0.3939486805988213
0.2334564380404462
-0.5405214055948591
-0.2227719979584287
0.0152019950682827
-0.2312687452739180
0.4794698745026394
0.2327149103095057
-0.0978945306514300
0.1717045526363691
0.1952076594938804
0.0689575598874285
0.1062595896882988
0.0743826768996204
0.2726057633448544
-0.2136706907596362
-0.0795688181591870
0.1542514792132729
-0.1421929146729775
0.0078161781578856
-0.4515150084361457
0.3335909303379934
0.1079368964197340
0.0937679274599423
-0.1868951925694215
-0.1396751261103157
0.4534488704883045
-0.0454145293010460
-0.4815781135605911
-0.2324134718607933
0.2821763481138369
-0.1435590718067153
-0.3482415930923480
0.2475849643886239
-0.2226269931670614
-0.5736813565366634
0.0757036915150641
-0.1112984243286684
0.0412110439336089
-0.3343883904124886
0.1651880207054175
0.1344877558214667
-0.3193297840080487
0.0743626070863570
0.1555102783267885
-0.6910860675617119
0.4655713470497739
0.2188823324630706
0.0803415207843944
0.1879060604118334
-0.0848989328882972
-0.1382375613591539
0.1511175540205035
0.0429058546990940
-0.2521956905743292
0.1729641894004014
0.0828368443199318
-0.1649533211019297
0.1148969131082963
-0.0399776671740669
0.1763631263106926
0.2185396804885891
-0.2339452262012073
-0.2073750675059225
-0.1883781628744900
0.2900752784952856
0.1503893144127000
0.3095930502939006
0.0327053708204982
-0.2434372908257278
-0.2332400943191467
0.3060715695551459
0.5513399156437373
-0.2670596310467015
0.2125363667599661
-0.2431485891546669
0.1658015666164233
0.1268353257955414
0.0653597964804870
-0.4068009644937123
-0.2325811116612242
-0.4485703691807788
-0.0675880675769095
-0.0969525455485735
-0.0288423543800806
-0.5202936913478325
0.2580421318090373
0.2694064066974736
0.0488929067354815
0.0926061118930629
-0.0347429043949819
-0.3527796032745593
-0.4558188644120020
0.2517687567283730
0.2089523172134246
-0.3231652509802614
-0.1613086348413564
0.0500269598221641
-0.2030093012369904
0.2746711151396644
-0.2317996120669723
0.0359596116244448
0.1876185551217015
0.4594598453690373
-0.1567438550690348
0.0151012828178454
0.0503155044234567
-0.4005441489035710
-0.2320357283436878
-0.1566269271561308
-0.1894550845622995
-0.1902628546801020
-0.4463674805505992
-0.3923220420427547
-0.2222113156897454
0.1209665863326762
-0.1391179433298329
0.4745971200839387
-0.0016639500192444
0.0414246740834885
-0.3313736942384661
0.1446924330374412
-0.2564130749035057
0.3501879232044482
-0.3217915005749045
0.0830004129141276
0.1592461471288204
-0.1953545549791425
-0.5522720351791357
-0.1284276865592101
-0.1696460302929979
-0.1093732635681821
-0.3082098315403576
0.2190093385256962
0.4654829488914913
-0.0827820236636272
0.2687634952885578
-0.4653455263474938
-0.1193973980021615
0.0034190895851933
0.3572612976265379
-0.2808542682691314
-0.0672108450900368
-0.1494165779993580
0.0734411321801064
0.1890278851572872
0.3685243527036297
0.0420593932838309
0.2477162855108673
0.0156228584819945
0.4118941673526864
-0.1002256582829743
-0.1797773884606440
-0.2342427232495551
-0.0893634329681432
-0.1231752847338528
-0.1408371924312698
0.5763198957333492
-0.2882195427097471
-0.0734983906516721
0.4272993393246443
0.0001706790221569
0.1486841547413093
0.2540913502842093
-0.0364068747588457
-0.0370818329422559
-0.1078069184318552
-0.5844040353653800
-0.4291715960853459
-0.0597476278939553
0.1589101452186413
0.0325023258821216
-0.2332542713518811
0.2656954717760342
-0.1529475817873784
-0.0818399539705141
0.0963938607530374
-0.3386442679004647
-0.3886104724745099
0.5587461529651226
0.1822062426861562
-0.0357791154324197
-0.2426202816216014
0.1127839250258794
0.0330176212403246
0.0510186545042386
0.3274368177703521
0.3263928064742360
0.3097559078251174
0.1885287607259617
0.0138738778206775
-0.3667009473791381
0.3101029829104051
0.0445052384103061
