-0.2392585197925231
0.1910181617611549
0.1140871596945527
0.3051449057834122
0.0920544869325715
-0.3443049677764362
-0.2957520405911772
0.0027661717297042
0.2378741900352396
0.4612975012367754
-0.0101662884547771
-0.5615268694038528
-0.0290856496550420
0.3999664367337130
0.2232025459101638
-0.2653309604772956
0.3038596527749013
-0.2548358347999331
0.2990089631790476
0.2081113825443161
0.1108010206505085
-0.2988950828296781
0.3381449233942402
0.3425870712626387
0.2211541926465710
-0.2181422729634400
0.1217013081331967
0.0627095734009459
-0.2974944544019033
0.0365228162608891
0.1113541874757116
-0.3954954420793006
0.4263113533823317
0.0476319316380024
0.0059537864047893
0.6020291239506250
0.0536352260867514
0.0450556390385217
0.4137772372219745
-0.1808731079767265
0.2600311256124730
-0.3800733889159034
0.3887981219656503
-0.6127583256169830
-0.0797102969396670
-0.0456632566155402
-0.1707154229611105
0.3030906361330792
0.1150640028735319
-0.0066777819529478
0.0393061177474484
0.2903452498179118
-0.1719447810198886
-0.7045717509468100
-0.1228137014890082
-0.4002700392085156
-0.1055233020937374
0.3634348388911098
-0.0674904764540992
-0.2185342493488887
-0.1599453999750284
0.0449694999608810
-0.1490049218231832
-0.2274269759564400
-0.0406425332769348
0.3893641783154509
-0.4559655021348423
0.1185307470107514
-0.2118461600919933
-0.0460003096380348
-0.4787078934684361
-0.2009937118130137
0.0704900860801059
-0.3381866988942558
0.0907829801767465
-0.2675737787511503
-0.0493917912100124
0.3290455817700653
-0.1434668227083520
-0.0175291789907746
-0.3125171686015928
0.5596383846576947
-0.0900099782609576
0.1397335064691018
-0.1147849354499230
0.4623280364972204
-0.0733352817519464
-0.3560094611639412
-0.1351417366966334
0.3871405172487088
-0.1159136902082144
0.1982269873721943
0.0086963428341626
-0.4184825658392354
-0.0594437325389160
-0.3748620222729446
-0.6447498411025679
0.1256233118180433
0.1124429755509239
-0.0913662472078417
-0.1228540290484451
0.0362324229362338
0.3141843584594242
-0.2717631029540412
0.4911959787376892
0.2494576354397467
-0.2682858131714370
-0.0771930911021283
0.2830934838313974
-0.3315868043014280
-0.0571989829058898
0.0563415494689508
-0.3400371291484114
-0.0211998483652439
0.3345081385743969
-0.4356471913950607
-0.0653044531406288
0.7365723770245629
0.0461585506266712
0.2784945804424598
-0.1897268164104045
-0.3201738976294957
0.0075388554031452
0.1068059715382033
-0.0658565952215784
-0.0538150397184525
-0.1244344058651940
-0.1718884358390895
-0.1143957816042441
-0.4030511761128522
0.1318262425971173
-0.3993269460197415
-0.0431440845821817
0.1654113737035288
-0.3084043061351171
-0.0986994164282237
0.3553974096652726
-0.5263025387086823
0.2145272003553890
0.3710363008165414
0.0224530990147498
0.1189986343473660
-0.2956794761537512
-0.0207632787000915
-0.0030872468385888
0.0835453277773507
-0.3993412466662392
-0.7241304067415518
0.0307456622995415
0.2689581578875319
0.0502243079322692
-0.2600329297387537
0.3329683502348081
-0.1029446815509391
0.1277982102467246
0.1658913854130368
-0.1051410673457145
0.0309212195093102
-0.4888689990090473
0.0258508960021276
0.2736262916259689
0.1664045736305189
0.2502985859912843
-0.5240498563053669
0.2927901616819710
0.0490669744474022
-0.2744019591468081
-0.3448093721621827
0.1617560459906582
-0.0656485275935219
-0.0312291286122808
0.3910114075024589
0.3259617952960264
-0.1781236521172626
-0.1212621068869307
0.3539006475446300
-0.3762103251477411
-0.1333965367149463
0.0551945269298518
-0.3637759094632126
-0.1999530066396232
0.4787550516602059
0.5655795696875605
-0.1248805980770262
0.2264055643207281
0.0865150386794349
0.3004529652683481
-0.1796835628684205
-0.2598705684886865
0.0320696498027778
0.2649450241818040
0.4858702036928616
0.2374140335030662
0.1808078750320312
-0.1390621499225977
0.0731258280735705
0.0390574991956715
0.0301843146631414
0.2668371661235329
-0.1452463958403164
-0.1645117864848115
0.3400158058786346
-0.2218957101995180
0.4753720990685023
-0.6356009000556324
-0.2337755911182297
0.0707383641853380
-0.1355831154853813
-0.2321618252701237
-0.4211931343466940
0.0647357061558087
-0.4999186222277698
0.0992391299241975
-0.3002530595449117
0.0575044928389082
-0.0224270438248501
0.0680266195671480
0.2377737010186382
0.2602573559310923
0.5306220428661640
0.0178954950123555
-0.0149894848121673
-0.4216915433686736
0.0510594586754092
-0.1794984058451488
-0.0480055974897470
-0.2829852419155861
0.0108025365525746
0.4060182561658399
0.3097688736831092
0.2208813553648413
-0.3318278424788251
-0.1622483705274421
-0.5085199395041194
0.1873636469711757
0.4683108589584353
0.1728885721571710
0.0386270485349785
-0.0970715124725898
0.2600477157390998
0.1430648564425397
-0.1346939555988391
0.3252655129157678
0.5650329818470271
-0.4117324158089162
0.0505653976811775
-0.0374061753962603
-0.1697857461474362
-0.2635623939551612
0.2179747829787121
0.5071196631499592
-0.0419324512258159
-0.5578510497531423
-0.3108670469393193
-0.2113521798842826
0.0914859630300176
-0.0560130612265616
0.0212574798469417
0.3564322932186869
0.0612952900365381
0.6114930673655482
0.1466462198988899
0.1156916310783005
-0.0660424395262322
0.4227478801972673
0.0706090513599484
0.2114710839934275
0.0101916692477248
0.1805229141076519
-0.2010803717950282
-0.2192327014021029
-0.0299402209345302
0.4861259373533192
-0.2330180229389873
0.5649000286054101
-0.5878656548209966
0.0233828194565261
0.0955742629824319
-0.0749839231326494
-0.0788792731092544
0.1237473266714677
-0.2459758640971041
0.2551049256882107
-0.2809642412377604
-0.0155327215544057
-0.1984958088320194
0.1713308981483413
0.1580558733103190
0.0664394366248822
0.1001275920867093
0.0128312006680883
-0.1563530884039987
0.5130086564633723
0.4959775461398045
-0.5292177758332066
-0.0794082689245345
-0.3302973705956659
-0.0443637554782514
0.0004143868109658
0.0379331401326817
-0.1734236327935407
-0.3912483152995627
0.1351207174780417
0.1207562368526556
0.1129350915638118
0.3082296229681429
-0.0864596908684836
-0.2511682733337689
-0.2610014341191433
-0.0650938763288772
-0.2080359328429695
-0.6990077778217209
0.0222688177299298
-0.0698364406384453
0.5794525392527714
0.5808142428801083
0.1242851237107200
0.1242403580122207
0.2346239252449856
0.1046508345079832
0.0411990385211582
0.0733750876984797
-0.1050582791206578
0.0195428286052658
-0.4540192406826987
-0.1813125981617660
0.1781303475087575
-0.1579153262105604
-0.5991260849605511
-0.1790170643763347
0.0193821717975820
0.0644846739631235
-0.3628535117741527
0.2177857172108052
-0.0782414982018546
-0.2854148475486017
0.1728131845047312
-0.4673156325286619
0.1309279239758565
0.3920047505773729
0.0772749907447244
-0.0181558027118236
-0.2860600911372073
-0.1214662803990303
-0.2699584603875037
-0.1183648116366270
-0.2331009437737223
-0.2805808475492669
-0.5856776250948610
0.3705979597486446
0.1612267800062624
0.1695499719874952
-0.2375005354792621
-0.4965080878709826
0.0990470286642124
0.3135873255744475
-0.0055502316335800
-0.2798959863953434
-0.4263025177303776
-0.3249556989026949
0.1323707533870077
0.0335351445276792
0.4136669405907522
-0.0686230684551810
0.0235320569183357
-0.0740248166978443
-0.1320563188238253
0.0127888916043449
-0.3394526320347783
-0.3430180376301543
-0.2729328185478073
-0.6031574387753360
-0.1592472300864857
-0.2703095781460675
-0.0925195296623670
-0.4265306553509277
-0.1275470389466601
0.1833666988495576
0.1400275174297210
0.0796739305841720
0.0524932812833076
0.4063982542579251
-0.5559433949899361
0.1690378323766771
-0.3359152010238453
-0.0566966388868563
0.1146597313755379
-0.4633789070002338
0.0065526111451377
-0.3014892149726356
-0.0487798855269128
-0.6539682763660097
-0.1017032192832119
0.2534961944884551
0.4075509187485962
-0.0858634073773195
0.4178562621242423
0.0658206521217641
0.0306647412021235
-0.0856364709262912
-0.2873481539176345
0.1852954356221126
0.1332605311888860
0.3124946001118916
0.0813101054559972
-0.1227633071254822
-0.3033586775134868
0.2729561200296166
0.1513268974612039
-0.6177135328625507
-0.1234265193954470
0.0519289396283749
0.1040074155705519
-0.4356344202360157
-0.2799707973047515
-0.1129350894170691
0.3369476291102956
0.1964710057574829
-0.0834784678909668
-0.3240877198578094
-0.2626095022059809
0.0208300425946099
0.3132904569618163
0.0080726742738019
0.5851579206536203
0.0285154027382632
0.4162079807301206
0.2116891741820494
0.0835817238789635
0.2353173617758234
-0.2151758611659820
0.2571463319453973
0.3234584095253052
-0.4622505874484744
0.3096338374307690
-0.5014471956593262
-0.1900813653202991
-0.1555762148627562
0.2940156929833752
-0.1245796838885913
-0.0009178899921171
0.0653945596070578
-0.3832368686802851
0.3204090545169392
0.1758785327459974
-0.1851262716023791
-0.0251773513541497
-0.6054563090486710
0.0021937727344001
-0.0940215053412605
-0.5040732290477900
0.0291180778546304
0.1327979753324400
-0.0004034478635977
0.1913982772459649
0.0300257571752870
0.0607134096809573
-0.3713254164735471
-0.0355495376739032
0.2286851559528324
-0.2238087476810452
-0.1794603614836433
0.0846872022635968
0.5886719949980663
0.0617817084823137
-0.3619536755398818
0.4680598626338036
0.1185689931494531
-0.1103397051638311
-0.1397331034155530
-0.2211896925735175
0.0505376703531323
-0.1204247644371019
0.2158321162317701
-0.0784432800503189
0.4598826904755344
0.0588519410026217
0.2768723431643901
-0.5581855387458099
-0.2319988908150598
0.4388318393238571
0.3258736244791458
-0.0516444532480619
-0.0331550771262941
0.1103063093844054
-0.2536350270801048
-0.2633751136700644
-0.5318500509893368
0.3143302574777261
0.4375151483789006
-0.3232083095311519
0.0932727272843126
-0.2234628704075201
0.0893798232569186
0.3419668389932941
-0.3497384167828343
-0.3440623989137849
0.0743582965901098
-0.3864811255908374
-0.0265187866503711
0.4251097283291068
0.0860847110275404
0.0094766970251732
-0.1941171126819452
0.0843682770099124
-0.4361557178332466
0.2520174350600198
