-0.5904034423890652
-0.0544403254565133
0.2781837868951019
0.1293918194726224
-0.2094605084044767
0.1375746881490729
-0.4166656361311560
-0.1857491953839580
0.0526171789991048
-0.1185702328435189
0.4004039685160460
-0.3031825590562508
-0.0972105156301831
0.0699835302916215
-0.1119231994357050
-0.1310689940429603
0.2433546613866459
-0.0511042101626758
-0.5456442329068776
-0.3986622703584268
-0.1339103824579382
-0.5063405617066726
-0.2915361522638212
0.0494912237254975
-0.1986329358683804
0.1552565832365767
-0.0236481265251874
-0.1610198807649889
-0.3313516184708087
-0.0600663238900373
0.0865972886517847
-0.4294477772843296
0.1996308082498718
0.0255357462893400
-0.2604417121801094
-0.2091791726921431
-0.4780851292745169
0.0379513186193681
0.2139178753883070
0.2641405476921481
-0.4193417394338709
-0.1455988941810135
-0.3230440777231838
-0.1772966464462279
-0.1753979731721143
-0.1300051251596732
-0.1346251773101343
0.4135407540957887
0.3699269816472320
-0.1714037933214496
0.5160395370652391
0.1243733787361377
0.1688034494719920
-0.3567352221303314
0.1172912808195016
0.0994992798751348
0.6925542437894450
-0.2198328235447233
0.2729238291598416
-0.0793246402348239
-0.0107765165693959
0.1699761687428722
0.0142471815691013
0.2943008137017476
-0.0089758334067014
-0.4959536710693071
0.0907759877621996
-0.1251143328213507
0.0548224743330926
0.0498834872064481
0.1840120032303518
-0.0119533028802044
0.0814241680015857
-0.0954915661743235
-0.4093182112166250
-0.2720392047292831
-0.6871918593806764
0.0696756038126679
0.2691915241090701
-0.0816525895149634
-0.1485248772003362
-0.3433380038366379
0.1109042738805602
0.0155722363725387
-0.1104007014691949
-0.6618766837697728
0.0637574839271555
-0.1366240401998232
0.1207750836243218
0.1384908398244603
0.2242313862120969
-0.3072882442593337
-0.3109211635138484
-0.2718184465158940
0.3364737924483335
-0.2099749543394855
0.1304234922240133
-0.0604653847420578
-0.4055806353536859
-0.2657570864627593
0.2403006696496425
0.3154847161722082
-0.1780404741190077
0.1108112835989911
0.3827675846516826
0.2176356477711282
-0.2319418675327226
0.0256142344154067
-0.1426752757173773
0.0378860606395891
0.5404197585339930
0.0380844979666497
0.1884602241851270
-0.1668708326659694
0.1206647747594403
0.3391042802559645
0.3230458143524693
-0.0319520646995542
-0.0730381352724420
0.0092288380298064
0.5356813192378654
-0.2049530927229654
-0.3419369198676359
0.4723647476255010
-0.1240102589488577
0.1090770039722611
0.0163897871485973
-0.1248650814428356
0.3866824039624384
0.3560758671823752
0.0280400798620607
0.0564615304600625
0.2181595002277470
0.0539056209979967
0.3750155615255424
-0.1812512207731643
0.6380998958687039
0.1567620779851796
0.2156229382969260
0.0403174085789428
-0.2386338111888377
-0.2571752929324997
-0.3634840108414621
0.1790783431083424
0.1175678112055148
0.2055996054237939
-0.1779586162798896
0.0908141211967619
-0.1934940984023973
0.3436420779973574
0.5195869796456443
0.0401347315814790
0.3297771546320631
0.2843430856468306
-0.2734376287945871
-0.1240480236908074
-0.3997911574680020
0.4114724693423427
-0.3663310386399519
-0.1313730728723397
0.3546620295500483
-0.1532811124958206
-0.1560306393958269
-0.1088490482611812
0.3750259103856381
-0.0861111048427481
-0.2988743374995637
-0.0799044327343103
0.3652207930774010
-0.0559306027757982
-0.2710436501303868
0.3969288177108820
0.5116360873125589
-0.2171687662985218
-0.3063824128293883
0.0110014186480354
0.1260203304837055
0.3545930331479866
-0.1162633864405290
-0.2133718268392931
0.0698152563100113
-0.1549425570682030
-0.0582134770572300
-0.2214584132502216
0.1140726297946046
0.2412044602681077
-0.2090200519230208
-0.0243299741437167
-0.3611504378524483
0.0646163578652233
-0.0382534907796229
0.0459227615186797
-0.2621395568513253
0.0264203121189794
-0.7898115000956105
-0.0264451910811209
-0.0483454922871948
-0.4447734055860326
-0.0149383143923257
0.1049809519233623
0.0599899884471712
-0.2169655147904145
0.2362698233478529
0.1423108118220295
-0.5641040636783258
0.4632298101966180
-0.0823537584449107
-0.1583394033771533
-0.2358478387635173
0.2038960144103047
-0.3377898492299114
0.2708392763036975
0.2518664690301379
-0.1422911464961548
0.1605751727020394
0.2753280593815532
0.0475734684925199
-0.4635095882044858
-0.3759113990688562
-0.1554026154777070
-0.3552574839437321
-0.0754388978964426
0.2902981343840558
-0.1689232046069450
0.1286209111731071
0.0306418899659424
-0.2879764091461007
0.1432280852224229
0.2613995118157920
0.1659036913475684
0.0954421749988739
0.2069469802138057
-0.6872289789981262
-0.3137613097622864
-0.1032340718081360
-0.2201715469997234
0.2780479040578911
0.1552732703296386
-0.0646584608084531
0.0347663738148942
-0.1328063562634806
0.1030814671724678
0.3350220906480857
-0.2316996914879156
0.4284340247307835
-0.0339683959414223
0.3674023286397585
0.2429601120454418
-0.1970121994064501
-0.2140418595833642
-0.5651280226259821
0.1330475793485126
0.4906442297222874
-0.0792695313466859
0.0797541257900910
-0.1722942414712686
0.2417846940762445
0.0782192248183969
0.2924367208456298
-0.1051305825090488
-0.0419272209317446
0.4311306609369487
0.5579681842999278
-0.2227890574136792
-0.0726693502566594
0.0437374279225422
-0.2502164474565420
-0.3904037594228325
0.1637454147389401
0.0977596389161876
0.0889702022239418
0.0220647660450977
-0.1356337195197487
-0.2781090806921719
0.3016741716197216
0.2533422278206876
-0.6316194829206873
-0.2835746264864951
0.0539642888991815
-0.0836895100664059
-0.1130512297391220
0.0422287661654864
-0.5618666506293416
0.1797132201917575
-0.2464322121452202
0.0427694776475878
-0.1771641975559492
-0.4518781320828530
-0.0470264043148505
-0.1007633534961466
-0.1095883156920455
-0.3239845068630327
0.4579757382790486
0.0149679999935405
0.3167331886220571
0.0931141018209229
0.3081447648995738
0.0705450969815632
0.2369511615130154
0.0713440649970805
-0.0019741063444759
-0.4797566422631008
-0.0904817975034122
0.4798909844645360
-0.2807690983011941
0.2781634863334195
-0.3067210866909063
-0.1044391383508508
-0.1015940492328699
-0.2724092135527653
-0.6063687552762339
0.3965945172893913
0.0235940896517590
0.3305912747455573
0.1464126466739414
0.1473682354171751
0.0170248464035013
0.1219800017024613
-0.4183712833231384
0.1063248712359528
-0.0992928793914340
0.1616561413350013
0.0738917427840798
-0.2646870264442445
-0.3924500975860634
-0.4020441754355291
0.0034948694121015
0.1794339743291349
0.2868510420443260
0.2662234893701201
-0.1510393188314459
-0.2685930446735318
0.0498408991896142
-0.0856145643790090
-0.5620056825647044
0.0532682159687610
-0.0893787981533660
-0.3194949772720747
-0.3096352427275271
-0.1347952509028900
0.3177069815666711
0.3292278246555260
-0.6556559513292313
0.0684557369975932
-0.0193243001058714
-0.3140273521240410
-0.1044884752155925
-0.0735890273920346
-0.0804654907512994
0.1009780053520565
0.3162397667317249
-0.0400787836684134
-0.2822688279927936
-0.3944205167254194
-0.5000635886526732
-0.2358306901669191
0.2860328474695523
-0.2159864817224325
0.2408274223269979
-0.2405168710430326
0.1913942374936320
-0.1399759182452651
0.0839711253939599
-0.2233289819801351
0.0865228682818781
-0.1381165413127507
0.2564276048357177
-0.1935547030004708
-0.2320249589244120
-0.4969715319691109
0.0707198121195658
0.3955436073507326
0.2526340213652082
-0.1509234571140058
-0.0891023464775886
0.3947117710691795
0.3969991221891646
0.0000191073857827
-0.3011326332969030
0.2340684325936698
-0.1053319578566219
-0.2988129490200954
-0.2618525840067474
-0.6649710457546075
-0.0132414924551058
0.2221075765189783
-0.0111072729501678
-0.0956325698835938
0.0712954083609700
-0.0120669405027029
-0.4234672735102512
0.0080366716165201
0.2460617099914225
-0.0540373759572153
0.1950546421796049
0.3142745277259666
0.1862041873245253
-0.0692664367091472
-0.3857145424251979
-0.5605727505268955
-0.0654589698342151
-0.4602431389919663
0.0325736432558708
-0.1995153671661699
-0.0309914569383049
-0.1982294909061672
0.1709119269081530
-0.1855881264447312
0.2893192936073563
-0.4361389979474918
-0.2593083937814589
0.5202284607809807
-0.2488641767840150
-0.3496550733429932
0.0682586302857196
-0.0338194200290238
-0.0378792203155414
-0.2037396068588480
-0.1835490186554480
-0.2406550213948503
0.1855311014115863
-0.5965249644193149
0.4292925166686086
0.0673898968367844
0.1151973218319809
-0.0435172669263409
-0.5024114665191078
-0.0452274984324301
0.0054645080079760
0.2804232329764559
0.2417171608327677
0.1177413823137648
0.0148899189815417
-0.0098362243589392
-0.2628077384375521
-0.0997104393114653
-0.2737276182887561
-0.1719677653727043
0.0103656662209785
0.0384676834325234
0.1201757848100263
-0.6791822546782197
0.1846382882040387
-0.3656369561974616
-0.1844400606143584
0.1473837544403524
-0.3315988485530795
0.0754496582935891
0.2227528238699052
-0.1381375058344821
0.5162699568303113
0.2142295766129934
0.4884504949719062
-0.2790725189763316
0.3542175630021553
-0.0988090004045309
-0.0691938945429623
-0.0503129245457697
-0.2211169184336586
-0.2126978661006177
0.1924073047789363
0.1694070291346121
-0.1200787176144635
0.3707214551826263
0.2368078484997885
-0.2036985149180104
-0.0827451369633523
0.2391260166930515
-0.3390410508225827
0.5003034376359469
-0.2213409656258862
-0.3444622771799670
-0.0172224496947607
-0.2014234770474241
-0.2518992378037966
-0.2220989630748853
0.2609494631304052
-0.5663044719013832
-0.1333244238963986
-0.1838210097027915
0.1458847232979111
-0.6044399213206818
-0.0952805247461427
-0.1099016880580950
0.0292810084942757
-0.2089158148998753
-0.2579090158111966
-0.0509661331808437
-0.1950958596269374
-0.0131198316988898
0.2274898329295113
-0.5179700089104669
-0.2157912416821371
-0.3472466873670689
-0.1561556062327032
0.1009502962262729
-0.0224042676026237
0.2324323408515558
-0.0808357334067069
0.1760798682860515
-0.2463740698789068
-0.2758741126431984
0.4947711661863646
0.0675521496803496
-0.0194204917048316
0.1001558883793814
0.0267408841071511
-0.3714230568662416
0.2206427207648060
-0.0507622161842858
0.0601077788169775
-0.1735691727307830
0.0481253711189106
-0.3787081015368253
-0.0523173527517332
-0.7585225600868126
-0.0755480271813197
0.1907493207574766
-0.2260013259111970
-0.1234888242875067
0.1966698322760384
0.3933318243003918
0.1028657059114666
0.4062218737197515
0.2577021615005701
0.0478197298891277
0.0401602678792119
-0.5961955951559834
-0.1160753999209469
-0.1836724483856447
-0.2595438610629699
0.1560645760572828
0.5697396497896469
-0.3407013688353819
-0.4965249562074751
0.1243843222542725
-0.1133696773065773
0.1164680818717298
-0.1611614095280779
-0.2048298073675666
-0.3212882020779108
-0.0227562253678762
0.2079988642216956
0.1748681374155118
-0.0640551900148290
-0.1458617642873479
0.0138620654376608
0.1148690828599067
-0.0969432013347421
-0.2303063886122506
-0.3829091080669931
0.3510808118823630
0.0014326213433827
-0.3113636156486188
0.1668279796801223
0.2438757363803011
-0.4492307399462143
0.3840189069368904
0.2643757256724105
0.2255375632486095
-0.6387692131116132
-0.5627362164274756
-0.0096614836361507
-0.0343807909863963
0.1831856371106231
-0.1290888984582567
0.0517089741036649
0.1952941146675202
0.1815012463888996
-0.0675367998519820
0.0232638715952928
0.2245249634892233
-0.2339559993965369
0.1994992007284754
-0.1613972614044870
-0.0727387651296167
-0.2355481979340242
0.1345806012743800
-0.0268125539893346
-0.4583371274734719
-0.5066982268560627
-0.2618995687321927
0.1818922159708537
-0.1589752316917857
0.2963871691736705
0.4321506874687847
0.0575070952353431
0.1505797208816071
0.0884690031318260
0.2765293336595692
-0.2242656786228685
-0.0606622398925403
0.3039616030098952
-0.5144402681261500
0.2435665507386889
-0.4951032835967404
-0.4087632252778267
0.0196132882659172
0.0792827320284557
-0.1108244961079829
-0.0963747872198999
-0.0700600738604691
0.1830661450475096
-0.0237135328031970
0.5113843695636204
0.3123764367390790
-0.2427771530293599
0.2308816867755717
0.0772207680759435
-0.0714212573717561
-0.5446856820473188
0.0019824051539735
0.3109361956059081
-0.0245234100916368
-0.2514852909722662
-0.1621922062681311
0.1305385540710933
-0.3340535984782490
-0.1148816285714238
-0.4557878836155909
0.1805240968235073
0.3517658889796702
0.0209884297775845
-0.0334247601504015
0.2457373535163495
-0.0428667605909549
0.3263527872943367
0.5567145935478185
0.0914529954039107
0.0742713939716581
0.1460879937459023
-0.1692475252362460
-0.0826525775224267
0.3192177650265130
-0.4995348873957677
0.1399212403189874
-0.1161461159457417
-0.1100863483867317
0.0729021834581217
0.6505532176778229
0.0884251792496640
-0.3055210438707623
-0.0327359694596277
-0.1256669406930887
-0.1022166619097283
-0.1834726278717975
0.1983820205324370
-0.7015317367672641
0.1626754085925571
-0.1656913648374501
0.4456582835728186
-0.2655037970397680
0.0591369975126574
0.2408393321250830
-0.1743707365888151
0.0116255581885283
0.0218920726606353
-0.0940559279641535
-0.0635435821893275
0.4860043056754009
-0.2205226328379320
0.1569282552619273
-0.0398804999434176
-0.2865497157436325
-0.0413718094729183
-0.0563240188024665
0.3649691377740641
0.1844446520033749
0.5194142301856168
-0.3922508448740931
0.0838630473745888
0.0035949733902875
-0.0682273015446674
-0.4479516148124814
0.4262052914231246
0.0044659794423830
-0.4222065822247175
-0.2233851999588384
0.2640359825503235
0.1966435752209389
0.1880029368374690
-0.0770026858248275
0.0079224308394993
-0.4493702030158761
-0.1821379172811076
0.0050364914049148
0.2231710440827697
-0.0193515104512471
-0.1546317689946119
0.1012303941278863
-0.6890051161291751
-0.0373771406078997
0.1417804520588158
0.4411214037804903
-0.3659286154582132
-0.1321699835665604
-0.2391221129201972
0.0594383335781998
-0.0430039232614769
-0.1044626408248257
-0.3940002605541838
-0.0793553475603516
0.0449311877366489
-0.2238479728191898
0.2915856289613605
-0.4808902665722563
-0.3863454312557620
0.0890186102300109
-0.3358114616156344
0.0160308758100028
-0.0703965454254352
-0.2161171465299337
0.3512792214790698
0.1574463445216534
-0.1690619213890569
-0.1574080882450542
0.0009610971294765
-0.3731289601538813
0.1898500387289064
0.0226211009549428
-0.2924154396329572
0.3348932437646976
0.1879756305570045
0.4617560440316175
0.0894476811778362
-0.4848029513585266
-0.2548797729770858
-0.1290256584536505
-0.3250356533359106
-0.3386941951841859
-0.1324881549894839
0.3645054986943561
0.0195267045590235
0.0092393764683601
-0.3287010376450836
-0.0180832961924736
-0.4119741017977349
0.0838291257210042
-0.0534425113959223
-0.0778521553720731
0.0552750321354986
-0.5758995469961209
-0.2093164782945533
0.1504968327632306
0.1204935196348341
-0.2026708441875417
-0.4237276391483856
0.0550546462803784
0.0068589155499129
0.1235424380169578
0.1605583835945937
0.1796785330083178
-0.2594471658779351
-0.1066265133493869
0.3451331210589474
-0.6513025139413671
-0.1289583310905866
-0.2669399443247489
0.2245085939887702
-0.0449604755838970
-0.0075289834892595
0.0452515721647698
-0.1559053226402283
-0.2368188200987229
0.2565893503422220
-0.4021312303698236
-0.1035594029809697
-0.0227063013502224
0.4802550736802972
0.5547617193536108
0.2743448887617136
0.2299959711147114
0.5124384616153654
0.2825702378716160
0.1002523444667682
0.2444248319706641
-0.1964827506704666
0.0244148747414936
0.3635106927656067
0.1307820948318319
0.0575436117626321
-0.4081299695732267
-0.2731206871117865
0.1633456500879475
-0.4223159799829538
0.1843478463170978
-0.0137882931294317
-0.1544146625296343
0.2992481058194947
-0.1101807405614930
-0.1591576643358980
0.3828114083456434
0.1568834540635789
0.0737689431223517
0.4157000656542011
0.3031004940818156
0.1989792472827183
-0.3946424313210637
0.2572096133895500
-0.0417234660561687
-0.1567413584612416
-0.4685751645802305
0.3525178753514669
-0.0104321979078168
-0.1038296084884210
0.0240914702135950
-0.2137446312511327
-0.2054090328151430
0.0131006301649413
-0.1609994672840391
0.1521835580640531
-0.6442835017621883
-0.0025278572632558
-0.2610760843595392
0.0457888081111085
0.0286308752963741
-0.1571040922845153
-0.0681300622804155
-0.0340807168965235
0.0932340084802313
0.0450445364454411
-0.5578177281024117
0.2000577650095142
0.4215094423286305
-0.2717912930844786
-0.5338404396316174
0.0699464495224548
-0.5469496153241395
0.0064713974372724
0.0780364348772229
0.2206505534173029
0.0716080954282528
0.3505746984543082
0.2400096682394794
0.3004395477046069
0.2590641075267325
0.0345612702216667
0.0394794283534061
0.0530921842208324
-0.5408792674178828
-0.2975584349775169
0.1573604001163402
-0.0436395515970575
-0.2340499426965713
0.2742791183546403
0.4900072927388851
0.0058209400443768
0.0857618127296675
0.2826477442914525
0.1058022665883275
-0.3736819995198007
0.2396758907838223
-0.3352168518230633
-0.3267273610185600
0.0524063308925329
-0.0856670644921996
0.0172278377314930
-0.0095465199292163
0.0525761546847135
-0.1500271780795337
-0.0906344326801368
0.5835690717518699
0.0053083100386214
-0.1443869336957101
-0.4524151933890866
-0.2166439653130856
-0.1435220652686570
0.5678014310470902
-0.0647689353032947
-0.3505864684723503
-0.1206180478343045
-0.4604570722258414
-0.3341551358827365
-0.1143969512922875
-0.1648895693266090
-0.2445498616571906
0.0270625481483234
0.2118711668484266
0.2272535532644806
-0.0859060998764945
-0.1951356078470732
0.5402420275537640
0.0035559557116894
-0.0126305266936418
-0.3958669058241340
0.1877721406385804
-0.0678322718961412
0.1002057663964385
-0.0836097049543727
0.1067758492106375
0.3804404798337833
-0.2603878398654894
-0.1374660598928281
-0.4708389682890773
-0.2803250171872315
-0.4930716081785395
0.3814497380194360
0.1176885607095274
0.0007761267179070
-0.1658490720610682
-0.1018565862823761
0.4970198630235360
-0.2440177692354724
0.2458776172994377
-0.2808109082671388
0.3209925606475016
-0.0024357340416472
0.1284791583834834
-0.3020619652333797
0.3822168915596598
