0.2867755470244575
0.1375244883595272
0.6771345677827810
-0.6020376946184381
0.0501641862331342
-0.2745355104936038
-0.1275868666628148
-0.3042875749950408
-0.6835236799307910
0.1838412701854975
0.0468330115317718
-0.6228443614099112
0.3905593976268402
-0.6085923529645505
-0.0089924631522364
-0.6391118726325499
0.1946038216745729
0.1751091296724814
0.4168297729642282
0.4581436816183319
0.1515662002499538
-0.0759377954918486
0.6405941297492869
-0.4210197221653321
0.8651228377656516
-0.0437943335135120
0.0097152732030740
-0.3284016543015418
-0.3316545934513229
-0.1780666433941279
-0.7282006616052468
-0.5570478918903506
-0.1289737450534305
-0.2444010060023493
-0.0587814261079994
-0.2821349107693680
0.4226180764329236
0.1066433736683969
-0.7094611546545830
-0.3351522106477562
0.3939877998514386
-0.1978196947401570
0.4402117528747157
0.3537450349558385
-0.1343945300988701
-0.6677397088751711
0.0682478524178048
0.4609577908943792
0.2120483447186227
-0.4239195345517000
0.5140943401013638
-0.3450027362050375
-0.5899273408448680
0.2097464701444245
0.0554866578752107
0.6513584136344226
-0.5941857554753212
0.0885897976989992
-0.0823577134982560
0.4527314773093421
0.3428149088755894
0.1475562476948340
0.0638950660568439
0.8189845817531296
0.2920594040712226
-0.3171562263248943
-0.5000257647823506
0.1451557416688809
-0.7089574830151394
-0.2174790163048762
-0.4195263027022711
-0.0546250061715944
-0.2835660204541047
0.7901574098820394
-0.0458506144086804
-0.4133696405058721
0.3480606990410791
0.0334453420038897
0.0844552100641319
0.7898078534602941
0.3751501561128863
-0.1294018612476622
-0.4434876979205988
-0.1220944412029946
-0.4795641985049777
-0.0595036547255455
-0.5284371872300268
-0.4383080073976695
0.5092886309758698
0.1890577021673747
0.2166703763637127
-0.0826157745296528
0.0878689319940971
-0.0352768657809150
-0.3435353509828200
-0.9051224436291896
-0.1444238421543240
0.2900397522268277
0.7061608660353830
0.2617932953755679
0.1313563495972220
-0.5572838658553056
-0.4416475552942748
0.0300297545159739
0.2041240007844585
-0.2688535803810742
-0.7685853652696867
-0.3152353591518361
-0.3779167967623455
-0.6282608467912609
0.4004027718293180
-0.2087718666578254
0.1482803003782553
0.4863867634273744
0.0986681454452171
0.3599420802148567
-0.2442254218712001
-0.7343177210126152
-0.2851793091906500
-0.4248652556908134
0.2089238320860544
0.2290937085431471
-0.2261880604724400
-0.2818209579653699
-0.8226923090676965
0.3105803899870120
-0.5822134830458339
0.3420401840908265
-0.1199710942724083
-0.1186485830668950
0.0291006479841512
-0.7174388999691566
0.1081145095842100
-0.5413810906941265
-0.3868486217585878
-0.4042286257667948
-0.5594928176789031
-0.2629313910055149
0.0785995836592844
0.2063147901268619
0.0271794762862384
0.6053624378722899
-0.5014849673385763
0.5766859936213528
-0.0011784146542426
0.0312993233976076
0.3511410776065951
-0.4618084604519119
0.7609010539660860
0.2889315476706696
-0.6054492244704058
0.4715895663382720
0.0713641697160200
-0.0902599786291493
-0.3939632642944971
0.4925319841737162
-0.6891200445211669
0.1223821750109961
0.5601723994485668
-0.4252812664071424
0.1037505332507554
-0.0686638308578781
