0.0142452658815032
-0.2185294532450109
-0.4002969615568845
0.1727900395245511
0.1133514133353106
-0.0655677443501979
-0.0028938648165813
0.2108217875872865
0.3314696837437101
-0.6399669169710177
0.0956604751098913
0.4144457626007009
-0.3861071380503115
0.4195434575798261
-0.2204380906570095
0.4450831922280701
0.1276865534721199
0.0830013625085263
0.1703569444113009
-0.0214768386557867
-0.3545330804835771
0.2179488839743288
0.2094350496308482
0.3980933042789812
0.1310608315730097
0.4667062652272759
0.2508442235797295
-0.3128883706003159
0.1751537131576053
0.2561699130088165
-0.2175929207987857
0.6550375774523560
0.0108807957803391
-0.0607729782166218
0.0546847025360315
0.1570396305234315
0.1226357495416629
0.2689200546624857
0.1127972685068118
-0.3727362532933927
-0.4370762290544311
-0.1316822148538360
0.4030728040026779
-0.2266316652168935
-0.2050168071169580
-0.3726716430120127
0.3788304659642614
0.1198037539715077
-0.3280153356934863
0.3804188016321101
-0.0104055926506920
-0.1351928931382063
-0.1003770009002960
-0.2819756704420480
-0.6548238937898380
-0.3724725918895957
0.1784218035388017
-0.1504218225841408
-0.1092069964828408
0.0761502647059941
-0.0856441380573141
0.0891240764446412
0.5009858747607929
0.4755492621814975
-0.1010732513303271
-0.1958854868940356
0.0912369791258619
0.1537590682459589
-0.2267983257210107
-0.4327667575128119
-0.4116832886486789
-0.1372129457975182
-0.3398858383368708
-0.2333838444511297
0.5933384120848825
0.0858407419047224
0.0563143314395554
-0.1343927929591247
0.0560946592118507
0.0312426517123426
0.4091440433427822
0.1499604729717784
0.4765431179239838
0.1680913981161082
0.1499582573991433
0.0522742700022166
0.1573521068873985
0.1166393046360582
0.5351158427924627
0.4092751039081276
-0.1296935886259917
-0.4124616101354714
-0.1183831306477307
-0.3450018314325924
0.3108921896129800
-0.2567501573062373
0.6615457086608577
-0.0439421441688163
0.2092530526418941
0.2838087449467804
-0.1746821601689922
-0.0026361920492179
-0.2789442450158007
-0.1940754182519209
-0.0475819238258972
0.1849427220843362
0.0091540559230447
0.5035320312714314
-0.2728121305880733
-0.3753537225719479
0.1930786743942244
-0.4075431603036767
0.1837588254383298
0.1952913559963778
0.0092365998479899
-0.1568655829607120
-0.3573755793906211
-0.0714310289777392
-0.3439960753227344
0.4832816780185843
0.1803016439876279
-0.0525945515488159
-0.0291255704394051
-0.1323581202746840
0.5015179355233267
-0.7473206758513022
-0.0292236300654089
0.0987316212756370
-0.3165628137899096
0.0516775780989322
0.1505192327290711
-0.0144619186908989
0.1448626065507689
0.3614494841486179
0.0755219170663217
-0.0752198262350246
0.3514543067933305
-0.0759317126451104
0.4746798778755709
-0.2629798430333795
0.4768702810595002
0.0834155119182716
-0.3927510251535672
0.1569254409573407
