0.2082092083467603
-0.0676447093278571
0.1744307580389637
-0.3088314685851149
-0.1010661068671213
0.0435105273830348
0.2837923199320233
0.3532766377139728
-0.1309949702963883
0.2588475238447119
0.5550499698499064
-0.1582583000454639
0.2497880627345649
0.0701489037610513
0.3524448035835494
-0.3402004459630009
0.4333166965594571
0.1702847894680380
-0.4814375861704439
-0.0063463555301021
0.1793360720684889
0.1157641818691871
0.3080892219112802
0.3751979698627710
-0.1195392736521662
0.0360000639391717
0.3113657528308125
-0.1008357695744781
-0.0202546746718044
0.1769557155524366
0.2594372498815520
0.3625140353456857
0.2978626557331923
-0.2657016790125784
0.2519976562662209
-0.1588597941424935
-0.0574675109714480
-0.3681965197088503
-0.0730825156544365
-0.1448023424120368
-0.0016234995972542
0.0222104056564842
-0.5781935844569034
-0.2093660419546128
0.0969496146227468
0.1530026092579233
-0.2159272484398573
-0.2463584075546337
0.0679896211241458
-0.0475224216893431
0.0020128975576828
0.2605257407318788
0.1353318298973981
-0.5324574780393507
-0.0948486547756812
0.2608648444047238
0.4301532535275446
-0.1021872280564057
-0.4692097887831087
0.0031931228873260
-0.0052805334866278
0.2716423950409614
-0.2871165891853495
0.0912739669550035
-0.1574265743276358
0.0226598192000791
-0.0797236818284246
-0.4422064697644819
-0.1343142126479512
0.1399474434757135
0.3521820115222755
0.0586349554238261
0.5940626939448888
-0.2432761532980373
0.1761449355054204
0.4083660413957669
-0.1467597269184545
0.1180607430486337
-0.0292834442337010
0.4459162613218913
0.1704033823700845
0.1766119596286437
0.0158009908049800
0.3013985241648277
-0.1916142847746198
0.1289896328590014
-0.5805345603628146
0.0288517197061507
-0.2079108281088942
-0.1109399809416807
0.1338800466799274
-0.3299220960286824
-0.1961206209887494
-0.4845876138631628
-0.3885173751999413
-0.1005324280843476
-0.2958889687577363
0.0676040137717551
0.0791315999960063
-0.2289530397327630
0.2064294790398521
0.1221444777870358
-0.3835167212176683
0.0328048118371319
0.2870384064938127
0.1580943311328336
0.0182180722021094
-0.2187156803639697
-0.2745876534621128
0.1989369569969471
-0.0469453045800220
-0.0637645388369991
-0.1834108929671118
-0.2816993500921765
-0.2984905153538528
0.5444852129865827
-0.0505721639595053
-0.0567855542692230
0.2848382744246829
-0.4691735981558892
-0.0155157028266231
0.2735066865474736
-0.0718701727549888
-0.3864021456285734
-0.3660168550330878
-0.3217727878278998
-0.3714430167831568
0.3160444913506596
0.0711222114703625
0.1716666307884457
0.1291680878706104
-0.1307158838212273
0.2807553857337255
-0.0854464902796893
-0.3750970374434916
-0.1429112813098925
-0.0999243873970730
0.1316802696852273
-0.1588362563054040
-0.0013780770135012
0.5557188082093212
-0.0181115878303992
0.1842788317230877
-0.0111542035648421
-0.0780276321061335
-0.0467379893715347
0.0861310643644340
0.0425731858459429
-0.3498118740356979
-0.6662689183127533
-0.0752875646645251
0.4342771008141332
-0.0025843099292849
-0.0359085851138277
-0.1233855795078699
-0.3708493915134707
0.2498377054835498
-0.0524349601971259
0.1346751447112732
-0.4908732809495188
-0.2895545170640688
-0.3257997246267272
0.2215534214106786
-0.2844123892397225
0.0863708484390119
0.0071673200285002
-0.1152695551467527
-0.1011865923974676
-0.0865694579591035
-0.0361822522927680
0.3088066608868336
-0.5495002716069927
-0.0538057794637254
-0.1574684905679259
-0.5480356485919384
-0.1283643944215323
-0.3031759320708092
0.3596302329545539
0.0128907407211433
0.0661793413067790
-0.1923981788456385
-0.0186165303551212
-0.0991039399276662
0.0887553306910880
-0.2825425635905271
0.0082186372794298
-0.2386341689659160
0.0841022765376107
-0.2378821020002187
0.3771265633794614
-0.0573501761989799
-0.2672198935974841
-0.5984247391312025
-0.3927837506640077
-0.1229669203101573
-0.2632704717527014
0.2203452257276458
-0.0344237443225668
0.3260323725576007
0.0399748091573139
-0.0903029242516211
0.1916784372207246
0.5790664338081739
0.0433298730048823
-0.2129252554705098
0.4575322980107096
-0.2164570237002040
-0.1553756081793329
-0.1051259771942938
-0.2329082151344191
-0.1272411605291829
-0.4354392895202588
0.1765820797880027
-0.0509474141433120
-0.4454972644019863
-0.0504072789146476
0.3214897223069187
-0.2313428235499571
-0.2055099017394648
-0.4901423421258913
-0.1891871425137159
0.0977359488298169
0.0522157560815093
0.1490430303232095
-0.2231218422072939
-0.3810486353876742
-0.5454531672562930
-0.0417930642045890
-0.0482178296055362
0.1658066663745604
-0.2724976950584182
0.0948872897515265
0.2014151580370233
-0.1938904575548822
-0.1609191320260909
-0.0241576627972710
-0.3862830939209275
-0.0028898631232581
-0.2476754531033016
0.3567274493774039
-0.2021481713564117
0.1948474501645987
-0.3979184842195289
0.2315894139693306
0.1848275499200800
0.2012933031741668
-0.1016187437039477
0.1601581345049068
-0.3763910572579453
0.0366285907884301
-0.1670987807467547
-0.2699739784320147
-0.2137294248096522
0.5551406790534151
0.0293142154830565
0.4763290816916667
-0.0357401911034016
-0.3322999833111754
-0.1525582260760894
0.0396736124805132
0.5486462939554436
0.0993534495125809
0.4080761647764599
0.0597467420875983
-0.0390946484629499
-0.2824224837905162
0.1433688768303019
0.0210376306572979
0.0365691101252815
0.2279405562729606
-0.4293326430858393
-0.1371666711479083
0.0988127022009704
-0.5380648264151673
0.2100105934444562
-0.0594236883918546
0.2469574233108416
0.0134274350584258
-0.2353642137064062
0.3244043728054116
-0.1471582907455325
-0.0279826252219074
0.1796406241937358
0.3362546064443039
-0.2456952890676406
-0.0852786388388056
-0.0542596397174370
0.2512347735794618
0.3019020611508048
-0.4494141411420090
0.4175372263180520
0.3022756731918944
-0.2836725961309382
0.2677589640760114
0.2075428634657532
0.2843950770142752
-0.2914465276662627
-0.0372476330584702
-0.0346225063376413
-0.0647449133367798
0.1200107962218895
-0.3293564950170335
-0.2261829327617150
0.1780036959431761
0.2041916943473388
-0.4604067500467312
-0.2289556882469697
0.0979769894839715
0.5813361715409439
0.0187145398804935
0.2153354739238632
0.1048871716368401
-0.0427271888461155
0.1440169479547738
-0.2456617482361370
-0.1216115013824805
0.1340066827067035
-0.6806671235387673
0.0830483277340461
-0.2137261835873666
0.0470793069755836
0.4117451635550405
-0.1515879357037641
0.2874457548231011
-0.2634284704129012
0.1297705402946895
0.2026773433364176
-0.1317838513754817
0.1707043332531779
0.0139533781755972
0.0474866065116814
-0.1335241527476344
-0.5319096129261255
-0.1606240462291057
0.1550717721118890
-0.1458634086769736
0.2072918724877119
-0.0443444802784780
0.1470678280803847
0.3399687150016762
-0.3387685434212676
-0.0788050367289850
0.1884160483822998
-0.4900640373117502
-0.2169867725030564
-0.4466040485754588
-0.1235908298921010
-0.2355306812162218
-0.3143386435434478
0.2736141579871331
0.3374074919676543
-0.1750810571834749
-0.4736217408642256
0.2291344973954663
0.0475063175128970
0.2018163313478731
-0.1603151537214951
-0.1868703429181716
-0.1637029804246712
0.0663155621176495
-0.4126409940382830
-0.1074061977249195
0.1623813694902800
0.3301302370735337
0.3508798526138457
0.0922415893355684
-0.3460240372432117
0.1099398666493019
0.0736413678385397
-0.1551219348876712
0.1874933291431281
0.4562292100764141
0.2380595929176818
-0.2690325144506998
0.1325046255299673
