0.2329482565741464
0.6513514748033644
0.3176916046705531
-0.1888583801533218
-0.0099635401001471
-0.3442206853929861
0.3276358127192210
-0.3986835141291040
0.0377245147585338
0.0380946210379492
-0.0994012987245349
-0.7056984936264906
0.1021565493843883
-0.2250626536625389
0.1223077430587633
0.6427957187719195
-0.4568801958778921
0.1443166441368696
-0.4617446164233566
-0.7022216311382180
0.1648649972602541
0.1173267441079714
0.0533752246775919
-0.1425304739039854
-0.1301932670099513
-0.4753085372250093
0.6052713892092660
-0.1910114149652295
0.4435633551082124
0.1855335801364281
0.2382188766015989
-0.2576301610866658
-0.1042035179357563
-0.0669246745877853
0.3261681979625347
0.3988816009318361
-0.4142900571835108
-0.0302411445673233
0.6030618985891085
0.4277102500774344
-0.1678083199118893
0.6124871863873235
-0.0182447374984058
-0.3578008312592556
0.4649531913143617
0.0181506757897720
0.4602522911141069
0.2000060508151426
0.1555098689732483
0.1820722860780661
-0.3719592305998598
0.2482980941651116
-0.5226801047675527
-0.3134659790328128
0.0580955774428254
-0.6064901008677130
0.6064399969700148
0.5416172646626477
-0.1273725043450577
-0.2273659911423325
-0.1955813932215854
-0.0807293958896032
-0.3980902112545236
-0.2602250696440011
-0.7077060388338602
-0.0330865956394566
0.4093891264101296
0.3150910998750893
0.3053885828866585
-0.0117571930630154
-0.0916450987102768
-0.3596892262493779
-0.3369004709805254
-0.1480187217750578
-0.0390622838064074
0.2724681827609264
0.1035265338834027
0.2460784513682272
-0.8150648774014229
-0.2306960255506621
0.1983561960245005
0.2875126368371613
0.3272005852040291
-0.2141013636350300
0.1919989295574110
0.4335281831655873
-0.7024751661970837
0.0825230429378801
-0.3185455974164737
-0.5533318567949914
-0.0201908248658975
-0.5265749302209364
-0.0410328509206527
0.5222986306681303
0.1778454401694175
0.0924942000068405
-0.4404461888898757
-0.4840758944902626
-0.1927907154626594
-0.1000569779016600
0.6746506545951352
0.0636915113633604
-0.2089630688924581
-0.1470453866806817
-0.1531402305264739
-0.0197207482214530
-0.0039173332989359
0.3654307717528716
0.6622575221432272
0.2581768353915699
0.4731681105355282
-0.3368616966114667
-0.5556329163946770
-0.4597032714217308
-0.3607594585413748
0.4674325440400857
-0.0744577910042841
-0.1819400914936829
-0.1103280529777255
-0.2837004679238803
-0.1463182358520637
0.0626191168882240
-0.3202284423924791
0.0078474478650895
-0.1966051679947292
-0.5714956056049257
-0.6710830320886129
-0.2375894085117169
0.0733392491152429
-0.1115634476130889
-0.3155700314372613
0.7212543020775738
0.0250331673959165
-0.1917289344032859
-0.4993243611107699
0.2750841277376835
0.2184299019135807
0.0246655978871848
-0.0685954129006121
-0.3725418332682108
0.4972706368657261
0.6634063960152993
0.1233464171592734
-0.3249411744241782
-0.4184925775387159
-0.2453020746022913
-0.1179114076301900
0.1004492453825103
-0.8467107558179533
0.0341972843017198
0.1446549528439707
-0.0410376673295565
-0.1156921440205783
0.5019032170617318
0.2911462759000480
0.0649299656840567
0.0971861425457663
-0.1303616842790070
-0.5046058899285362
-0.6038708594718336
-0.0585268048890085
0.0843964733198277
0.4356580668286522
0.5420864314960898
0.5213905653633557
0.1161834948485493
-0.4055140232542444
0.2366597743906431
-0.3386723955747256
0.0451365870131166
-0.8180194313879190
0.0788058796227503
0.2097171864543111
0.0433573921414905
-0.3961255285001939
0.0715607722147627
0.2433497072733779
0.2150323885575907
-0.2654837635605557
-0.2719999763446403
-0.2311280833104950
-0.8256495976959625
0.0918569250074477
0.0807541469728029
-0.2462668040274736
0.3759702391368042
0.1509672173840295
-0.4102805575050578
-0.0239542248757577
0.7339989631178566
0.0459175778186028
0.2558145758668884
-0.8719108015275944
-0.0210758788515051
-0.1815879979552559
-0.0018706976255891
-0.0938562045048617
0.4186216948338545
-0.1360611866733374
0.0615134454453356
-0.2504259258653842
0.2282289952654582
0.4184860579255570
-0.3921237052547764
-0.5089058128472221
-0.4265643596882506
0.2732736537756471
0.2017077869591212
0.0238052409883032
0.9502325585710381
0.1342294487422502
0.1044996518722262
-0.0224249760843015
0.2054702528286906
-0.1232929845176092
0.0981407591209488
0.4468914627559807
-0.5493423745541294
-0.1151848783950327
0.0000623786062290
0.0064258308526174
-0.3151782912881508
-0.3269233232846216
0.5281911680671645
-0.3176247233499123
-0.4022005205892691
-0.0781690436314215
-0.0399149930914352
-0.0856330441943651
0.2419259958113184
0.4752021575596949
-0.6617910350270627
0.1680222207523557
-0.2908890675528397
0.1887002288495631
-0.3495682230614171
-0.0033508328262318
-0.5710241113057914
0.4252778453587104
-0.4715987226905378
-0.4422124858345944
-0.2593157910463812
0.1800316244627351
-0.1534342533775277
-0.3503729105409686
-0.0036163092330163
-0.0642046695427043
0.7445491845709465
0.2355420668277785
-0.6335305980498014
0.1362878832019268
-0.2410689786985968
0.2193359250474708
0.4010460978441501
-0.4791811474420245
-0.1670613175286488
0.1206359048202117
0.4481343074958667
-0.1324359045024955
0.0297089139872751
-0.1237122933683569
0.2399655720101862
0.3352197875513661
0.7621943448327955
0.4537890572135117
0.2151989521268327
-0.2985320227230735
-0.6521631241311332
0.3098027882586282
-0.1860390878948133
0.2291875247268475
-0.2240793657640125
-0.7241704166127415
0.1453298669716879
-0.3476384201888974
0.0876508649953869
0.3973798472234675
-0.2942613126912514
0.2847759119868232
-0.0179863550781277
0.0134914612900258
0.1965494479857429
-0.7904830657693561
-0.1734260475204091
0.1061197663598479
-0.1674058174468233
0.4360754033196019
0.2771251591509276
0.3509612058647457
-0.3216673533051997
-0.3101485599090144
-0.0656602097876708
-0.3332353704318246
0.7129325828892116
0.1345233520638096
-0.1882491469574129
-0.1816440522771091
-0.2149882622005989
0.1888394890853871
-0.1454148289722356
-0.5302008297897807
0.5796886765879101
-0.4824156339291772
0.1187557776782190
-0.2637863349309532
0.1757759271340022
0.1216640761535687
-0.3545933146632759
0.6107002045241238
-0.2328729528943038
0.1214552980127460
-0.5630675672624045
0.6114741575675678
-0.0627473794733815
0.0159566698848692
0.1995670505262613
0.2887667335562606
0.4481276018443502
-0.1000003633910987
0.5365406335076758
-0.2834199196993774
0.5527385246080495
-0.1478988586033825
-0.3639164392875787
-0.6284250801911594
0.1148093600925917
-0.1462859436946710
-0.1741986724145905
0.5434264522227570
0.0924412483100090
-0.6333633237718134
0.0907338319450726
0.3260246732566471
-0.3426251636243173
-0.2502219416226825
0.0215747094219266
0.1017122222420020
-0.2824082537506657
-0.0687015727676748
-0.3938591839878596
0.5155600877283923
-0.6581808893728838
-0.2258846873409573
0.0052019206499551
0.4762496097393692
-0.1337477608636268
0.1968850453833945
0.1884279365878025
0.2458509291786704
-0.2752947852598508
-0.7192556620263773
-0.1657420639983143
-0.3798953261785135
0.1122335340142770
0.4590524982951593
0.0283902878745680
0.1916843404249051
-0.2941278613470821
0.7041752258309275
-0.1114950065921432
-0.2574398510178271
-0.1942677640152001
-0.0914724767321248
-0.4543398969881816
0.1551191778583662
-0.0522230059745682
-0.7122972906240528
0.3834529580729185
0.1521469998027363
0.4864775068514146
-0.3572775069497311
0.5329593439544228
0.4856234392988155
0.1240931575586443
0.1359800291749752
0.2424422438734686
-0.0976730063695766
0.4212507885501234
0.1629348898584208
-0.7154227108650635
0.0440685892392807
-0.3823845609916800
-0.3471693380079327
-0.0770959215700135
0.0486120110556614
0.3961122655889475
-0.2716674879598815
0.0586461545003693
-0.0963759296960575
0.6323098652197439
-0.3567434872681786
-0.4765704027651643
-0.0780515333305517
-0.2226112148216260
-0.6688797667086299
-0.1446301823881293
0.2489146604437627
-0.3308566137262811
0.1314293435177609
-0.5360372131138008
-0.4277983570009437
-0.0257836225299966
0.2941877579796378
-0.4717715327425713
0.0940820617566297
0.4079503158225415
-0.3343475328229399
-0.4691969600032448
0.4563819141195341
0.3317829639970513
0.5077318063593034
0.3088629560812824
0.2186636185319353
0.4760423978136307
0.0397216450171810
-0.2289972680388802
0.2676104541653879
0.0618475740200995
0.4483832402834449
0.0028468828277128
-0.4567837828458072
-0.5739979162574955
-0.2579693123770622
-0.3447182751655914
0.5231107470915064
-0.4949203511825882
0.2205525175704375
-0.5745406534531780
0.0984774340824544
0.0547430599448358
0.2696514349594819
0.1313853598172613
0.2030323680250441
-0.4436357868272172
-0.6149279165432190
-0.4845534036141200
0.2975460105673911
0.1259016461315748
-0.1076993624235769
0.1818042824371074
-0.4527082764019988
-0.0236384596597205
-0.4815017251492594
0.4574033599223348
-0.2084380435972416
-0.0191545047704730
0.1905012219394669
0.5228103538378098
0.6106799628839243
-0.1578492126616198
-0.3916493143862490
0.0945353290159940
0.3307071189886882
0.1876669357600872
0.5417151269165407
-0.0422627382599825
-0.1772593887291621
-0.0053043422463897
-0.5841428134748544
-0.3364506192751756
-0.4139265490064268
0.3929923558433276
-0.0607688821636020
0.4297186178799532
0.1080279017707451
-0.7040157043511521
0.4849803038320065
0.1220080919268794
-0.2159378158289133
0.3204043897818700
0.0851052260773028
0.2933751490212070
0.2118543490094689
-0.4212282538435454
-0.7797276990862252
0.2396702679597460
-0.3262901629213174
-0.0653017648163687
0.0349674965781720
0.0177497656097285
-0.6552067051523679
-0.2193658065579791
0.3005153680073309
-0.5438923505549337
0.2170631700652192
-0.2691485932774608
0.0379369270692472
0.1243295843246394
-0.2614872206809017
-0.0063280954914310
0.0908947558768229
0.8167890025514580
0.2160773242636674
-0.3604254153050199
0.2730812883330032
0.0707741280183732
-0.5214000867212819
0.3926688708507008
0.2812203860182193
0.3731878304079575
0.2124485490399165
0.3224093949421062
0.2974240441396820
0.3435924608988628
0.3139250202645290
0.5523072299604692
-0.2964071840578200
-0.2247981301646305
-0.1862370795182695
0.4296166480629044
0.4637019609850514
-0.1540849265730629
-0.2605261492672414
-0.3235624699761468
-0.4844028737552267
-0.2705144155944257
-0.3601244404695847
0.2197880351973780
-0.3551735310623232
-0.4641816780286229
-0.1439389854447322
-0.3301361193274388
-0.1862757722801896
-0.4058340014236946
0.5006005836582230
-0.0784540190644751
0.6434991452601818
0.0066845880579841
0.1500982889035242
0.0853335006939112
0.3118933633992921
-0.1146480239641873
-0.5579004289875736
0.3130741643958580
0.0679711614422585
-0.6677414603958989
0.4085530218695694
-0.4595182899178168
0.0978092665859072
-0.0333097524259568
-0.6333892006010390
-0.3399472983609436
0.2871906339864036
0.1096661842367874
-0.2404702715508636
-0.5013180311220624
0.4740052379310990
0.3530098266419963
-0.3002093903354566
-0.3189093297132754
0.2364032757692516
-0.3063364644668227
-0.5321760402323682
0.5412948710985219
-0.2329814950341818
-0.1962148467387254
0.0021599109903113
-0.1344035160813664
-0.2125096574251671
0.5174732425608937
