0.0284685376919701
-0.1105625709647201
0.3931724122795845
-0.2147926242464193
-0.0111656518699537
-0.0527190915134461
0.2360704985530128
0.4466289581146933
0.6391107817715421
-0.0898761430429198
-0.2838892586848248
-0.1760708337233915
-0.2466792782883299
-0.2205933524305256
-0.2015772841451612
0.4645000011239883
0.1323921870011434
-0.1395106562478933
0.5532500943363413
-0.0127659038432593
-0.4464053688479592
0.2057184702773885
0.1809248009091915
-0.1285421273191606
0.2337708923530688
0.3349018234145451
0.0736693957526598
0.2530984779400327
0.4460616603360633
0.1377336284203485
0.4028599775235477
-0.0462070706517687
0.2220325405379416
0.3204045284288741
-0.4428831268044471
-0.1822913386979827
0.3842764242160439
0.0310832816991772
-0.0047095333135108
0.2440267955552082
-0.1410001211169351
-0.5896619522618697
0.0672393079892432
-0.2492850183331772
-0.3783944725272385
0.0712562964122301
0.0247337407345223
-0.4568109140385927
0.2686297467301536
-0.3487764244476692
-0.0922471497325411
-0.3729456033816081
-0.0592161424853191
0.1514133106267196
-0.0718284828318638
-0.0423167662098219
-0.0031029123624307
0.3105689542617286
0.2070299413669021
0.6970569728170277
-0.1590809580998977
0.3527188733607222
0.1933223523967616
-0.0865869174658793
0.2643118154472096
-0.6846463573211269
-0.0530376034848955
-0.3678659111587340
0.2180997735696379
-0.0029122888859081
0.2599583719385243
-0.1162660087039020
0.2749041949554948
-0.0595334996693004
0.5067101796342721
-0.4287813420521970
-0.3280048683774671
-0.4539832361871617
-0.0510312211154637
0.0778527443049422
0.1196216515902238
0.1274113774830616
0.3284295659734990
0.1396875598843312
-0.0726756223822755
-0.3576896873774909
-0.7861588333428445
0.0470893330840386
0.0234289557069207
0.0259737427115468
0.1012468485819604
-0.0575550852947540
0.0308250571931789
-0.2613817069500338
0.1920306391455000
0.3543724230313741
-0.2448627989357327
-0.3268562104825060
-0.5456062025287205
0.0415839464708357
0.2156332734004507
-0.1850522943479015
-0.3504654623644308
0.1497724285335753
-0.3263754420128329
0.1585307640854927
0.0399628541528645
-0.4177822777498510
-0.1601352567526965
0.3482187393409401
0.0865710619848031
-0.5219261839439865
-0.4915436037890679
0.1289171517041407
0.1179576039013541
0.1581498463883150
0.1904799906161965
0.4313710488310878
-0.1536877375060175
0.1733645665708519
-0.0140565676650457
-0.0125029184168673
-0.2113666777670643
-0.0096724360921240
0.4636225990216843
0.0145281656879464
0.1388961706588439
-0.6292157568839167
-0.0876755241268878
0.2455427502663903
0.1214435337827527
-0.4917197300828779
-0.1118723287698042
-0.1863351326853835
-0.1200571483731333
-0.3810501619819234
0.3658329578879021
-0.2818874658983076
0.0377706581242577
-0.5319157163537787
-0.2391843958844816
-0.4596207135419411
-0.0490050983334186
0.1569513680087984
-0.2885549947433909
-0.2320735259070633
0.6620579721761514
-0.2597538143192940
0.1451219293845716
0.1144333732917518
-0.1912108263498280
-0.3656537685340991
0.1734897964758806
-0.1799325069035611
0.2298707623315170
0.1932627156017625
-0.4218363277800789
0.1418432324297378
-0.4181835466064136
0.1017377857256349
-0.2461781385856723
-0.4060503852126051
0.1175847731833040
-0.0182879582408637
-0.4185638105479525
-0.3849105387640432
-0.2301165904208621
0.0275663416734308
-0.2236626583249901
0.3918223330008813
0.4127291066831413
-0.3955684739821038
-0.1460301836936499
-0.2627869520195213
0.0780186005369940
0.1246985534240121
-0.0719052093848945
-0.5839338404948093
-0.0998349079715454
-0.0386783596117724
-0.1159013177096279
-0.0320185734520207
0.4536649029975622
0.5216946633347763
-0.0991507923119278
-0.2627390426644611
0.0039821440188956
0.3369832417528548
-0.1320732825897784
-0.1859395264496524
0.4913117501790363
-0.1473912730102344
0.0844651147657105
0.0043319073871773
0.1999236419690626
-0.2024987570610238
0.1115306574997304
-0.2563204775880600
-0.6281910402157538
-0.0485478745289582
-0.1556806836153002
-0.3496411030237636
0.1357847295877708
-0.5213718892027285
0.2234740994522810
-0.2231744578810341
0.2515535750714492
-0.1053028071681866
0.4483619951150089
-0.3112700496467674
-0.3141824649343052
0.3659047700270103
0.2250999838548215
-0.3598971880169183
0.1674314077943536
0.2951963692756371
0.5055025296612083
-0.3040875850496859
-0.1487263725498975
0.3994615178886675
-0.3104863138320001
-0.1526115439183101
-0.0907523969376219
0.2364443098027349
-0.3716950297610735
0.0181097513060893
0.2429547672456295
0.2982662806755729
-0.0523036382550540
0.4389460101756564
-0.4654080372191063
-0.2734914857443961
-0.0193420585633462
0.1600481879623252
-0.0393836693708397
0.2978124717769643
-0.3296961570651609
-0.0104690821156634
-0.0091007144855271
0.5367156002640536
0.1287317842945057
-0.2687326452798101
0.1269541478344144
0.0355511226921682
0.2590887112317353
0.3586846025717375
-0.6308924765105095
0.2453440395751334
-0.3888858809565273
0.0925300678983119
0.2630117184877210
0.1042105084883142
-0.5066513304485709
0.2339839471225590
-0.5493265517702483
-0.0373567170000918
0.3307147999436756
-0.2496629647177438
0.1366291085643532
-0.1335655732880492
0.1031097309953270
0.3663154253849686
-0.0556061946732171
0.1711109293516799
-0.1187534159296787
-0.0970286779033632
0.0451578333757951
0.1325107252096379
0.6559602840672329
0.1427853709560507
0.2459946439152937
-0.1650509089185945
0.0524133849211884
0.2005951656820243
0.4781675978258291
0.3831816551345725
0.4235851603804419
-0.0914446466032652
0.3306672057872884
-0.2916826336039324
0.2260703404083516
-0.4110870854791348
0.0046715781132480
-0.3122104261513424
0.1972057279264225
0.0424197788485335
-0.5093909105912765
-0.0052657123424772
-0.4428325893069917
0.1170578691015973
-0.2403459524871751
-0.2070600969770824
0.2904153325573570
0.1272557037691563
0.6060614252836414
0.3293652186186439
-0.0670281205941362
-0.3239086807754173
0.0603502095151840
-0.0133403258064860
-0.0828303621072243
-0.1983386744464024
-0.3305128417358162
-0.5791425490922950
-0.1898276816055707
0.1734963608439078
0.1837473495226821
-0.0077516700328445
-0.6134198474821165
-0.0634329139568708
-0.0120333422610782
-0.1695432471432435
0.3465910607270124
0.0141628935591777
0.5632598281427034
0.2179062509197228
0.3273896811649682
-0.2530833169984150
-0.0768152694982170
-0.1702252693349751
-0.4452130482690775
0.0749539774840870
0.1181553580955933
0.3017009090473943
-0.4790651586894866
-0.0500244373177104
0.2567686737226720
-0.0735741370411760
-0.1375967704083927
0.0832519169534963
-0.2447327130892876
0.6273782741194992
-0.3420173225269054
0.0526142068039289
-0.1071951776885007
-0.2933505779302371
-0.7188704403780926
-0.0082450376489652
0.0070777157707669
0.1121273998052741
0.4096668466653305
-0.1236339005275246
-0.3013835716566252
0.1424608394747946
0.1212452368125480
-0.2916926955651304
0.2721575742253482
-0.0494010676849175
-0.1483700593897944
-0.4688285130922357
-0.1895842400733539
0.3773665714509080
-0.1028830371165524
0.1422188745510743
-0.5468697280328556
0.2417338930989318
0.3949698727562875
-0.1361247303598032
-0.0330136852857329
0.1261130021940652
-0.3014890390491567
-0.3708151615335817
-0.3441394132194738
-0.1344641039439865
-0.4015592607286955
-0.2923722820673558
0.1893122046425224
0.4582928434979429
-0.1055785439331925
0.3226724853561046
-0.0113173396338622
0.1645985054060883
-0.4384338443268455
-0.1243605843145838
0.2161925894768133
-0.1060177025319082
0.0246181228091931
-0.3600691595641927
-0.1783723205878680
-0.3483268080005267
-0.3277098584952629
0.1568623375928144
-0.4515460340253893
-0.3391662623332543
0.4401563569691431
-0.2774183908997755
0.1278018865663077
0.2167039766990967
0.2115188065470712
-0.4370244744776492
0.4383267555466381
0.1237724363576105
0.2142084979681366
0.3807716892962708
0.1693411089668747
0.0572551611663625
0.3632413586718178
0.1773940519008771
-0.1364393105477628
-0.0465105866178633
0.1272200904905233
0.2596269605454889
-0.2953941404040916
-0.1678971853331647
-0.5215555899685212
0.0791938883042679
-0.4169252903361612
-0.4057724354631840
-0.6489103945651640
0.1583628143885561
0.2669502215698554
-0.2403843635012052
-0.0855268028870279
-0.2368589787375499
0.0994040439513374
-0.0516819613360251
-0.3589184371943440
0.2455282020812427
0.2898151164370189
0.2751743313599119
-0.0141221258110359
-0.1464090200363810
0.4298568934473916
0.3452373151648896
-0.5861168358968003
-0.3563105288892002
0.2562972771311159
0.0446426792838802
-0.0203140421914313
0.2358219441287601
-0.2774957361664761
0.0565621530461575
-0.2479803476404014
-0.1477396609511031
0.3302078538526908
0.4558501224727080
-0.2539088585182074
0.2589528081793701
-0.2038400774066280
-0.0956225858428432
-0.0624692557795670
0.2859527371046596
0.2162222690227824
0.5340393357110910
0.0900490162585798
-0.6102475863082422
-0.3995212578091472
-0.0061818181803009
-0.2227311623730142
-0.1550938310308483
0.2584201462402877
-0.3006936913440387
0.0016892513194674
0.0780759848762937
-0.3658117838565035
-0.2984220140219106
-0.6507590685272751
0.4852289889634256
0.0667376947205204
0.3376642988271911
-0.2335878371058116
0.0401581835023329
0.0609863998505842
0.1549032135236461
0.2136408942845573
-0.0052036346623152
-0.2152907031623606
0.2160658791543997
-0.1847414969372722
-0.0544671881925254
0.4368694420751019
-0.1092788007816358
0.2356266941920353
-0.1621908958784786
-0.1475338509945995
0.3425591656713462
0.1310055406781273
0.4945490352917363
-0.2638952116383006
0.4558359478826103
-0.1966678767476977
0.6067152381332352
-0.3289786121620751
-0.2345169279831291
-0.0816079858090531
-0.0917498675337023
-0.1749928138450381
-0.0241276679382287
-0.1931586192032354
0.1278901027164888
0.3532407218233733
-0.4530624464732411
-0.0456800329536492
0.0429001393944091
0.2672611268107162
0.2077843643021693
-0.2745876226124674
0.5225396053537412
-0.1135124630894162
-0.1832182337967293
0.3505211240529393
0.0446377659785964
-0.5888860671995438
-0.1221706587058961
0.4650243072035920
-0.0409486593372355
-0.2655359838476596
0.0885113315382398
0.3990090614662238
0.1992791484103321
0.4866821293638639
0.0389208842051980
-0.3913051884052914
-0.1973353083927019
-0.1221812869100065
0.2438196152990852
0.0584886405859107
0.2971427480533425
0.1892093646391436
-0.4589036553262513
0.2994771444181805
0.0408335222575236
-0.4450665332258586
-0.3688388626186681
-0.1718656874740793
0.4323370239909461
0.1136884112061039
0.0838694451608121
0.1521997948233786
-0.0074418211928113
0.3636861704118227
-0.5863658562105364
0.3868367697090894
0.4030849010911027
0.0597079237858939
0.0527941223659585
-0.2232436708156247
-0.2157166240342709
-0.2903326079261733
0.0393762974355267
-0.3185938598718805
0.2503293416080804
0.1380449344782752
0.4892054858279552
0.3355924389036716
-0.0704897529174352
-0.2832668904415333
-0.0453289508715229
-0.1981594441941565
0.5426632976267635
0.1061899416713902
-0.1803937441621996
0.1567665394115772
-0.1792634496877344
0.1712215278539743
-0.0429391801026450
-0.1587418832088072
0.1667957425797212
0.5310474544659370
0.2794023844056445
-0.1792181257121718
0.1022636927530813
-0.0889513338092281
-0.6697328177557104
-0.5587066087751694
-0.3848215544976271
0.0384074442629201
0.2699598133732950
0.1119095281027675
0.1655521512179342
0.1806925137942406
0.2009399350493169
0.2953810131364554
0.4056145028005554
-0.2427941402872787
-0.2042691906288160
-0.0805894867683711
0.1783446580170427
0.0657376763281731
0.1098581668318544
-0.1616802242479482
-0.6691138617182405
-0.5156527969480920
0.2722186431999850
-0.2945398208432459
0.1365093751497841
0.0028401942329953
0.1614218846336524
-0.2171948810335836
-0.3803814662166041
0.0120195660844347
0.5037428404942924
-0.4303814957253941
0.1255500244483546
-0.2103505401508392
-0.1231318159721170
-0.4290308202382840
-0.1513473786898592
-0.0741061447566544
-0.2852542299495771
0.0614265930282936
-0.0263766965325727
-0.1346575269059276
0.6369774957744131
0.1079696111529560
-0.2933260291196470
-0.0155157210536457
-0.3766793547466473
-0.1375123474055705
0.1327288952787438
-0.4591184339596724
0.2907164459696563
0.1868543056478700
-0.0324745914747222
-0.2347797800181914
-0.0579689475234513
0.0464419959944565
0.0875934730023082
-0.1128587183779335
0.5814474761246824
-0.3598035717368487
-0.6165747435324695
0.1361020928622554
-0.1294387414903167
0.0012934931438045
0.4154218882096466
0.1753832182196571
0.4069663494380139
-0.1567557191589328
0.1700272133871225
0.1457650196320815
0.2374669170006041
-0.6604189755398818
0.1139674246635167
-0.1966625297064561
0.1100207468451745
-0.0316572189486701
0.6637797901298857
-0.2329859670500372
0.4123266351111475
0.2228505622199377
-0.1205735211702075
0.3359695450963908
-0.1461328762231304
-0.0943155305702991
-0.2384204854805478
0.2359693153659524
0.1193588329650549
-0.4551019368559823
-0.2929116309230656
-0.0589912538095959
-0.1844233255899161
-0.3536952325075670
-0.1419558957502055
-0.1060131038375382
-0.2224554240355194
0.2853664903998206
-0.1817860583783805
-0.4813798675258278
0.3426504094033629
0.2679447371697938
-0.0233847030749833
0.2821195343929846
-0.1125777404568318
0.2356939914682596
-0.1518948565314213
0.4688793773325280
-0.0724928701104856
0.1629456992689614
-0.4959566862664354
0.4702553729935079
-0.1949419169937330
0.2929648239544022
-0.3340437400866500
-0.3299862745721728
-0.1070117947469707
0.0456727556483792
-0.2236711227520128
-0.4107113012196018
0.0886659940013569
-0.2268314391904533
-0.2533985581373328
-0.5219933382035574
0.2558189723411952
-0.4693231977853025
-0.1745735994060412
0.3668110048184808
-0.0913697489082961
-0.4795890093019396
0.3917410704072978
0.4031625818611759
0.0217558990770956
-0.0950804796720126
-0.2217182169785575
-0.0286997070777941
0.0292923360903975
0.2089534901662823
-0.4122777270072422
-0.0833561814087265
0.0160284091220225
-0.0800770897829329
0.4697892470900618
-0.3366380509141236
-0.5364242660903128
-0.0531414953273022
-0.3246582789723539
-0.0186106614505244
0.2059041790959178
0.3511017530959460
0.0223656593840542
0.1651459662771271
0.7348156849511881
-0.1582816845922651
0.3084640927804469
0.3259518819686154
-0.2451571867775016
0.0101098652555158
-0.0049432565638700
0.1304035827551980
-0.0729277167425192
0.0544872386578653
-0.5247703802634825
0.3102460135084133
-0.1566055849717644
-0.0155277362483444
-0.4742406072921259
0.2035336111146584
0.2427260262856371
-0.4087883685978580
-0.2981421835766569
-0.1190929271566777
-0.0721273496272914
0.1048292581794432
0.7804677997269170
-0.0794916885489250
-0.0846121822245046
-0.0499543893098074
-0.2593167787744636
-0.1683801507125372
-0.1651169745445575
0.0027163220882174
0.0865093122227569
-0.4753723923155033
0.0870426114331929
0.1448194641597476
-0.4598686902817318
-0.3606024164916142
-0.2552929517987595
0.4625722459529863
0.0778470699247038
0.1191289712872914
0.4952621240329966
0.1864328535824189
0.1535837190065652
-0.1830491912211570
0.0312699554260399
0.0920599512125478
0.0567310010304937
-0.1551130874522648
-0.1961926779307894
-0.0701926237761888
-0.1377059825372754
-0.1206347553283105
0.0228165390964638
0.1968836711507892
0.6562783571066839
-0.2793556775356704
-0.5824839782171830
0.1471577801447754
-0.0250763273482254
0.2351140119210724
-0.5130458470536227
-0.3229100273405098
0.1675335785073717
-0.0371750021897535
-0.5802413085810163
0.0203242835467173
-0.0328679282767848
-0.0398402837732893
-0.4309758203087631
0.1404133944553757
-0.0529222370376985
0.0480077512871471
0.1560853035669360
0.0216379068521366
0.0268234468537574
-0.3184556301809638
-0.3662096573734815
0.1454925085131827
-0.0348220531174294
0.8241742258494432
-0.1116286319825589
-0.2605968838111684
0.3667869018057026
-0.1880566852380277
-0.4364046017407365
-0.1698347335021351
0.1275537427002567
0.2163681668152320
-0.3785825741634592
0.1842709758855209
-0.2713023374800694
0.3998720918890217
0.2627359049102796
-0.0478997757333741
0.0131729546928170
-0.3585451974004271
0.3249840633755483
0.4175507425208542
-0.0150919345467390
0.2421502201516103
0.1693672325116325
0.5176487072698537
-0.0232508133383258
0.3052584813324503
-0.3738728155425576
0.2921819281181950
-0.3506245658308895
-0.1266430302127019
0.0037568876657576
-0.2473729158408328
-0.3184826772301505
-0.1545531447855827
0.4855685579559740
0.2566134601853862
-0.0045036655549257
0.2760314556011423
-0.4596600632552013
-0.1465508388865739
0.3370880874993429
-0.1725333428578331
0.0622704886763036
0.3199849283479571
0.0968161152844124
-0.3994809933484252
0.5080296040077963
0.3553339962052893
0.0437807064029592
-0.3660496471960912
-0.1990851683618657
-0.1860240245600869
-0.5990915789324071
0.0538386067625765
0.1403056324587338
0.1501434074318315
-0.4982169480020471
-0.2450698583222607
-0.2998502735227297
-0.0488576972578890
0.2511249209740196
0.2358155413970010
0.2052016425850118
-0.0735477356161843
-0.0831184452542373
-0.0385478816205440
0.1319631434839964
0.0380198990303597
0.5680824340994501
-0.3158326504651645
0.0061556317616958
0.1108389298555149
0.0747827495295206
0.1747494916679118
-0.7045675353256532
-0.3068600393530691
0.0641853445368392
0.2831685843107569
-0.0002369888056015
0.2309155909320054
0.2443183381954945
0.0966232866242968
-0.1912027503557902
-0.5774661905277184
-0.3224109367071715
0.3418409488268976
-0.3291707689164066
-0.1377538318310258
0.3339461007336598
0.0035211560141506
-0.0374607872509444
0.6482734550410383
-0.2719607549634465
-0.0629344710444148
0.2122279491982002
-0.4838794984763633
-0.1640814028571579
-0.2500605374261993
-0.0356826497710165
-0.1037464997863585
0.0649661984112607
-0.4143194355795135
0.1614718231286231
-0.0597371511916684
-0.1424347894673030
-0.4892803808863451
-0.4885407777999316
0.2862349451375383
-0.1311818996309863
-0.2933429577107791
-0.3164956679936204
-0.1544710171434756
-0.2665152779707322
0.3657583688227770
-0.2767698705155811
0.5802552362669271
-0.1821074758847815
-0.0058260711894370
0.1981291377006560
-0.0882740246535214
0.2842475960977354
0.2327364462680969
-0.3779205509687656
0.1110327526159548
0.2985843586278351
-0.0511367164434084
-0.0445503583351879
-0.6694724830728226
-0.1787089274449457
0.3971184778857249
0.2646397601983282
-0.2294137206594949
-0.1379755085736930
0.3332807218934120
-0.0575143474083515
-0.3868573150159859
0.0078929475290195
0.5621233619104732
0.2331093187699013
0.3478959894988746
-0.2607401450003372
0.4866018593880467
-0.0414308655631210
0.0246889177577783
-0.1200106809143895
-0.1797157892796269
0.0716358198084561
0.0221200018643700
-0.0516495118584201
0.3499265712664059
0.3670444972796257
0.4322842043422970
0.4967692284546706
0.1096134102087805
0.4477940900951102
0.0754283548981573
-0.2730868543779465
-0.0417023450325925
-0.1071628030516274
0.1979168201352122
0.0049448464583141
-0.4713122902368431
-0.3237819308020959
-0.0972586731634291
0.0553998144331210
0.4810119586258141
-0.0358266961782154
0.1206885183573012
0.4147472804007988
0.4221915267375815
-0.1543480204015136
0.1702069207967203
-0.1797730782454413
-0.1867045110419695
-0.1846600558467371
0.2530472672491600
-0.2850791278980951
0.1072790133332965
-0.0373458664277641
-0.5057594193548889
0.5995103262402268
-0.2736843668713487
0.1464187505453995
0.2155102103760977
0.2367481652167836
0.1750365864916936
-0.1618666655394869
-0.2564944221763272
0.6891652851362373
0.0003544115294756
-0.1700508107439747
-0.3047444564875774
0.1205335635885842
0.3813090763344272
0.1349715280109825
0.4791815210379979
0.2454898302523562
0.0774398327647663
0.2240062113096039
0.1695185401523325
0.3617283603271788
-0.2742311147798094
0.0890645667007036
-0.0002380372072930
0.1428810099032214
-0.3314902787111746
0.5300227492536950
-0.1493972856305996
-0.0004716450929328
-0.2254977428602799
-0.1273331985306029
0.1600448824332747
-0.0262597306528084
-0.3401498665291362
0.3920070703990090
0.3134021836330650
0.4762784761603755
0.5243519383502969
0.1222078946427882
-0.0000534853669711
0.2209599444279711
-0.1356926136423543
0.0268391588654863
0.3391114389263169
0.0224838066205674
0.1111548859269334
-0.0636198270400900
0.3934467113929073
-0.5800156889915036
-0.4666137703066408
0.3019800801396908
-0.2119645531140459
-0.3862335665753712
0.1410908352914744
-0.5964759482174929
0.0870681405748937
-0.1076934951957565
0.5557751972993760
-0.1230131437864745
0.1024223302289061
0.2052187128135445
-0.1258106350394930
0.1362866701955130
-0.5194130414362218
-0.3224603834156065
-0.2466477567277268
-0.2928448478934926
-0.0629860825257383
0.3390127557467949
-0.2110798364512627
-0.3795136139054154
0.0084573316887165
0.3416493162730795
0.2352829862238044
-0.0003628422368768
0.2676557606830094
0.4708024354985486
-0.0110281941217683
0.1345835459361364
-0.1632550751058539
-0.1805452003283534
0.0589527941727888
-0.0241722992886751
-0.1068369500316614
0.5939696272607364
0.3278016631220870
0.3917838758173534
-0.2130097607243878
0.1950090031091964
-0.1260096469781931
-0.2515800684213938
0.3145693411191043
0.5349745379682852
0.1310313761844860
0.2597568062247441
-0.2237463220347811
0.5419895615344575
-0.0329589844085742
-0.1507697778833588
-0.5074251743188297
-0.4905047430989622
-0.0809189321820985
-0.0159918211777001
0.2743490331283270
0.1298775878509869
-0.0132397920141925
0.1134793046274660
-0.4533646074793044
-0.0427691205612894
-0.2162125244000576
0.3685325390833345
-0.4746940084439433
-0.1936922813980087
-0.0808727179222157
0.3935050551022599
-0.0041003088346220
0.0404298066261936
0.2214483027145195
-0.6264522413940955
0.1971432244067596
-0.2670066922347407
0.1456463767649638
0.0354716586517399
-0.0056424740629892
0.3967824404569570
-0.4090093246743459
-0.0970223288551733
-0.1250046529020108
-0.4396498080103464
-0.1341453537726549
0.3302890942617715
0.3719048497958018
-0.3805788767397312
0.1884528883498604
0.1056310984377564
