-0.7058369500799282
-0.6077570002776053
-0.2248388024776770
0.1515294651869082
0.2425920843369814
-0.0078130156178388
0.1458638407113529
0.0844000857992536
0.1383162163389355
0.7264091945283142
0.3284350183969552
0.5629645731154049
0.5955861443128883
-0.5130544901629763
-0.0817031707229896
0.2723097308644826
0.1851025211392564
-0.5166829722995817
0.2578386905069502
-0.1043117304402215
-0.2331639738576983
-0.5691016782390552
0.6400657093531782
0.3670313357205598
-0.0842974942089248
0.5177059159904767
-0.7323799006997177
0.2256946146485700
0.2224036889769072
-0.2968042083895146
