0.3552201612332699
-0.1578315832754157
-0.0276584318435237
0.9164143559643494
-0.0912555078041286
-0.2281714076587122
-0.3816214680161849
0.4869736442694815
-0.5802477456444988
0.4779875388936322
-0.1990915309321444
0.4782539881588665
0.6476351334736659
0.2211996469554893
0.5131034351849026
-0.5338497081928955
-0.6693084431345349
0.4792425418256060
0.0197715802289773
0.1922663978207507
0.4476193391127388
-0.1572973837864390
0.8701863157740461
-0.0856678133623390
0.1016428152872807
0.2668159895958419
-0.3478533071347069
0.1555529003058716
-0.2034135264948271
0.8615297655083130
-0.4076351828768876
-0.6925257847277972
-0.3190708622061444
-0.0492552057744933
-0.5000093046766378
0.0664272158609486
0.2854336187894734
-0.4683522933690624
-0.7433661694299711
0.3770516432806784
0.2621414003968020
0.1323223923227594
-0.9023381478338681
0.0431012631211605
-0.3125713018962076
-0.2324571618326101
0.7710955266023707
0.2573136366558042
-0.0935669754534289
-0.5257473445125542
0.5889701436253568
-0.5826130951128689
-0.2825763910973033
-0.4773421246954682
-0.0772737374958009
0.0469243732718363
0.5658357198171925
-0.7357411301640238
0.3441902914487703
0.1335891987751284
-0.4777272724096890
-0.6656400301011243
0.0807739095127966
-0.5672410038846850
-0.0203278768415868
0.8157689548619677
-0.0427740697119775
-0.4724800383864531
-0.1292811261125887
-0.3045330770229807
-0.1667197148277216
0.2850557600797106
0.5388906411248470
0.3605322311374418
-0.6859745895820424
-0.1565143287225950
-0.2633924801183158
-0.3053578265778119
0.2494846969158600
0.8663957814267763
0.1962468316611624
0.3310204944004741
0.4120776078927327
0.7585500882988455
0.3266594893234208
-0.2975079313873924
-0.3092430980503890
0.5888787510895207
0.6116979144658953
0.3080669002394006
-0.7731017568947506
-0.3063194661307546
-0.1489480091832050
0.2234112478024968
0.4861933391885482
0.2019514265935694
-0.0763506114243160
-0.0014008020515287
0.5569660001960450
-0.8019807465339719
-0.4715020275930093
0.7104343798640295
-0.4730587467510486
-0.0896867980921495
0.2028312851933805
-0.6314323618281357
0.3967838280775560
-0.0150538288356265
-0.0270074008317344
0.6655071365131741
0.7902367298163856
0.1088206502737664
-0.0250896890684274
0.4635272905398075
-0.3849635506776890
-0.5373873353379279
-0.3039427427289104
0.1536839608167191
-0.4223257253602516
-0.6456437739554617
0.2091008236952106
0.1567822150586263
0.6461724445574023
-0.2986701929645840
0.6518845528929982
0.0168244635276010
0.1007265766036269
0.7775957798299574
-0.6198521662207106
0.0264421900540625
-0.6498007492375723
-0.1730958365006732
0.5914378021831841
-0.4395082172916256
-0.0695030269720975
0.0144926031888241
-0.4113047478616703
-0.1472240050522216
-0.8387526413580197
0.3247113607353272
0.7300522596770695
0.0909260365431381
-0.1621175639079715
-0.6487191042990108
0.1078775843676272
0.7790284580517204
-0.2897315709186946
-0.2720516603049895
-0.1173117985083042
0.4705274852913378
-0.3548119643561306
-0.6118518242530855
-0.1317307222209420
-0.3009793092277131
0.6259427189031541
-0.4866621805190677
0.2855763259108015
-0.3762430180307191
0.6436681647308141
-0.3545963468888471
-0.2049836657178301
0.2271103526480332
-0.2582294605402326
-0.5423486229781461
-0.7386325888909695
-0.2824098820943847
-0.4364409327301053
-0.7712713618078786
0.1366529169642370
0.3409258533366125
-0.4895139115998589
0.0897611910883157
-0.5903781923227905
-0.3294802280816706
0.5433373061529432
0.3358296840093512
0.3438809396009437
0.2147435920564150
-0.7942405040361895
-0.3033669957928834
-0.2732554545228656
0.8850216016667800
0.2531300926628813
-0.1591694538297208
0.2294743173270137
-0.7301597406316753
0.0387203127535995
-0.3834091382262624
-0.1055870680169207
-0.5542709575046604
-0.1160434910005617
0.7475343271037098
-0.1331520748559870
0.3589214408961288
0.5302567889472032
-0.3707718527490336
-0.2815950520367576
0.3829406045713463
0.0871432395395206
0.7930920558488495
-0.0635548099013893
-0.7794493765162943
-0.5028073971150024
-0.3594183532065184
0.0801412775759730
0.1959160886810570
0.8162983521965562
-0.2898133799024593
-0.2730398897401316
0.3697719700535897
0.7586998535883054
-0.4981460983681348
-0.0738654298830882
0.4116668628457841
0.0360456536712196
0.3903201463126253
-0.1834959590183096
-0.1455129305030013
-0.6222183179208590
-0.6369064046675988
-0.4951585038698755
0.2751175379040493
-0.5697234344221321
-0.5810304510298189
-0.1301814872756357
0.9116319073193657
-0.2654767115966546
0.2418714121268027
-0.1951598774903960
-0.0431303068711825
-0.1266997410121904
-0.5383935801658570
-0.2448921387968600
0.7016931724399489
-0.3764758432758928
0.0186116992356872
0.2803836957460294
0.1358968960040156
0.0932418144912909
0.9454504669723337
-0.4930675364129299
-0.2729962681152620
0.1098499661983554
0.3745998577618791
-0.7279872070454427
0.6850126399703463
0.3812630335303736
0.5272696011537850
0.3276184669635888
-0.0070064361576119
0.9237828749268276
0.3364190274228790
-0.0787033635242245
0.0174615033903914
0.1641594177898136
0.4656280519463945
-0.3243363960580662
-0.5320414889729546
0.4416700188749957
-0.4470524218378350
-0.0777667327215829
-0.3382950694235283
0.5710506969974610
-0.0279401691414273
-0.7433903615817214
0.4241967727506372
-0.4506109726741487
-0.7732562288195595
0.0568757323842648
0.1258840933204369
-0.1739078960596165
0.8606920622889659
-0.1852702312971742
0.3938130361009447
-0.1988754675492489
-0.1448398686077659
0.6341200363952486
-0.6027140699094744
-0.1200250750072085
-0.4463663553701657
0.4743877565393902
-0.1892742794639989
0.5687016490228448
-0.4251094065618781
-0.4847596625444542
-0.3948473479837254
-0.8549009589298951
-0.1966626982302342
0.2201732352664951
0.1615161038660013
-0.0062139714386179
0.3124924914709617
-0.2918584633171599
0.8640549457324839
0.2655890010497639
-0.0374070307800121
-0.1468341134576179
-0.8836439416130462
-0.4355633615084160
0.0806126524522502
-0.5417622259778695
-0.1957563623567996
0.7255598820264512
0.2511828489376870
-0.2804338979040278
0.1349115372203093
-0.7479750648884247
0.1276804984578274
0.6129667012381959
0.1740738145636364
-0.6821196301937574
-0.3438833567476684
-0.4874918663016900
0.3976025235720123
-0.1439477703722779
-0.3447101076303447
0.3054885675082954
0.4064063352185993
-0.6379420320643173
-0.4644518610567117
