0.0754431843879516
0.4827667902617653
-0.0415021782353967
-0.0021309924605934
-0.0426232281700816
-0.2390692431662688
0.1985819805343214
-0.5951185048346639
0.2072540777002001
0.0990119381319815
0.5011487211454229
0.0551202549304074
-0.4814621623426942
-0.1085703406485726
0.5252121921129528
-0.1170363834569232
0.3835328869069626
0.1459224979879351
-0.0481322471966283
-0.0968045232288730
-0.1553255924693782
0.4716759187857398
0.1995459184064480
-0.0189694565019236
0.1532289835140066
0.2478454944930787
-0.1249650769381955
-0.0432162991375469
-0.2747743148380390
0.6388476198011889
0.2935025395663117
0.1274171839449287
0.0568368020106394
0.4951020147446017
-0.1025390113629971
0.2296362551307633
0.5221178338088077
-0.1830483814435994
0.3194722656015181
-0.0440297848864496
-0.0642514485180360
0.1323086505239626
-0.2724393903803297
-0.4766253962037037
-0.3854044459791884
-0.0443886899106805
-0.1423236804800884
0.3099892208590032
0.4082176946717864
0.2760364918887558
-0.0526042082432676
0.3236814595376689
0.5449176945685461
-0.0715604556268522
-0.2781533193219795
0.3982664361552506
-0.0123993672485285
0.1636913092352807
0.2164333418636110
0.1944008296037552
-0.0092477361448083
-0.2168910266296535
0.0572524649853445
0.7363108168197887
0.0774046723648550
-0.0805722977074991
0.1669799818159440
-0.2817934831256677
0.2954269052782822
0.2335568007856954
-0.3746048863215534
-0.0742521507994690
0.2490118590032517
-0.0772243491731574
-0.3646762789976039
-0.1737671270989035
0.0579671763362847
-0.1121024212731123
-0.1228777686920024
-0.1349771029699774
-0.2620567266266157
0.4611235438920910
-0.0644352777704547
-0.6588931814573432
0.1118653514925116
0.2577768006679840
0.2312798043024004
-0.3530043486013681
0.1643620659536559
0.1198176749334952
-0.3461670023828009
-0.0906825102972511
0.6281409913486241
-0.0363420827962424
-0.3792649174988426
-0.1838070764684260
0.1656516132221829
0.4101222221881308
0.5706976216368167
0.1996554188893137
-0.2177619900278968
-0.0296158336173383
0.2310125506634950
0.2162807562947419
-0.2498860814422165
-0.1442543912647356
-0.0577665007130825
-0.4514092894026354
