-0.6406026434811188
0.1503124546752902
-0.5490894466867412
-0.3068461995636629
-0.3198361499727845
-0.1602010178002101
-0.0787418738084017
-0.1929269210363902
-0.4723570553362630
0.1031902658409572
0.3549978254079064
-0.7180571051377700
-0.1050587222393139
-0.2321545700299086
-0.1295890566533786
0.2070621064268128
0.1639905945172089
-0.2189654762048773
0.2840734439725179
0.2239009146563510
-0.5774486999005665
0.1762136496729317
-0.0701626584958171
0.6518518343847749
0.4536057170011955
0.1384368478236261
-0.3687075101056596
0.3280323665009502
-0.4647993966719348
-0.4097456067219534
-0.3025265792680188
0.2368002505273503
0.1735214837945205
0.6047185900927268
0.1237614473376770
0.6540327352913939
0.0373655708553467
0.1010441550864131
-0.0729540235556526
0.3797388708872478
0.3588480200639234
-0.0028312114783595
-0.0764920539649465
-0.0290692745521595
0.2789925898821244
-0.2483070523356904
-0.1034767027426923
0.8451765142476024
-0.2379162246408896
-0.0585621337671025
0.2818187112425432
0.2025968176906640
0.2897000407155941
0.6365025723694115
-0.3006660133311383
0.4899361184894852
0.1586749605907296
-0.0387279945636782
-0.4182913004845192
-0.5486710791204024
-0.5277840673114357
-0.1061004783030398
0.2672235710360195
0.3689079344135207
0.3111536352643157
0.1317446089644563
0.2779556803328517
-0.6584026026447942
0.3262417899140770
0.3975844339059323
-0.0356362763265953
0.3306000515892274
-0.4362410527868118
0.3189910825569569
-0.1786453186624638
0.3008592697631792
-0.5111470117093714
0.0488361734478392
0.4365294143254219
0.3623448827324659
0.0573868411389967
0.6435884691762250
0.0932657412318684
-0.1493811676467005
-0.1749933680431266
-0.6079882692391891
0.1911415191722959
0.3386442179182077
-0.0518966598910753
0.1023821914182543
0.0849838419533754
0.4780097907730829
-0.4617597944000295
0.4977814256810267
-0.5132775035971415
-0.1632383500534011
0.7714635791279568
-0.1186836715958017
-0.0603474500838504
-0.1397895784556795
-0.2974170802756343
0.4112149340810698
-0.3310870983725163
0.0200470157247660
0.2103103657629490
0.4201283127417725
-0.5474039940185297
0.0555994850419319
-0.5255225092926069
0.2853093140785673
0.1371639063879276
-0.3164333512641530
0.5479455026560073
-0.2881144923294822
0.4407575817697800
-0.4702037465513576
-0.2247063841404566
-0.3684079793837111
0.0893386692409866
0.0847830177658524
-0.5260173644415066
-0.1154979881279016
-0.3594994801860754
-0.3133720311829419
0.2295959075985885
0.1460542088319333
0.1531181899965739
0.6205100708701421
0.2292683289006672
0.3565408344972891
0.1165427664145358
-0.6657529440573717
-0.2257935318985538
0.0647113858886033
-0.2423008981608676
-0.4996253196286705
0.1976622941432483
0.1015517009594068
-0.0653803043611644
0.4151717647638314
0.4682579796355436
-0.7334610878091893
-0.1292548039294310
-0.0060978594089017
0.2650498247865550
-0.6177461863963843
-0.0149681030097902
0.1307999935385441
-0.6388479389049038
0.0280607800771860
0.2172072402194385
-0.2733358292112771
0.4253449879658183
0.4697734782911041
0.4381693176766800
-0.0927734335048186
-0.4478657228150167
0.2637508684976922
0.3535214487601795
0.0516683495934878
-0.3198826981046992
-0.1639974083553428
0.3402061153299011
-0.0653295878716458
-0.0062717872045501
-0.6124399769037615
-0.3451770462006208
-0.5064607583004267
-0.1089318846027176
-0.1670312053974165
0.3959960622854949
0.5241225715690155
-0.1672511453225928
0.5230159051529095
0.4682220862604130
-0.0892556152293014
-0.4881317543210813
0.0714977973712895
0.0611787789217600
-0.2567021819904887
0.1795184381869165
0.2997966082021623
-0.6921195684866256
-0.2929884454116558
-0.3521863029720475
-0.3605253919311883
-0.4719661530810988
0.0895157087673309
0.0792876751887676
0.1857289214302734
0.6562770801130335
-0.2091405375035510
-0.5254113200510918
0.5658037179911751
0.5665686926277573
0.1094469716590882
-0.1416295532893781
0.2116812887825394
-0.0325323842933453
-0.0700294222799598
0.1900833434850638
-0.5851721107551706
0.1783356246514554
0.5233588761178578
-0.0557646137258734
-0.1980592696712893
-0.5216274302913888
0.0360759284508100
0.0114484395338623
0.5264164703727424
0.0288311333098792
0.4193596975994680
0.0579825691499287
-0.1192898164792488
0.5913182734390992
-0.4228610925469704
-0.1531048663371717
-0.3703803677507359
-0.6705836369234595
0.2281610535298884
-0.4015592556246585
0.2808320380376736
-0.1581917040524375
0.2692514030308976
-0.1264528692881373
0.5252707164368637
-0.2603553085191788
-0.2409046470486376
-0.3221978982140847
0.3162279613719867
-0.4300202970871239
0.4399447074178769
-0.1335550233006889
0.2404283432291451
0.4463391759730285
0.0258530291200779
0.2677653637370136
0.0877274182003461
0.5742799800856053
0.5614965208724257
-0.0005760467108619
-0.3120217666595280
0.8051937899074740
-0.1176182206744126
-0.1616791014324276
0.2926058018855397
-0.2921998216154757
-0.2081633427659281
0.0595220025322963
-0.0130567770196656
-0.6631857554686508
-0.5024678656347004
0.2013062392728197
0.4719588442390321
-0.1659602719908358
-0.1148267609553931
-0.1232369808080936
0.7023037515184842
-0.1593723363506638
0.2175003229948788
-0.0829882679271424
-0.2963853001282973
-0.4340759872315332
-0.3684058816453734
0.5282150038510315
-0.1234204035438407
-0.0867227406777720
-0.3331098281400259
0.0602364516819877
0.2949204312261526
0.5559321610639012
-0.4331353873450577
-0.7326545268431517
-0.5500704223134933
0.1797413112510076
0.1023154159818613
-0.3314389553804862
0.0844361830519174
-0.0205163357933171
0.0215016577930895
0.1568774202045168
0.4745226391928928
0.0844713921983365
0.0181422344291929
0.2462890922579848
0.7466565700068792
-0.0250302584394011
-0.3520970303994841
-0.1564930285667500
0.1766469713994148
0.2286275181857817
-0.0813968664763699
-0.8808154532306346
-0.2648073006279478
-0.1656838860336535
-0.1095439106226251
-0.2664435792611889
-0.1144889002161256
0.3747691856432983
-0.2618908699871253
-0.3564504469993293
-0.1686555565103821
0.7249878011691280
-0.1604755768194616
