-0.1707660345611775
0.4511036950530765
0.3364943436820652
0.2317626830881308
0.5674690641034128
-0.0795009396325716
-0.0102750031593295
0.4221002042227870
0.0012731223589115
0.0219728529465801
0.0154089215369443
-0.3050647061947454
0.4521526558371274
0.2511471712405325
0.2379472759959948
-0.1510643789325227
0.1165014057734698
-0.0999277933764984
-0.2256760818343411
0.0767846646983727
0.4672199361426351
-0.4357721999091710
0.3534359180773902
0.1988747702698397
0.1678284733949528
-0.3221277677047368
0.1756552124481411
-0.3549563494327077
0.0914325784105993
0.2404835728985910
0.5584646052920428
-0.2819146058361646
-0.1517423476923796
0.1245810294201538
-0.4471901334046531
0.1230549761813615
0.1934801485661700
0.1337710349846141
-0.3455969694913998
0.3027567877223593
-0.0605172047559390
-0.2345446304459163
0.2323498221394132
-0.2455561361177725
0.1745794754597641
0.2856692339336676
-0.6679106406256914
0.0492392584376489
0.1181334089268127
0.2051447614956537
0.3061708603341869
0.2407828084802920
0.1618433855137828
0.1332962110472234
-0.3783282203399473
0.3355530845758997
0.1285513609248867
0.5044133144423240
0.1066595455905167
0.4584968799378907
0.5777526116899948
0.0864550565527600
-0.1389684344234796
-0.3444062461199569
0.1131935634342725
0.4632151002392941
0.1337110278508563
-0.2829770769155355
-0.2269262517707996
-0.2464846646112563
0.2026554692134879
-0.2052910738309092
-0.4210830745431178
-0.0897538670181957
0.7498208435957937
0.1723446235881337
-0.1946824069669552
-0.1044291618207649
0.1893714793133399
-0.1336707649644431
-0.3225582747516880
-0.0704525607960462
0.0617456096895441
-0.0856929207354707
0.0784616047169354
0.5422913663325194
0.3280532546435206
-0.2167176974061506
-0.3141663878894499
-0.0715599487465647
-0.0357274207256506
-0.3892257637496656
-0.1274254071067867
-0.0263527180871374
0.4844211487363596
-0.1923234607709737
0.1088095393407322
0.3902892748808406
0.1696247225341136
0.6855636781587791
-0.0112889136604122
-0.2283384628564857
0.1267155874955787
-0.3702853224715037
0.2249854262198226
-0.0029270030181345
0.1806684126659791
0.2199150397753148
-0.2198691116737623
-0.1139913418613877
0.2305043388488983
0.5308013948043369
0.2103773771998746
0.2605492143341063
-0.0244208389211120
0.3145884478083401
0.3048103024273132
-0.4097756134085298
0.2212171357787838
0.2869006430630789
-0.1191837000457905
-0.4136416825324124
-0.3952733451506380
-0.0720201324480728
0.5462865262919695
0.2786949826337105
-0.1521838203061521
-0.2959024696862577
-0.3322162434429358
0.1045932805378887
0.2067556387877861
-0.0489342156003877
-0.0324271561320228
0.3113607047205657
-0.2971908244745396
0.0158653017547335
0.3471247534710613
-0.0009355936072169
0.7294031550373976
-0.2086574906753190
-0.1110620072269120
0.2427999662538511
0.0777790518824814
-0.2000733424882575
0.0940279891203393
0.1417535664457900
0.2382750813334663
0.5435864228324699
0.1468546810680841
0.3319336539725506
-0.1976497371112122
-0.0999708221444431
-0.5040027771343191
0.0477554725266668
0.3881164037043196
-0.1762495134698047
0.1009166313420068
-0.0567633566155936
0.5456245781993365
-0.1485793088448756
0.3880916354127529
0.4837305865790204
-0.3465774899946975
-0.2008903351606262
-0.1577391368748501
-0.2067378157523882
-0.2103229698043627
0.0993507469497241
0.0507843933233149
0.0564276296547979
-0.4358099401010194
0.2791664059959976
-0.3379875586412612
-0.1041164873886024
-0.0287192966652826
0.2286310217327611
0.1666181118727748
-0.6704526869923815
-0.2093152730452835
0.1646773293669700
-0.4402490899501175
0.3724998828136249
-0.6002707438537841
-0.0611549279189075
0.1352036275751055
-0.2195265686703278
-0.2108331135098603
-0.2332705251247501
-0.1110585846646596
0.2926054184261249
-0.0500713720677564
0.1938115776720268
0.3950804867923273
-0.3015231899116269
-0.2480663246916026
0.0954331034254257
-0.0825998468990205
0.2740954622430840
-0.3995050257181891
-0.1257051886682177
-0.3422281186188050
-0.0529278401813328
-0.5148611679320620
-0.1999755369535423
-0.3789017624698799
0.0693663604426055
-0.3579699769093839
0.1794121442112331
-0.2044599658304845
0.1897511894848562
0.1661486389825767
-0.3601115642131260
-0.2114766780499914
-0.2170418711101154
0.5904206840278511
0.1255758608217576
-0.3470367213911074
0.0489678245488886
0.1294937034067365
-0.0747435792093457
-0.3529662636432233
-0.0626911790706940
0.3532538521342911
-0.6026471963853579
0.2737195055363901
0.4009330374713412
-0.0472095863575704
-0.0206576004543303
-0.1175827955530404
-0.5552037357054063
-0.2317388947698538
0.4121843809313986
-0.2018841523912547
0.1012954281740508
-0.1239315846978017
0.3524525087665816
-0.1905790787500877
-0.0926369586299526
0.2428292626238611
-0.3998204513160709
-0.3142881852633055
0.1334518994982949
0.1824174422538106
-0.2759325004750228
-0.2885323468296420
0.3519805977380940
-0.1190094905280136
-0.2374218139605891
-0.3856318256757035
0.2735376981073739
0.0655298331868385
0.5181660832579280
0.1886021357944995
-0.4501736710297856
0.3564616529177819
-0.5727997256357781
0.0247605368577960
-0.2623878544813698
-0.2032727010626631
-0.3800480180016610
0.1271798980272217
-0.1133276105853237
0.0589200306038548
-0.1374855027169886
-0.0708112932387204
-0.0574830751626785
0.3436573724113982
0.0649044339584774
0.4474022063114498
0.1076760584060828
0.2472541957877638
-0.3916337157700344
0.1819798357633304
-0.2775194543542131
0.3625530070186447
-0.4489049099342017
-0.2211746148646399
0.2345444346707157
-0.1478701992576300
0.0229505406533694
-0.3645288374291945
0.0693139212073976
-0.2523735906479277
-0.1240179813891565
0.5792422062239665
0.0074489296665078
0.0968596547438679
0.5585346722122266
0.0405644540948853
-0.5481265070042927
-0.3363799317973992
0.0459261540545678
0.1414238781060050
-0.5458730056923643
-0.3120762153670750
0.0296625698951997
0.1296915009625996
0.0056895345798967
0.3241604234253070
0.2108778485457057
-0.0419254792110174
-0.1004527281892704
-0.3913282144581944
0.0033378688684448
0.3147605152721228
-0.1208369628359539
0.1996213765148852
-0.6339695066740505
0.4143148406700659
-0.2083574512235907
0.0303815691538140
0.2521272564648853
-0.1039083579305305
-0.2641216714447301
0.2571488348501547
0.2911868039231821
-0.5046176511991520
0.4465629292086743
0.1497113439239099
0.1671270140036293
0.1999096664277528
0.3282524301421320
-0.2542118879477884
0.2275696645595156
0.1305480377291947
-0.2123693979990612
-0.1872904781407576
0.5959734999176923
-0.0341123353122149
0.4415989489300097
0.4257810916996908
-0.3075604399119946
0.0440387582730357
-0.1890353415467920
-0.1054000052832208
-0.1635699659784989
0.1319452729215403
0.2986671291022273
-0.1741072391019895
-0.2345507777914125
0.4395193395274981
0.2634056109596071
-0.0152740059162129
0.1598312889387918
-0.5234979375943275
0.2695285078861666
-0.3728109583361456
0.1844943714821430
0.3207687078617056
-0.6166748955505038
-0.2351361441103770
-0.1436210060942224
0.0281911766827005
0.0448639056835838
0.1753824659411220
-0.0320865255168746
0.2423929243703430
0.4722786989655010
0.0693498873527000
-0.3459718723876761
0.1073137692229245
0.2182851478049585
-0.0367244650811004
-0.0377908504076035
0.5122395371564609
0.1169804048397288
0.3526719497245660
0.0046272492811325
0.0110267406092761
-0.6125298774041585
-0.4013815230100204
0.0341214541994295
-0.0883658492921900
-0.2880142672268709
-0.1042853613892016
-0.3151970004614734
0.0988482285427264
0.1451771503600726
-0.5066028980624083
-0.2206969266062247
0.2385830598655539
0.4869039638714706
-0.3400039961424305
0.2306807359965266
-0.2323577613750357
0.3444029318723111
-0.2239417322846704
-0.1080176416518939
-0.0151028431034467
-0.4268320613722859
0.0918183807637853
0.3350571130299985
-0.2956002609262228
-0.1509176990427540
-0.5286674052435838
-0.2698634855730686
0.2105779006059704
0.2840675701006996
-0.1552332211278949
0.1590996593468054
0.3323979165176120
-0.5530288937932935
0.1532720726633388
0.3876120697893781
0.1385762624770511
-0.0256639480703958
-0.0861138570988752
0.4563004673786079
-0.6103592186509021
0.0517355077080538
-0.0516204607969880
-0.2913887243362414
-0.6332506723120357
-0.0634438518008555
-0.0607597825765490
0.2462475820195626
-0.0436397260701595
-0.2453702991563640
0.0742560100810523
-0.0150624443544384
-0.3977038755588152
-0.0096758510407041
-0.1251274433648104
0.0953070096564908
-0.1190924681227798
-0.2800262599226132
0.6125217494000154
-0.0974925847859857
-0.1716424730226717
-0.2188948573960834
-0.2252850332762534
0.4599813463122798
-0.1443726833813345
-0.1553411441818830
-0.2781610547972325
-0.3683464026583228
0.2213196086736988
-0.0091347501331361
-0.2535216565285996
-0.0190378835212692
-0.1698728937886480
-0.3887030233345210
-0.1621104834923617
0.6496498126123009
-0.0629873276299510
-0.0604202046989593
-0.2638204858476683
0.0684849248337462
-0.4978858787026734
0.0200577928155649
-0.3212504922344825
0.1604857010359898
0.4431892837436298
0.1334531092860743
-0.3474175269229319
-0.4537785229174638
0.4337575473917568
0.2254776339527555
-0.0211423447027099
0.1773503312191756
-0.1048688108297495
0.4784057157632441
0.0525952113484512
-0.0558649412928251
-0.0526780855701727
-0.1895241211175116
-0.2079853421821117
0.6335654409097258
0.4943152738868609
0.1333934747479626
-0.1225219926819147
-0.1425120314981423
0.0263932637540054
-0.1147017756823038
-0.5174825818756196
-0.3601869312125723
-0.2416077569024463
0.1637001429043437
0.2431785609185374
0.3832146473379552
-0.1647445618377770
-0.3040151654707632
-0.2668405068865365
-0.1514563704316520
0.1651565370919843
0.2889080160284992
-0.3636227647982418
-0.0319079986902932
0.4285006808426087
-0.5309440799336397
0.0907890092383013
-0.2618202964278407
-0.0236232568407956
-0.4346042096108449
0.1666180409448262
0.4948550619792161
0.2399806002989591
-0.3048316950590751
0.5289202797574507
0.1162376945502508
-0.0111871906781500
0.2063098263479522
0.2243295416882653
0.0335330139931874
-0.4092475494871251
-0.1372758825173800
0.1914698360668261
-0.0330116879597642
-0.2028104124428080
0.0704099333234325
-0.1203089495509921
-0.2258959527799601
0.0406931079914966
-0.2451481534082423
-0.7750442575572833
0.0433740866438380
0.1781923157384397
-0.0192644851397244
0.3050746646151750
0.6561821016114456
0.0326017074450807
-0.1272103569487755
0.0508115071256687
0.2100877560049701
-0.2926328338784657
-0.2201251296695222
-0.4919114863710447
0.0648143304856822
-0.0378094090562376
0.2329023432377706
-0.0356083780155432
0.1010043135450906
0.1189505423462272
0.0945674911425957
0.0457416962348312
-0.7731936819007563
-0.4834361018559298
-0.0969883105416411
-0.2582767425712246
0.0044757164595013
0.1807374941740598
-0.0788742511359378
-0.4082101211084818
0.3143329479255786
-0.0820131302688757
-0.1823993610532320
-0.2654312409986328
-0.5411649968517339
0.0039204323426966
0.0580711400029092
0.2310524087383359
-0.4853764363264089
-0.4603455296915266
-0.1162090208024974
-0.2627198538952802
-0.0654655479092276
0.2474879870738957
-0.2122955115153166
0.1294324271392299
0.5512779120359312
-0.4030365844230474
0.0787534976864515
0.2801534371418092
0.1648140455496359
-0.1881589830979305
-0.1820156942080324
0.0271508092118918
0.0497497599011235
-0.0773935443194745
0.4759075765949258
0.1813357013561297
0.1544773551697657
-0.6415511258664884
-0.4545158248511819
-0.0947790464797789
0.1089727364470798
-0.4325543011638003
-0.1060502735984939
-0.3174280408483103
0.3782471639070549
0.1342194131842259
0.2174541245772679
0.0071465304200738
-0.0480606897802807
0.5127705616529276
0.3360432181658648
0.2806297138177712
-0.1885334407284153
0.0597932814972594
0.1915807217263752
-0.0761426391453134
0.3920864552799586
-0.7734433327374598
0.0565128811920504
-0.0100421174758135
-0.1579582265365068
-0.3838701917524934
-0.0322357190018969
-0.0897568000090253
-0.1314549795421862
-0.0631126883901748
-0.5303425313184644
0.3858416408484812
0.4191257612427168
0.1631545260701002
-0.0403611271585508
-0.3221249041917875
-0.2424089766015274
0.1706476653289415
0.1632831531579221
-0.2084138339823822
-0.3165755623955669
0.1113788293621815
-0.0717040431939222
0.1524950638409966
0.0918731415618363
-0.4664067662750690
-0.2899208066067628
0.0494771150971638
0.1556326372562636
-0.1777766231170872
-0.1721119707089980
0.4659804305083340
0.5866295250751540
0.3558537671071081
-0.0073999464217829
0.4763461848958795
0.2121464426618279
0.0744034037747816
-0.6346659249347556
-0.2433191802900602
0.0425357243387796
-0.1819625911095296
0.0380067886476422
0.2666862798173463
-0.1624033550505574
-0.2801005831597269
0.6445455961394478
-0.2313739297297633
0.0376825644419983
-0.0651984851990467
-0.0630702937598084
0.1222544799772680
-0.1924233626191115
0.4500849622156013
-0.2781391654213909
-0.0444021549999089
-0.3302116504355739
0.0794284953034293
-0.5173741357710708
0.1559902766600261
0.0008628156887953
-0.4900623422628604
-0.5081598985619533
0.1582587179273002
0.1169990362466200
-0.1406956978016201
0.0511613054357647
-0.3250449007479162
-0.1910295337279047
-0.6193729327998183
0.0250965616397351
-0.0308514089025910
0.1066300439910852
0.1545492641655913
0.4185797056539863
-0.5313331381090274
0.2818324418764088
-0.1350707677449880
0.0480880134862964
-0.1431843738870072
-0.0390941011406639
-0.1596068220148665
0.3487067097905204
-0.4289727493141708
-0.1279244387154561
-0.0373988471659843
0.2339731288689130
-0.0890810685929856
0.1555694136718032
-0.3667140182970872
0.0925180145230433
0.2571910999018759
-0.5958872519940598
0.4358991161898660
-0.0141585755310823
-0.2946854786536028
-0.0274554579084598
-0.3116772147601747
0.2073761184400972
0.4615836689469374
0.4465054793582606
-0.0809666873346869
-0.0022895211449236
-0.3205014859907443
-0.2456459761991828
-0.1625572827890566
-0.2671276742027623
-0.2207257774136774
0.5991974638931329
-0.0796257023346562
0.1034253889174746
-0.3491925022470907
-0.2603794989977954
-0.1886432969290816
0.1472489276561678
-0.0642512531690561
0.4757034281582616
-0.1468793952006675
0.0136103959283026
0.3291212383076649
-0.2965515790597426
-0.2522785468142876
0.3056357588335367
0.2859457792188896
-0.3366412688008737
0.1980244794382592
-0.5579903034219422
0.0922451135876722
0.2659915842958488
0.2502026365681487
0.1572102978348276
0.0247824970577061
0.0730964056434683
0.1345723779061796
0.2630598723445213
0.4956968638316901
0.1162896464530005
0.7280275119667859
0.0818547104203696
-0.0904959101928067
0.1235461883364673
-0.5829234429761478
-0.7099998063946608
0.1143487713464882
-0.1914528009491182
-0.0064119236990330
0.0860291312243072
0.1225135068251514
-0.0746644030888172
0.1325994001208710
0.0439267159625859
0.1211702070425663
0.2101187403786628
-0.3425538106139686
0.0560310313713698
0.5580192745745316
-0.2601366262649721
-0.0353250972603718
0.1902288228359667
-0.2111180281216332
0.0289812254353466
0.6142106482619102
0.0868309929139486
-0.0565520252725216
-0.1721126408641334
-0.4008372964989618
0.0927121125229947
0.2552696162774891
0.3343494504963233
0.4520674550432365
0.2661754091050068
0.2429674631642011
-0.2063836490101694
0.0844619658960697
0.2812412780592126
-0.3227330583297955
0.2941988370512014
-0.0066219207205906
0.1701773364488224
0.3311557564244909
0.0968027658484470
-0.1108763624336853
-0.0435774966041379
-0.3363011564031241
-0.0085179227109883
-0.0967536442533194
-0.5345521139370324
-0.1677251997412372
-0.6335284936408815
-0.1810800817177732
0.4466480531372579
0.2942996688681012
0.1431332716873794
-0.1390636863627845
-0.1087701255807086
-0.4607051401293293
-0.2329137508983889
-0.0856632032962905
0.4429893293206348
-0.3348145729728212
-0.2174163584583349
-0.2691969123863549
0.3452157622975359
-0.0926814753103057
-0.2679629094578247
-0.0543360357544726
0.0668076311032371
0.1921319404265801
0.3758166832429454
0.2066248687432479
0.6698175566741020
-0.1917535628203133
-0.1194896328345125
0.6679142126632893
-0.2012564510373342
-0.1140287999453684
0.4987197341735342
-0.3317070984153749
-0.0625728144869909
-0.1839183737059915
0.1638967840773948
0.2140151628954665
0.1344767505793326
0.0646575530049459
0.0946696315692536
-0.0316912901302484
0.1835641417515029
-0.0500326662121913
-0.0608874819824511
-0.3294881792126366
-0.6874725882488216
-0.2239981643857661
-0.4655294937597331
0.0472464969564239
-0.2549029266558948
-0.1683095510949788
0.1244169173283323
0.0535802171715361
0.2159816251785609
-0.0551787334739109
0.3322379729198960
0.3677814569201342
-0.0513421661789554
-0.5592855598383558
-0.0869567427098008
0.3697689516909617
-0.2079337216638911
-0.4159490686067121
0.1606678751098243
-0.2470175607792496
-0.2151422683357582
0.2807572273041360
-0.1485798837073335
0.1440273148925629
-0.5396017622885060
0.0433226856539942
0.2938056381575495
0.0526103812376992
-0.6218341114123820
0.0030467401825820
0.0472037303061745
0.5204510805171465
0.0552879576940175
0.2232138336996441
-0.5163115934781235
-0.3748487551284243
0.2341070306134688
0.0161422065900052
0.1534341409907399
0.1478581456194707
0.3431813221102895
0.0771462047079145
0.2120484661023788
0.1369960112180562
0.2190972983542032
-0.0798861488723066
0.1053673747193446
-0.4577871377190013
0.5834336649707014
-0.0028667456026110
0.2201731891643704
0.2949756434928756
-0.2322710513772632
0.3865426841123331
-0.1640741045545396
