0.3035082415555787
0.4672632484793030
-0.1644642658548975
0.2569200120927030
-0.3023635218025579
-0.2598860669669937
-0.3216659812812923
-0.0855388635280343
0.0669197214589998
0.2745227344194168
-0.2573297623740566
0.4250664199004781
-0.1725472356517855
0.4742310151745824
0.0984235796182216
0.5607279754677315
0.1916535530097346
-0.0000025248316612
-0.1958805221163494
-0.3952035998062100
0.2199419390189924
-0.1435613700739651
0.2940666711324403
0.1856977463475354
0.3510311172201128
0.0814790609545534
-0.1979850165613338
0.4931609358365250
0.1189323931355816
-0.0216826205974237
-0.2296084743804526
0.1978814905741401
-0.2106058511684815
-0.5222790497888531
0.3436015057991820
-0.2145882820121149
0.0262204698293909
0.0341098532796247
-0.4076098645654048
-0.6063775784918450
-0.0786880226799762
0.5576701172845827
0.0875281960391549
-0.1467000364751155
-0.1133918852358645
0.2081552147949798
0.2387111541111778
0.0690670462129050
0.3515285535426970
0.1539840673004493
0.5313635728058390
-0.2062125342821774
-0.0557467368210133
-0.5302948481855702
-0.2287017437913337
0.2072530884533486
-0.1969300054401353
0.1271441918273646
0.2042115820889294
0.2271951352458500
-0.0495610219344332
-0.3358328575235394
-0.4411725457709206
-0.2414538502414597
0.2303346355732863
0.3005850780195906
-0.5832252852137979
0.3032402307985139
0.1248957809983537
-0.0723528864411338
-0.0464631944636710
-0.1825439423439557
-0.0184756442758017
0.2981404136089489
-0.1648753923307905
-0.3461295670091002
0.3746463638557074
0.1870667794279350
-0.0610315408081766
0.4471897429286542
-0.1364552312013467
0.1181091152890292
-0.5127475114433494
0.2987376363797559
0.1528084311299037
-0.3621053799521400
-0.1196743698180999
-0.0944330121898887
-0.2300194345812868
-0.0510545917726472
0.0772286005567091
0.2283978580796471
-0.1473909120391357
0.5243608290734040
0.3888378380530599
0.5106575705276293
-0.2975194245226126
0.3603970663396842
-0.0241231898379294
0.1352207025462566
-0.5885482333971801
-0.4154512722471265
-0.0911618164461013
0.1450006719649778
-0.1939366697224230
-0.3222658513523034
0.2689515462447307
-0.0245658418825203
0.1412536748730134
0.4708361195255389
-0.1220249641414478
-0.2263749011939931
0.2430770585438359
0.1548941766957114
0.2428672580105811
-0.5820164613912057
-0.0040101334041161
-0.1810727853237885
-0.2246290983087497
0.3579903139057952
0.2113333237329524
0.5167749864996039
0.4277945703770708
0.3171624989834538
-0.2718859831945740
0.1316785519121886
-0.2542788496639733
0.3127862300040408
0.1827478099334815
0.0719018725544301
0.1331245559303930
-0.3076339021318333
0.4753780536305127
-0.2264670571356472
0.1019173794604998
-0.2168295747183993
-0.0364605191634537
0.2993403105637119
0.1108680483842340
0.2795459364104239
0.4232285284388527
0.1313533858743570
0.4902170726656958
-0.2174066193791517
0.1084541948457356
0.0305627850153694
-0.3254854583243295
0.0832606045535366
-0.2236506310791035
0.1401778537981755
0.6551841324383577
0.0640717761614138
-0.1998261174673455
-0.2931750397173864
0.4784273978409223
0.1288982560937972
-0.0721642963932791
-0.3900924687357106
0.1709969441875105
-0.1837377388678909
-0.3911950574429820
0.2317548126750015
-0.1480921786608210
-0.0793699341229919
0.4766850366227076
-0.1402358837094445
-0.2632407362333635
-0.4779701979564272
0.0776750273115213
0.0676954565496667
-0.4320675976748936
0.0449884561702281
-0.2981445453140060
-0.0021772652166340
0.4434295506966314
-0.1870273053264980
-0.4025315602513980
0.4637532278137333
-0.3121392194399710
0.0751268911499089
-0.0312677111113105
-0.1618213793829492
-0.2594446362308667
0.2379747037484337
0.6800288525421467
-0.3043407837948484
0.1895292730007370
-0.0974646148812259
0.3618935734012685
-0.2696320770207816
0.1312182484311928
-0.1658999666230307
-0.2395651747044658
0.0974129097785322
0.2851783266985385
0.0386546994352030
0.1346242348406575
-0.1908409452737951
0.3724887891250418
0.5875934747239024
0.2041480227147471
0.0341197043771171
0.4699898228508718
0.2191105764685959
0.0097871587897039
-0.0850473639444664
-0.0892024003141349
-0.5659685513479615
0.5953934082773046
-0.2426788218778514
-0.0537219564278830
0.1704164441829654
-0.0401477393018125
0.2891754830647031
0.3644257438555223
-0.0322355402051140
-0.1329868147505812
0.3398591293200662
0.1795579161721244
0.5036395682913742
0.2871560773128410
0.1662614117835098
0.2007734928955026
-0.0598860007402615
0.0622068198347852
0.4255728607941018
-0.4789823815942860
-0.1118595138344021
0.1109419325062240
-0.1839046855226371
0.0487616353906369
0.3927399271472450
0.3138295059336305
0.1400909482047913
0.4017762475646046
-0.3897878541220751
-0.4711222090295767
-0.3298553818959616
-0.1536260495280922
-0.1068352844387774
-0.1310063174886334
-0.3586334615003350
0.3014080413819274
-0.4645987619486665
0.0226483501156367
0.4756004308468856
-0.1978815427995586
-0.0380545335517629
-0.0492666796571563
-0.3057896914351826
-0.2029100679923212
0.3782850263518748
0.4786641191775322
0.2275009131122984
-0.1090669183050152
-0.1824011038932907
0.1726767026573604
-0.2410515744868383
0.4967123399052124
0.1519687631755684
0.3352981902307904
0.3544006066448182
-0.0800415964794549
0.2679293896670542
0.0782504175596346
0.6157402485538412
0.0162823533981337
-0.4759874991605107
-0.1086075879082211
-0.2585101438613953
-0.0575327773772089
-0.1303942614027322
-0.1389588337961011
0.2358634405610617
-0.3238560689711822
-0.3303815129068454
-0.1838970814477067
-0.3910281109170624
-0.2876294293379535
0.1137356557283863
-0.1826870494806510
-0.1807903960332772
0.0750146318819694
0.3321617022509966
-0.0012501401377239
-0.6580520731382006
-0.2974506420718621
-0.1186722243708014
-0.3031611731046451
-0.4335708164369346
0.3536930872297677
0.0292221145201004
-0.1420789541334317
-0.2923768098327473
0.2134114669011449
0.1318260380794165
-0.5933467827301091
-0.1424574093351459
0.0820388680643849
0.2155895121398504
-0.3954121557179632
-0.4075459323117451
0.0537692444122587
0.2574845960619266
0.2818710895854701
-0.2154120916071388
0.1506203264984702
-0.2037615934789216
0.0046641776409872
0.6031924608639616
0.2110641261111280
-0.0994795280412247
0.1562795752472257
-0.0595405900510135
0.1796374872728358
0.6488636967422415
-0.1633621068572514
-0.0031356083942275
-0.2008789207388305
-0.0697950230457022
-0.5532297923437222
0.3648060826811272
0.0871382391027467
-0.0087999355380616
0.0893087733244991
-0.1795520901535332
-0.4388124129741044
0.1267759292107461
-0.1519363028318096
0.2860060228022756
-0.2216730504839858
0.1350225108992092
-0.5712094941836029
-0.2061436487034530
-0.1086597435796890
0.4453313204149522
-0.3652479952117899
-0.3051579437286255
-0.0182451082499684
-0.3458462520586713
-0.0339838596138778
-0.6065244866481407
-0.1529988812001978
-0.1500713274414150
-0.0986246264812308
-0.0452255330988845
-0.0574488395801469
-0.4727584645320159
0.0148671442423990
-0.0091851432529707
0.3243300140579728
-0.1620980958791535
-0.3241368452444418
-0.3697526630723773
-0.3148697758352631
-0.4769968623817988
0.1808479478126830
-0.4250356322138133
-0.2019075162293775
0.2136591390951280
-0.4188876110129092
0.2433413576369434
-0.0830942609113310
0.1864914473567469
-0.4324270074049315
0.0482817527319819
-0.2810361304538792
-0.3812867821359024
0.1439160300001714
0.4609415385406606
-0.0224283147835943
-0.2761653864812190
0.2420756589505421
-0.1566926433142967
0.0684834952074791
0.1608425449602090
-0.3162109387260629
0.3706451775596956
-0.6591448921834676
-0.2061618219612114
0.2686894249713487
0.0622711122552967
0.2415372166460572
0.1937334787987409
0.2732979271073898
0.2460186384979196
0.4546599862094104
-0.3678132204160893
0.0652156477274265
0.4342818567959424
0.5077652341910570
0.0842103813415293
-0.1380559597274951
0.0020773291363233
-0.1425299476965255
-0.1600984754618835
0.4865394281256165
-0.2457062091232431
-0.2405502438276604
0.1956351001029117
-0.1836521120348729
-0.6184683566288289
0.1742729566357392
-0.1843865875362491
-0.2163817677496953
-0.2056823621931092
-0.0214259050968910
0.1912701624790435
-0.1107076276864419
0.2121907601951560
-0.2947653333079006
-0.3165241932836342
-0.1895927443017862
-0.5046021621121903
0.1090436191860749
-0.4489913934258318
0.1221503708386979
0.2283203808317963
0.3627262828944738
0.2301541595287207
-0.3537468982981209
0.3836241837712571
0.0137560335608526
0.1019367498394198
0.3587134872376412
-0.2363503193975288
-0.3653168699881841
0.4206168193361281
-0.3148496340347807
0.0225171668935730
0.0465485224243476
-0.3469862313328835
-0.2827767746486458
-0.1620770545739653
0.0313167897167042
-0.2742093925185197
0.2564458145759131
0.1880441339801121
-0.2266611600442210
-0.7160255625615921
0.3079778477160541
-0.0275798300542066
0.2163363808827559
-0.0999570937014972
0.3571205873831785
-0.0794558521502035
0.3787493251612661
-0.0112545335421021
-0.3468545529172227
-0.1431196148498235
-0.0362362816557120
-0.0225961286117374
-0.4367368874540178
-0.2922704150554675
-0.1422285726683307
-0.5325118856487486
-0.1571017433340037
0.1107047989388654
-0.0815233179889980
-0.2034158098350153
-0.2996322300571131
-0.1949704043408917
0.2913430682882009
0.1609971697969645
0.0288310375261480
-0.2163914031266456
-0.1703719889490472
0.7744433872117958
0.7264209715667141
0.0956741740521698
0.3951660391009178
0.1909844871690011
0.2259552065713781
-0.0185251520818069
0.0174403198716562
-0.3156352137724617
0.2568414066799510
-0.2230786487763775
-0.0002198885770138
-0.0588848201711919
-0.2638436220544828
0.5502968886533312
-0.1891488287295611
-0.0047565301068187
-0.3769232721909510
0.1455442447890199
0.4628290880634680
0.2751565677856105
0.3170721637271726
0.0931816106206273
-0.1365602260143693
-0.1035254881180150
-0.7738045661038212
-0.1410923021174753
0.1725820334007362
0.1793396339767946
-0.1600915931200528
-0.1228606361739605
0.1538518088517914
-0.1246504057834105
0.4310095794596332
-0.2062011871597773
-0.0069209213067049
0.1053752817831382
0.4169977299613660
0.0560888352709953
-0.0905015104061354
-0.1754230011456769
0.1241170105504749
-0.4400145766254291
-0.1699568416545171
0.4578318240366167
0.2860647978864121
-0.1725115527682321
-0.1417948977107749
-0.4525383061426259
0.1032861135635134
-0.3483104024654718
-0.3400902602344743
0.2902828364623302
0.3625053317687914
-0.2709215440198712
-0.0970814150941103
0.1693578662775813
-0.2979000163669352
0.2102608463895451
-0.4880434686477302
-0.2324443478793560
0.1088582309736933
-0.0577620614608905
-0.1651449038104083
0.2794236659669821
0.2936382515183041
0.1118051040150599
-0.3377389160943284
-0.0627833249743644
0.3237423458340111
-0.3936358891398920
-0.4814310069276694
0.4137580765781919
-0.0070497082572428
-0.3310291225743200
0.8259862985404562
0.1548864477188870
-0.1528460493776633
0.2319135876752695
0.0594996133293443
-0.0100972828980143
0.1297622048690066
0.2728581594806053
0.0798772785823288
0.0752905960214003
-0.2373740450013203
-0.0937623932355899
0.1654831451344422
-0.3012111279577577
0.2979383528910549
0.2122413197616857
-0.0743891159762552
-0.1651817850093308
-0.6767881693006088
0.3266984376374968
-0.2114351949552072
-0.2015887444954763
-0.3677958753482187
0.0302192971659731
-0.0177013374149202
-0.3945278567924299
-0.4441143292241843
0.1224171669094696
0.3674429830300353
-0.3216486434394912
-0.2483195149277223
-0.3682643806742011
-0.1992212047702595
-0.1420612587789431
-0.2801819101631410
-0.0062049886977287
0.5338160590154314
-0.0597055971088460
0.6450515917532674
-0.1750517774996160
0.1145728980303157
-0.1496014038327627
-0.0039391732064054
-0.0283018815561239
-0.1219721551138900
0.3674225389308790
0.4841345085297730
-0.2468134532762691
0.1219331137290891
-0.0182723305862325
-0.3333119883651116
-0.2796839677341440
-0.0745277062547515
-0.1754449339852638
0.1458112275964560
0.6028325774636476
-0.1139588495596314
-0.2572651889588712
0.4042288758451455
-0.0749572271565273
-0.2816114554266818
-0.3313002266304435
0.0590960777956123
-0.0924053656768243
0.4422185472287976
-0.3748075988427173
0.0441161486817327
-0.0797829155761797
0.0488461409804313
-0.5321174745072264
-0.1158127918038123
0.3401433773068567
-0.0873208055477492
-0.3968825796295439
0.1155599839119469
-0.0109626008166126
-0.6744581690284620
-0.1887892841489405
-0.2662586335743927
-0.0440170223310009
0.1351127224691615
0.3326455545713415
0.3277621958762579
-0.1430199955891925
-0.5236451696920783
0.3228314315931229
0.1951647058339278
0.1592737352193146
0.0144343058940603
-0.4767653921414489
-0.0417701282366316
0.2352044759063849
0.3705694935169529
0.0912919205659997
-0.0321257369287725
0.2727336970589440
0.2315089803385472
-0.2069932930694029
0.2696625943629877
-0.2941733047433229
0.0721272554566317
-0.3406688863935644
-0.3121584019176030
-0.4265642946074734
0.4840756058868687
-0.1841168093011854
0.0517901915584235
-0.0049804007528201
0.3303741989128845
-0.0696266271486349
0.1209748588045131
0.4229463205344415
-0.1806503763254339
0.2760426942325450
-0.4681729028344896
-0.0364115762620959
0.5890902043687651
0.1157860976610912
-0.3445106892096303
0.1516515983848817
-0.3738757403337450
-0.0178961051641977
0.0457720384811038
0.0733213948410518
-0.1002306388185041
0.0875031321049798
0.2308075454872038
-0.0837223337009525
0.7301751735184675
-0.3155937517858630
-0.0608343684328869
0.6208992852331712
-0.1741080499975999
0.1779418454564855
-0.0784285839827926
0.4324105682990638
0.0482921307537034
-0.1677279242461606
-0.4805014259189820
-0.0428684170286142
0.1230728745642894
-0.2781103396257092
