0.8251842942023846
-0.5616787051210370
-0.0598991887696978
-0.7715585719834172
-0.0713771528389675
-0.6321413386668465
-0.9959531825260538
0.0643464341999958
-0.0627438811516368
-0.6663770112984290
0.5023817323267207
0.5509575971319179
-0.5843963391983790
-0.0033094980235591
-0.8114616232172446
0.7366518034769821
0.4962384054256965
-0.4594470213361621
0.4888141752511522
-0.8696951783479423
0.0684908667770881
-0.1993810472496184
-0.2400991900339645
0.9500524074716509
-0.0578021323646206
0.2718380271591991
0.9606055384414030
0.4109890467216388
0.1913793575548880
0.8913259476626477
-0.2813425475337578
0.8447484675116917
-0.4552432290368123
0.8865246662579378
-0.3778640129707444
-0.2670071231594713
0.0388602804254986
-0.9390992108905288
0.3414418701771033
-0.7391977669461791
0.5972887582896060
0.3111796917580631
0.0332353563440429
-0.8505389699196909
-0.5248608117745464
-0.2696889004833005
0.9407954832268925
-0.2053576287747459
-0.6467506833662580
0.7540571077832974
0.1145051604372790
-0.6923530906355337
0.6051222330408277
-0.3930321627642027
-0.1827112058937577
0.9321186574884679
0.3126842234631373
-0.4449164663629277
-0.5677127584794275
0.6926410050082259
0.4331315144580871
0.8664395737900732
-0.2483536916450413
-0.0846381248322431
-0.9485569598117405
-0.3050837291918235
-0.8770269595459941
0.1786647184509480
0.4459850116431637
-0.6310424177745400
-0.7036299462338440
0.3266349119923050
0.4056479414919189
-0.4947838966472946
0.7685301836505111
-0.6326966165121776
0.4402538326478988
-0.6370804927894735
0.5394349000964079
-0.7139484654953034
-0.4464163719834657
-0.9001287143622191
-0.1477694080297061
-0.4097956803471323
-0.2208040059284279
-0.7122268079250232
0.6663171654992019
-0.6891617968127760
0.7096782902751489
-0.1463309335920727
0.4312666904797690
0.7519642644883143
-0.4985567035104191
0.0337161254804105
-0.9980312262332061
0.0528856724078675
-0.6328563054375410
-0.3774317227323490
0.6760459979492794
-0.2003081468520360
-0.3555436054764888
-0.9129432572232965
-0.2525089841170450
0.6936195721387518
-0.6746340504942163
0.9363314153832073
-0.2503946053752371
0.2461422803287955
0.1645139777377558
-0.6791331942345029
-0.7153413560096622
-0.3604409869699126
-0.8931931443305801
-0.2688648393394103
-0.1400555630416798
0.0185087671342801
0.9899706383525964
-0.4202990509674819
0.6165178606264584
0.6657735615691036
0.9716137412624871
-0.1342484627112987
-0.1947924229778094
-0.3625264326371466
-0.6623314960794690
-0.6556611738851988
0.5122662229575695
-0.7931021206502026
0.3295031760650226
-0.3199218491361396
0.2061205035125715
0.9247509656534764
-0.2701200053228356
0.4576974954641322
0.8470821597520821
0.1484485798884862
0.1023240434246336
0.9836121233831583
-0.5011974774575487
-0.7442321252792876
-0.4414970354288517
-0.9293479011935132
-0.0704973833073413
0.3624121928054159
0.4950995306601176
-0.6589973292946828
0.5662146012976059
-0.0335806913867040
0.8147984496831990
-0.5787709594993917
0.5150715556207675
-0.3864009412618877
-0.7651114985296782
-0.9015553101598744
-0.3255268250069179
0.2850093137486002
0.7126923006159560
0.5937772365327316
0.3734946827175566
-0.6193593562700863
-0.2641073697926652
-0.7393519358342850
0.4407713140123594
-0.8630233642762097
-0.2468021909489273
-0.7708740388790123
-0.3467190376120650
-0.5343586109905245
0.0091876863004193
-0.4045292910797041
0.9144788893566638
0.9839969857209853
0.1404962450231774
-0.1095935090523283
0.7179628065520974
-0.2574848958826400
-0.6467077676973902
-0.5916789845467927
-0.5331009126307406
-0.6047473821340178
-0.0112743567928761
0.6328334266113591
-0.7742058789767954
-0.1020724658307598
-0.7034619435721372
-0.7033651296907885
-0.4538862079774658
-0.8908841860016368
-0.0176826847519730
-0.6052792288722694
-0.1340218156039109
0.7846497358936804
0.6635694582282670
0.7453763173909177
-0.0639509153914022
-0.1874513663959068
-0.9617473295974732
0.1997600041260434
0.4286510112479986
0.3272276141102930
-0.8421284932358918
0.8083868393592383
0.5575828939566131
-0.1887115108247236
0.3508075348997143
-0.0662092054186509
0.9341040705271639
-0.0084014234431034
0.5142324855805923
0.8576096821152008
0.2266337447700114
0.5030868109236856
-0.8339908910810462
0.7784268514415920
0.0028755190001195
-0.6277287378678865
-0.2728563312201341
0.9600618672914539
0.0618921116616240
0.2048449698019139
0.9764827625571255
0.0672305940451048
-0.1955959323559603
-0.8705247534061975
0.4515848590828548
0.8764648285165022
-0.1127023269258062
0.4680892969071684
0.7177704039529382
-0.1883391976964001
0.6703237977427866
0.9703430131899757
0.1862646480647530
0.1540776350893030
-0.8716595086283611
-0.3945720629599707
-0.2907276872767314
0.0660807137092946
-0.1526527246732814
0.9860681948655954
-0.8134390764531201
-0.2482890217808558
0.5259937552501940
-0.9449272335435833
0.3271133467375798
0.0104585703521167
-0.2330617449823526
-0.8355877826271000
-0.4974688739510316
0.2967569201341158
-0.8025021190841360
-0.5176153776869321
-0.9197774033827344
-0.3923233227925206
0.0095884628356297
0.2628546642561526
-0.3182539051252183
0.9108358125103195
-0.8118836423998633
0.3721254429368374
-0.4498528714175264
-0.8441010588792616
0.4976434838141299
-0.1996105343318469
0.5591734228094241
-0.1276782728577005
-0.8191601442109278
-0.6096348978021831
-0.7676638375559404
-0.1975791585431232
-0.5076855458400812
0.2531845419660743
-0.8235004397415268
0.3886516018907296
0.0528312997642094
-0.9198688961547695
0.7966662235013877
0.5925824883132861
0.1190332847420051
-0.4239401589915808
-0.4398091361019935
-0.7917339612492390
