-0.7622697780710633
-0.1472206109910891
0.6302942782057460
-0.8643014318517955
0.1051961552153322
-0.4918503876453165
-0.4125548920619874
0.8799769298410057
0.2354550147763256
-0.5565763643161026
0.4563454573598051
0.6942417260808655
-0.4430437209270812
-0.1862461209769553
-0.8769405018404178
-0.2225462679401875
-0.9552929540043783
-0.1946497640776458
0.1704077927121545
-0.0354208709878699
-0.9847367902548539
0.9679336000077389
0.2491644904647737
-0.0319625197299643
0.0563037605674832
-0.9226806305888344
0.3814319604885653
0.6852133624668179
0.5833577627919003
0.4360921559571400
0.0457278932132494
0.6702638643824128
0.7407127053624990
0.3354984764577409
-0.4438397780401964
0.8309314193865603
-0.2927133003872252
-0.5581495177078192
0.7763942552974918
-0.6221543325019631
-0.7393599036378050
0.2574313878332100
-0.9119249157464562
0.3747437387848047
0.1672126738091493
-0.6494856737527988
0.6861943970710157
-0.3275753486119165
