0.4951525342787110
0.2655694804176763
0.8272223515283272
0.5118640313590065
-0.4810966239533665
0.7117171150264542
-0.2521472391365335
0.3493407110483415
0.9024316247783336
-0.3616784995149413
0.8611320223080707
0.3572678311074665
0.2192704050294986
0.4055261674010622
-0.8873945103679677
-0.8351125157487534
0.0225307987888769
0.5496175480693125
0.3939289876134192
0.8474891394219992
0.3557837985063766
-0.6544962099381543
-0.6786710094961579
0.3332272078418232
0.0533960106347302
-0.9432280601054714
0.3278257047242711
-0.8745177039348354
0.4825438112515700
-0.0486852721811515
-0.9430574562124969
-0.2506173396889810
-0.2187089008916479
