-0.0988801042796728
-0.4803220054545463
0.6010147439608249
0.0614624317208890
0.3023390666125881
-0.5505526604079324
0.6250121460565083
0.1395214834522480
-0.2539411675104350
0.0892445019545206
0.6529647382216526
0.3017945093777846
-0.1302075124557673
0.3785469971073661
-0.2161639471439546
0.5193956090960973
0.5954736078785330
-0.4106832188050053
0.3809697479531114
-0.7646678141003677
0.1599037332574041
0.2401092538746245
0.3974096593387486
-0.1702618283171079
-0.0957111073974996
-0.3577442140019360
-0.1177234339419000
0.3657759048908160
-0.7878210434438239
-0.3074827560664140
0.1833455265430674
-0.5486106306028080
0.7676964699308026
0.1236227773249165
0.1232216317601504
0.2135105672674288
0.4879642029956496
-0.1609325276800410
-0.0106300524046151
0.1786774463480847
-0.8130929947059843
0.2069608954411198
-0.9074350198173934
0.3350940462956720
-0.0867512876011974
-0.0334095760996630
-0.1504374955723497
-0.1816596796113411
-0.4135464504647169
0.5677174719918606
0.4318695547991798
-0.2669063319994107
-0.2939049885760031
-0.4031696424205606
0.8264126844806706
0.1747084196722184
-0.2328023952148045
0.4106375525274132
-0.2110433745771000
-0.1384181429897958
0.6640120315694604
-0.2043568200224485
0.4691403963992639
-0.0528350646349842
0.2262958361659310
-0.4931858179090630
-0.1135419800744325
-0.3799556737640313
-0.2132429433948739
-0.7950405133536520
-0.1771785218777811
-0.3657700170040666
-0.2284994688752629
0.3049613455409698
-0.7596490032869708
0.1927194726059816
0.3715996514650370
0.3201450704980652
0.5705356384551341
0.1707858786865623
0.1338598000859959
0.5705180964367755
0.4712078154696073
-0.2826218659150553
0.0502403262282289
0.6878146205403720
-0.3662590736611922
-0.5610457087261165
0.2054536390290315
0.1823671112946867
-0.0675134160296699
-0.2834609512228175
-0.2447651446881567
-0.3120483170727799
0.4976105312177188
-0.7142768782250419
-0.5376487491061817
0.1986859385960988
0.2166413462513528
0.3113725808703931
0.0653235975008132
0.7233976713916137
0.4775480532484920
-0.0655684836063115
-0.7201000649200493
-0.4451122373736661
0.2227754831552108
0.0367519733273837
-0.6848352959660380
0.0891903312132246
0.4905102262287983
0.0180439713802805
0.2551765033236623
-0.4658377264997912
-0.3266320714655276
-0.1871420645680856
0.3910882712478483
-0.1197018978764337
0.6293434921583647
0.5430815096966536
-0.2339511473447035
0.3143866122081010
-0.0133147729666453
-0.4458697755295765
-0.2099631875941612
0.7767665277712221
-0.5956780353046265
0.0303657913918819
-0.5907066959547060
-0.3247555938104927
0.2877797440402551
-0.3271510653076939
-0.5460072393382905
0.2877078143657592
-0.2605588868617038
-0.3808699519276132
0.4538176090961523
0.4474338297596148
0.5430210525268150
-0.5025707997621719
-0.4832699872177326
0.1091341094911264
-0.4014676709947392
-0.2142762293986255
0.3926804918015115
0.3256769319784699
0.2066436456123201
0.1387097600279984
-0.1413224244070184
-0.8110626029452731
-0.1594316136799951
-0.4356483201209424
0.2387054749266239
-0.7462051069244567
0.1471942592395060
0.3864241017613187
-0.6427538241238521
-0.4752883366596550
0.0090120126798805
-0.2633003272273137
0.0220514081290996
-0.5395127202563753
-0.3721024272111937
0.4299733525581830
-0.0710884552635924
0.3099045356366271
-0.5671520382037007
-0.5038917300719329
0.1936580787535357
0.1251538962006714
-0.4297983786242405
-0.3566889399949059
0.3382695060519451
0.7214243868153742
-0.0557405294734424
0.7001369960660038
-0.0805338433082236
0.0526265854714172
0.2807157801371741
0.6470274905128043
-0.5464207130728050
0.1751329375400930
0.0585171014622093
0.4709619079067069
-0.6237291243901102
0.2376667163034566
-0.2425074199817292
0.7560650371198983
0.4407731889236863
0.2879948360633661
-0.2218354370691542
0.2076603478902725
-0.5791972071381687
-0.5406573316950192
0.5035795320713007
0.2375230803134334
0.2322755973596716
0.0908775714697699
0.1079517866650633
0.3322716607744783
-0.5339076677951541
-0.1992115791967980
0.7142926865502115
-0.2073288743188688
0.4745660255410057
0.3286414699174340
0.0413563970810126
-0.3502594082354619
-0.5333176136472191
0.5078997834114316
0.2024397588741748
0.3992040135377328
0.8065625644509022
-0.1692585601541762
0.0659774385378157
-0.3407486561194922
0.6205388872392278
0.5376737568868375
-0.0321999820816870
-0.1679793543384213
0.3768821366712914
-0.3931213213591491
-0.0712013622111171
-0.3143292448288516
0.4059793361461810
0.6472178759611082
-0.1106643688770896
0.5478783523596622
0.4844714234548777
0.6175370449044995
0.3878262366958407
0.4441453638451533
-0.1441648667583775
-0.1244091440528392
-0.3087697750311561
-0.0932454962524589
0.3555211752755970
-0.6745988331382965
0.3801680864560105
-0.4122618558092956
0.2581970625060552
0.3023088143474889
-0.5497198942412853
0.1362351768723860
0.1592298978654134
-0.7041573061218136
0.1641298008827008
0.3215879558834822
0.4736661841728158
0.1055028844542757
-0.7231219269265947
-0.3335367464520953
-0.4581549605985284
0.7818379319795087
-0.2301055905463580
0.0351431666437809
0.3484531081702040
-0.0567475694726182
0.3488698538470117
-0.1844302235538434
0.3498294228562672
0.4315811637304057
0.5761713796561723
0.4512858661634628
-0.1122444060120214
-0.2815078488134803
-0.7472650313125365
0.2331171846366687
0.4436573066280322
-0.3139650774457612
-0.1011375867455790
-0.1926915730445818
-0.3108505822702165
-0.0286912839240851
-0.6026604338422598
0.7014201832247198
-0.3415342190585730
-0.7002844544686863
0.4474881533375821
-0.3207103551724472
-0.2991767600858148
-0.0186694127862550
-0.2750509301245003
-0.6208873772180853
0.1389643308101665
-0.2432526051239813
0.6703436552806634
-0.1048919412382683
-0.3046533384070326
-0.1856246465451543
-0.3656909921224477
0.2101310896083168
-0.2196139756337457
-0.8041234725832213
0.0633376079698808
-0.3422033547365256
-0.5005050502594149
0.7161151277385192
-0.1582687279436585
-0.3008488651593728
0.3343975247303267
0.0979268235455336
-0.8909648467378662
0.2838365695122025
-0.0587859361477855
-0.0274096712978529
-0.2108459329843611
0.5572305559543711
0.3895806587171466
0.4672737875068585
0.0745410081650824
-0.5190027514560780
0.7036896176192123
0.2908095907542088
-0.0511028367081567
-0.5522698959854763
0.1963025656339631
0.2722176863732233
-0.2221562288894942
-0.0162312042701492
0.4446545987212958
-0.7438348851823949
-0.4238606948345283
-0.1404180215272487
-0.5314518882481249
0.3597024760663207
-0.0804782993279349
-0.7553551375045173
-0.0015579004478938
-0.1055104341677627
0.1220276480229955
0.1113448879897455
-0.1415115806515860
-0.9177281291972830
-0.2257241055272393
0.2439462044017076
-0.6906103164812661
-0.2997059451207674
-0.5226755975740336
-0.0087338213837118
-0.3724131988808038
-0.1458632462032309
-0.8066137099480720
-0.2407868752402368
-0.3244018106979633
0.1849032476974621
0.3551951267756113
0.1606445758733282
-0.0851603172519602
-0.8935270414476708
0.0992914705775691
-0.0218674873581376
0.1481598836685848
0.4025777096484784
0.1092132308834853
0.0151683559540644
-0.2222043237494053
0.4207498722837996
0.2363537979537136
0.8399845575072986
0.1843138570681619
-0.1594136221486658
0.6468013660633506
-0.3033636097942973
0.6551900891362957
-0.0309864385631731
0.5594499930525721
-0.1999493015191962
0.5854148456097913
-0.4828521600373266
-0.0332984726284865
0.2647082240940477
0.0916349125271283
-0.6664100130376674
-0.2369309893398791
0.4656511921239654
-0.4132827769453605
0.3220725961232483
0.4140516527397670
0.1209804946753185
0.3243607177147128
-0.7469285970663120
0.0396713136531559
-0.3863145497295734
0.2085780132044615
-0.2191054976382125
0.0720384100209566
-0.3735138980558617
-0.7899714064449052
-0.3738061071633491
0.3340944151706581
0.8298757809553704
0.2987152004871293
-0.2549885845638891
-0.0263020022109667
0.2115310032955525
-0.2065094556418710
-0.5456995398233089
-0.0768325971729097
0.5554749440571595
0.5450264068402478
0.2192177259034878
-0.1671079529365831
0.2054718228140502
0.0880949721748967
-0.2061890097998066
-0.9162457864736270
0.2001881339625821
-0.6913739571338581
0.3073063552074784
0.1299566197213188
0.5620893218788461
0.3077768379598394
-0.0022681891446271
0.1130886452370727
0.0842351287451791
0.3093229398880581
0.7968981657493470
-0.4991925503330726
-0.0139582011743800
-0.4045215218218714
0.4383282746448166
-0.1247304390396131
-0.0835959417856768
0.1631118948584602
-0.7714137721608614
-0.6611257666358168
0.2681873581011844
0.4524583662359961
-0.2029514996970818
-0.3732864590376991
0.3251731796101361
0.2477683105687248
-0.6508896095494227
0.3365150201665404
-0.5498661243833507
0.1629375366887166
-0.2698329595403044
0.0165716927940424
0.2497623085377331
0.8239756142485414
0.2563020880007446
0.2126086498984485
0.3840770196593368
-0.2506590726019319
0.0351583823527257
-0.7509884754948806
-0.5337870510607898
-0.0654272258053882
0.2876471612753912
-0.2165388468416231
-0.0112210343118971
0.5528328015211930
0.3978835957514298
0.6901214583037379
-0.1130571836741719
0.0991927458737916
0.7251178599756907
0.3014844205227681
0.2525338481108660
0.5563988567596655
0.0109087234449312
