-0.5765160899458225
0.3220113824042028
0.4557614643247323
-0.4135785534514869
-0.0936438256866584
0.4200035348756395
-0.3848660119798223
0.0008880439879541
-0.3581140398284473
0.5843139487284102
0.5147800253839656
0.3423600932723738
0.6319308723185594
-0.3401467709542674
0.3632284218179044
0.4535179135598716
0.2007296274172432
-0.3271968507809935
-0.8428628479493401
-0.1432704118971299
0.1001641955814665
0.0948857336282286
0.3943902429294966
0.3073694460757572
0.5936526822496814
-0.3404716767035036
0.4579120924179857
0.1157846586817213
-0.5344280073752777
-0.1515013649598366
-0.3818420470651198
-0.3579791382010612
0.1429900938056640
0.5474244407360718
0.0366103974392235
0.6360719937739228
-0.4077237070248267
-0.2204573497059427
0.3979061586484468
-0.0109837012020792
-0.5097528402342295
0.6056913609927432
0.2823376624198483
-0.2033446780227941
-0.1891757836559652
0.2186439769751598
-0.7589468941044000
-0.4683410428726317
-0.3893355848349918
-0.6677054389510356
0.3648769490320576
-0.1634192412905589
0.1631156530985702
0.4649080516959265
-0.0089724801959453
0.6588917264587287
0.6582488253955031
0.0462258202118989
-0.0160820734124843
0.3606857520464351
-0.3105642755134589
0.7332708983484327
0.3645942422162224
0.0787188141101978
-0.4008698083153974
-0.2569852214410822
0.1975563021313834
0.0927888427369088
0.3258748126935802
-0.0271091482173413
-0.8704548145353637
0.2962108278553957
0.0367657837202290
-0.0944443145785015
0.2597171756903892
-0.0168310787959158
0.5861976164628153
-0.7605028642171715
-0.2518938846425037
-0.4203695953919342
0.5003728325389182
-0.6736515362728629
-0.2325060011190836
0.0400058711633037
0.0893868678977844
0.1698947114884655
-0.5249663732996518
-0.6364884438151920
0.0119509964375611
0.5313150819750466
0.3065914604761939
0.1283088234432522
0.4105876916620113
0.0828439648273844
-0.2389134111125339
0.8105637107147078
0.5214432398798209
-0.2989223853695786
0.0536736623866381
-0.1200177315009393
-0.0181468794074568
-0.7881166969223161
0.5640322717351968
0.1699139415197396
0.0588822360697797
0.6722426478854203
-0.3370321429497872
-0.2898773674790009
0.3815079508291793
-0.3031308252887495
-0.2996824480013158
0.6263463381540328
0.4670607023072311
0.2495964375048872
0.7664276540109562
-0.0891079380419057
-0.0495603310978370
0.2584445364139162
-0.4134639541780015
0.4055196423355374
-0.6105976471097126
0.0247825321111226
0.4413829327374374
0.0549387728144528
-0.3356944463805057
-0.5621640472720314
-0.2148185616754706
0.4054910601214498
0.2682567444376917
0.4751339503395243
-0.5026254459381477
0.4889618544581903
0.0806002022150418
0.6254040757456437
0.2964176604890140
0.5962756745607649
0.0904722834239611
-0.3883040121515747
-0.0815615543709464
0.3002917376918444
0.8044568841633603
0.0664959069182417
0.2399033986253031
-0.4405069356275050
-0.8679697391939790
-0.1964840403465411
0.1068413734333129
-0.3450903086908784
-0.2782605244278487
-0.0095516516001972
0.0041032807128844
0.5100329487775430
-0.6849375946774519
-0.1861463602698417
-0.4536374737909275
0.1739902887434186
0.1983129381637702
0.3118049725607228
-0.3038079202478681
0.4327152703002775
-0.7520674715681112
0.1352863566514764
-0.2226895221803294
0.4948364293508750
0.1426587905005668
-0.1182058347194363
0.0803180964406241
-0.8153349853978575
-0.0976876823795161
0.8705488769755686
-0.2448525537323303
0.3427097223588589
-0.1558808227220247
0.1757845606043653
0.3856838236127529
0.3020752776722734
0.6145870829146589
0.2300193061841885
0.5589339441800634
0.1302505169393906
-0.4079954618870215
0.6980595382503572
0.3637301088618625
-0.2459569186085893
0.3800962126321218
-0.0947895319954505
0.3283327590370475
0.2020109619960092
0.7751865016966549
0.4519554009885858
-0.2120945191579614
-0.0350326793761045
-0.3434619792417569
-0.5599243121001019
0.6381997437870689
0.2862975828517592
-0.2813672267867980
-0.0092681340208830
0.1135595162313365
0.4539242464379143
-0.1431880549463934
-0.2540701429976619
-0.7476273556491658
-0.3702106092644141
0.4135483753873356
-0.0877189168641454
-0.4046069687514391
-0.2595818960978812
-0.7521891589690113
0.1562211318105476
0.2703533192414359
-0.3648522436973207
0.8380061351490740
-0.1708767553636511
-0.0740056576750011
0.2384574125607399
-0.6115950441875744
-0.1615421842933153
0.7209030957340337
-0.1786957379739439
0.2062748371449936
-0.0753184968701859
0.1689739475092960
-0.0501145766529446
-0.3222218006497247
-0.5451765539728757
0.7184942500689290
0.2272839261193329
0.5109078357836712
-0.2540377974413931
0.5276346979134097
-0.4133927391559534
0.3655294613761993
-0.3025462980156252
-0.1072731465608594
0.6933853291938512
0.0806059573829567
-0.2723403247411965
-0.5140589174704543
0.4034676118463641
0.7819326125208383
0.1658767594400579
-0.0876304595021828
-0.4785993865176741
0.3489099514080013
-0.0509084055418192
-0.1746394558164741
-0.0438834401078957
0.7106000821357377
0.1592934032650285
0.3164784672369748
0.5805943669005803
0.5872757649505647
-0.2119804440145556
-0.0393248357906863
-0.5054464808050574
-0.2081343432183296
0.5566228298965232
0.6121905631454940
0.3543352386173232
0.3577542958940618
0.0524402984249629
0.2651260482106966
-0.5464790119485210
-0.1097996999218636
0.7478669585263901
-0.1710467273556307
-0.2802018815351803
0.2739299089917229
0.4958138419270031
0.4673724747128024
0.6833327723031757
0.2512200678076842
0.1409428433680592
-0.4812881863548913
-0.0021368871135759
-0.0160793201267866
-0.1895654605716568
-0.7425106022296223
0.4803719204668593
-0.4000499288033790
-0.1472659828015712
0.2319108656548739
-0.1263457707144364
-0.8398399895046430
0.1010264135034564
0.4627852057480246
-0.0233753236985170
-0.2242775632825521
-0.0958413821476816
-0.0540371032351024
-0.6138655059135476
-0.6677460973987028
0.3389369935671355
0.3024894223732512
-0.2706754230089879
0.0311760354806489
-0.9102103639336859
0.0517614775579875
-0.0556853874156617
-0.5186597110275921
0.2672898215398247
0.6500227986533254
0.4833098142414459
0.0011014378058628
0.0585578942717425
-0.1320432709089122
-0.0964567515333516
-0.0218647178073284
-0.3666050098453152
-0.4188851987742782
-0.8141981090684653
-0.2691593468084892
0.6139885628373505
0.1735086011748969
0.4365412583565405
0.4714836461185054
0.3280258484390692
-0.8323632267991871
0.5264315454975568
-0.0044163371827768
0.1649206027772541
-0.0216286625978603
0.0485301790353392
0.1363893590844772
0.1130147865609220
-0.1286496737988501
0.4626895525873205
-0.0098995572131768
-0.8590082880112930
0.4421939863990741
0.8359038980785952
0.0567762665395275
0.0675534376722070
0.3105874264370255
0.0384394423116414
0.2271259326597080
0.6503444668742190
0.5106170483127234
-0.4421191480399042
-0.0727867324970196
-0.2529206705685091
0.1825996392970031
-0.6868766572902064
0.2320580912289158
-0.2046093254390577
-0.5249029088397383
0.3515946983795177
0.1800664581216621
-0.3019587986737166
0.3849460194984607
0.5969725629816861
-0.4687554891846182
0.3900071371676453
-0.4556583411601853
-0.3296386404209978
-0.2450036875935815
0.3189999489298755
-0.3950154431385363
-0.6048874839198556
-0.4829660269309726
-0.5755039345613995
0.2298840054219369
-0.0290111484486772
0.1806172155298591
-0.5909552917996046
0.7942553851933731
0.1959092566515189
0.5331872200498068
-0.1621932267644495
-0.0751650874184991
0.1205524842143051
-0.1236409241089036
0.0167086808239047
0.3502716349695303
-0.7043082817936965
0.1914695589154009
-0.5736137862812802
-0.2972363625106494
0.4542116888355479
-0.3013747004499606
0.4740883374689295
-0.4419312663653612
-0.4409677772127443
-0.5445016872497974
0.2493747394215811
-0.0381758807636984
-0.0185776440948008
-0.7994704139098092
0.0193567164370350
0.6521510245532385
-0.2963755843557548
0.3637108930225180
0.2397157617320383
0.2675994118454677
0.4748703494912031
-0.2146676812544972
-0.3650609650895827
0.3047388713550167
-0.1719241359232702
-0.7997386688857563
-0.2421624488929413
-0.3791375251326610
-0.4881842884321659
-0.1836448347775903
-0.6722622187542473
-0.0211407097785598
-0.3630729841911235
0.1795449677462087
0.1817493968664148
0.5291772728390270
-0.6161453992979554
-0.3341561009398248
0.4042359735785698
0.0156261389264598
-0.3528184036248740
0.7182463930166927
-0.1898013729696368
-0.1807727241370236
-0.5391602524215576
0.4953644300410155
0.4654928708195954
-0.1310225053118260
-0.6264072233481801
-0.3368456841494400
0.1221169413930878
-0.1387850941253015
0.8446517746588282
-0.2211511089829016
-0.3918204652991428
-0.0862871557756229
-0.2396362116435503
0.1081186348090598
-0.4240447765757288
-0.1059964737865953
0.8734957919498156
-0.1458674352347786
-0.1139689808441983
-0.2345132992384878
-0.2632918332751118
-0.4286948885058258
-0.1060564119709773
0.4536535364916743
0.6890951471954563
-0.2117472590380901
-0.3902846416319719
-0.1868649673656599
0.3189508769555402
-0.7863699097609856
0.2186668330572371
-0.1104369210981491
0.1651821153425167
-0.4626639084449427
-0.7850176728624600
-0.3018766179248905
-0.1976826342793407
