-0.0226364200655471
-0.3984992070113890
0.2391966038977886
-0.1793543510475669
0.2344111951911701
-0.6216676535821797
0.1386508978128886
-0.5129667585611989
0.0202975058064396
0.1646594680107676
-0.5234469599640804
0.2771206043620406
0.3111661005433287
-0.1423168153759256
0.2465519127516798
0.4426802012581096
-0.4538085064589637
0.1058616712838149
0.2389772575429239
-0.0334132130242886
0.2093602960813765
0.1685139088885986
0.4048511386490283
-0.0334769892428249
0.1462250783002514
-0.5074786956010270
0.2939690736836823
0.0895094555112466
0.6076977749920297
-0.1417865685111415
-0.2598898231620498
-0.3542849461092959
0.4616330569751300
-0.0660696406434123
-0.3586417526292632
-0.2061510117798564
0.5522852855804630
0.1071382941228241
-0.2412554059529408
0.2089143653403712
0.6265693883597009
0.3655592530083602
0.4478822983882831
0.0147498694447761
0.3254203348436711
0.1403768975486570
-0.2495869462456506
0.0511078107243515
0.1878729767606285
0.2171523592019956
-0.0291224808221351
0.6178033324741169
0.1399407663408377
0.3394668029881344
0.2134386456486657
-0.2924222043492094
-0.2335322469221259
0.5363938216885271
-0.0241704304255085
-0.0935047700480168
-0.1857751333290216
-0.1672106159700402
-0.0637627172693280
0.2572654244003724
0.3011700913090667
0.0270873735131580
0.7351109825733257
-0.4216379766676621
-0.2283682133888465
-0.0743040805093831
0.0639326460843495
-0.1146499930286863
-0.1273778087915255
0.4696711115333090
-0.3736219717810436
-0.1800580018866810
-0.1527628175531967
-0.7349862412842483
0.1003874560353211
0.0178544170319356
0.1762486876814071
-0.1833544764928138
-0.1882665293394256
0.4401939879736605
0.0453601761211857
-0.4379486505483686
-0.4192218468626409
0.1120609958853307
0.5651184723270846
0.0676936140049021
-0.4275165597748909
0.4315075047951350
0.0488901199993864
-0.1924560074841814
-0.6211602318231128
-0.0307693908547032
-0.2434375999795707
0.0801894024150074
-0.2747628850407116
-0.2522452545082181
0.1249602711420536
0.2253208265751143
0.2476515196432995
0.0018254936048159
0.4451590510545895
-0.4430708785619294
0.4437065597908734
0.1781024318553197
-0.3668640482352233
0.3385516897784523
0.2236893609983630
-0.7127292423754951
0.3419791072089370
-0.0356033332742690
-0.1730444641025685
-0.0260289975981274
0.0350027839546720
0.3219196452363351
0.4326496225215763
-0.0331322458807247
-0.0348852642016947
0.0268489620981801
0.1715706371998468
-0.5069207241900168
-0.1322586298361438
-0.3895067578255535
0.3438255886402428
0.1890746311464418
-0.1655932485727314
-0.6008850242230909
0.7076890841513542
-0.4086611698654563
0.0066544968947337
-0.1442450779381474
-0.0211788247138384
-0.1438988479579143
-0.4286691399259966
-0.3231461117197409
0.0436671827924334
-0.0088542996068028
-0.3707623105071811
0.3290524742336752
-0.5821299579948350
-0.1350520747528687
0.1917087883610610
-0.2017835309126841
-0.2076340730752686
0.3140630350696868
0.2156758425310115
0.3625093201353911
0.2485454991857173
-0.1578406867591453
-0.2271115923610976
0.1112837537308896
0.4672452518120302
-0.0923696004614958
-0.3952493748948663
0.4326469628777070
-0.3549424572768651
0.3912899487062808
0.1023776210422341
0.2127897179982780
-0.4365355067553817
-0.3945046628783591
-0.3115926971992257
0.0431265825899322
-0.3934963828835536
-0.4360068701786214
0.0318025678237865
0.3913303877207110
-0.2252007848129001
0.1864111654603397
-0.1193517126141976
0.2189277435833780
0.0066959863210057
0.2461892475957578
0.1581822576237183
-0.0833219730392970
-0.3026168363335005
-0.8174143296895093
-0.0480692405296520
0.2022194858554974
0.0155826078598511
-0.4921074383378638
0.6809257566882347
0.0316550727599095
-0.1343725817694155
-0.3396282009921441
0.0264512957718247
0.3400281939466864
-0.3988672715761909
-0.0689341919473146
0.0344494436999350
-0.5520554754847838
-0.4616628234615507
0.3216098842876261
0.0681991605878486
0.1709240217296261
0.3148721106894656
0.2839452264519041
-0.0121083257352933
-0.2523336478254345
-0.0735471446905500
-0.3024640060697416
-0.6623102896998929
-0.5453686441823576
-0.1535776856714296
-0.1032878101895731
0.2524321568868070
-0.0723126003057142
0.4194188586050870
0.2497056623600050
-0.2049325390014039
-0.3345522546889652
0.1247901663739257
0.0783879657399961
0.1905683218004316
-0.6618180471255227
-0.0075733513845801
-0.3342429047117839
-0.3157657453762424
0.0888923021376906
-0.4606164786124446
-0.6540284452583349
0.1113776263740757
0.2336423981502626
-0.1802140383358228
0.0197366954359517
-0.0814648636240825
-0.3820634743806689
0.2723545359635484
-0.1339478208092019
-0.4451273971478238
-0.5052258578686517
0.1434584357094425
-0.1494242327784787
0.0179374225835047
-0.0258391104916599
0.6407560892867248
-0.0048703238332827
-0.4590487879036258
0.2008387797606368
0.4076666832748737
-0.4425885155850420
0.0389955552898840
-0.5153006721176765
-0.1489507857666615
0.2214356440753958
0.0558469649272515
0.2132296309894358
-0.2112371718814128
0.2244963256520648
-0.3254732480653287
-0.5356992969524021
-0.0421443678269735
-0.3295231974039769
0.5352245274777927
-0.2406237472175830
-0.0331428569469097
0.2371675950682034
-0.5130354811786187
-0.2881859267079305
0.2454399581006704
-0.4173499416768081
0.3846620053301963
0.0627285124643980
0.3534223402740153
-0.0586453054075960
0.3176217089946610
-0.1954272825190371
-0.3515596468970745
-0.3161121069985435
-0.2197299895070993
-0.0848282356870835
0.2800196322150768
0.2995309936818571
0.3404934846052139
0.1561270324136748
-0.1065563984234700
0.6334084879982125
0.4875243087186889
0.5390949079018689
0.1286482424203024
0.2220702372055237
-0.1046745804197229
0.1581589731621426
0.5391380044357367
0.0557091406159239
-0.2112084110859386
-0.1774199833332796
0.0768500310326678
-0.3528319715912648
-0.4260696535446014
0.0043600124281587
-0.0941515871020516
-0.2745789247342670
-0.5009766395093308
0.2543352568328948
-0.2066752479747160
-0.4953912913884542
-0.0537079092028350
0.3659913458115868
-0.3505673810332885
-0.0751176271964059
0.6280971346772205
-0.1665248474588851
0.3764308235742914
0.0882459992648994
0.1763016083301932
-0.3630693251792202
-0.0780028845895221
-0.2382309725499996
0.0941934767183048
0.0972649575234279
0.4382417358283319
0.3453866435423767
-0.3580663928655221
-0.5957591986804954
-0.1897423545203958
-0.2972174162543053
0.5780356440107166
-0.1173138830965406
0.2725078847250551
-0.5580479812090149
0.0137163668767154
0.0347843228648292
0.4873361423263196
0.0365611541963217
0.0420651324794364
0.1563117196358186
-0.4139549623375116
-0.2781538087366515
0.6020618962014871
0.2733988209878803
-0.2050806446559061
-0.3125631582139123
-0.2350440320280333
-0.1500794609380782
0.1541993216026999
-0.2697138012983786
0.1702858122096462
0.3172157069862899
0.1853994067220840
-0.2007768502904146
0.2020138498304902
0.2430506648152196
-0.5039295172252231
0.1577305835369807
-0.5748261456362549
-0.2942115557971805
0.0221922551970419
-0.1585809489618311
-0.2819030446585963
-0.1115691122830307
-0.1362934966739104
0.3250251666017276
0.7401318411495721
0.3321048738569478
0.1697796901938337
-0.2670419145880172
-0.0464956297181122
0.1345701657332643
-0.2472861863178088
0.1285168768371615
-0.6664579493579663
0.2690974061554292
0.4472338748960130
-0.1952461610406426
-0.1717621194427295
0.3432796835569774
0.1397845679186485
-0.4430639129787766
-0.1408667325567998
0.1576816534168368
0.1010344444109260
-0.2457587699618787
0.2003457395796829
-0.2916252833003091
0.3410920179971375
-0.6536932655937033
0.2328370814808589
-0.3288697579723492
-0.0273674909658287
-0.3932829375823077
0.2074612360785577
0.6525627503942788
-0.3478136327654460
0.1377690321296026
0.1085602030140456
0.2481791137793163
0.5957296938959425
0.1040095390422195
0.0053361305329808
0.0993459390833828
-0.5268851733808202
0.1189603183872065
0.1003644764556657
-0.0767615562831127
0.5597343565424985
0.0579879286304912
-0.1457440387082664
-0.4507059010613395
-0.2512768153281766
-0.1135579576064738
0.3066214754885347
-0.5686236499671683
0.2274515764718608
0.4725337827479626
0.0840860419605528
0.0120405900722903
-0.3489351663497240
-0.3494193927538135
0.2395732807899940
0.4309107974647822
-0.1778338647529662
0.6075333211151303
0.2671649572991822
-0.0744658730289052
0.1838556193579804
0.0402998296465061
0.3035026175826467
-0.1909272042911988
0.4952491930332613
0.0075216260018952
-0.1176567931910990
-0.4923376054541801
-0.2512440470469963
0.3991307109988372
-0.3781390173906202
-0.0666871418169670
0.0053906258406934
0.0416251957341152
-0.4521832885251786
0.6944172659913924
0.1845067460924319
-0.0732528041978796
0.3157898833929507
0.3688279095762554
0.0323719567910232
0.1879874594382920
-0.0504307567347203
-0.8105418358220070
0.0058648030762609
0.4467081692524318
0.0713511551133433
-0.1032068820665021
-0.0390695245740860
-0.0925491547469597
-0.3387016425929902
0.0185165448602872
0.0045645261282536
0.2645314983738212
0.7366499703010836
-0.0037124352187853
-0.3699202803196239
0.2195755452387961
0.0551518530032528
0.4206328675501712
0.1423503780832443
-0.0452049819954179
-0.6867945022457513
0.0246774409341018
0.1710578332325351
-0.0752246957606842
-0.1468477893155854
0.1159024761464942
-0.0706810340683890
-0.5934165256168979
-0.1723467170593420
0.2663545924033491
0.0934880476636553
0.3381184142888225
-0.7504231350947222
0.0536858445904965
-0.3854399070157278
-0.1468416141564163
0.1184468054780804
0.0149752485568513
0.1678468791582938
-0.3136335617551614
0.3252156374707223
-0.4113523624880036
-0.1563618784921144
-0.2478376161736441
0.4344920569817086
0.1344670052204511
0.2068614252864280
0.0663759362847856
-0.4826593998453044
-0.3900375218648013
0.3611935452488912
0.4514523234773551
-0.2742153010061616
0.2155923847074187
0.1841011634491025
-0.3488394639246142
0.1643062060019828
-0.3443903743539055
0.2757478313324935
0.4084551127238041
-0.4319751925320355
0.0561744281387742
-0.0858554720213263
-0.0350779895020000
-0.1649025834830677
-0.2061154225194070
-0.1251270430843067
0.4765031738860644
0.5190952223944261
-0.4688196969515127
0.0224140959185111
0.3627365869673927
0.0919055906153366
0.6711400646793660
0.1168537099310386
0.1553547249372348
0.0840376569323702
-0.1933841039483384
0.4868553784168374
-0.2996103699044274
-0.2535429831702298
-0.0620396421424668
-0.2489695603501675
0.2330954993455941
-0.1702077919665269
-0.4776039327830752
-0.0281778095166389
-0.0755194763476784
-0.4198945874846701
0.6129133958235555
0.2662835026181592
0.4145993259757580
0.3870807472065755
-0.1872477395073904
-0.4468203063377355
-0.3833248602026383
0.0788250708016394
-0.2733623268689627
-0.2146255399038589
0.3141917627866519
0.4734568373541622
-0.0466498700402959
-0.1732766955293713
-0.3733594096932363
-0.5623932083112950
0.2707881908397248
-0.0297206477505283
0.0632315025100521
-0.3144838359557398
-0.3329359740625943
0.0066932318375393
-0.1893090773450514
0.3268029862865030
-0.0337353207233889
0.1207289985585774
0.1409546990887019
-0.1977115490869820
-0.4973868233171476
0.7192695183408440
0.1338026278439171
-0.1791782303377467
0.4587620414015595
0.6088017353172844
-0.0357015124960613
0.3712039587658832
-0.1231797127279836
0.0744745896987974
-0.3186353513437135
-0.1312099261091663
-0.3290315839623045
-0.3652991952953537
0.3006377710944636
-0.1850379782549829
-0.1962339792950576
0.1114185558656796
-0.4359506640833244
-0.2521135691751197
-0.4978253581779558
0.3623116821913814
-0.2414506788472420
0.0007107707808968
-0.0860283090587835
-0.0168409441901119
-0.1088311614252222
-0.1784480595791556
-0.3093826871026981
-0.1016191099253518
-0.4688848596263791
-0.7351626105288676
-0.2868203439298980
