0.3376833455203465
-0.3773451449293741
0.0484578786942581
0.4392359131243966
-0.3533931774891274
-0.1171741008524915
0.2255845815019271
0.1411954694767593
-0.0944067277113464
0.4074223674121682
-0.0018583158844850
0.2457698520336162
-0.0327239806213236
-0.3201256416360230
-0.2180924957083978
0.0671583948707385
-0.0180043758732396
0.0652609564243282
-0.3625604038110914
0.3477089404628780
-0.2059946518399169
0.3331325510455615
-0.3887894800299079
-0.1889791110673216
-0.3004252206237747
0.2483208204935071
-0.2186172003004768
-0.3885836189824043
-0.0073895776318780
-0.1924577929538556
-0.0493293210553638
-0.1743973002424584
-0.2212028228919480
-0.0641745034706256
0.4025975567577993
-0.3953508186817179
-0.3036179206118039
-0.0910539756186161
-0.1716065591075170
0.1942606424625746
-0.6252269502352306
0.0072151024703445
0.1251840997388418
-0.0841875055051767
-0.0153384937549310
0.1114763299901332
0.0218767711764638
0.1146303901390144
-0.4737737514134140
-0.2701141370995797
-0.1864555590127121
0.3631997962476390
0.0637778290815658
-0.2642020709777078
-0.5298441846681672
-0.3636650329653940
-0.3101339272745498
-0.1708184115746997
-0.3302392929761512
-0.0907873102911513
-0.3202243948697982
-0.0515150457450351
0.4459590457182719
0.4252703783426485
0.2410344812256011
-0.1069813293629504
0.2619147036327178
-0.0651557771063899
-0.2565446185313771
-0.2533841123370952
-0.0348462371747175
0.0104536632045870
-0.0014986674842352
0.0029878609767508
-0.4078349343699330
0.2195036572514731
0.1505670242131290
0.1135550786470289
0.2381984199200587
-0.3181041343980238
-0.5393838940370915
-0.3953618367659034
-0.2015309034088897
0.3206236325301633
0.2305021926188398
0.0516771685514994
0.3524297414556640
-0.3227286861958498
-0.4681001625431883
0.2690752812669693
-0.1101798823470142
0.0385821528293096
-0.1414748431005731
0.1233622668760606
0.1979144975430582
0.3144092375224917
0.4841802682553286
-0.0547995846267833
-0.1430246569560845
-0.1350026337730258
-0.0731813026025119
0.1050260760029267
0.1503141557300514
0.2529139067098393
-0.5783114223791436
0.2033592872071268
0.3482704258555467
0.1482424916852768
-0.3194771915113954
0.2645759097596199
-0.2732249268990249
0.3042815992651174
-0.4490880650060629
-0.1143402135479461
0.1575360402666865
-0.0006765996650338
0.4859742466650238
0.1163720718711596
0.4355337543175947
-0.1889593376106885
-0.4176864996050239
0.1797382820147741
-0.0343168813239446
-0.0181364098213070
0.1231523786407498
0.2487539058339207
-0.3566766860104082
0.3709040047468590
0.2018767800728985
-0.3801621473905925
-0.0172432291427745
0.0326943419456145
-0.0352588595446422
0.3561327054340744
-0.2488949662209446
0.4274099120147081
0.2434208471397547
-0.2895117442300098
-0.0606314888953665
-0.1706448207883400
-0.0203170093838902
-0.4797543991364815
0.4552921522909995
-0.0024443052904932
0.0931710335362547
0.4467964189476798
0.2521987123325281
0.2148811964075317
0.1243432191758421
-0.2117073252090677
0.1087895206946816
0.3688144405765424
-0.1887274689113716
0.0167773630739189
0.1081556201067892
-0.2880816037800128
-0.1691210454495150
-0.2194200391526313
0.2336139142746688
-0.1698328762840662
-0.0525822840645155
0.0149628483039958
-0.5430249232063085
-0.4375210545813125
-0.4348842368032602
-0.2110742326029619
0.1292740824637838
-0.0739436248760779
-0.0257464466263535
0.5497000785281337
0.0541375676793330
0.2266259550141147
-0.3831914217137457
-0.0480259256577670
-0.0858806604011516
-0.3564422842764852
-0.1693694309423430
-0.4441471461432224
0.1744246697087925
0.2743489000974175
-0.0441293593126547
0.1603640329518772
0.2520450566172110
0.2493576592125345
-0.4127677873945537
-0.1425276649132265
0.1037366049397000
0.5089279570655673
0.0736178870461043
0.1524279028676409
-0.0141840140864725
-0.1158202561891177
-0.0150871617876572
-0.4727430757005778
0.0357391832799549
-0.3828490731385768
0.5879204177102223
-0.0624300314006593
0.3365641169248038
0.2513956740305757
0.4545651086646924
-0.1486361284958348
0.0013809227964688
0.1562803968665020
0.0602043852037166
-0.2292401745101533
0.0903709221072396
-0.1918250863063456
-0.1074804494999117
-0.3288431812629533
0.1667826773742989
-0.5487338436891676
-0.1703866621032410
0.0556041326973627
-0.3142944706088407
-0.0857613704791854
-0.4606585915022453
-0.0552182927804610
-0.1061472945857363
0.1927719304225088
0.1011228355885370
-0.2520365180804099
0.2492592667619163
0.3650385825103142
0.4553388187016471
-0.1504114288766607
-0.6162414676353243
-0.4494955852165229
-0.0804565085516700
-0.1388008729831448
0.2139334222516288
0.0057039261948093
-0.0358524418963941
0.1374168491190593
0.0475145206684955
0.2648820954062576
0.1541732017026857
0.0185967838208992
0.2322463175259798
0.1281150306506868
0.1554949779983127
0.2025416844835549
-0.3000134933715905
-0.3985429532781806
0.0861210110663859
0.1843292205614964
-0.1314706631839996
0.0872071129123215
0.2935914018842914
-0.3609939050779073
-0.4671697893279790
0.3384641106870374
-0.2124114661544339
-0.0027404095533183
0.3820273456636595
-0.1319359963547171
-0.2591277498904745
-0.1774002079618955
0.1276021030663889
-0.2242523347910685
-0.1343954954374497
0.2878254821692544
-0.6243452705654935
-0.1096445542997317
0.1966729360968318
-0.2914062147250125
0.2587635190270629
-0.0122498761163541
0.1143327261435855
0.4915425805951203
-0.0875363475633807
0.3858614259501012
0.1538119964249940
0.2365520279877675
-0.4734576641435798
-0.2083540006054294
0.0455202690387843
-0.1619333011974843
0.2652487339792912
0.2753429270340943
0.1737928820786729
0.0492655647356145
0.3580752601031441
-0.1902916923811455
-0.0987294650771263
0.3379984150919130
0.0734603291576558
-0.6422953029657529
0.3681893204807695
-0.1949984334243295
0.0330705445250544
-0.1811752820044905
-0.0615267628143370
-0.2229765797363918
0.2868980017977940
0.1567339430504125
0.2171898994941623
-0.4937899203728974
0.1406517026247287
-0.1925718755368675
-0.2959498594732187
0.2738672842414306
-0.2528369519207346
-0.1390368829218650
0.0304535159235315
0.3775352889914957
-0.3758857568437488
0.1210761744685505
-0.2907836452421199
0.0119690128951806
-0.0439109183222727
0.3398964207400636
-0.0195472318839618
-0.5350894891280943
-0.0778394039693472
0.0705452114729230
0.0758448910395357
-0.3776048003787864
-0.0829887794921931
0.1431839490937964
0.2595702089280456
-0.5069537518944951
-0.0924463043469229
-0.3080429425830973
0.4931337485250371
-0.4199120707234441
-0.1768890930537911
-0.3297718846382725
-0.0976077512063734
0.2088763220881819
0.1864239429538236
-0.3247502352557173
0.1158087770617120
-0.3406622536945854
0.1107591520083552
-0.0437459895797108
0.4493116481522693
0.3837306089224300
0.0826719138206246
0.0208679167766706
0.0722210139943022
-0.1792433668962921
0.1587665084267440
0.3250120717333256
0.2734540145441071
0.3957224377690140
-0.4495982165192384
0.0741669080206400
0.0164840575611913
0.1900833511799902
