-0.3898409537051671
-0.2400477430790357
0.2689036717532404
0.3325358420649053
0.4729714020985163
0.5536959769766664
0.2779040460186496
-0.4530752112615730
0.3290554441445977
-0.2027695185822952
-0.4714011795466583
0.0804223583344044
-0.2221210581634277
0.6060571736027038
0.0780358534602644
-0.0709065206713022
0.0371243794038538
0.8560306166377165
-0.4876554199668235
-0.0579486961749627
-0.1164052177625681
0.1466140693467146
-0.3234426176049263
0.0019134244616983
0.4634556004005848
0.4299616134346375
-0.4585711496109031
-0.5137508586541255
-0.3539840950022042
0.2621773544432174
-0.2374555688145572
-0.3901650222473087
-0.0721914158224937
0.5613692550973022
-0.5263053889799931
-0.5786808975254250
0.3322578532045860
-0.3623053440065622
-0.3677837059784307
0.4326093337408397
-0.1341217378901703
-0.2882076420390924
0.0477463860400078
0.3281921319613219
0.7283828454168509
-0.2392933505666467
-0.2658468654882934
-0.3334278417607975
-0.3469274397689328
-0.2092212700080800
-0.4609577840697576
0.0973591176093229
0.5909594132467630
-0.2240330713090646
0.0404444660465365
0.5772399706544227
0.3789216766982891
-0.3775467016577793
-0.4662547333735465
-0.0794689626352709
0.6031773724117462
-0.2834724481693399
0.2144492646741147
-0.2418432802033645
-0.0580489818912173
-0.1364436430328707
0.3557133723906927
-0.4601820770154065
0.4143846150190565
-0.6399305582088761
-0.4093684506676462
-0.5008053204582047
0.2590087157886308
-0.0896607823010616
-0.1619415303886400
-0.5262968188214312
0.4508586597762526
-0.4433088052729356
-0.8425230595498802
0.0579882179656296
-0.0164464228760315
-0.0179089824657906
0.2734482843807020
0.1220835089692132
0.2032338791326661
-0.0799384061806902
0.2468207318687556
-0.7567825070865440
-0.4494619326442473
0.0480549040857263
-0.3381424288292826
-0.8594805602387571
-0.1974601713587876
-0.2031845994532609
0.2279729423017461
0.1818018898570987
-0.1082709159178128
0.2902972356613793
0.0913298339069063
0.2146660519105667
0.4710809944666434
0.4623941415643079
-0.0513372796984959
0.4190145138438146
0.5758845570045978
0.1237831417628725
0.4154684351168631
-0.2689964641935302
0.7238789853139246
0.1682510581244856
-0.1432676791369707
-0.4084969812175072
-0.3124732298125089
0.6665770305071491
0.0040628393880818
-0.4757691834110810
-0.2413878470545379
-0.3918277814205836
-0.1409454415888237
0.2562005686080700
0.3507365035802424
0.0776745432614039
0.1000859796578613
-0.3016079645869100
-0.1133467508699106
-0.8315526354183734
0.0920813053631314
0.4071025741335492
0.0830414843226175
-0.0282192955956267
-0.1289803581309886
-0.8315252644389483
0.3317018426089644
0.0630301711811155
-0.7707847204078776
0.3207540571007121
0.3892192955077420
-0.2111236506514785
-0.2920340601254420
-0.1329894696085432
0.2254542590644555
-0.1254868441708595
-0.2791313711699234
0.2851137190993687
-0.6341471516766072
-0.5344585435257267
0.2939910357352170
0.3014910402970565
-0.0369500530387291
-0.2980921691057410
0.4029926259973072
0.7416823938435132
0.2536142904934979
-0.2050923368405027
-0.6963492605912956
0.4894499740587803
0.1728542888702659
-0.0241430614147596
0.3587267293307215
0.2502882129817515
0.2318315804168576
-0.3600821564674521
-0.4513806861241903
0.7102292752027279
-0.2304832584329275
-0.2681709280393219
-0.0392679688176078
-0.1886545546612141
0.4121813596673549
-0.5805509825051738
-0.3205656936500077
0.0406594870558030
-0.1587298491692835
-0.0416496710578543
0.6014330099899453
0.4552669728016892
0.4112915953800637
0.3121463920963513
0.0238128916667654
-0.6604326050316655
-0.2132686187758432
0.2095568027861136
0.4871877966901880
0.0092805425510923
-0.0967591589595158
0.2974337085306553
0.4366597528680388
0.1527236117371038
0.6713691496609474
-0.5309140026422952
-0.1624390170370022
-0.2728266750634398
0.3613419741140311
-0.2601148995308088
0.6192468534748544
0.1887194853828353
-0.4771789713387906
0.2454076773633279
0.4637808336874376
-0.6520923113434463
-0.0683502023602611
0.2448210363066355
-0.0845527469287338
-0.3362240570874382
-0.3101140957782421
0.0839410230817562
-0.3318684192927168
-0.5960758430305725
0.5495388980311684
-0.1276733208682590
0.1258389116264081
-0.3921162605767007
-0.0563271296067698
-0.0508097251844817
-0.0703531773321389
-0.8967514757951042
-0.1246685762633910
-0.4878468396391339
0.0001176298709117
-0.4052565265531952
-0.3985985673798513
0.2181252671802816
0.5538852562312159
0.2907305758486772
0.0773722620852240
0.1423163228032747
-0.1403243801066447
0.3457714802188707
-0.7220572818224483
0.3098168693625024
0.4660016506023366
-0.3923477904054574
0.3375470100335125
-0.5389305957612490
0.3077395289769615
0.3663307717873429
0.4373097180348776
-0.1467562564008765
-0.3034498298451959
-0.4772304581723245
0.0879940547020734
-0.6218769365426476
0.1493818173133938
0.2396992298095911
-0.4537893394272415
-0.3212014001564082
-0.2024892337238524
-0.5659670438096323
-0.1587043734776570
-0.4252324787965314
0.0761740645939285
0.5689436253125066
-0.4431769493389163
-0.2630308170420794
-0.7565178024688700
-0.0262695471267063
-0.1351218165527485
0.1909095853117130
-0.3266425128942229
0.2479199202040119
0.1155468427550678
-0.3216814053733249
0.7045825231470527
-0.0130760386316334
0.5640577812202588
0.0832887655493249
-0.4802522974382869
-0.4813786671625379
-0.3714359929011174
-0.5399216052273789
0.1614110175385260
-0.2200555023786040
0.1835056737062786
-0.2865508136836341
0.1670035017211917
0.8830167438294647
0.1172290183443265
0.2293322516058728
0.2051270489344021
-0.0432071884503758
0.1129215738689701
0.0444687404552234
-0.7116873096224275
-0.3697749898876784
0.4396770293737939
0.2936999541040256
-0.2499266417442696
0.5961299554475553
-0.1848101451940290
-0.3195756927414292
-0.6900098661470860
0.0863087171746789
-0.1253087565328373
-0.0952920172723265
-0.4149833555725193
-0.0142965948402501
-0.0749597411987059
-0.1126872602383111
0.4912548650536355
-0.7346607608468472
0.1679561388762498
-0.0654950257783496
0.5227395849766181
-0.6976617714729327
-0.0599136626345213
-0.1451309949708121
-0.1058394195252987
-0.4470650345588016
0.4931985818372725
-0.2360031231757465
0.0205553420006620
-0.2692896640859396
0.4331189390489197
0.3362611099960491
-0.5722365682111529
0.5879818232155511
0.5235410221453566
-0.0354452628307046
-0.0191183775943267
-0.1512128391441099
0.4291114827994932
0.4141959769091589
-0.2006857311042403
-0.0138918770389624
-0.7218635893035750
0.2703018335596478
0.4274262371069921
-0.3782479412527877
-0.1990412948765364
0.1261630907958868
0.6867868050863907
0.0767314531346011
0.3730705234516274
0.5264727045777986
0.2614656365236022
0.1476470106818414
0.6270351155558586
0.3669355464884894
-0.0585550988199834
-0.3102925805391755
0.5921471799799635
0.1187453327137541
0.0879565042964021
0.1256117573019534
-0.1780715462082866
-0.2338845477324721
-0.5618052131162655
-0.3053250343195061
-0.5294250115623312
0.4568051140868365
0.2179686642423952
-0.1231291383575005
0.7073485866367892
-0.5614767497953271
0.3103601904888917
0.0634403752388182
-0.1462278498344101
0.1800324270346740
-0.2373357744744205
0.3516523061733649
0.0832787819232565
-0.7911409069754062
-0.0266097449326829
-0.3924962957783347
-0.0902704260409770
0.5791744351429435
0.4853229650334152
0.4669183975080212
0.1308539119008397
-0.4247247769453913
-0.0730969980771008
0.2084647716191482
-0.4006639205057239
0.3550718405544037
-0.2085816778404585
-0.0463809812513104
-0.3347880152143001
-0.7156775272148497
0.5818980510782052
0.2933587687520535
-0.4243363878489689
0.3378343506641772
-0.5035681326704503
0.0324546147127542
-0.1628118734887337
-0.1402086351865012
0.1643954746186916
-0.5458727934673063
-0.7619864989795124
-0.2703040884782816
0.0396595498290810
-0.0088292201500826
-0.5264046819752994
0.0823115724562593
0.2265396779063588
0.3879568907441240
0.6472410140015683
-0.1823581199272301
-0.2492322751638011
0.7646372985855079
-0.1830581870725500
-0.4379920521179079
0.0182194252272552
0.0753797302521807
0.4261727811326066
0.0484269911548151
0.1077943096958399
0.5619178075689302
-0.4870093414033935
-0.1419920071662454
-0.4487585503254740
-0.1976839823972897
0.4181216835254841
0.6893414722753890
-0.2288066795471685
0.2693737621574302
-0.3794874549546070
0.0809726081310592
0.2081267159582405
0.4538827961334486
0.1472615083053036
0.3906052423372514
-0.5106738259660623
-0.4419222915046566
0.2999755782645289
-0.5215645377030864
0.0874277417653506
0.3613001699208666
-0.6888404245579814
0.3301353136931017
-0.2299927851985832
-0.2231106446786501
0.3842127586570462
-0.1888842143629482
0.0528299187695857
-0.1886430207984151
-0.4968833547564816
0.3742131400300686
-0.3254444904523432
-0.3670082174207195
-0.5780009688240229
0.3896124710220015
0.4637057806955522
0.1393717348153515
-0.7067753318626436
-0.1294269972520844
-0.1232570281655693
0.2868441712302500
-0.2180960009454224
-0.6227166800206543
0.1100082354825675
0.3399999459771681
0.5498846925418867
-0.2765621617617891
0.2410321373737620
-0.3551234355723466
-0.1256424049423767
0.0624329265712902
0.6344891478750332
-0.0111012161592462
-0.6709221215032329
0.0369763758842644
-0.2517608304275202
-0.6595060328667521
-0.5088220690782699
0.2701771696253176
-0.1252174603159322
-0.3704236057502023
0.1299215757371019
-0.2917609493859027
-0.0791491564984495
0.4875090728357014
0.4702241160649048
-0.1265825923190947
-0.1892919229430841
-0.6308570037997215
-0.3529997469453073
0.1110284124833123
0.4839149278424761
0.2510931988280851
0.3252869585446859
-0.2844700959989693
0.6157171245584779
-0.8166729909673532
0.2485368356543706
-0.1903806247042843
-0.2276604258322577
-0.4036980284564984
0.1327833825077378
0.0509616575924643
-0.0818503433431723
0.7928930721483204
0.2979054398624096
-0.0327004277599511
-0.1022155294003417
-0.0506135525201843
0.5116584624622155
-0.1291292954241386
0.0638381376701347
-0.3014409819983647
0.1046537375714128
0.3698681684584539
0.0883731264723230
-0.8560484655117171
0.0724874403422382
0.2192628123350473
-0.6922278122460288
-0.0711274720866983
-0.3077481455734406
0.5990426263313984
0.0941803563450367
-0.0912681779523948
0.6343947054077809
0.2610719248370459
-0.2961796292198522
0.5848077158029078
-0.3011414759365531
0.0254224654397575
0.1631718594933861
-0.7698543138138824
0.1788745583081284
-0.4214844912906258
0.2995484871249741
-0.2849130726583547
0.0122164091571811
0.0700164875523747
-0.3793554463932089
0.1236772912864377
-0.0590905923538431
-0.1684620649928638
0.7390233648959127
0.5078034709158868
0.7992871596883296
0.1547342350805105
-0.2199666546334775
-0.0633398473947975
-0.0734094455555372
-0.3732168369838424
0.3743265063120391
0.0087051791943284
-0.0245039842148708
0.5175184188295918
-0.1696596422667270
-0.1179550345559048
0.4722021345529542
-0.6825143372247844
0.3962890650862496
-0.1035051344345509
0.5425611149847634
0.1001620593462055
0.2886038674303265
0.6663223111922441
-0.0236441900782030
0.2086578862808878
-0.3322468372773090
-0.1241105624451189
-0.2595094995030099
0.6335708673949624
0.5431560694620556
0.2586402013690001
-0.1502977881753500
0.0125669758678256
-0.4327091735159284
-0.0922304632009356
-0.8644481242845965
-0.0249511871708761
-0.1833462229762182
-0.6249879729909429
-0.1199070360989222
0.4421871616190010
-0.0430921798604346
-0.2403607932047940
0.2813121434617427
0.5106036442053405
