0.3072510389291511
0.2081873091828136
0.4997839235038407
0.1559620004696316
0.2742765800997518
-0.0277576361453107
-0.0973667540051690
-0.3023762805530090
-0.1574310469263442
0.1638724971463065
0.4176211087671500
0.3501372763178219
0.1772501115511614
0.0315550728209169
-0.1737277805318968
-0.0432307160665796
-0.3621674904398005
0.0168064471818163
0.0439622483727057
-0.4920534571617071
0.1689369821771881
0.2264157861379921
-0.3803261963077228
0.4334014945550295
-0.2666608973086959
-0.0063321483107558
-0.0583377033958631
0.3018365071673373
0.0430405535052036
-0.2069690942266081
0.3001249724883851
0.4562641204207811
0.1603405882744006
0.0596721691750471
0.2337255777584338
-0.1925143996742864
0.1852542195650238
0.1767465162545441
0.1778469420330438
-0.4325745788368710
-0.1992965771760565
0.1905892697710753
-0.1376950183365942
-0.3688343128524310
-0.2558083652729671
0.3156848624847474
0.1249318778555751
-0.3981662791765703
0.1891877873817620
-0.0973908417652045
0.0356961073982712
0.0724529961800838
-0.1656560928782720
0.0509417474119097
-0.3181413118677792
0.2026875486351838
0.1905476191752958
-0.3331885403485775
0.4624584657037348
-0.3753319775976231
-0.5188311406664525
-0.3010286385243502
-0.1209657939055729
0.1112262520455655
0.4427240889200573
0.1179525309041951
-0.1122738740833912
0.4967961289567294
0.1525067785976631
-0.0254189534856265
0.3219285448071985
-0.0427849745612341
0.0486202224148820
-0.0087606746489360
-0.1097684410307741
0.3790313475629238
0.0890902202796389
-0.1213761131973864
-0.5654673828888052
0.0412285194697490
0.3215726225465506
-0.3594239947214338
-0.0177287681933511
-0.1982618092293542
0.0038055080680668
0.1931810987027480
0.0515250332104564
0.3362047777446511
-0.0981156472774585
0.2781144782350289
-0.0431572699600773
0.1229598904301829
0.0955727684254160
-0.4023122944154185
0.0532423249653834
-0.1422244322987440
0.3284695758990441
0.0949943257455948
-0.6013640861421866
-0.3923409900396109
-0.1539165725403177
-0.3320258638978662
0.1495369373553266
-0.0118334339496468
-0.0068725983363326
0.2545947996956608
-0.1487974412172367
-0.2427668026040090
0.0388891480551712
0.1201916966704664
-0.0203729340001146
0.5103799803343023
-0.1631511652279698
0.3023411243548617
0.3934521349502921
-0.2288477545696811
-0.1129153801455951
-0.0229536861099620
-0.4878137581126503
-0.0282939147941217
-0.0639737013185640
0.1569353528097701
-0.1316128778595317
-0.3421383591565472
-0.0582013178013252
-0.1856459340972893
0.2279106385431652
0.1727528916779627
0.3507104478022930
-0.1343511991071678
0.4284369549871230
-0.2858765408048512
0.2791568803899765
0.4221488420412857
0.2340716441222435
0.3268814266608782
0.0798325193850088
0.1044037864625829
0.0666741463030491
-0.4821482626589554
-0.3285790145779136
0.0116601151979043
0.5627179163018131
-0.1481273174091223
0.0737367173350393
0.0476003083492739
-0.2794157783509714
-0.2264695516296711
0.1907784136734446
-0.1371442619601926
-0.2615562491651261
0.0998262786740051
0.0913951256833431
0.1831988589001459
-0.2702501103697761
0.4580730765991583
0.3308903759537462
0.0781330421403601
-0.4243521356069532
0.1153505819254962
0.1518346787955351
0.1074516066136121
0.1334997761777737
0.1348146331169470
-0.4661240051096620
0.3563807106160157
-0.1317038695483568
-0.3847870403212603
0.1367019789757964
0.1764518564315724
-0.0674408867004984
0.0489484220542504
0.3242671422881419
-0.1164663778290759
0.4247348526534206
0.0641642331041546
0.2048446021975415
0.4413024357231748
0.2598888644655257
-0.2081758637173232
-0.0987107257532219
0.0445933804385940
-0.0243851752855731
-0.5457542959601952
0.0233238339241886
-0.0348412908339466
0.1902974404869174
-0.5234919988733273
-0.0265820181264556
0.2219007219397918
0.2859851304969952
-0.1838443950178917
-0.1781892500884273
0.0450518000050652
-0.4224884201167246
0.2209783391078445
-0.1378210289947251
-0.2494331863557475
0.0056235568907312
0.1530951501620796
0.4700980313993479
0.3930302885382905
-0.0117482106605255
-0.3591921769633976
0.0227004385813878
-0.2507740365103290
0.1803246286274820
-0.1970916270784752
0.2296346881716651
0.3928971468672530
-0.0930846696718704
-0.1911678901992674
0.0026209531921823
-0.0368448408157812
0.5120020494693630
0.0926711274160960
-0.2265967949897212
-0.1812763071645739
-0.0884047476785607
-0.1713936178645204
-0.3584090841822499
-0.3793545598893843
-0.3254605614440112
0.3840986559375356
-0.1883346671320173
-0.0436112251248724
-0.2239694269091344
0.3197534138109671
-0.2458634133870728
-0.0026246985940267
-0.5048355048450789
-0.1728938747852237
-0.0441848358393757
-0.0584132338564984
0.4319849559811267
-0.3248145996039549
0.2848401470448892
-0.0845579818346403
0.3096426922860285
-0.1372739406063140
0.2435741196536849
-0.4114832242472980
-0.1317934419225702
0.1481581502398602
0.2468584755477220
-0.1770594972612507
-0.2707105208024101
-0.0984604313007984
-0.1960209339712263
-0.5599448877645875
0.1199325212923730
0.0318922031421963
0.3257663902055482
-0.1748605241187664
-0.2295684873853163
-0.1952350419385154
-0.0949867448658558
-0.4137671304414751
-0.1917797540483983
0.2380093667046609
-0.5513002299332347
0.3712769723922810
-0.0054316884835365
-0.0912667573784172
-0.1155860629026906
0.1523745891582157
0.4331629252201292
-0.0859279089611835
-0.0734128230074425
0.0333263634948840
-0.1387672486411559
0.3200143784222017
-0.1215380518231407
0.4529805877916534
0.0342412920821012
-0.2002300680933026
0.0303900382778019
-0.3764800574529370
-0.0724251294422537
-0.0179631686987349
0.2326996898592232
0.0460374181211473
-0.1089416622773912
0.2365625200527548
0.5871792120012835
-0.4124867529085401
0.0999349296250676
-0.2413157581416551
0.1465215565225427
-0.3099448463133693
-0.2674498453065779
-0.1594389083816642
-0.2096542812527396
-0.2919804428569484
-0.0491027713577837
-0.3687936844922216
0.1701253211247306
0.4982819303355449
-0.0412266622284857
-0.0243993574863614
-0.3494488145257840
0.3785067795493215
-0.3703039706807118
-0.2673571252700609
-0.1371305936914938
0.2256376633628448
-0.3061155775614838
0.1023937376449592
0.0437054103396094
-0.0455607400904098
0.0709908434216487
0.3598949062840487
-0.2512290344796485
-0.2883771931211449
-0.2593790294356013
-0.2207089979185277
-0.1297984364122243
0.5518775977441681
-0.1317115073292975
0.0804507171954527
0.1074616501972610
0.4292570418767946
0.2019885543002652
0.1752506739668492
-0.2261648873358083
-0.0071042207515461
0.4698050739543468
0.0810013306768199
0.1875619320940481
0.1583365575631394
-0.1639232437190399
0.5486852658547661
0.0239471542129693
0.2285103125786165
0.4091150903320637
-0.0089905146171375
0.1836570336137578
-0.0789552373738043
0.0404646012750781
0.2063927850432453
-0.1226032409996699
-0.4017674488245970
0.3975745773716058
0.0627570702130216
-0.1708080803444150
-0.0953278956070506
-0.2762943047794975
0.1281711514821636
0.2182562810517126
-0.0298228903370577
-0.1857481462706199
0.1564469040780301
-0.0400586408057756
-0.4499145566583068
0.0867543999080945
0.5384180941650937
-0.2363349577864065
-0.2544732727363250
-0.4080289759765112
0.0457854963784225
