0.0238691372123159
-0.2604520097463995
0.2071215169968563
0.4920900250430573
-0.2942880559530719
0.1000958071991519
-0.0055642026497894
-0.3523462883981488
-0.1350296494128391
-0.2358399770987360
0.0879185700169341
0.3243278537363514
-0.1814151628445634
0.3453430342157510
0.2946092264177752
0.1169658510424757
-0.1677244673464730
-0.3177961102128202
-0.3717721501269506
0.3751453394170298
0.4446568461604554
-0.0845756728511451
-0.0397103263110534
0.1449682536220320
0.0233918049861203
-0.0119376676936937
-0.0934379960372755
0.3849969898561859
0.0863015617421634
0.4309154471814424
0.3468797548506526
-0.3102824897199156
0.0683201307215576
-0.6675432247027882
0.1320590523148895
-0.1369075439254492
-0.1923435001377753
-0.1204697190568969
0.0367264430394283
-0.1216207261649503
0.2157177436191033
-0.2274352808022114
-0.1290383734925586
0.2492042346046573
-0.2286270633744745
-0.3089676091545193
0.0223694571594557
0.1484239476698513
-0.1533248159746005
-0.1682169831011168
0.1837647974746043
-0.0376457254981222
0.6257453546301238
0.2439346310015345
-0.2423867684039831
-0.1038028835342487
0.3773718322367217
-0.0474339576398473
-0.3207693789904931
-0.1639408119717879
0.0925553458737491
0.4411084186003872
-0.0608321349020968
-0.2393492295839291
0.0520155310801774
0.2564963725270824
0.2846566428442910
-0.1244239193123374
-0.1599685985899933
0.4003345426827311
-0.5044979946653485
0.0566347348549529
-0.1812734685239959
0.2090694403620451
0.2251844318509911
0.1408972854301213
-0.5837705875656556
0.0751182391184546
0.4549310179255983
0.1405263200246134
0.0363379114582811
0.1852075504601316
0.3233184415806118
0.0102266638719362
0.1090794795021606
-0.1147869814161307
0.0698237441105842
-0.4252802124747366
-0.2364999644085618
0.0005631658361838
0.0696073868912826
-0.0057330601043141
-0.0633312531447928
0.3290068011176460
0.6920532438490362
0.1269066864386328
-0.0950159396096325
0.2314780484679589
0.0851328337018671
-0.1316480361772418
0.0137449482052204
0.4142832420574274
0.2987420827040945
-0.0818994984086811
-0.1812727584222831
-0.3033057492916985
-0.0829769054637577
0.2421312027323945
-0.0777709547674929
0.2948891713445989
0.0009515046167380
-0.0153584649092142
-0.4473091950996258
0.5320901384014404
-0.1000385111630580
0.0464103856815157
-0.4816633695750543
0.1451584715182238
-0.0017033419332921
-0.0284193568762186
0.0519042637830200
0.2292872065673278
0.1993255028086719
0.0409557108402432
0.0705346814607715
0.2154253437517350
0.2820919080587784
0.2184737214482977
0.1076247563642086
0.6444232693918618
0.3170691840468333
0.3155139133642888
-0.1034303997196584
-0.1794418490805873
-0.2340767103065707
-0.1614681544860821
-0.2736035830529769
0.0409125894092415
0.0217220847699098
-0.0341314267428531
-0.1921350207024917
-0.1766536326419744
-0.3196512451070478
-0.5941931803385794
0.2017029019243022
-0.3713294855226577
0.1058255810401108
-0.1930597282703718
-0.3038628753905565
0.2302612391297431
-0.5063194334118148
0.2508574740861997
0.3891266782238179
-0.0622693110496448
-0.1753911552125233
-0.1404056181579285
0.1937402475247967
0.0097574686147150
0.3813795846688040
0.1480311137611154
0.0008599496431483
0.2425083877270605
-0.0969311158732142
0.3969861898296129
0.2100940303387216
0.3924862857331948
0.0305807019182552
0.2297941991264779
0.4976273484054312
-0.3078881284800779
0.1875854342175858
-0.4557220688721822
0.2338799859379800
0.2490623204604092
0.1556071147923496
-0.0341874882941651
0.1423822332106748
0.1237905696704678
-0.0005010839176372
-0.1708908514748941
0.2883419481206903
0.3100985976642266
-0.0654786207380363
-0.0718522115390820
0.3438596964410335
0.1773949568797404
0.0026175335256551
-0.0071399565751764
-0.3390161299682669
-0.4249193959118769
0.4133834863461025
0.1155643871288233
-0.1610197723815795
0.3281075137567741
0.2194764842549960
0.1953985824002947
0.4161323395327359
-0.2064167483438231
0.1451805932612283
0.1390468299186403
-0.2850611965306750
0.2307933795793124
-0.4121898559524587
-0.2565126958489998
-0.3477576321432299
-0.3130907444279956
0.2472175036407993
0.0741344680486358
-0.1771659626046777
-0.1358229855062329
-0.2265911896012248
0.3293711563673480
0.1404016885096898
0.3981024696298465
0.2779351664121965
-0.0299498418354296
-0.5852505105582151
-0.2712173073405827
-0.2701831778716026
-0.1661733992033284
0.0941908076890088
-0.1902710169004026
-0.0401031107196216
-0.0786448375142688
-0.1194576901344945
-0.3741868565266602
0.5351323511653724
-0.5192500242642589
0.0477169358199487
0.1761851763124025
-0.0422403231048025
-0.0225444743393638
0.0806180554553255
0.1097515889652210
0.0535488854775678
0.1538050182902618
0.1566452670732388
-0.3892975768068157
0.1161009574513782
-0.1837074594206564
-0.1769079351693253
-0.3957305950236362
0.3719802313085662
-0.2778439425204822
-0.1400279273231123
0.0110033564119099
0.1677974833505365
-0.3558855410187415
0.1779954741970279
-0.0142532881593977
0.2300385648523700
0.3156005811032838
-0.3303265427525890
-0.3490768021496327
-0.0813490622749591
0.0294661495892506
-0.2220729578562364
-0.6681340809874696
0.2260580410941241
0.2619320458834252
-0.3206664045215584
0.2579731772493591
-0.0474565062531280
0.3940594056164480
-0.0216417046134266
-0.1114192082840419
-0.1628668609607402
0.1003525357220973
-0.0794755506656879
0.0315327130938658
0.3973903627146110
0.1290441972706339
0.3678042905544360
-0.0483823009329153
0.0825137848701697
0.0107537496673494
-0.1613544359373844
-0.2747145046200219
0.0869119665454684
0.3177082217387896
-0.2021766323761921
-0.3249885094200557
-0.3837239954391365
-0.3752022778350060
-0.1907201895869568
-0.0638383478825021
0.0498051134739075
0.0892345715069309
-0.0330150249249983
0.2984356262468595
-0.1051292554075831
-0.0031727941209746
0.3042476615847098
-0.5381490593165337
0.3527211756413760
0.0987596729190262
-0.3408893833794721
-0.4380771130544343
0.2127990828568198
-0.1205318907950440
-0.0596256150693183
0.0467218133496507
-0.1050024301384556
0.1339332046603315
-0.0786671497369634
-0.2004565923797449
-0.2048409287501060
-0.0077955659918588
-0.0096007631788322
0.1480724704754163
0.1588200935758587
-0.4880674903517667
0.3600775758943316
-0.4696878092723523
0.4911135046542264
-0.3209198932655300
-0.2446876883808447
-0.2411440243013611
-0.3835923990033273
0.1814485767009003
0.2737816071401747
-0.2843078690867484
0.0551721920493730
-0.3586018235454972
0.1994110807284938
0.2417437818454170
0.3305269810317667
0.0277880538808018
-0.0884791039094475
-0.3089352402223077
-0.2052021697951423
0.0736408953960846
-0.0330328737078235
0.0688837583482959
-0.2160089890723554
0.4625954528457183
-0.3157499767076214
-0.5379301202520206
0.1234422441058004
0.4741765055563498
0.0970579732860215
0.0553355735986869
0.0133324808561551
-0.1082320816148808
0.1801557277367815
-0.3665273000502124
0.0222318665374348
-0.1481182838259446
0.2429376594099033
-0.1575792555750966
0.0961194844080624
0.1283167105073408
0.3498119817896294
0.0968784610527542
-0.2496700279712867
-0.0395871064905944
-0.6721614137312021
-0.2067499390006529
-0.1183550083864498
-0.1716387564511082
-0.0038450787463973
0.0714311843803179
-0.1177470701815227
-0.0653265700280055
-0.4425097273940646
0.5284241358704593
0.1195327878023664
0.2444832587656660
-0.1835406422066273
0.1451770077218429
0.0961143932996883
-0.1464902528923205
0.5445014452735683
-0.1619168519400473
-0.1395850924795140
-0.0904534962192971
0.1350498776711346
0.1016225831902544
-0.0186510535535741
-0.2097041793288609
-0.5038973657228978
0.4134109733868288
0.0569560031621057
-0.3836063844531749
0.3203134893729928
-0.1109809128060649
-0.0123090938700485
0.4579964024507520
0.1107406811759666
0.0813424706695590
0.3323908523914470
0.1082284718562139
-0.3751987877618166
0.3331315047392698
-0.3631736546292604
0.3478259591065804
0.3578728354702394
-0.2230502216967798
0.0912891440230852
0.0690984717527308
0.0259124387366604
-0.0580743146021082
-0.3535056253777024
-0.0372779776705327
-0.2276874138396554
0.2562433715178529
-0.1039720373384990
-0.3982832937973126
-0.2421516481665950
0.0704928872537337
-0.0585660331595731
-0.0362804027613258
-0.0532340225062816
-0.0070711510937367
0.3460592554168138
0.3511846192811065
0.0379686026255500
-0.4883211209366246
-0.2553042409016015
0.3814390611740550
0.0502767964667306
-0.2220962393444352
0.2294725099000036
0.1520851648045314
0.3546670760295399
-0.2029314020391877
0.4422595625165305
-0.0067728841581115
0.1509029659218591
0.0669074654579631
0.5043699919412796
0.0684542295896010
0.1671396031340152
0.0295375029588454
0.4411543916909287
-0.2465645379148461
0.1389184186702325
-0.2952157271496922
-0.0126223470475295
-0.3706934244994868
0.1768410806075716
-0.0854518004469264
-0.1408616246819202
-0.2937839249983696
-0.4528174174540502
0.2780790769926838
0.0943788732383380
-0.1671363424474949
-0.4583185237498318
0.1455581775072529
-0.2279050106589957
-0.0156921236799104
0.3897892130130327
0.0874911196491150
0.2465745215385516
0.0359068659378314
0.2958969016314185
0.1285445553858859
-0.4201990929748483
-0.1067232964694835
0.1322892443266971
-0.1204579937979427
0.1587333098326152
-0.5873629665190996
-0.1785959957423599
-0.5615376055742251
-0.2370063577440724
-0.1214078430216429
0.1280364261007340
0.3271293908104240
0.2486293438345228
-0.1741557672549089
0.1062531081887803
0.0391794736573401
0.0642450235201087
-0.5069226519668856
0.0044344889843783
-0.1522223163794013
0.3082462897713509
0.0779747857256364
0.0921818647854939
-0.5185763164152737
-0.1957507528282610
0.1751246931812974
-0.3647356595112664
-0.0971172983071341
0.0210527284496865
0.1243350422538642
-0.2455221246201711
0.0761660011882484
-0.0582512310797827
-0.2184071536468534
0.0799099174521742
0.4641366322278935
-0.3952747513080148
-0.2010657863867053
-0.1742031832670498
-0.2051339281999110
0.3993440964385566
0.1010605207318408
-0.3989777308555296
-0.3539495935616909
0.0717541970156948
-0.0502578024909229
0.5265514450624418
0.2310778006929437
0.2195612300929635
0.0694584909288481
0.1764768754535567
0.1024197354548892
-0.1109764059102809
-0.0485562673502490
-0.3350126239592454
-0.4026394185684943
-0.2664147270110802
-0.6630009550349505
-0.1385315184567963
0.0135846707761276
0.0693479422486014
-0.0810040803406480
0.0081917865536718
0.3652336421959507
-0.0066789935133542
-0.1520372286536223
-0.1142738984532006
-0.1459238106439875
-0.3890201559569378
-0.0957587162585622
0.1635430179360226
0.1373919374833114
0.2839321590592183
0.4883680598365889
-0.4294480135701224
-0.1453040555072672
0.1673413782495225
-0.1728227600346144
0.2241789667873859
0.3298318165947511
0.0063618157905151
-0.1759565705918517
-0.1221746603647445
-0.0683454377614209
0.1852812625428948
-0.0691179669280139
-0.0823253475330154
0.1533617379422230
0.1658190779473892
0.3782336089773958
-0.2258735380766515
-0.2189895184962627
-0.1536917106619183
-0.0708707164727267
-0.1896313354296615
-0.0148985821316434
0.7593687002354819
-0.3892134938840657
0.0411900509510008
0.0943929566674182
0.0979700397422687
-0.1426013951398451
0.1638112349961549
0.2454272751921845
-0.2541205228337768
-0.1822013615274925
0.0304754187827327
0.6715476290394533
-0.1837739735215870
-0.0099593917465878
0.2573710768986469
-0.2666697796386294
