-0.0981042843560955
0.2346359818033212
-0.9510642379835851
-0.1754945032269463
-0.8696936102059448
-0.3241594893122394
0.1717817755135879
-0.3302191264254355
-0.6641342546928141
-0.0204805836390539
-0.7457474744664359
0.0486512257230655
-0.6421981806317320
-0.4747851595287291
-0.4608323724063389
-0.3870323935110835
-0.1287452863124137
-0.4295975400566768
-0.8937836287647047
0.0046292312302696
-0.8776236955092236
-0.0078450719840335
0.3189739615544750
0.3577299481124600
0.2236760297749190
-0.6984581685826099
0.2529211590092517
-0.6309961234189739
-0.5571570546090148
0.6297796986857392
-0.5375043514216244
0.0635815997402213
-0.0727404757795009
0.2091464684896347
-0.2860614476360302
-0.9322743298397017
0.0574415611899577
-0.7296749723585397
0.4526727276304280
0.5092762545232725
-0.4005186931317574
-0.3626685836252599
-0.6165331647333118
0.5726631921882217
-0.4187938365249885
0.3102370773827542
0.2685500360259205
0.8100898446815421
-0.5727055942936474
-0.7096668341104819
0.3173539915385876
0.2601302190882326
-0.4122361746479805
-0.8339372690108244
0.0824231692992618
-0.3575141798992494
0.8562750395801203
0.4027784838383717
0.2322325113117281
-0.2250124668518921
-0.6864937478552016
0.6577268027013635
0.1373337411166627
0.2779590450315695
0.0572801279397436
-0.7919364367502325
-0.4158553518829993
-0.4434185307368407
0.7231464498771628
-0.2115070491673137
0.3119079042019763
-0.5788241870196188
-0.5376246970958684
-0.3303594754618324
0.0292213215442397
0.7752215273148488
0.3452101647194353
0.8602925043269710
0.3152601563813404
-0.2033169520025863
-0.1125271479377807
-0.7367136614647924
0.6540248847174996
-0.1297770093598615
0.5937074955299955
-0.1155535569910006
-0.1335042559392909
0.7850703145988417
0.6115571786754130
-0.1894483623312690
0.5181129816252202
0.5671561279682990
0.4800226707833649
-0.3709031734554780
-0.7352330850947494
-0.3023927612174572
-0.2560567564515596
0.2250852027479766
0.7774679823174473
-0.5285027203815006
0.2473247576702787
0.4349150802624512
0.1219227182781389
0.8572130353484559
0.9583321700603108
-0.2157427648628913
0.1769934610609843
0.0610559250070364
0.1088339409286408
0.2302651390426045
0.7284488533211431
0.6359995339139354
0.5320428711275086
0.2146278435552638
-0.8157455018917448
0.0736515322080951
0.1733827152941642
-0.9810173205871746
0.0842920643270837
-0.0209355830265705
-0.7992812162471747
0.2910797374949066
0.4663246801397891
-0.2428238383414131
0.3074314046496698
-0.7706012452402565
-0.5244114324033200
0.1914479089308510
-0.2309847416066681
0.2797546716698641
-0.7903038278775941
0.4937643491239618
0.6071404313598682
-0.6733776376942243
0.0471902830149184
0.4191850794702396
-0.3830158706688628
-0.2492563687027466
0.6703621010576138
0.5846236045033720
-0.0395918780445384
0.6557801670182714
0.1989445099340819
-0.7271904411538168
0.3761427094988390
0.3945256614785866
-0.5248105749843761
0.6537889758250168
-0.1174794840607158
0.0590531922011452
-0.3219911493666813
0.9375675927874247
