0.1607487882265148
-0.7015993522441841
-0.5920793503167892
-0.0460346839322523
-0.0784667460410264
-0.0701268940492148
-0.3437531313525715
-0.1569713727386137
-0.1086476345956982
-0.1945779538035168
0.1535768187968866
0.7029238840624262
-0.4347632692325335
0.4679617219388911
-0.2070106858598864
0.4815926710891310
-0.2336091766619758
-0.7147274312132450
0.3537327403979456
0.1788998159466710
-0.0517158676664374
0.5870623063960819
-0.1336908236314956
-0.4613407137828073
-0.4870921153515989
-0.3925069623254290
-0.1362397835734034
0.1215221582768197
0.0554858873353365
0.3843235402812373
-0.2001605786607696
0.0620484517948456
-0.3063547683183388
-0.7606863002417319
-0.3644249903965395
0.2678397760415056
-0.2697562688661891
-0.4815363868374921
0.3696253934560462
0.6644696537993284
0.1820388940091218
-0.1110635254668291
-0.5724608781624635
-0.4949042167877261
-0.3515462019843612
-0.1995091228758875
-0.1995272486303989
0.3051836587558008
0.3619689882037678
-0.5614116285993268
-0.6643987700179609
0.0847082383406432
-0.1026349993664262
0.2075827254217706
-0.2448297407360099
-0.3502137048888275
0.0953229874325916
0.3056566666312293
-0.4940342253353122
-0.0232736401714086
0.2712290159363627
0.7487077118133106
0.1369220043192116
-0.2777893963974081
0.2255477924374396
0.0363148155762946
-0.1660031111560552
-0.1069891471103119
-0.7406533070175774
0.5320445912106105
0.2529483995995044
0.2234896653488397
-0.9005880762803050
0.0870625232783312
0.0375706972446500
-0.1918887077082528
-0.1708738630893281
-0.0619680170534761
0.2134464214914540
0.2450453960152464
0.6809672416788642
0.1758913393260201
-0.6218511243047982
0.0959185884900335
0.6313204693842709
-0.1431766439100578
0.6403541075654137
0.2575165044550660
-0.0234860307479805
0.3202010562577682
-0.0385547709568811
-0.0036031126383697
-0.3445578798907702
-0.2519682191109695
-0.5533389409758297
0.0894957006015989
-0.7061951563301790
-0.0698128834235468
0.6057242008552045
-0.6928824812989710
0.1573198986068952
-0.1057421644215615
0.0046062470549279
-0.3262596210007153
0.1030269186455831
-0.2012136915722661
0.5876236307540408
-0.0287291275796724
0.4244659121778833
-0.5581969134931174
-0.2160280353554040
0.2737936070072670
-0.6241388356169717
-0.1080739203242721
0.2903377242770569
-0.1885086655259436
-0.1007549530590032
0.5068927931281725
-0.4602687977828600
0.5756012140316989
0.4064722093149484
-0.2794864735036098
-0.3589576027010113
0.0252457584746087
0.2849832561812894
-0.4633006922365532
0.2122182667055626
-0.3566592508367559
-0.0432376386720177
0.2936314118590900
0.3723761870379311
-0.5873929736173998
-0.5059388861441241
0.4120148347556988
0.1741538634646061
-0.2196269964791924
-0.3227044401144965
0.7152809636739873
-0.3324373518685100
-0.1593693339942422
0.1835184225580746
0.0145360389798090
0.3919550070162817
0.3345369977765011
-0.2816295871109561
0.1230447128148618
0.7785311400696481
0.3495973076602866
0.0460249375623181
0.6368575256632668
-0.0590985566015258
0.2779905878765329
-0.4657444926111060
0.4151946301040328
0.4356101391190503
-0.1732823375386204
0.1413387933964964
-0.3636368338220590
-0.2540471933577459
-0.3317926505138186
-0.6733366894615139
0.1488596668441583
0.3272966696862121
0.4888733537395286
-0.3722019167613512
0.1330498330672559
0.6719216314181224
-0.1549365351206327
-0.3543817035939802
-0.3339022223918260
-0.1794243353063033
-0.4772717386798186
-0.6036295786864357
-0.1220079942466552
-0.3516914705701668
-0.0146411818256962
-0.4691643774701783
0.0192396682377858
-0.1551241152408565
-0.6442553398782273
-0.3009114802380364
0.4996239634404582
-0.3598135464339158
-0.5068276149688691
-0.1458853860104224
0.6350049837943129
0.0791929635266123
0.4222386383606754
-0.0677429849931794
-0.0131325052668421
0.8042760486137807
-0.2709811548088323
0.1135416320249125
0.3245203377834670
-0.3620877134304078
0.1738508688930103
0.5989770840814568
0.1289104162436309
0.3215486753405493
0.0829029000219796
-0.6109904179168162
-0.3578385698091940
0.1139490370937723
0.8087141740816645
-0.1461191172504484
-0.2469712053586173
0.3827594311025024
-0.1019843628451473
-0.0142281192820377
-0.3263859374972015
0.0781687004064900
-0.5679247673134197
0.4228296715464732
0.3942304919242771
0.5710982813060093
-0.0099552942333772
0.1043846073511413
0.1695851725856871
-0.6066465663726048
-0.2936407174901600
0.2980856490486687
0.1146620902516777
0.0897215229725086
0.6379212655062686
0.4186731376557232
-0.1312532457289146
0.4346932915914746
-0.5769976022151353
-0.3022062429049922
0.2031460766528937
0.3911572022400664
0.1510522944665512
-0.1028220493636127
-0.4318339125400288
0.2824925801090947
-0.8190848141276509
-0.1004086363696120
-0.1390914004264867
0.0576893620847874
-0.2579728759443507
-0.6847823211282232
-0.4550897983307686
0.3890221911541298
0.0663583810221951
0.3136027438695447
0.1829626013960869
0.1288763046195945
-0.4401694719592673
0.8286197725637497
-0.0619128594476841
0.0955947018553097
0.2378742186149626
-0.4142279365841472
0.2265400674945710
0.1720318626245021
-0.1423104225351474
0.4715661429950386
-0.6540684898992603
-0.2776101214910783
-0.7953629659791147
0.1084527690344966
0.1148521908336245
0.1875189854426871
-0.3401018490972987
-0.3297464359061482
-0.2878877799502936
0.1434831672790924
0.5554964736944669
-0.2084601631222832
0.4756210545298238
-0.2805756818257280
0.1319669585247425
-0.5522927031251622
-0.1385603242500482
-0.3460035933378117
0.0293062451326482
0.3696986141550999
-0.3207490922501040
-0.0032058115338763
-0.7878174732907433
0.0296847303324610
-0.1407997028007373
0.6458302879332065
0.0058943341064514
0.3406330716046957
0.0214602777495646
-0.6675861918119099
