-0.4766659885795261
-0.0580447461624643
-0.1695254292911889
-0.5649090778592185
-0.1049845612065349
0.0726247844124025
-0.3077020684816888
0.4557687889597772
0.0602268206026869
-0.2078875682834247
0.1079998823279786
0.0488253360434753
0.2048534525473179
0.0793953177701425
0.4839736622215937
0.3551169027513895
-0.0566880898996457
-0.4079504305672247
0.1660840580266480
0.3981582751124982
0.3934585903062712
-0.3074652592801801
0.1041498626373062
0.0576024738343635
-0.0693273204315697
0.0963886885333934
0.0092582912962133
-0.2328888877897085
0.4372045265706027
-0.2029198507687101
0.2582693602230452
-0.0916255682848621
0.4597235755301394
0.0998345874116802
0.2514330580294887
-0.4978982908530871
-0.3133534013265822
0.0769720605079504
-0.0412967944862837
0.0669558533689815
0.1175756020000162
0.0968079322314643
-0.1579060026695417
0.3653807147435806
0.0554845152844477
0.0496457998135854
-0.1379880817060696
0.0880906014126292
-0.0469061098140963
0.3924095557984740
-0.7399708071754040
0.2789222179535427
-0.2811788834954361
-0.0661387938611935
-0.2318798326783735
0.6661041496483185
0.0569344458267588
0.0841556695439196
0.2358115358560068
0.3779372516695623
0.2983818839175544
-0.0478609060117727
0.0345853188248872
-0.0434266857484206
0.3404839345301364
0.2231748302491570
0.1164878021583293
-0.1689519204865198
0.1250684678274653
0.4709008952138671
0.2166568487707376
-0.2227361041336204
0.4543397794222832
-0.3706181522383774
-0.1830740602744735
-0.2545160128536297
-0.1527665726940861
-0.3297315736817027
0.4607121856697937
0.1006865618898028
0.1531380748202675
-0.0997564300219037
0.2976401922254414
-0.3053653138585635
-0.1887995841197779
0.3296053968483415
0.2552099712546870
0.3416403082949723
0.0766580546210301
0.3297707698483432
0.3487201969260706
0.0311011295624712
-0.7546312593458880
0.2313625230690865
-0.0214512794826277
-0.0071897307409705
0.2761947080663207
0.0430686716423714
0.1436535293769142
-0.3122789344514459
0.3891881621320273
0.0107238375657500
-0.0932501275643139
0.1376699178668281
