-0.3725004984211523
-0.1860800969587117
0.0276438342336905
-0.2778360824581678
-0.1274701855040775
0.0779761452070618
-0.0208356060500261
0.1246084123680320
0.0947369057214546
-0.2774571572228623
-0.1810498136078817
-0.1456965166910050
-0.7552523645746692
0.0256454979238816
0.1812018430718228
0.3333350041950789
-0.4113381982330234
-0.2299039883580898
0.2609495150234954
0.1538596482091627
-0.3355237958102987
-0.4969250782354440
0.1393343868690617
0.0660989268336063
-0.3495222569261554
-0.1900365202837279
-0.5200852985186825
-0.0791986852071941
0.2578168385131667
-0.4100963929587060
0.1008782016767555
0.1226201988480307
0.1990460600541567
-0.1117991096072747
-0.1773617406072489
-0.4376791979125332
-0.2059968847965766
0.2181436880153880
0.3133977099995298
0.0402088068349670
0.1758901651565917
0.5008310966664847
-0.0137357934377869
-0.1889236773473355
-0.1513426332135696
0.6860295390930938
0.0992798228884558
0.1301223669091402
-0.0654874293074043
0.3576194719693254
0.0568751730275741
0.1580783862746842
-0.5687550342163159
-0.4558380971331507
-0.1051939672730647
-0.2385966672202205
0.2237605544863331
-0.2853132052831403
-0.1003912366041514
-0.2227333188949613
0.2260754141559062
0.3572301954802229
0.1481882525082715
0.0919122079879470
-0.0210508836693164
0.2231187754976954
-0.1783344961222878
-0.2483614077372578
-0.2883445913925833
0.1326053027544881
-0.1896083555024104
0.5710444685429946
0.1100327537564298
-0.1281161350407549
0.5448566079048606
-0.0806023026869504
-0.2358305404040457
0.0803685156379262
-0.2672511029915667
-0.0277776620881839
-0.1385742804039308
0.1370206298760782
-0.3503841278862075
0.3596715409516678
-0.0132002359537787
-0.5277447248199745
-0.1099081990265450
0.3083152769754983
-0.1713800119732040
0.4430917477443015
0.1617616837670703
0.2861666545585462
-0.2382198382703669
-0.1306480569224437
0.1226745507238864
-0.1453626171122410
-0.4861485787341643
-0.1272343289651166
-0.0044472746635394
-0.6980382165858384
-0.1284666536706766
-0.0526093278159347
-0.1995595017365933
0.0959694821071104
-0.3051396145787116
-0.0622011441013626
-0.3466099818024064
-0.3283623986418885
-0.3414234004087612
-0.2544482946404499
-0.1133068537959440
0.4635314685452865
0.0656278006889175
-0.0682718153510147
-0.2950519591819560
-0.2801885322111362
0.3025184776587858
-0.0756649102528333
0.4944722531682113
-0.5141613495846254
-0.1701373445604581
-0.4577591162879910
-0.0135059547796112
0.3595356988849658
-0.0819076928004071
0.1080215498763033
0.0399391980064426
0.1579769573416597
0.0075814418024323
-0.2692300176888691
-0.0491328326593789
0.2467494680640425
0.4914960604810786
-0.2110683919903117
-0.0290441382860623
-0.2078303333578504
-0.2415013773457249
0.1967772939753074
0.2099893249047459
0.6025315174098654
-0.0019582745336441
-0.2653356958613333
0.1787584423155646
0.0395262355194427
-0.2327725683769062
0.5100505111078574
0.1033601382699177
-0.6379598206882757
-0.1186058139228418
-0.0098737804277897
-0.0897999196868985
0.0569748434625793
-0.0934061991174331
-0.4736009817850904
-0.0838126081290747
0.0300812728676877
0.2201166445044754
0.4582272489776105
0.2318421823176571
-0.0003153611717519
0.0180746496041815
-0.4237929427501022
-0.0281695660481748
0.0122520972126915
0.3186696786549943
-0.0470382967407638
-0.3025807144177122
0.3498330857357683
-0.4350327832062430
0.1562724180698640
-0.3011122443379597
0.2060185752668722
-0.1888795085177508
-0.1239504047381854
-0.0395327510558079
-0.2313580882467117
0.1571877441064296
-0.3397294687044114
0.4762581626153187
-0.0325928499946883
0.4449179085892287
-0.4127686323040100
-0.4837099650034336
0.0925738241501202
0.0046047879269762
0.5861797934126556
-0.3785867536108368
-0.3564522082530635
-0.0463478640393676
0.0217023429447116
-0.0416046839305052
0.1660662895694079
0.2558096425460744
-0.1305859196619488
0.1703565722337987
-0.2648593533800424
0.6405666600867521
-0.0568969965072087
-0.0933835587404202
-0.0250154992036380
-0.0935562719741072
-0.2878223753905224
0.1594453601911242
-0.5403282912526722
0.1024824070666002
-0.1263207425354668
0.2518988077066618
0.0897539991581190
0.0906094113091671
-0.0037976641796855
0.1450209558327052
-0.2650858787311197
-0.0437323186704560
0.2896552940929661
-0.1894969047547475
0.6412143694777825
0.0049168288595005
-0.1129125831449173
0.3428266225992615
0.3482856812536974
0.3405727916308735
0.3188463361990851
0.0785399678775238
-0.1142429078881119
-0.2980813047618350
-0.4503319303238208
0.3537303057879447
-0.3928524653026416
-0.2274429670352542
0.3512575794739646
-0.0031239616251129
0.0871470675453112
-0.2356841360253523
0.2640908404448856
-0.0915345967232235
-0.2356544323389775
-0.1290140412843858
0.3647353323577813
-0.3506099838719257
0.3853397139805593
0.3844595288331578
0.5208018442553318
0.0425605984948314
0.2004191968111402
-0.1292910572979682
0.1079720465902731
-0.1600024219023002
0.0272982854625959
-0.2029462230514103
0.0005641540601229
-0.1363482314286590
-0.2399641282751780
-0.1490471487847979
-0.1449501487221303
-0.0881485120301224
-0.0906668073530584
-0.1677071593944197
0.8434169655188297
-0.0163134821274442
-0.2879817108379492
-0.2665802691304617
0.2473336387703994
0.1733247506007375
0.4061400787173789
0.3178409029807207
0.4082734197871660
-0.1416424753675875
0.1854089308328756
-0.1272584143405252
0.1096641276786883
-0.0095221497631649
-0.5120561798424493
-0.2451684800039670
