0.3279157587865342
-0.0529141910572166
0.0803486048750567
0.3235418071935636
0.2544912568125990
0.1373398845522022
0.0574245637614294
0.1662479635266415
-0.3032908054054039
0.0477855714836064
-0.4861943904642400
-0.3858378814349830
0.4294735208128077
-0.0517586421139054
-0.5474909093636069
-0.4002157612527266
0.2632626802545169
0.2032803497309272
-0.1358618074789413
0.3996148207239803
0.2053645480921211
0.1430107660712479
0.0198049867636055
0.1601536219358303
0.3377891403524443
-0.2141306055077867
0.1930613989918753
-0.4232580562094177
-0.0740144104951837
-0.0528266441648946
0.3018996962897734
-0.0772710102508846
0.1688662469276158
-0.4738664117509320
0.0965347677249479
0.4386989699790338
0.2098564703712102
-0.2031503448294260
0.3715456327221831
0.5982686357692747
0.1097179021691593
-0.2785404665600165
-0.1468474278180921
-0.2289949672319479
-0.3250670842582261
-0.1251741486179712
0.1254811794056411
-0.1325285935794984
-0.4443467747699748
-0.0316614341197808
-0.3515421103465459
-0.0421198119069337
0.0328573178167054
-0.1832842048195061
0.2645218428635628
-0.3207551912160657
-0.2921575231216060
-0.0344073796849913
0.5170017098529632
-0.1736148782170442
-0.5252228561677139
-0.1016305041018677
0.0156401904821482
-0.3244103484478372
0.1297086007930922
-0.2963198082137041
-0.1814845646481058
-0.5268070520668273
-0.0436519759794610
0.1408585960396815
-0.2719702078037249
-0.0924572220730229
0.2466411986233712
0.2988583288339594
-0.0684893796690389
-0.1345443349377402
-0.4356575627104286
0.3670569660230102
0.3648856917054980
0.1094868481567246
0.1387162113543074
0.0980382384976360
0.4812044313991191
-0.1842538538564137
-0.4228669183560649
-0.2086864060706796
-0.2695560315616264
-0.2297802639213433
0.2463793298566496
0.2369648262014405
0.3095629459658366
-0.4641849731370901
-0.6139422612993343
0.1412410393147807
-0.2075553660365356
0.2555945694491726
-0.2281746480207160
-0.2101290690924268
-0.2371136603802356
-0.1840894286174851
-0.3007497230994162
0.0381668577744809
0.0106920020993018
-0.0299873337409908
-0.1023880105596347
0.2613418969426680
-0.6458155913186594
0.1414761095384467
-0.1421286221582554
-0.0894838160750583
-0.1411255280399258
0.2170537195188170
-0.3600705281861457
-0.0128483748509450
0.4259834801569464
0.2235813870345040
0.1661950126770576
0.1292668887887463
-0.0701832025106233
-0.0063609277583265
-0.3624591403468260
0.3412047930888725
0.2612394717432032
-0.3586226500048864
-0.0634532821091212
0.3490467601206204
-0.2033722272706284
0.3994831996956004
-0.4301510435949417
-0.1477611331653848
-0.0160427172524633
0.1719500931262246
-0.1466349453431151
0.2654937330629412
0.0094235497448883
0.3257825757218262
-0.1365367975541177
-0.5951098609087094
0.1055622802558096
0.3240943840381733
-0.1090717453262666
-0.2946334013056387
-0.4292783270366323
-0.1227755460702937
-0.0298882597336011
0.0926718035921353
-0.1753507359624105
-0.0844326945613513
0.3131440336492436
-0.0354831369636758
0.4664485598687422
-0.1346756265707554
0.4657871354822548
0.3616857587374697
-0.3543951694389059
0.3593992647907398
-0.0097169359460274
-0.3240462224207382
-0.0466527288564432
0.1264231270874506
-0.2239194658107498
0.0842989492399031
-0.1531290046988688
0.1825687530451696
-0.4023158481111840
-0.0020004279780906
0.3728938163672717
-0.2844600388553687
-0.6171587362209393
0.4497302461045363
-0.3346706738313416
0.0262160026459227
-0.1236807684999475
-0.5787823999791417
-0.0195122380041745
0.2434240280947313
-0.1634029346081787
0.3484897244002759
-0.0429271189019096
-0.0140274958577972
0.3133019254338918
0.1636635921766385
-0.5465582129856126
0.1178797548754037
-0.0104194025501333
0.3243642661271177
-0.1301188760964815
0.2541032567694233
0.1590956195629038
-0.3015172658334456
-0.0525410750120729
-0.4584435684677856
-0.2587928553818051
-0.2089336161009445
0.2465283135361888
0.0910077939384664
-0.4557323817088506
-0.2553683971650733
0.0068117510272075
-0.1792698522395816
0.4246916447208609
-0.4084099774368911
0.0254492336113389
0.0995400663961479
-0.2779131257691740
-0.4783720246740556
-0.0694722467656767
-0.1341976003817889
-0.1032619631366841
-0.0553562835184838
-0.0615539170755927
-0.4632903633845495
-0.0678797428934799
0.5736475868339450
-0.0781991190420088
-0.1987132478252272
-0.1722158774895971
-0.2311288772450430
0.1995682184711514
0.3464481111775346
0.3816174772696558
-0.0569071354090640
-0.0384041622289991
0.0601430686704436
0.3155572534981918
-0.4730052737769007
-0.4791042861051015
-0.2217333080283417
-0.5137749168511502
-0.1415725287010510
-0.0189181011140205
0.2748290026664700
-0.1350329304728261
0.1073422088820165
-0.1645938262485508
0.1802219790113889
0.3814095848068692
0.1852585862382884
-0.2981157677685009
-0.0919333599578373
-0.0244111318419030
0.2284956028272390
0.6540511225421812
-0.1823949665182802
0.2541787715082105
-0.2012622776842100
0.2105702992732956
-0.1683393878982732
-0.0361776282014170
-0.3012752415104352
-0.2921272980881608
-0.3521839438928374
-0.0490702349034687
-0.4064475565291669
-0.1738299773323856
0.0584573995852609
0.5887334528073975
-0.2195153933230737
0.1829319322902348
0.2017784898570156
-0.1848715161679748
0.2234781470336050
0.0026270970863820
-0.6612173138105073
0.1106009467997519
-0.5019255090435745
0.0869409732627823
0.0681586810145426
-0.0372331474179381
0.0192008236363112
-0.3783461135343848
-0.0669990262299987
-0.2300196684151625
0.0283535545073059
0.2671144487192332
-0.5540053344393765
-0.2688776937721702
0.1563851403023351
0.1002973329715236
0.5708916203529190
-0.3010952041790247
0.1216388270792438
-0.2016104080584987
0.1394966102485430
-0.1405994405153191
-0.0535455257191535
