-0.0273191101247974
-0.8836771075026649
0.2131091823558615
0.2544943193580996
0.3289157243243119
-0.3296994234505845
0.0937908248132394
0.2392762818457241
-0.8261392389691227
-0.3778126389347090
0.5265192099709660
-0.5647129077690850
0.5687013112381094
0.1456257876765880
0.2434107678188518
0.3061934770253303
0.1203464798192780
0.1992215647699829
-0.6900209533824804
-0.6131428311951295
-0.8354376582725243
0.5289222849563432
-0.0934684317592918
0.0825685845230557
0.0820439926563770
-0.1851944309650867
-0.2452973033134078
0.0530257763782912
-0.4843447457234027
-0.8173926168349575
0.8200221344751306
-0.1259032032363538
-0.2775090927760597
0.4441712251447703
-0.1934236504817297
-0.0428444091741296
-0.4138848349624442
0.9007916368027664
-0.1209553716622041
0.0284240236926670
-0.0111908712676764
0.7515374667151885
0.1112015972427065
0.1289918362142223
0.6372295594872711
-0.2095178598004147
-0.6378471779764237
0.1355341944893985
0.4645350436985032
-0.5613295994977514
-0.5257016889890802
-0.1721829747448604
0.5583010477885435
0.3567641567285158
-0.5049851818757110
-0.8865384276777610
-0.0021115583322750
0.2778140811330655
0.2266018542475096
0.2924313484355496
0.2880969441654249
0.5687415439898375
-0.4936458962219964
0.1513641574311036
0.5717830251860876
-0.2173766350098008
-0.5984571019929014
0.6209414773925765
0.4520785036005032
-0.0682143962952695
-0.5352119364528127
0.1911277800038448
-0.7788563702916294
0.0759704303492817
0.2542235295127604
0.3836827766810810
-0.8433155639840696
-0.1912594670769484
0.3204901593219602
-0.0480859693856001
-0.4267551502673236
0.0086692659175099
0.2939197756951862
0.2799376015631175
0.8081157034949551
0.2856358089155590
-0.2422092113177435
-0.1937841448233249
0.8377790679901003
-0.3468729177533502
-0.0038656377127755
0.5042111301835872
-0.0852144425795425
0.7641554207524710
-0.3931427027868314
-0.2082557806824771
-0.0433821935834891
-0.1278589160845242
0.6280841982772907
-0.7375024423988576
-0.1321662834332499
0.2425801930911753
-0.0829970220783753
-0.1416178546806557
0.9469650474041058
0.5393004118614437
0.3975497719389685
0.3368641145729848
-0.5948464018218609
0.2894642830296952
0.4450848000965202
-0.1202805944420971
-0.0443727314896136
-0.0397402096348431
0.8853721679395766
-0.2014326389355295
-0.4367886478714755
-0.0051633667337822
-0.0913093410920563
0.8719383653305914
0.6709765641151634
0.2040691518477043
-0.7049870190065052
0.1015664969943457
0.0287015921681659
0.6943733814551847
0.3782410596362943
-0.1562337228437089
0.4850048291811960
0.3393238091396183
-0.0304918695806068
0.2102383976399701
-0.6829461404224354
0.5784893750282596
0.3921793904691702
-0.5591394971530851
0.4986284332029881
-0.1183425193832535
-0.3802772891466711
0.5292607483936548
0.7055284166860553
0.6267237762554723
-0.2405505278839015
-0.1563257690344130
0.1647563625330580
-0.2374819182264267
0.0470938627344393
-0.7752762594446371
-0.5821690762740541
0.0375552230720701
-0.5919369737316180
-0.4551231584504087
-0.2066258591796468
0.0117040642547517
-0.6321726812903034
0.5047086373290346
-0.3540887924780889
-0.1947165720551176
-0.6685959498671424
-0.3673625332491543
-0.0236111178683424
-0.0788693532814005
0.3559512129411216
0.8573407131202345
0.3626124320237971
-0.1366468658474466
0.3381529277053711
-0.6382260316770376
-0.3328318073225912
0.5906528185512320
0.2459073971808152
-0.0289966669112345
0.2201066491305016
-0.9434584214676659
0.0113143842111664
-0.1726463309302997
-0.1202443680152363
-0.5702679624962518
0.1450734702297438
0.7806937143097767
0.0672130649469874
0.6021385328678379
0.2309426704206161
-0.7490969811899395
-0.1357600342048941
-0.0275912491239313
0.5425402956963237
-0.5398700352127188
0.2774556557578818
-0.5800409077685027
-0.4277064258628017
-0.2210226973875487
-0.2026249104843892
-0.8517210404322445
0.0416004260964724
0.5177025114873370
0.6193997927483371
0.2183876332779014
-0.2827977225501892
-0.4697449266301063
0.0052147211738663
0.3088169221248225
-0.7311445325654951
-0.3409649050319009
-0.5037613733987558
-0.4306486203345679
0.4661001826175039
-0.3235179337921881
0.3135581974744354
0.6279409119330251
0.1709090179958052
0.8414262884012994
0.2143229336240573
0.2677470528265253
-0.3810106357838464
0.4784253569220249
-0.0789276383714123
-0.5805432797737936
0.2815696026980998
0.5903961931627489
-0.4448387704627028
-0.6641410526237774
-0.3979188428356182
-0.4106118036793089
-0.1846447175215126
0.5383625529031573
0.5349836298981587
-0.4430227069985271
-0.0943015134581052
-0.4677567562481521
-0.7605598127647555
0.0680272824131040
-0.3292494275264649
0.5290194539925875
0.1692757862944594
0.0980964709319025
-0.4961095344617386
-0.5183285571874832
-0.6855289870248104
0.0750861302741261
-0.2870531262499691
-0.8273424925674859
0.3799465744917627
-0.2945034798528169
0.0448687373222800
-0.6008316118730046
0.2712546387526071
0.1723417372261076
0.6612790332372146
-0.3137366107741044
0.2905036354972890
0.3761766127406826
0.7527967904351671
-0.4056870276440415
-0.2069150108176271
0.1318163268941458
0.1651888151260836
-0.3532232782811821
-0.8545834047916283
0.3166348547718947
0.2917451576914249
0.8951843405834234
0.2422241063065121
-0.2018824764906755
0.1187463993046963
0.3940985071379502
0.2898172319376189
-0.5242838752997155
0.6875120406562664
-0.1146557926884816
-0.2613222281060359
0.1433599345251088
0.8746019016294805
-0.0753430609438047
0.3749047333715170
-0.7133318791896729
0.4345726853134422
0.0241968897314236
-0.4129282927806074
-0.3622277555072390
0.6699139792024081
-0.4657780395391206
-0.5265037432125337
-0.1079238655679938
0.2131016799003255
-0.3259639627744670
0.8645531469883433
0.0944313182744001
0.3625598753278639
0.0769961942963479
-0.1817475450596330
0.3997463456346221
0.4741494498919874
0.3607729471674764
-0.6724551053979597
0.4617835175364697
-0.0109769165559992
-0.7190129331920537
-0.5041799036076363
-0.1243322843646081
-0.0266909433397343
0.3783904847728383
0.5996288116996558
0.4376837931447493
0.5522557559456440
-0.2104469232473170
0.8500802133723234
-0.3930491083467638
-0.0757893050057607
0.2698964671928125
-0.5445364690152354
-0.0298063403291267
-0.4241595174209462
-0.4813686580017993
-0.5394112854431028
-0.3373800851383832
0.5331884141453629
-0.3105103864311349
-0.7109538504631271
-0.0035658944475522
-0.1771281626697042
-0.0685461176926183
-0.5586475110451140
0.0903369180506567
-0.8022962316867334
-0.3535363801663072
-0.1092480980626912
-0.2411157448816601
-0.5959859914852266
0.6706271516216165
-0.6631619246919674
0.1936287660568421
-0.4011777983112959
0.3341920006751378
-0.5000962341599864
0.5695956162525454
0.3680300172576575
-0.1812004840032475
-0.6944321527466807
-0.1582564696049139
-0.9224253587155775
-0.0170810442131780
0.1224000774909256
0.0595066505111922
-0.3609942867999160
-0.4428161946450722
0.7059305480067182
-0.0306647642565936
0.1355868100398818
-0.5350250165434217
-0.3862968179519743
0.5835745309849160
-0.5125442766519044
0.4965448583273420
-0.0309370872250534
0.3654814850441240
-0.3876774073063783
-0.6662403899966299
0.5205754703317470
0.0354179951460449
0.7046202660111451
0.4849917341410510
-0.0076299134714592
0.3979175178771384
-0.3315067600037056
0.4145455325866641
0.2539581664627365
0.8307116638269191
0.0670907350393050
0.2628197404174992
0.0673947258046892
0.5815117417158564
-0.1396937902040451
0.7442587192954285
0.2895973910646618
0.8505351367934143
0.3793813551101719
0.3616369019873409
-0.0412602110542033
0.0132708168301134
0.1642159298315090
-0.0254868758295718
0.7364814907625561
-0.5738946411229624
0.3172120776460602
0.7959263891486306
-0.1210877329323330
0.4072487108158199
0.4226475922271827
-0.0857697167626691
0.4149084567536071
0.0522680426662349
-0.4158478214126151
0.3919426711770727
-0.7060952883054409
-0.1202899255892461
0.1496210440998137
0.9290016177090428
0.0974283668060686
-0.3010109376745286
-0.7400448263442986
-0.0485444340960469
-0.2573285807622472
-0.0263004724417562
0.6189243730792638
-0.4500129033792377
-0.3966293475626291
-0.6660692136007732
-0.2425585019119565
0.3710670064660924
0.5627266986232838
-0.5425638843338451
-0.4190061653950830
-0.0497971684629105
-0.4592571931359321
0.1017025642031213
-0.6980441466154479
-0.7038043388567956
-0.0625053813986900
-0.0560668147211376
-0.1609220783578802
0.4197259551123290
-0.1277913306883504
-0.4716823738696981
-0.7477428176074783
0.1353982886872972
-0.6620208765121334
-0.4450031034581427
0.2616288004548405
0.5262302453943907
-0.0429305419648161
0.5688839171958143
0.5012694888277008
-0.3990273726414663
0.5138424980242653
