-0.1637542739023844
-0.0158739830840657
0.0835074670874856
-0.3630224521049480
-0.1975004176363939
0.1476285051381362
0.2477322164033901
-0.3557146865042506
-0.7651594454185799
0.1818015071648882
0.3370244866696196
-0.7723651547776845
-0.2752660517808025
-0.0506024818254396
-0.3232582465926374
-0.0634673091601550
-0.0593945757861963
0.2577422271922343
-0.0758790989637452
0.3310137498926258
0.3483345450237445
-0.2220075803686450
0.6026537369416390
-0.1437805000990409
0.2220384971256115
-0.4987719952919348
0.1791897942760205
-0.2080865671613900
0.0719887679025678
-0.3431864533235314
0.1982510565109892
-0.3470419126484398
0.2288509352085641
0.1491833084697999
-0.6220907335959343
0.4608403136422703
0.0866299008828127
0.0364521576436224
-0.6354294681195091
-0.0408705553348782
0.6939037816573856
0.2173528497598764
-0.1875952612824980
0.0757094701072760
-0.1267156810004267
0.5041305240356460
0.2456968681982032
-0.0207849550288030
-0.2533678431354552
0.2368075812126956
0.4674479847239846
-0.5444534874585251
-0.2201778954354008
-0.0369436167157928
0.1920093058160798
0.1637259645030072
0.1961343512354634
0.7246482297788543
-0.2186407014484369
0.3237343648811810
0.1853043954309821
0.4143515446020387
-0.1187850056041613
0.0019336177629976
0.1396677950737938
-0.4074722020080999
-0.6189181775710431
0.0267324302174291
0.4786063297125906
0.2934962959928792
-0.2487368873080768
0.2315320834546329
-0.4579847525484748
-0.2865673980013611
-0.1586440944302029
0.1440266692572838
0.3447289494864517
0.4569250249289520
0.1524832138441692
0.1067206074390985
-0.5476846876663094
-0.2531120975178193
-0.0438689780934348
-0.1694360858424185
-0.0820127670318573
0.3732460487786722
0.4282455061115131
-0.1664232713729738
-0.7300124653121909
-0.1235045202010221
-0.4590617802042313
0.0367770741172053
-0.4658701215881635
0.0183488132957145
-0.2306926792552194
-0.5079892600980414
0.0597844729451714
-0.4650748486369305
-0.1984869793217321
0.2496962319179449
0.3110490044425049
0.3644807019204637
0.0086386354603811
0.4623128695060880
0.4164348089395406
0.2222553592547396
-0.0941050142889778
-0.5124208843002092
0.1789530618068143
-0.4401882855104235
0.0938819767945873
0.4399880292819093
-0.0522709800791046
0.1734733594241332
-0.5320936768329971
-0.4717090078051407
-0.1826155873210988
-0.2170107740145987
0.0058514431488632
-0.3715263634158509
0.0037689028979866
0.5961854304809003
-0.5869859836693722
0.3288120848304778
0.0105256133803546
0.0812911620227213
0.0483904056047585
0.2108807418980643
-0.0331968754370777
0.5851599377741208
-0.6489312329120456
-0.1276723729116814
-0.3584647662965538
-0.1333498550990962
0.1611903956279398
-0.6369782787042237
-0.5461177547578456
0.2410995113346577
-0.1240027206278365
0.3119565200207998
-0.0270596250759217
0.1714526837078257
-0.2924624019139909
0.0976168445079239
0.0043164742373046
-0.3944562612309924
0.4428969334607880
0.0494273448653645
0.4017942755485940
-0.2563632307979018
0.3351395529703385
0.4245633612945044
0.3550374011971311
0.6683326302064115
-0.0550068508314650
-0.0179480886771097
0.5045033662369461
0.4350431023962610
0.0125143335772198
-0.1835961658942839
0.1134222501716095
-0.2438620365675949
-0.0927874846518606
-0.4683074271821591
0.3294779359933767
-0.4687330292152218
0.1828485937268919
0.2857635132241991
-0.4866839073035467
-0.1378931388346503
-0.2698928236730568
0.4934940272976748
-0.0736171221009975
-0.4270324481951855
-0.2085758894583681
-0.0247941251765756
0.2101534755411535
0.2774358354357406
0.5169757141869201
0.3690119064635505
-0.1618442205633427
0.0991576437774783
0.0252955861826974
0.1306928956041929
-0.5276321456926357
0.2859828084597382
0.2303252758702279
0.3597381436908614
0.6353035476647605
-0.0990223685354248
-0.2062861553535772
-0.4908423129979493
0.6788701123326006
-0.2145806993600951
0.1071742042272174
0.2719788416106150
-0.1841845959220249
-0.2835879841301521
0.4260927978358677
0.4399409174800749
0.5511993817226181
-0.0720132574229748
-0.1572490404170110
-0.2097766897442302
-0.2614708306925527
-0.2144497022983259
-0.3644187957722768
-0.3054234530722293
0.0969086751417132
-0.6707216257413848
-0.2040974015010712
-0.2892589554898286
0.1441680976877410
0.3400497915031889
0.2290262764887659
-0.3650477978476497
-0.0753935906686259
0.5322581180447457
-0.1027922418037876
-0.0651899316139247
0.2213992343412123
0.4187755542541128
-0.1403584601272966
0.6176821531004780
-0.2656667173486705
0.0544632372630646
0.2017783571643318
-0.1057703564545450
0.2555748891401590
0.5893438057471381
0.2935234733832621
0.5674639096024477
0.2922542327324604
0.1972394028903340
-0.2546852303555553
0.4378796394359697
0.5834762084714799
0.1755505855578965
0.0395836489995800
-0.2784196096728526
0.3820755386946794
0.1755346710502458
-0.3409631630193151
-0.1437193296542100
-0.2012861842324933
0.0587940332191771
-0.2164887850932316
0.6006152447438637
0.3922366621799691
-0.2641741166352913
-0.0153843418507635
0.5512636217423694
-0.2512351377190948
0.0021455146208160
0.2752266067615639
0.3443011579336447
0.8280562791425087
-0.0523047667943437
-0.1679316894114093
0.1107283660309740
-0.1170833741790013
0.2152347476456481
-0.3071430092701820
-0.0938725432381591
0.1476047467177691
-0.2553038016292118
0.1498232818960030
0.8152870940466282
-0.1196110591825530
0.2492209090597528
-0.7285746609112042
0.0814031028009811
0.2705224365913161
0.0772623214168009
0.1877684983247649
0.2257320496555289
0.1768322889856445
0.4868564622039367
0.1699700058834560
0.2035066174019079
0.2578544620686550
0.0402786757343876
0.4520756114401494
0.1819223319644754
-0.6316552314682542
0.0600846179772317
-0.4956536963576974
-0.0688083464987522
0.2161057342027351
0.2145808719732119
-0.0877833234356656
-0.3798248119233747
-0.1246923005696390
-0.4603865451136347
0.6035491754980696
-0.4040737017415143
-0.0151478373165091
-0.0947136426917320
-0.0649086969787196
-0.0774070024313837
-0.2706354178220547
0.1223651170821474
-0.2104868268318383
0.3716562306127447
-0.1575222584173502
0.8278654913335965
0.6328079242335924
0.2486713885208874
0.4312277894334463
0.1899779515660566
0.1249273766853936
-0.1657886937991721
0.5024199284915140
0.0240124518621704
0.1399018236850157
0.6483655662317093
-0.0405110390153997
-0.0124400600235702
0.3953591557497737
-0.1772872897795506
0.3721712391648376
-0.0230367404879519
-0.2196796444618157
0.4503168652541406
-0.1162201414850140
0.4639596076424346
0.5735518682687135
0.1865569648390564
-0.2120871921969418
0.0355869844807843
-0.3753356400298685
0.4097152399698373
0.2290813902664258
-0.0561986627125868
0.3070047120538370
-0.1727910290034825
-0.3917314559327967
-0.3900643912049026
0.1912706954138020
-0.6004525978596985
0.1230762778251427
0.3935146034963169
0.2890593351107715
-0.5254530376765744
0.3075813325179280
-0.3364260773917856
-0.3266003877328924
0.1368422515994237
-0.0520821741106912
0.0526214298596771
0.5492538952874186
-0.0758779022654486
-0.5856645181844385
-0.0332590349280809
0.0677139847802496
0.3865299016160349
-0.5113785056487636
-0.4530109806237964
-0.0245716511430668
0.1697416079219329
-0.2193889484697455
-0.0785965773134688
-0.3346636516961690
-0.4068641653308119
0.2815705864423586
-0.1974474649589038
-0.3204245606759837
0.6112081874812078
0.2713632518052926
0.4560813562265941
0.1799185916397768
-0.3825195392913057
-0.0932809815745335
0.2638166369771113
-0.2077202038911775
0.4404870951421351
0.2714305389516279
-0.4734408494298901
-0.1753991815460657
-0.0314798717530914
0.0987809741934180
0.2628571840653331
0.0405939100114103
0.8966975037569690
0.1643365424696724
-0.1060211574156542
0.2131461961316380
-0.0868661744316940
0.3034166985769105
-0.6495087172867056
0.4000704587468438
-0.1103544938526272
0.3899543729004730
-0.2228072684134856
0.1968101591180578
0.2566218699240856
0.0658949366046017
0.6548891981455003
-0.1292045739438422
-0.6045375301006154
0.2123735587603379
-0.0676986108369964
-0.0417735312446942
-0.1284105102471746
-0.3416118130710298
0.2397521377529660
-0.1646611238136555
-0.4259403702087019
-0.5421665531779299
-0.0699625365957860
-0.0192747923825383
-0.3698146462425028
0.2299330593917900
-0.4951136211657896
-0.4499335123830411
0.4291247794079330
0.4019275231297297
-0.3236917723595549
0.0039526067398546
0.5124306429162311
-0.2177919800679995
-0.1449572887896340
-0.1266606163553632
0.4359332683408241
-0.1464132889284055
-0.4078382650484115
0.0198930552311746
-0.1051901391674314
0.6757042090653734
0.1095450364523226
0.0009133959135796
-0.3770350878427159
0.1614536517957739
0.1036083672474873
0.3292208862439397
-0.4400567177328034
-0.2528781961816050
0.1767498791419069
-0.0885887800439530
-0.7160574013073496
0.2130437560682171
-0.1007108799997334
0.0335933806625192
0.5898767387738907
-0.3701344922683624
0.0020466576412017
0.3380191246847385
0.5555310517883585
0.0039320243109234
0.2844000111386504
0.6071817099322651
-0.1000779093515475
-0.1097964282575628
-0.2974182570739524
0.5783929319946896
-0.2796217502898276
-0.0298057850137371
-0.0498498258811615
0.3235765920262177
-0.6066699391400477
0.4860180775292556
-0.3558730616295325
-0.1951536607621294
0.3536330523919415
0.0567352488336359
-0.1020962519186753
-0.0985098655570633
0.2874097484149964
0.2528629580989765
-0.7737674936049894
-0.1309706984000484
-0.0024755861598975
0.3040404131432542
0.2176057290577789
-0.0391900195287049
0.4063080155449572
-0.1173450068201748
0.3868366721556302
-0.4982131858047707
0.3102846936744886
-0.0774291305273533
0.3241707053418881
0.3798840202427617
0.2432491723991815
-0.4346890656418776
0.0484343936038245
0.3854855022607662
0.4752986774625347
-0.4034168121296514
0.1763124941204436
0.2482236374667905
0.2183717024781078
0.2922451972588176
-0.4856003681356686
-0.0338338198040718
-0.0017854400847847
-0.1908492369142535
0.1985820536878433
-0.0849434322640100
-0.1655864776970926
0.1986969748494312
0.6182268235626917
0.5314691332748371
-0.4305344908767609
0.1877487274796931
0.6610565449911650
0.0753626639123253
0.0915140011077960
0.4345362185144744
-0.4410179932594226
-0.0975454765539240
0.3355303633429499
0.0910273356897185
-0.5136617975183708
0.2086857198232394
-0.1136532511537755
0.0262513543690664
0.1225706699586997
0.1336221429261754
0.7191101230521211
-0.3459906493217348
-0.0963757661427353
0.1890622128394535
0.6536968603933013
0.1066673198340162
-0.1000201346954550
0.1534703018727931
0.3351914882010337
0.0378899636381321
-0.0160280610727537
0.6147803953587979
-0.0809705366260704
0.2890728985891979
0.2732736094233472
-0.5338825864176754
-0.5266211256109726
-0.0253677694418264
-0.0762202234105560
0.3854060594991092
-0.3432941348040007
-0.0084126860812164
-0.5081869308643261
-0.1987601288642803
-0.5882376975699318
-0.1990094602881757
-0.3330944800473040
0.3456468889950485
0.2923319518931219
0.0256837001092692
0.6607755164051718
0.0183450509299101
0.1776547131699978
-0.6300132175576554
-0.0875797918253505
0.1878535582229729
0.2387723001747947
0.0235377411739356
-0.1844882347290929
