-0.1804417287252520
0.3915243021707349
0.0094562087432586
0.2100652741065639
0.7247186732943482
0.0058268541317648
-0.2392340989103419
0.3336767626037070
0.0432525955441761
-0.2593961202994723
0.0833743737226637
-0.2080243225334487
-0.2277970220473196
-0.5297878955088526
-0.1464457652758699
-0.1169806444995730
0.2496018281254939
-0.0493970455307555
-0.5213407310055156
-0.2163116069589422
-0.3248888203827209
-0.3164610481045745
0.0272796236383176
-0.3317653524788712
0.2435900753837045
-0.3515947432137640
0.5445381198837316
-0.0041921345101173
0.3900655370779468
0.4471016255056749
-0.1474604385884294
-0.1542086927717209
0.1100788723084130
-0.3775289049126287
0.1753841541903558
-0.3116388850436996
0.1652486628363755
0.2939144763929071
0.1966706598700421
-0.2593295579313845
0.0143776893895520
0.2487287703989172
0.6692461841460748
0.0025194244523847
0.2720097905321830
-0.3626963390489562
0.0451809881860975
-0.1520141065380519
-0.1027067142687497
-0.0936587418279088
-0.4187370768116796
0.6406243684673982
0.2305086496026078
-0.3111558703060150
0.1195795383828852
0.3459843267327002
-0.5224766826712343
-0.0985798362996755
0.2036738220727467
-0.1973055007445513
0.2795247618599701
-0.3237523120076382
-0.0382882617017537
-0.5327702788268673
-0.1068340036446374
0.1936728525896866
-0.4419446571232425
0.1839341977594768
-0.5144232488332945
-0.1329586976361572
-0.4061453133957026
-0.4211301445419663
0.2186888948153315
0.0588858283382014
-0.1874538816973643
0.2175923712589621
-0.1116308702560685
0.0340971605966187
-0.1390758715839172
-0.2824025493612696
-0.4602583302336486
0.4366927285947976
0.1158134408678079
-0.5835997026245198
-0.1993797091167931
0.2782892931588393
-0.0938836255630299
0.1311225217396693
-0.1287728864592028
0.4540583399059703
0.0766387927308401
-0.0504590020634689
-0.2864665146855826
-0.1766265335891224
-0.1443925245614305
0.5303484038120532
-0.4279027383663656
-0.3038487064224972
0.2793305127608301
0.1020795087622007
-0.0197122557099398
-0.4952578483285863
0.1991233742254606
-0.6308700548131271
0.2506503945397121
0.1576199400228110
0.2842179035761280
0.0706191905283304
-0.3614866248727992
0.0464175375268926
0.2511852965892295
0.1740468236766513
-0.5768814847855634
0.2114707679816809
0.1427511294365805
-0.3889209374118666
0.0367546155741174
0.4461359054741902
0.3773858328018113
0.1200107950110531
-0.0159163625105870
0.2513560841615819
0.3264612948691281
0.0727029722637933
0.4432302997266824
-0.0736250217068124
0.4346170862313555
0.1989666132814271
0.1132133925362862
0.5440933617418072
0.1834670264976164
-0.2282300245724408
0.2645988862683005
0.0959869767410267
0.2608707941840876
-0.0559041043374161
-0.4764643743135690
0.0493960865155169
-0.0609708612255815
-0.1395645835526388
0.5653729938517510
-0.1932767885450114
0.4898352356871056
-0.2837068778578196
-0.0737781863438614
-0.0611635857289984
-0.7781431014162355
-0.3618944843759849
0.1154956562166563
0.0903311638288513
0.1723258989884108
0.1546312531476538
-0.3066793875573740
-0.0685101884757149
0.0982321946103000
0.3416577077597016
-0.6654802662084390
0.0761909764688345
0.1693358155718024
-0.0396271313704737
-0.3006133488862774
-0.1235654764880079
-0.4516863805480839
0.0367833796913439
0.2893027016531366
0.1776577550262236
0.2868015704330514
-0.5832546222321866
-0.3715703170405455
-0.1376486420098686
0.2057441305706745
0.2536728029652959
-0.3013216193018593
0.3678770091483803
0.1891105337769876
0.1428755872623907
0.1948201565230637
0.3494165495751919
-0.0119678489504090
0.0124664818100706
0.3325552354135365
-0.6585068590587841
0.4004960455009179
-0.0161577452040514
-0.3512189432574333
-0.0819329932510762
0.0685882950054632
0.6213755883125774
0.1618679945195488
0.0309479087987103
0.1890003379042275
0.1503329290286803
0.1542272326949836
0.0552476543646367
0.5435800050390208
-0.3461073303891159
-0.0724634628299147
-0.2846988552347866
0.0509848309619480
0.6276375879850405
0.5933360465412780
0.2830140085509746
-0.0187393546790858
-0.1093695121834099
-0.0780077181704502
-0.2654979749292106
-0.0065355063794467
-0.2834452008115104
-0.0453418669373732
-0.3741667777602395
-0.4499326387026203
0.2070333338992371
0.0226379671252452
-0.3637169728911815
0.1181615118787415
0.1917205101776401
0.3070986280951696
-0.0831965760437409
-0.0470012835920750
0.5724816788034454
-0.3229551916906803
-0.3368631600805295
-0.1319380527220763
0.1868660383405917
0.5519174133012769
0.3270572964410905
0.0648010512276000
-0.2749080058478776
-0.2145444815168124
-0.0021692858125452
0.4387592220901505
0.5684157633532364
-0.4247844720748533
-0.0493974636031611
0.2875537496271393
-0.0221161078568777
0.0075353258879274
0.5120542022120743
0.1174977025464087
0.1664292437990084
0.0495752045448886
0.3234608018813297
-0.3319356866313611
0.4210398477076957
-0.1769422352277336
0.5016436828249727
-0.0677223159618159
-0.0733383396609583
0.2186745424630319
0.0020052369264925
0.1900435783898796
-0.0119611263698304
0.5792600250198416
-0.2629928874495004
0.4806043679679149
0.2408651328506393
-0.2214665429878614
-0.4776025401801220
0.3554896755243058
0.0832061607755311
0.0746847564999102
0.0251834890123453
0.4472125604944291
0.1586798176732981
-0.1899063146167140
-0.1246926721701222
0.2084524696974334
0.0265379509709959
-0.1332368618493563
-0.5912541902732682
0.0471502228015925
-0.4512508883863851
-0.0758444564799851
-0.1221314333322113
-0.5571158577653709
-0.5672805480333412
-0.2594657603014459
-0.4155136579801143
0.3379616175849464
-0.0337954993729387
-0.1142538375083550
-0.4545398501077580
0.2048271910277430
-0.0040982704414293
-0.2311614891809824
0.0882693918694628
-0.3080624702029720
-0.2979233660466860
0.2381450510821487
-0.2503624403017850
-0.2733589881326007
-0.3193573511340613
-0.3843206435827160
0.2540907330468917
0.0523857761914284
0.5460820339171474
-0.0837627388068298
-0.1540854763130551
0.1155118354588415
0.2961544870668874
0.1663138533938601
0.0039761383548067
0.0777770574408127
-0.6822053850868425
-0.0945874926533332
-0.1049798563123268
0.1582870211873125
0.5753740443935005
0.0356675101869475
-0.0587503738168291
-0.0840684245218205
-0.1366720806092735
0.0012137572402764
-0.2396372421319274
0.1920899456112835
-0.1534482120941257
-0.1909581707258019
0.6663018941988795
0.6092896236362270
-0.4038419476651393
-0.4004292945681449
0.0197057764000778
0.3552527467044194
0.2649852865738662
-0.4744916218721703
0.3685499263469232
0.1202952007300231
0.1776402465275875
0.2683321608591985
0.0275234281813851
0.0428872518718717
0.0524056875672639
-0.2213563955821421
-0.3246543358046591
-0.1562776234403769
0.3480288417979782
0.4874486647917682
0.0658316406374450
-0.6600043207753837
0.0135847789137398
0.1331848723676167
0.4132613846094502
-0.0309472901360724
0.0482884968974661
-0.0413311751924988
0.0510463169016563
-0.2108136406272466
-0.1514674031865591
-0.8108693885340632
-0.1266519457270113
-0.1066231024190721
0.2632648664162678
-0.1279335056174835
0.4185650508751421
0.1759230515622900
-0.4908388059443032
0.2650113869014993
0.0664843037346468
0.1306077172016095
-0.1950434623158252
-0.0425647758179506
-0.2211446980676889
0.5967381330159108
0.2239171645729301
0.2469041484693862
0.2304858909338383
-0.0160325677344730
-0.2255856098379800
-0.1989155625854138
-0.2418221477460724
-0.1544304369298577
-0.6912600424880317
0.3892666095700967
-0.1826656417289042
-0.1756382787089026
0.1874834267085935
0.0067971147531070
-0.3620027672090860
0.4122053964129855
0.7075838917741585
0.1732589841069176
-0.0328634224681960
0.0834054181214227
0.0220802806113438
-0.3062319710963487
0.1370667497909580
0.3616373768789679
-0.1704142381928457
-0.6531024815971221
0.2155587149218702
-0.0908336800861352
-0.0952436885427991
0.3967972991435000
-0.1517133959545479
0.3840488011481519
-0.0556869795527530
-0.0682516090481105
0.3270903352191371
-0.3441490820371233
-0.1384988940545235
-0.1067810862866630
-0.4592697112220910
-0.1540852766531493
-0.2027475242042253
0.2332941266114366
-0.6356321137012926
0.0714077277378760
-0.6777719797399282
0.0685181739941650
0.0518781210084599
0.0321570563902126
0.1012063015160755
-0.0602439385778683
0.4224545176737019
-0.0070616849610300
-0.2189640207924160
-0.5379864030401362
-0.0494028424271410
-0.2873595658676677
0.2871600485112124
-0.0101094798307604
0.5134552216461374
-0.0551895704225404
0.6092917207692872
-0.1397661514318189
0.0782176236904054
-0.4034222400979779
-0.0585526103264976
-0.0715006630757665
