-0.0663707417787294
0.8858570292177267
0.1792236473109267
-0.0691481699326738
0.4147603825675449
-0.0438575912840586
-0.3852254890624198
0.0113244280433006
-0.4010157714165115
0.1656654334927263
0.7334243097696567
0.3539818879065732
0.0152239102786931
0.5792497849459293
-0.2467423019168024
0.5648945030113494
-0.4779939424100751
-0.2361612735559178
-0.2088541241416930
-0.1572651549719093
0.5090333158642606
-0.1377219867220152
-0.4503813502560246
0.6713583267643329
0.7723377399093067
0.2019170020523639
0.3615631522121432
-0.2204433807058525
0.1236203752952256
0.4100228596934941
-0.2140825217258494
0.0617449378090170
-0.1068626763585102
-0.8053695630791966
-0.0599939614063807
-0.5354597990590442
-0.5460850315133284
-0.0138044033345813
0.7627573200569133
-0.0647281831223488
0.1503838059561352
-0.3049538009618606
0.4752792585928428
-0.4631746185440404
0.4563342457026986
0.3202843768017858
0.2983408379028679
-0.3996856486078478
