0.3782842135183909
0.2079232810140656
-0.4586697541949013
-0.5953041150585561
0.2858613151843244
0.0391514668040148
-0.3024548497967206
0.1372312454844181
0.2352512495645401
-0.2481759666387399
0.1429292647819242
-0.1396954775026397
-0.2071436893463424
-0.9050204469747535
0.1735390055255563
-0.0517217352433260
0.0592603248215894
0.0138513719680976
0.3465596246350985
-0.3409711576449452
-0.4118574294953771
0.2475989195345847
0.4568942390975075
0.5501217243427032
0.1113343953494194
-0.0885363444804884
-0.0329095707316922
-0.5457008381979738
-0.2821929769906677
0.3039144884610712
0.3243369042489291
0.1367759673409280
-0.3625874654075680
-0.2847403285407332
-0.3341181746968043
0.2865831999610235
0.0292489527867915
0.4641535800996897
0.2420101746137318
0.6157630359645402
-0.2219584518963534
-0.3926495269448660
-0.2286836759721954
0.2455234525893123
0.1730771994194946
0.3933523780655237
-0.2812687021441159
0.4468333977799674
-0.4741674896590254
0.0847798838023738
0.1219488780185122
-0.3288028292198604
-0.3657989384964062
-0.2787249697957276
0.4174326861208515
0.2364022729892704
-0.1784594885357938
0.7879385068414542
0.2795391167982499
-0.0049170089002777
0.0009238118887143
-0.0158221717931766
-0.1968541310867268
-0.1954043626645547
-0.0367331840999404
-0.2858431211395017
-0.2042943523219078
0.6041266326813053
-0.2386718243786250
-0.2740859770103004
-0.3906237011738664
0.4328765518766347
0.0115996029376161
0.0365104364436855
0.1693770060021956
0.2282938267113404
-0.2380549290807462
-0.5792342311656983
0.5393992343177642
0.4806602928631438
-0.0596447888249761
-0.0266299045419071
0.1576929393041516
0.3009387754903112
0.4936150620860134
0.3687001343513076
0.1664469822458645
-0.6626575007880804
-0.1934925486759102
0.0022566020224716
0.4093136228769125
0.0423925918725941
0.2970695417854549
-0.6684349012956909
-0.0668375809430905
0.2513017632732648
0.3922613634695989
-0.1101021139122270
0.2489947893939837
-0.2856427851839773
-0.7574315288963765
-0.1060480416059553
-0.1249731814088436
0.0330016398758303
0.0458781887668639
0.1194163610103636
0.4360087857332509
-0.3320893707325909
0.2054454911395708
-0.4332112356051292
0.4843103811256340
0.0923864607088733
-0.1019044424446585
0.1602813712969425
0.6283578752541632
0.2435199058559000
0.1918806264601793
-0.1492622953962205
-0.2539807818026189
-0.3019412515385723
-0.0888191499917414
-0.4059389566829721
-0.0394522433589846
-0.6253678230069140
0.2902350897420025
-0.4153226835042552
0.6249412460798522
-0.1731006646957501
0.1210927979002392
0.3750229013510874
0.1734072025101614
-0.3313734777987073
0.0816702480162704
0.3773400052896278
0.3677567238204215
0.0473546020924786
0.4548825686273196
0.5520191618641173
0.3762108175935180
0.1549109951589834
0.2896930844300240
0.0940712156949456
-0.0073912484562854
-0.4772380248013920
-0.6875446579292724
-0.0716960471940424
0.2865774475201298
0.1769900738794826
0.4296421163544138
0.1195252966190908
-0.0936205434538850
-0.0324602956186639
-0.4472055219527355
0.5661452596354120
-0.3566773183099643
-0.1911899321070874
-0.4229726952277690
0.1623013229618218
-0.5317505788768911
-0.0180519080905322
-0.0958222188437154
-0.1348820891271351
0.5555878044414518
0.2664687555600198
0.1544926141670099
-0.0806261665705245
0.4823139799791171
0.4808683072657349
-0.2953377789231927
0.1110095439861664
-0.1629092402750575
0.5914200632965667
-0.1574695225475077
0.0973367111975092
-0.0862497003054372
0.3472554412411806
0.1638497466420776
-0.1392329034653022
-0.3176987895252353
0.5837472131239361
0.3058990390014830
0.3902096555916504
0.4399686196037430
-0.3210598556594752
0.4608798813968293
-0.3171816912221562
-0.2168773174703905
0.1066446963396007
0.2934059185761050
0.0538929388715811
0.0718465842322788
-0.6857864395624693
0.2970607994939725
-0.5370826442245352
-0.3265568217025259
-0.1689717149765009
-0.0762690019146396
0.0626093806657006
-0.2815705306705855
-0.2688336396205960
-0.5523332307919219
0.0073637724537450
0.4820558714262373
0.1366425147496191
-0.0286424242982535
0.4584212499495605
0.2851329805473720
-0.0928537800184411
0.0216813572052635
-0.2593563844454847
0.3527895020269465
0.1498924672235738
0.2550059503344732
-0.1715204411161231
-0.5201996051469709
-0.6416067721282859
0.1939673798106471
-0.5105875769662256
0.6885386443992190
0.3200202965194957
0.1903091166564166
-0.1327934251623860
-0.2254816264513550
0.0570032959579910
-0.1312841709250753
0.0217666174079076
0.5486010831656208
0.0158134573592112
-0.2081593385847399
0.1560575788417466
0.6698665928060180
0.3016009399604586
-0.2920424904835023
-0.0752032375507022
-0.1098666622074517
0.4234231186255905
0.2179993470078438
0.0439065888837281
0.1241074342924179
-0.1408310901978621
-0.5629870174274237
0.4427775422014984
-0.4592910737459752
-0.3159565640530667
-0.0635294711274832
-0.0585920213632704
-0.2548285536525358
-0.1864788186833558
0.7180666161724629
0.3238369966554618
0.3710235923497666
-0.1866598983287495
-0.1069467887285881
0.3128161571490220
-0.5218083047307552
0.3266482677841626
0.0397426128326487
0.4317356736893844
-0.0536625948160181
0.3788589994355917
-0.4211133525884264
-0.1247672588544373
-0.2311594315705341
-0.1396227150317606
-0.2106723697319538
0.4578608099938164
-0.6138647125631667
0.4110890883796138
0.1977087785055276
0.2693913362586808
-0.0246872700474215
-0.2233768212918413
-0.8465452165881766
-0.1957159679135146
0.0623069909466463
-0.1120458787971540
0.0639877342447268
0.0793835260773874
-0.4095328755545847
-0.1968676659756229
-0.0690320029635094
0.2729242433902787
-0.0137960852087329
-0.0114013171713403
-0.4468264474243749
-0.4683276079654534
-0.3822279346529958
-0.5626605757470899
0.5925709163983576
-0.2945358839399280
0.1958516225308845
0.2412393074206385
0.1425323810252761
-0.1167261226325410
0.2545350484819385
-0.5768995825358353
-0.1844244399109878
-0.1093079340668986
0.0313952445683891
-0.3263629741042651
-0.5373359900160793
-0.4184446401271096
-0.4667893505158542
-0.0871100895336852
-0.3675612273107431
-0.2369508788945725
0.0299625428065439
-0.1204566932559579
0.0888489993640496
-0.4869444850388350
-0.0594098857212304
-0.3941647936387556
-0.7403932006199404
-0.0241867147476965
0.1786640621962314
0.5332669532065366
-0.2628112765822139
-0.3972288091525538
0.3263105547229307
-0.2685148511677382
-0.1369798984782261
0.4511730095742455
0.1230230160358088
-0.2696883750685875
0.3416381236628783
0.1862055017992822
-0.3322133746424437
-0.3852510176887944
0.1669320328041433
0.0055421993983057
0.1249752222103108
-0.7386270748639586
0.0272222188536234
-0.0874348673834419
0.4552959850253219
-0.3326442089174329
-0.1441388753297266
-0.0163630486338669
-0.5891284268843356
-0.1831571097148535
0.1463717628327925
0.5013195112502149
0.4748224136444524
-0.8385021454318885
-0.0761357385276051
0.0431640934544501
-0.1348563115216730
0.0962298255575380
-0.0784572571548162
0.0441928621166086
0.1680567868778569
-0.2509820530662387
0.3799477269130548
-0.0135778727278535
-0.5534612220476446
0.4390016909055807
0.1145550075394141
0.3236710796943699
0.2369619078434815
0.3455210600590309
-0.2689169855387450
-0.6286420534103040
0.2830020756203915
-0.0061598694381110
0.3663300019163803
-0.1194006012440590
0.4269098419589809
-0.3361568927700944
-0.0930433295626391
0.1888308320658696
-0.0494807505814997
-0.1838941555008678
0.6782469463665454
-0.4348013693262386
0.3289737129830250
-0.0955173169829065
0.3300807432468610
0.2295774422552416
0.1273309120134839
0.2167637583040640
-0.4788062740493904
0.3844405938955289
-0.2047031273257151
0.4506622461079412
0.0830700048590561
-0.5184863708792145
0.1975391625200956
0.4493054281479869
-0.3025372360735132
-0.0251511567033371
0.3217661209366391
0.0639901079112323
0.1738343257240124
-0.2731842214211548
0.5593401372731631
-0.4250008482944112
-0.4353039017815708
0.2632920390787267
0.1224042978084496
0.2524274133289353
0.5743689599657309
-0.3245016564446925
-0.1597109714972497
0.3829066377094306
0.2348601483938668
0.4177666068941512
-0.3710308635380850
-0.0103388218683176
-0.3883018396254971
0.4325986012087937
0.1445373162070649
0.2240023333101014
0.5238584271902403
0.0654573751491203
-0.2452061605291788
0.2791799942553934
-0.4214860389973788
0.1696458042530472
0.1165077794832843
-0.6928125384803409
0.2500475971545957
-0.1633877198144636
-0.2696658407938943
0.6541004816491889
0.0752063402837341
0.3633175055491865
0.1335747758357392
-0.2318076139567784
-0.0423465998521327
-0.5872309829654725
0.0061032677534916
0.1274725620286102
-0.3426287790761426
-0.5388008687760482
-0.0249598071104054
0.0413278209089075
-0.4005832930372148
0.3085245040423359
0.0932129350067300
0.2688654761567886
0.5033254643133072
0.3200053366219465
0.4073808572561392
0.0966645212939771
-0.3333452419825499
-0.0971275935635944
-0.6070804726058698
0.4318592196832255
-0.1997202318879427
0.0824822122868345
-0.1283350684418736
-0.1093736907793370
0.0694114806573800
-0.6112214601358629
0.2322719955251674
0.3743963041297534
-0.4438530895263738
0.3676242730248173
-0.2586152264373950
0.1767947283417641
0.0135342397834570
0.0608015785658719
-0.0013696458670781
0.2289838598855362
0.1011155721374971
-0.5643278053198172
0.6601766966994014
0.3845837109906706
-0.1449534047871268
0.1835650926818563
0.6321440416065964
0.1695333487056969
0.3127772994774983
-0.5663629089636806
0.2332156351408051
-0.1521733087835014
-0.1442286012854049
0.2873377978432547
0.0741472022858163
-0.7309625263004692
0.1665765135764385
0.2931188459146877
-0.2073027373322438
0.2799271119637714
-0.1115944834081354
0.3608041478664344
0.1014110059263299
0.5830606623114685
0.1732722888235570
-0.6713159277967040
-0.1666075729595901
0.0818764720615862
-0.2910859817140148
-0.1675632588897814
-0.1476393458035681
0.1914479062174156
-0.2687223826901015
-0.4708760098812769
0.3862118035832774
0.1472441586004070
0.0393311853960160
-0.5845768088483881
-0.0780695708120437
0.3862635351943317
0.1724172937924158
-0.2082314074984981
0.3683787615562927
0.2291627970696815
-0.7451839066720434
-0.2492993726695856
0.0401907675711313
0.0563540871235819
0.3412523191071380
0.2712469858972472
0.0839088959762497
-0.4347025878332538
0.1362508107972508
0.4388592060002120
-0.4846366764925096
-0.3321979918262251
0.3921809834487243
-0.1422048032270450
0.0892174495068443
0.4908311319212789
0.4476203726158613
-0.2452666538581719
-0.0674364912499802
0.3491738878906669
0.0244680879557532
0.6021156729065836
0.0315160584475898
-0.1989740613899329
-0.6493165688151069
0.2475081048741128
-0.2704575972807176
0.3859590673506216
0.0412540588644566
-0.2863339512697565
0.1354796186365561
0.3916396107294648
0.1959901432619916
-0.1268534081653633
-0.0868113486987413
-0.0370550594486392
-0.4375657865259585
-0.0732717954644083
-0.3986999103238368
-0.6598180528182173
0.3813564395963718
-0.0235990568015903
0.2944887438275859
-0.0475107174083210
-0.3974175268494382
-0.2781167486543051
0.3471036217157284
-0.2013330326846585
-0.0591915005254566
0.7145999100800912
-0.0770316346990834
0.5494568077823706
0.2153435854155400
0.0605862142576429
-0.4663543010676965
0.0241549965504951
0.5138437370728163
0.0939813715545353
0.3888214399805875
-0.1445974090295751
0.1286785732384257
0.4510406360930475
0.0157343951821948
0.3024801027906653
0.1651515069557925
-0.0081664246254575
-0.7947841328231772
-0.0912712790510416
-0.6692667729198984
-0.0652369499731182
0.4920310368333285
-0.0409645758470270
0.0599648832545983
-0.0513361036841060
0.3878532459810770
0.1954560747622223
0.3304377233266006
0.4071613798517092
-0.1924567352812513
0.1918034437467978
-0.5498496415236173
-0.4937693248885874
-0.0056102762604908
-0.1943942907567666
0.4045118087647717
-0.1131294010225866
-0.0488323514480225
0.4163199511777403
-0.2663177675684106
-0.5392324554103172
0.0574843119261563
-0.3854754896114538
0.0855129297606191
0.4320588726133385
-0.3416331009196739
0.3276086884795195
0.6951420569419406
-0.1273648994491103
0.1232617051928614
0.2774245911657316
-0.1477200136249145
0.3162209707290225
0.3996045640605342
0.1398916944242581
-0.6596501656656971
-0.0665536884639565
-0.5235244919876622
0.1206367918325302
-0.1035209992723966
0.1587034584021431
-0.2279931344363613
-0.2363953242977393
0.3578185748886853
-0.0818162818448458
0.0376345991783189
0.0307400813173137
0.3729370804742419
0.0846173551819141
-0.0803834156513041
0.0012674287492615
0.0042395851397794
0.9155443973998101
-0.0567590759862080
0.5121742234279111
-0.3078430217579648
0.2002741835848141
0.4114756109430803
0.4397737500040657
-0.2492620615977577
0.0716335253837433
0.4118286422640879
-0.3965051170226717
-0.1832635160621041
0.0119444711085367
-0.0284721193924006
0.3928870938243940
0.6314545644254157
0.2178780514922414
-0.1725944836938161
0.4217700882371515
-0.6677685900452396
-0.2215067969705501
-0.2612914981532350
-0.2770746333076769
0.1859625228025174
-0.4659997095908419
-0.2755707693258604
0.0968203374995273
-0.1514101506798669
-0.3024802713528137
-0.0076408329482375
0.1722434376447072
0.2169877144828432
-0.4374284099828146
0.1038199291529665
-0.6964667204886936
0.0955826691530293
0.3679289362443749
