-0.1531294790683302
0.2255012298955480
-0.1211200184392479
-0.0020208016642757
0.4062738325558176
0.1119865917613510
-0.7147088039265297
0.2962934678872577
0.0032575523747026
-0.3671755527341506
-0.5892323900872449
0.1970044860024757
0.3219641653231280
-0.3567284088574559
0.4227060645267370
0.1633879456968974
-0.2771796290106950
-0.0073776955352892
-0.2467368502587685
0.1998505775235896
0.1829475552269585
0.0108497195405883
0.1832602661929147
0.1873006543299381
-0.7220409273116505
0.0227454925644678
-0.3861880893153077
0.2952504621458232
-0.3717270905498551
0.0372968044849703
0.0830310510014859
-0.6651995617070028
-0.2461671275956184
0.2531910973092051
0.1036276310644156
-0.0482875830934579
0.1477420675255924
-0.0666979526678159
-0.3668388723123869
0.5019899709773240
-0.0943285622160241
-0.5045915671285611
-0.1485617604104823
-0.1782569394368423
0.1451037720581642
0.4814663044791566
0.5915296275871836
-0.1959623955241051
-0.1612017873040672
-0.1244341416252858
0.4760587478661665
0.2441687159534027
0.1595263186838760
0.2539929835345657
0.0603525416339850
-0.2783585915058824
0.2291461677649743
-0.1838445457283127
-0.5503962690959124
0.3916884651291134
-0.2003796773557074
-0.4215324416577109
0.1226697099899633
-0.4445938940657870
0.0602721015891037
-0.1463817796971175
-0.0345787137315805
-0.4176568019643127
-0.6044211668351354
0.0585543072481643
-0.3297678624695427
-0.0433043399921122
-0.4417299691119149
-0.0525272823539624
-0.1703687148445542
-0.6401018795613221
0.4707225416461843
0.1209900283753272
-0.0177275188795755
-0.1272985926691885
0.5096414010912973
0.5917839787446209
-0.2131932586165031
-0.0637677009308522
-0.2840387569150725
0.2414773348287418
0.1146782304134415
0.3520204893462210
-0.2455824056799989
-0.0645764778972737
-0.5501543926160566
0.2555403764946575
0.3859560196127943
0.2744282895145572
0.1059979720708843
-0.4482644035067397
0.2465205094316192
0.0432089910730823
0.2245958856509480
-0.2872230652981821
0.1249052089335259
-0.3491269199118543
0.2040745996514272
-0.1168717367118473
0.0239187369874174
-0.4564744146218153
0.4551460640303704
-0.2285776037694395
0.4220535776407619
-0.4009086646346204
0.6798999075582202
-0.4456401074156157
0.1969640707122114
0.3234374995916004
0.0086642674184050
-0.0813611834778043
-0.3273384015083081
-0.0814231448475550
-0.2642718137202285
-0.0736198901022333
0.1524672472485816
-0.1329604135384661
-0.1773370259903739
0.2013837105648699
-0.1859576724873986
0.6804887786734084
-0.2576647911504736
0.4741942910292668
0.0028616099573649
-0.3133155827083332
-0.3384359153436260
-0.2231410165570996
-0.5347890376349933
-0.0170348700074926
-0.1062427559854258
-0.0679137998432276
0.2077415751831501
-0.3789956878816491
0.3829948394030464
0.4472142310507361
0.2888981228797365
-0.0545874994762639
-0.0748908907702616
-0.1422539948162178
-0.3076615931793639
0.6122752530130388
0.1973291045250479
-0.2729248409899059
0.4939455924984047
-0.2465108535044452
0.3083392525020701
0.1881808796045753
-0.1234187378948473
-0.2463670396763038
0.0105086651647956
-0.2345715253290144
-0.6001332636201906
-0.0829293089311043
-0.6076460981176945
-0.0466984082779464
0.0018934458923908
-0.3450673189944707
0.3699980383735421
0.2200349440641841
0.2122822696725785
-0.4818725123936166
-0.3773648234588136
0.3757339863804540
0.1829003057110556
-0.3182976510477248
0.1125627354935226
0.1675237656978068
-0.0550973505379288
0.7403117418300084
-0.1807412762613197
0.0371300770096891
-0.4304357169271506
-0.1015759007983903
-0.0076839788803343
-0.4224577615012148
-0.3184428276884098
-0.4002838275486557
-0.3074654359981884
0.3705450291466981
-0.2486360076010784
0.0274164249333764
0.1631692973797020
-0.3832104644213297
0.1773661495457854
-0.4889004547470770
-0.4154139521220590
0.0504318974550174
0.1144874710303415
-0.0103016544743951
-0.1916260580226757
-0.3007766251488178
-0.2481044007869837
0.0043955744898335
-0.4806542879881454
-0.6260060569339631
0.3242957675274615
-0.6734151498672534
0.3515919764029777
-0.3676304659061601
-0.0454551592034785
0.1593603357681251
0.0214969813982183
-0.2900304198216226
0.2014106158691731
0.1731107299661769
-0.0608037823870265
-0.4092836235154089
-0.4161427423241853
0.2522768693510772
0.3567306114012191
-0.3425485718110180
-0.3931904641477371
-0.1813457616361550
-0.2699946784720956
-0.2949457727227804
-0.2234200363286268
0.3259035467381926
-0.0230837043648449
0.1850919078772490
0.3451114774540373
0.1614778524159594
0.4494702657747498
0.2102209572129487
-0.2014596787985747
0.6140839456307111
0.1369906555912758
-0.1970087547962447
0.4708696977491091
0.0344479341422862
-0.4166963435929931
0.1634974475566077
-0.3168695447736637
0.2779089000380816
0.5841369539333559
0.0171252501300582
-0.1792483152627017
0.4951384946107566
0.4466676651624940
0.5906524667217682
-0.2928447904917723
0.0636770460616071
0.0465635091322763
-0.0305206604034312
-0.1283522052413739
0.2548308770264205
0.3677075918365066
-0.2053294076573463
0.0318444789748349
-0.1873323741822723
-0.3832553885687608
-0.3450849999051038
-0.2294606184883000
0.0716207510957293
0.0845322427554929
0.6750020107248677
-0.0093850191061133
-0.1779658792780635
-0.1964241171156384
0.2859158592850963
-0.0193811879122441
0.4767481478158057
-0.1552438967234391
-0.4278388574989373
-0.6254789297431900
-0.1479009160029766
0.0368080160633446
-0.0203538062672599
-0.4019851197350699
-0.5574563979758544
-0.5578815114229497
0.0607602469438866
0.2138654490776075
0.3343395724642937
0.2141131613963878
-0.0871309708835889
-0.1263816769330436
0.2771490097790550
-0.2811445385619104
-0.2374834328244834
-0.2246801255744890
0.1837585812909107
-0.4204400957894837
0.1494504617815385
0.5385838032693502
0.4453641912416297
0.0032355212578348
0.2635638210584269
-0.2085850496369150
0.2982343169126647
-0.5854059250759166
-0.1185007694554065
0.3442458258377327
-0.2331031555937640
-0.4750517047118109
-0.2069137296925699
0.6660851187174938
0.1831172339434416
0.5721285774867243
0.2025760823024240
0.0919611394078766
-0.0777231123302651
0.1956883240853380
-0.0092929791514014
0.3184001736081811
0.0131845139451363
-0.2545423444259137
0.0857303485152214
-0.1449938557557769
0.0932145835290720
-0.1897869065610899
0.3031018644474077
0.6033499773362777
0.5684693319763257
-0.2185356048247342
-0.1879098938035495
0.5185726574092110
-0.3593635931326802
0.2205216539997075
0.0210772630678961
-0.2644105593020324
0.2425672399336410
0.2990680044378380
0.5272782224760135
-0.0748034772783980
0.2259530722713141
-0.0646356739562934
0.0024429775139374
0.8685641881714069
-0.1569131748074300
-0.1071167945785295
-0.3048160246509748
-0.2586228370478416
-0.0684481216732199
-0.0803886864603647
0.1853933478639091
0.0533165798572900
0.4217387047168703
-0.1755688498452134
-0.2544776101604290
0.4234443490268550
0.6622198955464349
0.0220274988533887
0.1877104544831222
0.2626465516190299
-0.0341553635824788
0.1323097330345698
-0.4406580339225106
-0.3981969213945863
0.3111756404102017
-0.0231627433235794
0.2319680830871433
-0.4952860968140091
-0.1532162171562928
0.4524800350379350
0.0711066173908871
-0.3388029290274025
0.5322113609522678
0.0664936332220874
-0.3062482088840909
-0.4373705273772610
-0.1668927443509938
-0.2167965458548802
-0.2822772640617799
-0.2445325598784549
0.3132582617828454
0.2855791178675386
0.3606523775611672
-0.1117190077914280
0.1973748188911154
0.1092578899163268
-0.6746424182540721
0.0078745026019388
-0.2401642634911380
-0.1351035125256700
-0.4402987108774690
-0.1959466551880920
0.1409229939015380
-0.1083863562031955
-0.5848047965215045
-0.1770220859641411
0.0496534072081696
0.2993554779527292
-0.4172716105877519
-0.1100607069782321
-0.5275949466162788
-0.0285020097054946
0.0246155525074146
-0.1380115472221554
-0.5188647183923385
0.2059829546298043
0.3887947172269939
0.0190817368375323
0.2737791900046362
-0.6164654318061502
-0.2477394416409537
-0.4479199013322924
0.2530892235472103
0.2815837867074962
-0.1060699202386443
-0.3944724890615008
0.6064061280626307
-0.0673979826233542
0.0119374598462059
-0.2496284170634771
-0.2333175424300373
-0.0645725082901509
-0.0064934095414221
-0.2458033245726758
0.7643090362500797
0.2749170438636820
-0.2343935207580865
0.4670782958990785
-0.0462444677019459
0.0177679201072545
-0.0080350285040918
-0.1681626366079181
0.1284444273775697
-0.3390476333458988
0.5213360770893426
-0.1158348141635602
-0.2529370462903966
-0.2949575711982961
-0.3938849898780560
-0.2613083916293996
0.4250370226457540
-0.0589549843029503
-0.0140139117631239
-0.4432831836766770
-0.3271821732811827
0.4307326966287326
-0.1408438232335922
-0.3338011133972205
-0.0806559249386328
-0.1264998224100952
0.5945429837855080
0.3400784613290804
-0.0924378817549545
-0.5079104442865945
-0.3219316551599614
-0.2691031496533817
-0.3908981774798955
0.0951660699310353
-0.4916803966433334
-0.1805004420101101
0.0747286756304454
-0.0313302882147440
0.0498191630109673
-0.3098379967546447
-0.2429666375097513
-0.3189739674417361
-0.1531427280809849
0.2072266389876126
0.3208801307314914
-0.6151575163247821
0.4381567044981712
-0.5290893679422541
-0.3298254214183036
0.0056524448402831
-0.2246459454723217
0.4667680368238152
-0.1685768798218203
0.1961016495341510
0.4423408621722499
-0.0862239694585179
-0.2700656371135955
0.1695991593497169
0.1945271249554634
-0.4862808163975887
-0.1495355459322220
0.0042621012924072
-0.2426475375944394
-0.0618263897149050
-0.2389269769881137
0.6971681474003658
-0.2621400186070232
0.1760819612981684
0.1719860161133346
0.1735596257948280
0.4071749434682834
-0.2426022123607339
-0.5030614322442906
0.2771570367114005
0.5852390257843072
-0.1025113112833844
-0.0417807082008635
-0.4664305540790715
-0.0688835063618329
0.2215817733376336
0.1848845636723943
-0.2328482257389816
0.1164595194488065
-0.7658260246947964
-0.1613933908696547
0.0549851208529817
0.1052378756984010
0.4481425927409118
0.3539152039712044
-0.4005478087477922
0.3673779295098567
0.4695447486006628
0.1235510847151597
-0.3126941605264100
-0.1377712411233858
0.0587477119984123
0.1502004219037755
-0.3441429962396365
-0.1524000275363779
-0.0810317792205833
-0.4657842886857053
-0.1378417671770668
-0.6406162322922048
-0.4362576036037067
0.0192802820206224
0.1186079896514187
0.0258628280600513
-0.6006042792450531
-0.0535923076778232
0.2169516633170391
0.0793491181671345
-0.2258715865879990
-0.2473271400427183
0.0056073166603282
0.2085943751956786
0.1701590566316508
0.6311514951211761
0.4969161556313029
0.3376946401843961
0.0657493678663504
-0.6041166518010409
0.1788764151065642
0.0722576610961723
0.1061166388190483
-0.4176618073527640
0.1995386041996839
0.0837916076666413
0.1024231466812757
-0.0416136254815760
-0.7020045490400959
0.1116686464653618
-0.3307997708805099
-0.3344020077180143
-0.3832121313896067
0.3328372859873572
-0.0239634021603503
0.0551171417134492
-0.0040386881536254
-0.3633013563863813
0.5094587865430541
0.1476002079355683
0.3470416025636859
-0.3270184230397712
0.4454820543195975
0.2318765962153247
0.0294420066234625
0.3258756904291106
-0.7108656966179551
-0.0371764497981328
0.1011394666669126
0.2148081101499328
-0.0652957483690982
0.0844396216799459
0.3924287382269976
-0.3991142651028822
-0.3099810611046147
0.1270503960847835
-0.4290593474589652
0.2380493728539788
-0.1213472237583049
0.1971160581755029
-0.7229660970850114
-0.1642399525350332
-0.1090669169972822
0.1084107428588076
0.3210920618037517
-0.1710478006011748
0.0543320987658165
0.4907900146928940
-0.3777953303497326
-0.5850646852210086
0.2208777700407661
-0.3686597052790286
0.0028321442119623
0.2448221298358621
-0.0565804745255906
-0.1526400111513406
0.1502031354217811
0.3474346282674584
0.1128864741991302
0.1751481456395282
0.7279560102788012
-0.2610742089996386
0.1244970116215172
0.4193449490341695
0.0870026582317225
-0.1277071571356970
0.0190145641565841
0.0207657785048568
0.3396866998461288
-0.4597426742048474
0.5349110847311066
-0.3021087987972431
-0.1716224356271666
-0.2014050190399895
-0.0427183849956297
-0.4724554485398466
0.0706623776443034
0.5235540604422468
0.0370632398086416
0.1639428101377075
-0.0255265933190372
-0.0128694338823889
0.5901101331152312
-0.4635136529808394
0.2962690709909725
-0.2024341325306287
-0.4328472352229957
-0.0078293628229098
-0.3607861348665348
0.2920382409609188
0.3423602103292253
-0.3372567244249965
-0.2154867100270219
0.2638578720408679
0.4911861503031923
0.0941119432893114
-0.3337867945585196
-0.2577753367503899
-0.2799981150771516
0.2656960233597123
0.6448134523165642
0.4504719413119578
-0.1300830831184068
0.0854144818875019
-0.1010629212510942
0.1414376745650672
0.0671388930183039
-0.0631080822709151
-0.4087132925019897
-0.1791340136123083
0.2586251647296623
0.0526449385823483
0.1001158065221487
0.7798264580357539
0.1187342256475032
0.3007747123639660
0.2826170880376867
-0.0372105460458254
-0.2873716885973483
0.4186451632784714
0.2772934700047737
0.0592933791075900
0.0102004943461525
0.4621826086797511
-0.6017978933160316
-0.0679102724519375
0.0852296612696320
0.7317831704985516
0.1696186154786135
0.0084279685349317
0.2258017486317003
0.2676733078728117
-0.0868038646407280
-0.3594598118460516
-0.3958496112894017
-0.1109467412987073
-0.3819465420203814
0.2772649817718484
-0.1849655321588208
0.4397576031421588
-0.0324988835154286
0.5554473807925487
-0.0721853272881728
-0.3562265095199810
0.3236360921655894
0.0567065546638314
0.1061991798238803
-0.5742067142732621
-0.3189484366731989
-0.0578634735442185
-0.3872477802551167
-0.0116840824851541
0.0832658420789412
0.1966267668774995
-0.4655578252609525
-0.3761586912378914
0.3843428402313251
-0.2798318832929431
-0.1564232147844955
0.2881484222128146
0.2237496516592215
0.1036328421638970
0.2128934424058277
-0.7382244221348625
0.1157891694784560
0.0443536164425885
-0.0664262705287134
-0.0511906702673945
0.2978590525950603
-0.0435544482145714
0.0359963338032164
0.1895907720523775
-0.0426457532880696
-0.4933227582669429
-0.1492143881931630
0.7730839062177907
-0.1881121705324770
-0.5485273753874832
0.4035157264304129
-0.0766117726618685
0.1631362827793892
0.3770408975791297
-0.2426678802847269
-0.0065276513490127
-0.1951992887635372
-0.4787806038958364
