0.2907947958982944
0.1987609488427910
-0.2048231864891243
0.2911958126979641
-0.1489445192859501
-0.8526432214073327
-0.6177268317863314
0.0170622617891729
-0.4726786666824069
0.4654934394950673
-0.4210694095492812
-0.0267157014894458
0.4642124610054214
-0.6114489709772781
0.2828807437107417
-0.0732002935221590
0.1574044391700851
-0.5481614646558041
0.7138166462651890
-0.4545620130078710
0.0423869655476055
-0.4398717338452971
-0.2899306661395482
0.0670491132859064
-0.2014645716576449
-0.2965643154817507
-0.3465209330324697
-0.3394594465389672
0.3338870488569234
-0.7243421835576206
-0.5364201036255126
0.6020097580243611
0.3385695752689131
-0.3520960177997461
0.3091283921642209
-0.1252054223250615
-0.0009491886140541
-0.1692972150341392
-0.0148643106409773
-0.7026859549876064
-0.6855711836942098
-0.0856808324136952
-0.6026662022508619
-0.2176719069216961
-0.4970709322560671
-0.2462364070229525
-0.1842867347188557
0.4977337733877109
-0.2620742674416869
-0.1348828110058733
0.6025015898802379
-0.5312307968341284
0.4961825081051355
0.1473509381623238
0.0911479783391405
-0.4549508048139125
0.1282018700493002
-0.8284776318009079
0.1362422865324903
-0.2516722963015220
0.1059566635470346
-0.7322028436976911
0.1940991378398617
-0.0178133539209468
-0.6054206053764419
-0.2193770289445254
-0.7369710282305215
0.1495699020864402
0.2177934036715295
-0.3491787208434086
-0.4284824941220214
-0.2855618223730262
-0.0401821988522070
-0.2437199059283945
0.0838896092410015
0.4515986665211324
0.5252240110148603
-0.6724187047226196
-0.4685651037312363
0.3230859622716762
0.5756108832548116
-0.1734720721730902
-0.3203385888504856
0.4604616643068025
0.4816836410669819
-0.0253975301599077
0.3537949299829031
-0.2246317839169971
-0.5296652558350092
-0.5578174085882639
0.0094665144975596
0.0390557743837300
0.4623368554323523
-0.3242752617903488
0.4847318659018139
-0.6667160088595636
-0.3122845185577055
-0.4231290096303773
0.7713022324658410
0.1279927945764962
0.0007481818300923
0.3348885958524950
0.1025521115669644
0.5411904011912485
0.3720080034786012
-0.5077131103983805
0.2282524589573591
0.4983314879966931
-0.0800547823785781
-0.3149268639240810
-0.9380587849642317
0.0879698674101066
-0.0798529644503178
0.0185155244331833
0.0452007321671374
-0.5752762021273921
-0.2116312722997446
0.2374040699155077
0.7502729524464640
0.0543708936568896
-0.7081978920500321
0.3051519248603449
-0.5263645869358562
-0.2827780865683275
0.0652706291293095
-0.2098920408199954
-0.3841788912218614
-0.7014571008128540
0.2950251672890794
-0.1075936561110687
0.4053637419984166
-0.3121353997266446
-0.5099305919626412
-0.4412274176721496
-0.4281400268315954
-0.2612020899931825
-0.4174061961371838
-0.3457322812656027
-0.9139466801748808
-0.1081809024071412
0.1781088968926916
-0.1442870008398742
0.2330102013532902
0.2148559667621376
-0.5912346303750208
0.0504965059948899
-0.0955489785223986
0.2406705128099901
-0.0705268820946678
-0.7588582019038393
0.4580832985628360
-0.1282315557956061
-0.0181166109913529
0.8356525178185578
0.0250913801254918
-0.2728432520498191
0.6757759867889405
0.5192649217041791
-0.2219765640212764
-0.3207609745319580
0.3034964857500938
0.1715209670767584
0.0406861471176967
0.0903810074747806
0.6583822957203609
0.7383412140138329
0.0357711144035363
0.1013969558983732
0.6714384524374276
0.4174915169664011
0.4370100442164409
-0.2182620387212014
-0.3213494047939468
0.1816306736080415
0.0934570023316364
-0.0557756402659016
0.7073060212322866
0.1394780686114393
-0.6792692374523122
0.0837390615187601
0.3584078921817255
0.4589422692412837
0.2365475767339731
0.5151313047788549
-0.5283339976909424
-0.2458941764002165
0.0279932754756849
-0.2606830541102030
0.5130245623909426
0.4634381221282684
-0.2727939966285448
-0.6155282792635536
0.1456250869195459
0.0113783424396513
0.0754518816717920
-0.1809316958404547
0.8213135436401052
0.5154402636667191
-0.1490763411489202
0.5651590190333082
-0.2149897046114638
-0.0692715114625131
0.4266698281211718
-0.6521543299685925
-0.0676264586866710
0.8957428204780431
0.3571240861156770
0.2138813344761864
-0.0652641627075138
0.1246162613480115
0.4471596057578149
0.6681679686602749
-0.1959476828987340
0.4621338679148332
0.2376142360434323
-0.2125467505211647
0.1640364661931603
-0.2523477857404340
0.6319082990911057
0.2225764665530449
0.6779406687568117
-0.0309951691860881
0.3724143213201751
-0.2948710290022297
-0.5387047999076112
-0.2126242245709750
-0.4971698417135748
-0.4379142332733555
-0.1614652293378015
0.1774406148379538
-0.6050324504031592
0.5904993076275799
0.2674803359433996
-0.3951510843398051
0.4385378395181371
0.1646567122519194
-0.0444506206673100
0.0208921666753390
0.8295789161855438
-0.2999320121885500
-0.1181041030356286
0.2958637706861827
-0.2616014355788451
-0.4768824752709353
-0.3384048084162778
-0.6986744802587247
0.5606005860191765
-0.0179190327727874
-0.6600015636540818
-0.2381132678982793
-0.2463756147162695
0.3638749171316890
-0.2419998542648309
0.7238675753298833
-0.3129828745387178
0.2586750094981561
-0.3453140600075335
-0.3651560811345744
-0.1960287116361454
-0.3249157150600064
0.7278681490764467
-0.3571222693529965
-0.2248859726616561
-0.3848382308367142
-0.0343803972345722
-0.2799582267714402
0.0696001899988428
0.7313411118949761
-0.6075293068937070
0.1079143754028212
-0.1169132635365707
0.5320493728942296
0.4595108126347165
0.0131357095874619
-0.1908166850471519
-0.6749229678453074
-0.0670016882704472
0.7900026743768528
-0.2693966527894648
-0.5410922476050737
-0.0762842357730019
0.0152278253989747
-0.0995436314269672
-0.3602722980490751
-0.4283137671913008
0.7630659594421523
0.1273860722268819
0.2799024538627735
-0.5871859859163066
-0.0816355859622591
0.1362949329522108
0.4998722058807169
-0.1700195195164960
0.5926154580087936
-0.5201553314152633
0.3289629669079182
0.3783239155306006
0.4829153180761284
-0.4813622696821028
-0.1147866431033640
0.4399115042986305
-0.0339886690706075
-0.0968598692462140
0.0120267757823888
-0.8760647822271499
0.1682458275729531
