-0.0758061809151135
-0.1428137182988079
-0.5376033131375990
0.8275508096209022
0.4995310340890617
-0.2108202622338168
-0.8082692372954956
-0.2296179502027993
0.9727905239193009
-0.2262750446428094
0.0483001550197425
-0.0120538694938914
0.6564802374524308
-0.7352844006427008
0.0122326112291242
-0.1680503234999020
-0.1180976364544256
-0.3778217264580810
0.6946083784342765
-0.6006853518182531
0.0486999852079064
-0.0782826765490939
-0.9867006003736208
0.1338732953781150
0.0306258007143440
0.1466508851606202
0.8251048887005078
0.5447545326610275
-0.1340691159469081
-0.6883235121512343
-0.3193374221689865
0.6373851469649028
-0.1031709830291322
0.9539048507995812
0.1480257953518246
0.2398116923594240
0.5020463003123351
0.0958434940279125
0.8471239998830827
0.1454113675656249
-0.3645455573681844
0.6649842183701570
-0.4837427986110072
0.4369158165067289
-0.6238348345116753
-0.5004965955708808
0.3890856772717621
-0.4571056691988442
-0.2665865035267299
0.6000976856690582
0.5237328786784147
0.5426953801012627
0.7027231835418924
-0.5234054103152816
0.1718542648058722
0.4502144105128940
0.1995826389941539
0.5895481286203188
-0.6551410611664200
-0.4282405448181507
0.4973629161912936
-0.0963693109474791
-0.7200974471739898
0.4741336858721423
-0.7671699909029325
-0.0445246000252593
-0.4092124165085604
-0.4919481306253840
-0.1605463239585374
0.4805883337928181
-0.8619048052998531
0.0194894301267584
0.1814054977213682
0.8199913546887894
-0.5093316326034035
0.1878497049815576
0.4157096347098710
-0.4280067215172937
-0.2796411843019778
0.7521944921279274
-0.3732167345504107
-0.4364550921862004
-0.3210434527899702
-0.7530918423253289
-0.6670182913157859
0.2240364146133191
-0.2624877136628652
0.6602987840011671
0.2161259519317337
-0.6577517145306958
-0.7165944665175787
0.0845258865077371
0.4447850429508988
0.0988356162483501
-0.5515930434684618
-0.6986722414159414
-0.1197701378618737
0.1034940377052413
-0.3638259207798323
-0.9179187314815627
0.6278818198959715
0.6850998430341335
0.2545059373846096
-0.2676366065296560
-0.3259211546127971
0.8360382014399441
-0.4130865288863633
-0.1554832671432544
0.9134533129858073
0.3780096734271333
0.0483548066774387
0.1427359256177380
0.1074769411707522
0.6977966832777854
-0.1704263980166053
0.6873742348838705
-0.8755600584347394
-0.0965333079516680
0.4715830582536126
0.0410526941604828
-0.3662905348914651
-0.1730952254545800
0.2245183989901267
-0.8862622498384228
-0.7412363300745444
0.4780128705158673
0.4471442783436433
-0.1487763184896850
0.2784016798658548
0.6279388509038755
0.6682914850116054
0.2856077646605109
0.3713456478631203
-0.3514492154939296
0.6836484347774799
0.5207789131369692
0.2437448511293651
-0.3264627836520838
-0.1037097373413911
-0.9073338904827903
-0.4938959678680420
-0.8044877740227975
-0.1145729056755291
-0.3094175878268732
0.3318430748351522
0.4742184733794261
0.7556583742909768
-0.3065573919408180
-0.7673091656784760
0.3119994916345236
0.3112482241167053
0.4658513759449438
0.3504835099687005
0.2753082312772901
0.0016918548230437
-0.8951892675061782
0.8372268477825303
0.1433762470403720
0.4705285978679871
-0.2389504043209220
0.7074441710188126
-0.4038686686489567
0.5800095871363432
-0.0013123281422737
-0.3543725566368285
0.8577022040184985
0.1954547499686692
-0.3171190013846106
-0.8351322413993350
0.0486612040601308
0.2000060822389531
-0.5100821440338472
-0.4462637807876929
-0.3612446423164445
0.8159467938547492
-0.0676888170445725
-0.1533210479278619
0.6648961341669889
-0.2268528475012180
-0.6949414166767476
-0.1844060678574724
-0.9448674019053316
0.0925530294655590
0.2542713741079822
-0.4195156512418015
0.1229759212061498
-0.7801764062907041
0.4474464395142602
0.6541855989218265
0.6543408329719889
-0.3516400383471173
-0.1422271419246440
0.8216109327245080
0.2604238269640570
-0.0811241061146579
-0.5005534786454455
