0.2521143794060617
0.2250983330730010
0.2147421189199403
-0.1430064926296711
-0.0402515473609414
0.3463273859632063
0.4903437458505264
-0.2960904157066295
0.2893696386278489
0.1850455973041825
0.3146141571567176
0.2294414537557856
-0.3161211278048418
0.3370296603267028
-0.6852610419870304
0.0262731159877707
0.0095689372029736
0.1130927211712761
-0.1178783780755826
0.0634596952980742
-0.0893434835510122
-0.0013106235690721
-0.4930026236327738
0.3417537877440759
-0.0772383481124959
0.1074108287487767
-0.1266810302332476
-0.3204131595062562
0.7334046939169252
0.2333737615571231
-0.2775347960114598
0.0752280317912124
-0.0778975869032507
0.1069240547437931
0.0583586959857194
-0.0059459026337915
0.3452914970958253
0.2235616310821427
-0.1269206320697615
0.0159589432805736
0.0023972767272057
0.0777630698848351
-0.5023677305088420
0.0825455216219264
0.1395152303246134
0.4127271754764071
0.3307810668200825
0.2737569728824323
-0.4798937865288840
0.0162278893639272
-0.2981294939984512
-0.2022265293863505
0.3906664632260149
0.2874351522824153
0.1688021468848457
-0.2398599584610053
-0.1535809433623457
0.3633660922869206
-0.1076702437361282
-0.1448090916972192
-0.1503979072174050
0.0600960048864110
-0.2844176542700384
-0.5442240477693142
-0.2953725260330371
0.2608448984921728
-0.1209625491818710
-0.2142267489931855
0.0818537544968996
0.6341529192768115
-0.1177588214507707
0.0596023010416645
0.6526859590694063
0.0153458475677930
0.0207381204675442
0.1102219661216809
-0.0726575421735238
0.0327542069891558
0.5516975395226161
0.4921898948376608
-0.1220301597135017
-0.2045280585851317
-0.1518904062824483
-0.0285408638464029
-0.1217013850122964
0.3639609014526906
0.4635644196434041
0.0350701224411266
-0.0030644732244946
0.0924538966575339
0.0285097473769641
0.2744650692385611
0.1150520970187733
-0.1350824145497840
0.0779120087509234
0.3600500600728627
-0.1256327114889469
-0.1742252798462372
-0.2079291348617029
0.3981489955879428
-0.1767756312353135
0.2981734321173229
-0.3473456848138264
-0.5184372062546603
-0.0224675748529552
-0.4226380192455212
-0.0287875221886673
0.2857718138717691
-0.2903500304527778
0.1018661843084591
0.3031230046789037
-0.1313357772310040
0.2513595895051786
-0.2125719356948801
-0.2423819818202935
-0.0573037659534606
-0.6034603068225206
0.3431523700924250
-0.1406379899297557
0.2518053226833336
-0.2121637835271082
-0.2760094137791305
-0.3459326877517148
-0.7021986812316608
-0.1751014416554882
0.0838102394183419
0.0176628542582576
0.1014247346790551
-0.1296618209480704
0.0043120882343576
0.3119235826163812
0.0297798241032663
0.4040668390276862
0.1521306350473899
-0.0818675587260262
-0.4586643243288652
0.2644376950321193
-0.3963856458265707
-0.3536709442827801
-0.0611011319976371
0.1005464557097674
-0.1407417326210955
-0.3354767586422051
-0.3256867992854882
0.3937910260832678
-0.0905825906115725
0.1554831445413266
0.2462227100008529
-0.2643632147942107
0.2711951158852247
-0.5894952196153832
0.1075635526044572
0.1433299246504753
0.2751754196243572
-0.0986225633017786
0.1932622021926638
-0.2034115798872342
-0.1363527016465906
-0.3333051664020829
-0.5733171771759034
0.0928292334133377
0.2379422795797307
0.2196573596898200
-0.3294641396906006
-0.1488051423129459
-0.1666553484027184
0.3273915763113204
0.2693132668349854
0.2204203367830685
-0.2861540615424114
0.2910063712376226
-0.1408484855132117
-0.1505491510037086
0.1979602980975624
0.0663968880648539
0.0203409462315509
-0.2904781460217076
0.4676336582724526
-0.3754131953984061
-0.3001137172899553
0.3932494760365862
-0.2412674223927689
0.4462976509185722
-0.1655611716834083
-0.3564932505683977
-0.1869960740644276
0.0907875750868100
-0.4321900447010597
0.1153354675291704
-0.1848976587955138
0.0848937692279016
0.4466000536496844
0.3667691261252674
0.1633069155354001
0.0313943061393106
-0.0499128917979668
0.3227079323171589
0.3527548326682642
0.3786590728567469
0.4276693326829771
0.3347723547218504
-0.0381126030017552
-0.0077368459345319
-0.3394439748667619
0.2205414971922714
0.3028311193060892
-0.1615982238992190
-0.2176744690669679
-0.0716422795091805
0.3493464941005221
-0.1158792912343267
-0.0960263902596063
-0.4512330936342081
-0.3455467454048271
-0.1998708592046773
0.1715870829883746
-0.1531081606373558
-0.3919225756179987
-0.1480645135725435
0.0105135460299820
-0.5086176743512772
0.3121656729686360
0.0186547226861559
-0.1804543888078977
0.2925896021990651
0.2139406443436994
0.4036731522853766
0.0203709705433762
-0.6780654415501167
-0.1732017959255042
-0.2744923412120254
-0.0764586345180274
0.0626966909065165
0.0003069266864295
0.0838261455963187
-0.3177238770039291
-0.2620644480413617
-0.2612453868314015
0.3916248190230398
0.2680164842471061
-0.5152826773472902
-0.0872004246721664
-0.3614469712728039
0.2943294740518150
0.0468608285649349
-0.1187775847358994
-0.1523056061363207
-0.0077729499858432
-0.0592625004848700
-0.5386871317933344
0.2997041314333141
-0.4845556589941510
-0.1585816673235798
0.3641009975483818
-0.1997480283617503
-0.3480977634221324
-0.1210527476032463
0.1969102082207305
-0.0232225994653612
0.0941873769308305
0.2180876507295469
0.2319345880770893
0.0319650874914281
0.2757253995144959
-0.1545624193229163
-0.1592461563283643
0.2502296431464457
0.4271188223387590
-0.3107962646426859
0.2563821909231690
0.1812762426749371
0.5216631891876967
-0.2449161349711905
-0.1504389115968096
0.1094181563484930
0.3097623449127452
-0.0734446211605709
0.3789524289486809
-0.2054462926266652
0.3308239335576461
0.1005308964653848
-0.1901091378470321
0.1553562573093679
-0.3627029574590656
-0.5570659972460923
0.2377643957814443
0.1105084452292665
0.3511099142364332
0.1690487479419339
-0.0790458043457170
-0.2906810677889884
0.1025447751136074
-0.0527147122962789
-0.0946227462746067
-0.0931624708999037
-0.4205207114812018
0.6882202154003192
-0.2340040465995871
0.0949678931742095
-0.2393062660070013
-0.0930477326722275
-0.2563607873111690
-0.0081609293103996
-0.2052388964557337
-0.3799474340489583
-0.1074006014767036
-0.2064958627264650
-0.0506018195512960
0.4439031596746268
-0.0866519914471987
-0.5582877168422339
-0.3298854149051960
0.3324953622699075
0.0433179706221369
0.0627693722263023
0.1928013702441071
0.4011223622484709
-0.4386941378741824
-0.1277176823377408
-0.1923949661100030
0.3513168427788230
-0.1769140711537034
-0.2923819475361170
0.0947615719810629
0.4365657203717924
-0.3776580453853256
-0.2035107206584056
-0.0077519836009207
0.4200685758692073
0.0196975471893360
0.0386189016164167
0.1556743198125380
0.2595077097417873
0.3066347283965196
-0.1175014702210380
0.3687788774362650
-0.5451659119176359
0.0703330884817950
-0.6703625715725701
0.1357736765691396
0.0393390878215088
-0.0248272841588443
0.0694889473109746
-0.0575413134741101
-0.5958453209231542
-0.0611852587627037
0.0714370673926203
-0.0158871028096801
0.3478921995475693
0.0190560323415811
-0.1906641159148620
0.3013683800955942
0.0153979375694628
-0.4782759164492832
0.4123956348368626
-0.0657027073138435
0.4269291509911254
0.0454896956609376
0.0833371397895588
0.1485222855084619
0.4695611814592895
0.0594205110444779
-0.1792330499703023
-0.1905791131124240
-0.0531424562787573
0.1773915855915098
-0.1472224445658325
-0.3130609674539074
-0.4072475935266728
0.1826070372369804
0.3660696535684900
-0.0173726735867493
0.2241846397017432
0.3193818340948120
0.1060202854598870
-0.4199259254451627
0.4155480251714544
0.2422132060670918
-0.1830050246515810
0.0319214770628472
0.4198508567248186
-0.4634519458505991
0.2906615312710822
-0.2147431366903766
-0.0298571367102527
0.2204434239123341
-0.1746759632297488
-0.0943900058540638
-0.1100070077452601
0.5330593735149902
-0.0642343672242450
0.5265624844227963
-0.3623881775595617
0.6016847550996918
0.1097424648895018
0.0172122386384116
-0.2087806296805016
0.1521289425621278
0.0538076452497735
-0.3310521687408359
0.1074356223250235
0.0952698433609200
0.1143431980658858
0.1378199185466264
0.0749066943519298
-0.0697819999371773
-0.1441874906619834
0.1749948815483269
0.1049550108996927
0.1445260290582850
0.1757716668783930
-0.8125672806448688
-0.4302638121809348
-0.0314832606753835
-0.0965045977162812
-0.0248196625803072
