0.0082510175211289
0.2892568783259370
0.1200068276183254
0.2464403067801752
-0.5518755531690002
-0.2106632907069870
0.0656214889512926
0.0000504889431107
0.1532817199158137
0.6814549136306263
0.2525881280020335
-0.3698191319405063
0.0310920451061478
-0.1340145924417276
0.4584623517516148
0.4919226593168442
-0.1935677261474756
0.2326484967030027
0.3543567394101544
0.3334191114416649
-0.1912638863735115
-0.1802265448350504
0.2420510050742633
-0.1143685196343795
0.2809370467015317
-0.4560690974064847
-0.1134299189770637
0.2483311281246641
-0.7055109469274067
0.0079141138188502
0.2871832976175824
-0.3900156218976013
0.3685012047371166
-0.1153266314979475
-0.4169788962218133
0.2228134874416210
-0.3867202332341296
0.0508675256938253
-0.3741937304748165
0.3172411644950233
-0.2548615776022756
0.4249631145045070
-0.1887925052603897
-0.6512999327956208
0.2330128570551714
-0.1568804759117183
-0.2432915472172509
-0.3403417952968752
-0.2000797976229337
-0.0256124931475831
0.3430067483638278
0.3508040185483542
0.4285992619265757
0.4603367289511516
0.1395722299363229
-0.0944423970505011
0.3440200947523624
-0.4514430241615075
0.1064133906199708
-0.0424436887058075
-0.3189850363765300
-0.0807422778886796
0.3820916378523369
-0.6300169018998285
-0.2572177496626876
0.2084321500079535
0.0811199044989521
-0.0930038255662761
0.3752706960531132
0.2883586951047729
-0.2231900856003519
-0.2726450586242926
-0.6048941848094472
-0.0719917606317307
0.1612816077608120
-0.0346448752557030
0.4284816633997148
-0.2715235225921832
-0.4570068074438205
0.1066876921593042
0.1597534913169135
0.4792259036590966
0.2538211255758042
-0.2194843212245398
0.4827509481315269
-0.2381156376605170
0.1816812916022972
0.3350252443501239
0.0820489044418955
0.4364553363307600
0.0583145997657329
-0.3541891007806858
-0.3048481823252623
-0.2217043184613198
-0.5081538354144906
-0.3966850118292985
0.4380290344053923
0.0879050729062319
0.3348000711693818
-0.0423925195601279
0.4955427024990239
-0.4278684370984142
-0.0294708161574651
0.1266748335864856
0.2163098139497475
-0.4748334678672801
0.0785655520166747
-0.1777723738953309
-0.0469392786195311
0.4921538087697215
0.1268788807816013
0.0451529571277922
-0.5564888219832581
0.1372192177460434
-0.0544461710026101
0.1359423356731624
-0.5907316516509219
-0.3158106326502111
-0.0654441909102574
0.4229966325124855
-0.4803813176637508
-0.0784091095133335
0.3972594206907730
0.2896491214227935
-0.2056554073090110
0.3658439382275100
0.3543701886224608
-0.2198719359113588
-0.3698644808556376
0.1857863655891173
-0.1533856519662572
0.3109815983145353
-0.4016613585850819
0.3542134927764866
0.1138040138386295
0.4698076450212879
0.2243413999493281
0.4112690300368516
-0.0639887161559601
0.3684125817003198
-0.5943060685053710
-0.3481790369866462
0.0342528173819159
0.1667821467868938
0.2216091974025009
-0.2808548831617282
0.2037335917583580
0.2754196588354189
0.2589248641011016
0.4291696206077203
-0.3286937225721011
-0.2436318959613000
0.0351466737056968
0.0531732028752875
0.4014738478005562
0.1455858441836051
-0.0733046362567543
-0.7445740424067551
0.2856761722936619
0.0692085226105811
-0.4886800949068267
0.0389791460700534
-0.0701424704778396
0.2467362115849574
0.1142306290521021
-0.3716536446144350
-0.6670092383776439
-0.0015164077795642
0.1330761583990826
-0.2829941891005982
