0.0338943479363593
-0.3627764242606123
-0.3095487057643930
-0.5875818511519795
-0.3408801563410380
-0.1924782730969117
-0.4190132622498567
0.0032357519561662
-0.3119965632849290
0.5268179318471935
0.1447062957448806
0.3431337872757877
-0.0204012259002975
0.3513294332852871
-0.5098182215101004
0.3903986467774546
-0.2173903230171647
0.0186896507223345
0.0161784559635857
-0.1836052122956527
0.2903792551018829
-0.0584544251036764
0.1583233911839810
-0.3784882559972038
0.3213012948800515
0.5226853998312960
-0.5775258838879662
-0.3266786620274847
0.1021194158583271
-0.1404600554121730
-0.4000375993266976
0.3318023289879224
-0.7039383314430592
-0.0177691468524256
-0.2066468940053572
-0.2333515100886565
-0.4063291449293951
-0.2253888048921474
0.4726974637287871
0.3056876423060738
-0.4155390132242720
0.1651816537512807
0.1432510502483132
-0.3787480564553633
0.3213721858260180
0.0320148909782615
-0.0426182486410843
-0.0488106421527271
-0.5894735574325720
-0.5856914332931764
0.4539246445821203
0.2079870432641668
-0.0616573476559149
0.2261744929497830
-0.3196454414572508
0.4023527953996465
0.2257440732273857
-0.3708703795762802
0.0167635521021364
-0.1139552239660722
0.5291381151290639
-0.3612105735077185
0.3517197203754602
-0.1239386134654844
0.0968478013656750
-0.8106690670262752
0.1578541165257505
0.0814038033493407
0.1326576084037480
-0.0928788066420272
-0.3771786706240984
-0.3435733146816872
-0.0882476135311409
0.1382370727745842
-0.1868230162974814
0.2411950063618274
0.6322067347274269
0.5650794687176645
-0.3880665059443482
0.0928751938318284
0.0424667380227630
-0.0738806309381424
0.2616585494220047
-0.6992937490018607
-0.0141875408565050
0.0772866713526606
0.2492300491904963
0.2063173295208054
0.3699968345774613
0.4350977788172595
-0.1857615888742941
0.0089727081425228
-0.5100147337022590
0.0276845315216218
0.1753233702151601
-0.3291747045357181
-0.6829719601687284
0.1124503602045504
0.2938377249297671
0.0758178132763908
0.6032291034976803
-0.3478236542553425
0.3546541960270697
-0.0142567423306892
-0.4773426155242755
0.0682714833415713
-0.2842173980626693
0.2647747392928785
-0.5285667570616033
-0.3414362951645950
-0.4568643000580666
-0.1949646732649968
-0.2712600918701740
-0.2377019923541342
0.1350539137833487
-0.2900692501656086
0.3533245293698173
0.2351687712556348
0.0717087507603144
0.0500312217810242
-0.1439083353200867
-0.2290789670644522
0.5966884807284581
-0.4391585548653585
-0.3564019187137615
-0.4335249609923020
0.0362044469870618
-0.6115015832700770
-0.2488558711452843
0.1788843692873117
-0.5155603865614449
0.2403024739983063
0.2233490614018824
-0.2237473934341005
-0.3276136428767942
-0.6472638806971701
-0.0339752999518694
0.1485945686186385
-0.3463789196014385
-0.3234610263610937
0.0675421551081066
0.1695999420736679
-0.2150249435795554
-0.5036343921604233
0.2348685521283217
0.4643491209489116
-0.0468532030733941
0.0132603376868614
-0.1784784175123003
-0.2868468671939845
0.1033420975172911
-0.2200256023276438
-0.7440558261082959
-0.3216996665763477
-0.0093915679107577
0.2282931564035048
0.6305047805588831
-0.0283360743215953
0.3859482146767164
-0.0296106117305160
-0.0065683445377123
-0.5441398629134230
-0.3139583791426375
0.1114135306414903
-0.5152146372534333
0.1245509360889044
-0.4114697490584833
-0.3972919176886190
0.1132039235622656
0.4241316248069782
-0.2969968308131695
-0.2710395647758609
0.6854382030320266
-0.3169971124912971
-0.4523465470959541
-0.2606352480271183
-0.0001372194767022
-0.2802695084149771
-0.0573909182787867
-0.0428017518506955
0.4512340610218060
-0.5224249884243226
0.1665277802327476
-0.0078076061120586
-0.4125439395091540
-0.0904937251950474
-0.3330617759588304
-0.2293784055837239
0.3920985558029734
-0.3750195344836155
-0.5187922640908285
-0.4779923343416745
-0.0292179483204219
0.4468262428465364
-0.0033672557129982
0.0663496668078020
0.3576588275130413
-0.1699924421580208
0.4081342963234910
0.5918430321733122
-0.2148885238490448
-0.1431363380499755
0.2543209539954261
0.4071499569894751
0.2905392431502765
-0.3182554946525053
-0.0182561133741270
-0.3090418578011423
0.4792873776964940
0.1990093909830313
0.1146546547696068
0.3099567036650590
0.0415170840444478
-0.2512597014006836
-0.6532994580480828
-0.1851968312350932
0.2306533358715562
-0.1307426838160475
-0.1187289872640162
-0.3630118980524747
-0.0634704470929542
-0.1221167827444997
0.0924907676378072
-0.8666781806269535
-0.0721426474450246
0.1384350400342058
-0.2075917817281478
0.0176902270478683
-0.0670282032836651
0.6021559620085147
0.2136063978870434
0.1568554067944924
-0.2936088553329155
-0.6433555729998545
-0.3398757579281543
0.1432476605770006
0.2149379694604479
-0.1676236814673125
0.2065766960917951
-0.0367014828188449
-0.6285823085377885
0.2786625099934685
-0.5223783153191607
-0.2883554847983327
-0.0921095408344692
-0.0467557184961800
0.3918632297533724
0.0822189780481230
-0.3184402508462056
0.6002853437168691
-0.4644513267141340
-0.2615384796756921
0.3567526798781454
-0.4199427078867702
-0.5047982135577609
0.1657822229683739
0.0184240095697688
-0.6252694167831346
0.0543444220213269
-0.1280941852106055
-0.0583775765726608
0.4125845028925555
0.1594783977163264
0.1994829721255626
0.0168053956829185
-0.1871287100446381
-0.6543411213002643
-0.4652594016050220
0.2801832534231859
-0.0782072101184220
0.2132564179817054
0.2335260633609882
0.3682464981536882
-0.8109633811301330
0.1287054739512892
0.0253936509522790
0.0087137773882643
-0.0604552090856646
-0.2928813586225395
0.4417324753758581
-0.4516353662519959
-0.4856028424095333
-0.2851910190968731
0.2033756261465107
0.4562185002025876
-0.0781127322061348
-0.1099120814652812
0.1267858367353779
-0.3741607901146967
-0.0489495077751388
0.3617511153143788
-0.4836283322094325
-0.0593613624017095
-0.1511694853096054
-0.5129685824789044
-0.2824914727597377
0.3514729466902159
-0.1971336329676964
0.0749803215052238
-0.1003584128149936
0.3070802558195678
-0.5894153423838575
-0.2496598991247919
-0.5123016965916101
-0.3877012301426656
-0.1692347610561009
0.5943217110324608
0.2220594852119619
-0.5202156039099529
0.0164857593510245
-0.5466983736149356
0.0450239018520227
-0.1558223838220765
0.0368832745370979
0.0052895480241972
0.2596160761429225
0.5995032212112474
0.0665973011790842
-0.2163596268252649
-0.2462048934205733
-0.0985333516750132
0.4249001260639443
0.5206450197833309
0.0034157620374564
