0.4546595893984620
-0.6317530156229187
-0.1159753211388066
0.6164484806615305
-0.0267166726261272
-0.9217532878533379
0.1354875957899430
0.0733896376079504
0.0059766815826897
-0.3557980158568280
-0.4729247799637794
0.0356475369745875
0.8386276803526972
-0.2679014775434203
0.0019538884725007
-0.6999887865570884
0.0571981690996083
-0.2223579649469345
0.5501049847949840
0.3933007872790948
-0.5253359446940220
-0.7086312990218339
0.2327263048489965
-0.3067395444607821
-0.2713174269271911
0.1635222550571031
-0.2906553058791927
-0.0204356141750320
-0.3850364034927077
0.8602960646916866
-0.5070707541287049
-0.1125258203735026
-0.4899260543648939
-0.6552865475788922
-0.2465546427735647
-0.2853062528324554
-0.1908152470638373
-0.7856736569197786
-0.1111582443665977
0.5025441603623580
-0.7582310327962347
-0.1551677100892498
0.0529540234329184
-0.3790597219100180
0.5044980488348588
0.4488285078895586
-0.0998400588153555
0.7652380427447468
-0.2738781591261101
0.3577519043293286
0.4670936984548757
0.4962654198329757
0.0425856835308563
-0.6224251622442200
0.3825146884829551
0.2328950881022126
-0.5534635889325841
0.1797722814160782
0.0723201774492360
-0.7758154757620499
-0.2511602786675299
-0.0426418897157471
0.5428800777978122
0.2762268256688741
0.7510526916084235
-0.4146825337246330
0.2480134161634456
0.5633156919728443
0.6612632291615819
-0.1092433730832632
0.3035714433977726
0.7869207257121684
0.0630212977058882
-0.2373887587515123
-0.4777813762087314
-0.0582422462391463
-0.2123658791888581
0.2753119883798530
-0.9291647067050022
0.1111972615557640
-0.2217645012962494
0.0782894266903347
0.2957476025548847
-0.5441283032122943
-0.7490988031359227
-0.0182651905653172
-0.5961054786483313
0.7226523592138905
0.3485470031181101
-0.0247627841536265
-0.0524111647302427
-0.7442788359964214
-0.6059013755037004
-0.0388380669173618
-0.2732713153996918
