-0.2410181730399868
-0.1828619023866848
-0.5114619129528775
0.1511529243123133
-0.0611703632834118
0.2147217480149129
-0.0076856218292138
0.7070111737248771
0.1074310013655241
0.2504370958274255
-0.0784711648511434
-0.3224421250469566
-0.0897037702313404
0.1243052107962819
0.4245886154437298
-0.4297335400796931
-0.3331612856088205
0.3815742287474426
0.0001904397568558
-0.4948060449139692
0.1007612978664962
-0.2705692717941804
0.1273170617514588
0.2382256557772622
0.1581137447679068
-0.6671317103134483
0.4983690320595583
-0.0417988501362249
-0.2922429079988289
0.1951637883289669
-0.0194615634340915
0.0725871756302917
0.0810168413504015
-0.3427505596056336
-0.0067867761173338
0.2232177109822583
0.5224285309776535
0.4247565336145671
-0.6055474443478908
-0.0200269263774422
-0.3528703811715161
0.0402982405351549
-0.2552232533454024
-0.0782693649950859
-0.5022034510388046
-0.2452006533877047
-0.1072047663757670
-0.2612849663471198
-0.0277653496493326
-0.6401002003481988
0.3512125009071492
-0.1509532087997634
0.5154815284591355
-0.4743963260239097
0.0491185175793499
0.0842528040543127
0.0559732625271366
0.3486643583464245
0.3567466143790629
-0.3187642955254931
-0.5801410022647042
-0.3574537518809920
-0.0356773169846866
-0.4455852890214341
-0.0296639572854822
0.2580455242221710
0.4004579396474909
-0.0929498193196489
0.3144492772832500
-0.0221831188701918
0.4833493578454207
0.1683512743750090
-0.2738833160824296
0.0368550659980307
-0.5277639008088167
-0.2162702791862069
0.4515785980477526
0.2880000185248747
0.1838259532113394
-0.1252760525931634
-0.4580147894163902
0.3908643026395936
-0.1006627973658760
0.3396417669870447
0.1714276906283385
-0.3146800523320693
0.3728637678894277
0.1424694855751415
0.4497246078399981
-0.1482223528043346
0.0311626211714306
-0.2833542893644150
0.0963203605982669
-0.3472649352019047
-0.3680615819193577
-0.3774228798509561
-0.1119169578425375
0.1408894255850603
0.3064981115913534
0.6201894905837234
-0.3582907471820115
-0.2204948341918831
0.3544287482098390
0.2774033831747406
-0.4214170898706297
-0.1558752265518266
-0.2808756512692065
0.3199367343652909
-0.4826052810633681
0.0662528592135536
0.0895853787949418
-0.0674714845394555
0.3722373688814545
0.6417661315238279
-0.2545722439272864
0.4423126884624757
0.1248863050062712
0.1672666327010328
0.3546263063149711
-0.0849444397263518
-0.2030241512464643
0.6944230967574488
0.4655847828542408
-0.2941483987156042
0.0401228203201574
-0.1385164989941504
-0.2020265726917928
0.2303910590710857
-0.0388122491312307
0.2388879614964079
