0.4119386302694747
-0.2657840499344106
-0.0511433929403892
0.4917865836087433
-0.4658744620605775
0.1302929220468607
0.5302645125759554
-0.4087243723798216
0.4455698132659231
-0.4935387305131707
0.1347550311337803
-0.0116164577189315
0.4234638685476208
0.4395633537286985
0.4260266410650340
0.8140282775449297
0.0772861134891476
-0.0338303477881246
-0.3782408394202639
-0.0407474765036930
-0.0633651263992446
-0.1358325616636015
0.0140600333192827
0.3046140190487707
-0.2668310582654855
0.3537763709556536
-0.8178320911535659
-0.1528275709146558
0.1709015477177779
0.1996504766511509
-0.0332883176100055
-0.0570751944392914
-0.7840644662169624
-0.3193662947528057
0.4580553905837403
0.1674949219810532
-0.7957743777901235
-0.2221269739109141
-0.0125410937700715
-0.1756719749662322
0.4385821524066471
0.2568578828717336
-0.6084792614329851
-0.1152777986222349
0.1291072542157821
-0.0439301850507431
-0.7554291559990388
-0.1235143144517716
-0.1092541884466592
-0.4437200961117622
0.0364799602321925
0.3133390844883582
-0.6888339325334154
-0.2387527619088669
0.3962565564556964
-0.1228249993988814
0.1190828734743925
-0.4511662348819523
0.2964622922932334
0.2812158591024688
0.6779223890176310
-0.3885162114873237
-0.0690828159906040
-0.1415654328084066
-0.4850403686131992
-0.1949221560014512
-0.1838629765615616
0.3552970783354144
-0.3982293085646744
-0.6229544380814930
-0.1226280431785274
0.1887042270111612
-0.2297324753529028
0.3671125808513254
-0.1215807609311488
-0.2642296174828307
0.8229248132724594
0.0293056245884425
-0.3457291904072450
0.2994933592059163
-0.0378969694273210
0.7033580737097551
0.3570095262148847
0.4078132821607691
-0.0404056913120473
0.1886496029806030
0.5166078309767069
0.1867616447366577
-0.4062447340295853
-0.6229081978444199
-0.3285814017334301
0.2697188811868698
0.2460602907225402
-0.0301636088471975
-0.2256265597066842
0.0110404150650174
-0.5210304473495654
-0.7370849699234041
-0.2633565724269766
-0.4389602763923394
0.5634804932412880
-0.4063404091825312
0.4402940507029593
-0.0681143115618445
-0.2384029919842436
0.1504376534498185
0.2106829870595422
0.2032836939846505
0.7140168154691506
0.5857677635171528
0.1182747998188101
-0.1572390451744176
0.4419935560951376
0.2900621679994448
-0.5902118921214748
-0.4492268173322664
-0.3681488852530926
-0.1843278808249815
0.0289905966000034
0.4639212556191757
-0.0931692268600573
-0.0957992312411516
0.0114931306190232
0.2916793142068550
0.7533146947286268
-0.3379750395560887
-0.2160020850174830
-0.5090840904458623
0.3418836436378919
-0.1433479180275939
0.1093990639212087
0.7265755002252643
-0.1298588619179021
0.4043810076009156
-0.7082246777033191
0.0074619676230754
-0.2950300018980027
0.4532100605066122
0.1159315081945514
-0.1701644794493982
-0.2080247010526251
0.4781703626843801
-0.3275850005940287
-0.1430743471997822
0.7335365477588529
0.2474720670166286
0.0312783584921295
-0.0101382828249564
0.2341992860711250
-0.2431143146431827
0.2181254958980572
0.6909532195577905
-0.4739346768102092
-0.3692345842137015
-0.6691212211544566
-0.3446855073777619
-0.0579430631023253
-0.5126700979903237
0.0614067203909686
-0.4041507016783336
-0.0131182884993229
0.1100760591561880
0.0274328342563001
-0.2626589337661819
-0.5003065536781571
-0.0207421065946934
-0.5293799635811683
0.6222225942840895
-0.6180349313205536
0.1904444822135121
0.3139625316597971
0.1885551842303038
-0.3212027097545564
0.5866670868574678
0.0169924253764858
0.1512617618268430
0.4997157273420517
-0.0772514808151286
-0.6891263789763301
-0.1140304933132214
0.1963995969727338
-0.4415488179925028
0.1723514408178101
-0.3036955065047982
-0.5165464567562337
0.0315552185855349
-0.7748937122616985
0.0981562439344420
-0.0123746855873191
-0.3267628579907015
0.1715254863862256
0.3252616534698708
0.5952899854710116
0.2683391985080682
-0.5743843557668291
0.0414296817759708
-0.2632343869939989
-0.3722455267758760
-0.3461962639929714
0.1720682378535944
0.3038048484952491
-0.7274593683911199
0.1455578063495172
0.7114907953885180
-0.1788466097720988
-0.6024275234755494
0.1143556266063869
-0.0414510365593620
0.2615543171501625
0.1251789064550584
-0.5020879200242635
-0.2206633788642746
-0.4506604426202116
-0.1716407381262142
0.2680963370170527
-0.0655500726357255
0.6248900369843033
-0.4763775079289302
-0.5423461878264887
-0.5163093552642514
0.0998712745824891
-0.2934592577693091
-0.2255079565156857
-0.2557406620914734
-0.1721366670046459
0.2011525252798786
-0.0551555390637417
0.8578155479605181
-0.1137057624193315
0.3159879232300245
0.2797134490854143
-0.0206339034245629
0.3407920531669849
0.1290656124075365
0.2645416695883941
0.3744861563340985
0.7741427655016120
0.2392862064737090
-0.3009020191872100
0.2984835591243033
-0.2823555093915325
-0.2349852780945137
0.0649714518377406
0.7716030256423045
-0.2929680979942668
-0.2302321691845212
0.5130214399479958
0.2692391757459168
-0.5108488068905267
-0.4977680002301488
-0.3187110180562849
-0.0315629226286928
-0.5667669529609045
0.1344259275061756
-0.1410661497410173
0.1365294465857824
-0.0412984120546799
-0.6077429064625668
-0.5011067186377918
0.1136009307066597
-0.0727314779701100
0.1443895447949984
-0.3637272488626804
-0.7399720294534937
0.2055589083498010
-0.4887187731897141
-0.7053929799969955
-0.3254541197965219
0.1292807721370905
-0.0260046876331021
0.0400456145394598
0.1548304521369482
-0.5945876535065265
-0.5601596074074890
0.1432276016280249
-0.4240333957942961
-0.4453959679581081
-0.2983089471275564
0.0183272014871071
-0.4451977819891842
0.2063837232813633
-0.2841021998364113
0.5065542879576630
0.7205740390134067
-0.0794475997549604
-0.1763496578910287
-0.2519055051386068
-0.0913908161135589
0.4716829188867236
0.7675743040523054
0.3874190904645602
0.0148737171750532
0.0998745277219095
-0.1403671261818540
0.2962010104538348
0.3895954824155826
0.2939999013741623
0.6283812107921390
-0.2963359811457195
-0.3285252592595290
0.2888556277965652
-0.6049074527010778
-0.3394214431213074
-0.3220791012909360
-0.2357248632042727
-0.3288281351726452
0.4701628545375028
0.1743497826988038
-0.1774827837877816
0.1644877581621364
-0.3910543112070984
0.1262651892805358
0.1813278030204627
0.0909873383584101
-0.8552302606001795
-0.1405261569581841
-0.3050940903784973
0.5991912510866479
-0.4840188292139100
-0.2988142518475854
-0.4178843625652881
0.1730558153615918
0.5960312987034494
0.1443395523520476
0.6074721494660146
-0.1498601066763153
-0.3585056160111075
-0.2835572193467082
0.1533014914723689
-0.4283351002360758
-0.3063437750562433
0.4095226750744244
-0.0534571544690201
0.3681836828478739
-0.3695106345408141
0.5291679424075354
0.7364618426350227
0.0338796898683224
-0.1653258423363445
0.2465018509431609
-0.4797576495403826
-0.3519944674278436
-0.1196361855882394
-0.8974829861651141
-0.1966147409041838
-0.0193871851747464
0.3327720063958685
-0.0181161043057975
-0.1082184164721428
0.1808713440947506
-0.6519140712914033
0.3976704781248490
0.0754483570966650
0.3956290724563434
0.3583776079261092
0.1310560489999275
-0.3302138989755836
-0.2004030525682958
0.0058207586859035
0.8385176956719831
-0.2278167743024075
0.0990714300527428
0.2934037191512889
0.3299870240123378
-0.3259393000171890
-0.3327515978661128
-0.1605039654656171
0.6866459069216783
0.2739659520987422
-0.1618497942706819
-0.4295848269952507
0.2658089472067671
-0.8009812299893763
-0.1758169386989014
0.3302058968621033
-0.0259721876031021
-0.3414031277036396
-0.1749185307474844
0.3607897593677675
0.6135015432493212
-0.1537503372756741
-0.4896334578191203
0.3846164641299554
-0.2580917424950066
0.1246007412250027
-0.0882832963131314
-0.4428299657893928
-0.3620542623454336
0.0143570479399503
-0.2497770369781490
0.5479960680966566
-0.5496635411158611
-0.1446022291864927
0.1571731325537594
-0.5753699037842345
-0.4553759002482128
0.1987991514843329
-0.5862215213754638
-0.1810864165400934
0.1349601913805625
0.8009732629016983
-0.1218940967932342
0.3872691920363320
0.2856951376414015
0.0073965381138888
0.3061299731774197
0.5164166435661220
-0.2243352293400967
-0.0606311319821812
0.3085980245667164
0.3857139404489048
-0.0578561872891925
-0.6572336707204246
-0.1050620299968582
0.7609717165281221
-0.5898351364825419
-0.0718740623176260
-0.0213599514084545
-0.0264539301966746
-0.2359164883740512
-0.2070808324401835
-0.1078552423557280
-0.2148602046041023
0.6303758682768112
-0.5861285054817956
-0.3822390927031050
0.1108728270370669
0.3859500104296980
-0.3264566471757289
0.5466263655890597
-0.5736341167215123
-0.1519285944458274
0.2987889940482875
-0.0652303822267773
0.4131609381183985
0.5661934066980424
-0.3793662833440249
-0.1986722444359262
0.0491760073621764
0.5279361680371207
0.2102349888946154
0.3429822514291048
0.1085501602930108
-0.6571867443939289
-0.3800003163833053
0.3826750737302214
0.1649884183146068
-0.3473096460136039
0.0774349771882423
0.5725577704177390
-0.0869150845188625
0.6483084139063441
-0.1410941383491473
-0.0708770200320099
-0.4619440274950390
0.2853195116210661
-0.2444994886467509
-0.3163993452399828
0.7336661306900111
-0.2925753336199115
0.2041003447550114
-0.3052555696100145
0.1658996391267174
0.2766261963058305
-0.7858490803722503
-0.0167073798933233
0.3027613851739210
-0.1345898601617499
0.4102906978952739
0.1038672187496299
0.2221486769729652
0.1577792987049351
0.4311074354330287
-0.8080902815393326
0.2575056935880400
-0.0989674333017604
0.1235976376536220
0.6110838118108119
0.2082362143036391
0.0131317435838869
0.3941045192501829
0.3629917921763191
-0.5297962079812900
0.5190396793332592
-0.4083727581216396
-0.3504254804889547
-0.2966418209630633
-0.2299671818359712
-0.0929903624544015
-0.5399101797063802
-0.1658878211798963
0.0201903526427739
0.4841978551141512
0.2184926756694033
0.3426980972149882
-0.2664319766258507
-0.7081376873338239
0.4553592287855692
-0.1815044273951104
0.4747742164502863
-0.4156712351346201
0.4478763227968707
-0.2870199707786323
0.2802451054410180
-0.3610538154263309
0.1525456297885896
-0.6979335601226301
-0.0946836539692048
-0.4261034118944914
-0.2995686387165101
0.2810484612900293
0.3752990340858767
-0.4604177042337002
-0.2766440263523926
0.0046202490466199
0.3348629897493305
-0.0980883528208007
0.6699689259672442
0.7458591582956901
-0.4848427919173164
0.2226834504339901
0.2064540011889323
-0.1755469807036508
0.2508473063571358
-0.1505632620108942
-0.1189181056175784
-0.3247349824995063
-0.7148169273251235
0.4589444259983859
-0.1162514962776280
0.1296135257740981
0.3584666973394786
-0.0324513654286909
-0.3213098910308237
0.0385196052611964
0.2613667030517852
-0.3875475214594270
-0.2138965553208428
-0.7937038059543801
