-0.1275743124973406
-0.1093465065294047
0.6101520764528848
-0.6342890498665742
0.4440270049447864
-0.5173156532732367
-0.5281922908514914
-0.5510886514122489
-0.0814207024757169
-0.3782451404268500
0.6951933104811147
0.0415799410200294
0.3103238133386486
-0.4051765853127639
-0.5044882904055628
0.4830646196956846
0.1934006844595785
-0.5061829729495950
0.3252012239213283
0.6060261630530566
-0.1040510639522046
0.0672247204001437
-0.2782953777846001
-0.9277321825962922
-0.2156823894906202
0.2377219065148544
-0.6847481655244733
0.1703013671650797
0.3580307847926998
-0.5634000767272220
0.5620470705178058
-0.5583187416609662
-0.5346179256682062
-0.2937778069657632
-0.0161724123456923
-0.0197224618314911
-0.8236908838379907
0.1357276262909796
0.1320527242278201
0.5341202503808695
