-0.5904327407532400
0.2045346992548571
-0.3387806601179694
-0.3471695880387020
0.0445609727362105
0.3073092367146588
0.2563244362807770
0.2446344604099335
0.1749261432449530
-0.3488318193797675
0.3085272347395114
-0.0153065252074188
0.5531419215035616
0.2405496291661630
0.0895728060918762
-0.0398427688702646
0.2168127951718766
-0.3388995610279548
-0.4485060920535420
-0.4100212156055941
0.1021946162020255
-0.6310481588400764
0.1473016438798036
-0.4924815540575929
0.4366158335458988
0.2440897687998199
-0.0532631368015037
-0.1620393490206911
0.1530623275247542
-0.1560885532356117
0.0370438777549867
-0.1915816903515044
-0.3122569861277215
0.1352477479248733
-0.1999201179975873
0.6729435000171066
0.2744637565231799
0.1909876701514887
-0.3672633432172970
-0.3265238329392171
-0.0344200377445450
0.0476411581238052
-0.7510715971890692
0.0277684713054523
-0.2671516753076741
-0.1931504051881903
0.0417792027764946
0.3610938114906047
-0.4174824046275567
-0.1286975199931530
-0.7413204419958641
0.5030410754115821
0.0320059224801626
0.1024150054738075
0.1455041524354715
-0.3195012553933789
0.1825638039416156
-0.1645250535967001
0.0278278625875665
-0.0381514092410401
-0.2110447103120258
-0.3935514421012603
0.5183706802481438
-0.0997693888730346
0.3865635777085942
-0.0319270948767142
0.2862648529614140
-0.1563474664551046
-0.4221502270682826
0.2947230056382128
0.1048239523670233
-0.1871070359091903
0.1660022661799324
-0.3485617528226507
0.2466711857521933
0.4034356445340251
-0.1054618844775311
0.6693721293259225
0.2462840711778030
0.2480055538551491
0.4794673062659807
0.3723641717262660
0.0068713101429685
0.5556880240651818
0.1510258437364605
-0.0746470983478959
0.4525310327288012
-0.2436549050352546
-0.0333657729472314
0.1702154897221126
-0.1178148043427966
-0.0064204045817128
0.4992392218580419
-0.2150581412619610
-0.1824406668405492
-0.2876428252015092
-0.1597172175387096
0.3703235785193709
-0.3476504775661938
-0.5394957430539837
-0.5741401857119320
-0.3096258440069920
-0.1128065969691894
-0.1001081158754727
-0.2425931047892275
-0.4921585081337864
0.2751082658529876
-0.0362681182664150
-0.4016148059186541
-0.1112749854804107
-0.6228987685621385
0.0961508885107609
0.0380654412831206
0.0842979037534065
-0.2330259729892363
0.4857037158044011
0.0078536779371535
-0.1039900887919515
0.0625987253430265
0.5377672298426268
-0.1000271978419213
0.2191197741687838
-0.5236756322816439
0.0093050681343378
0.1396345698756865
0.3752376971048817
-0.1079729715683125
-0.5054106003663994
-0.4791750302133095
-0.1032009813745263
0.0189447193322335
-0.4847671315573374
-0.3592850892705195
0.2540476688766424
0.0835918297358737
-0.1537446119753078
0.1860880147093079
0.6817570078220558
0.2005266455301434
0.0275432410361893
-0.4083224058803466
-0.2179499457157313
0.5906262861162298
-0.0724078677031621
0.0928666500891163
0.3204548809726675
0.3418075623718979
0.3303049863060524
0.1415007075337615
-0.2727939433309141
-0.0030407277852277
0.0572369688251631
-0.2444415505590818
0.3046372619379379
0.3993535020121818
-0.3500566758374852
-0.4773338043030156
-0.4046999506442858
0.2803306746026309
-0.3031853502408134
-0.1160266952028874
0.4300913597455538
-0.0143795317382045
-0.1115317908901727
-0.2212899347264050
-0.0934076001829589
0.5946832721820485
0.1544564932087787
-0.4475307338896778
-0.3917015977677984
0.5395934793928592
0.0699593833152844
-0.2394542984391665
0.2582894146229613
0.0013914810189161
0.3061022894022642
0.0310504875978904
-0.4079878957956367
0.0783649714244069
-0.5591358569227055
0.4416773853630055
-0.1373564873933733
0.4807526782878535
-0.5961317081553071
0.1340039041310943
-0.3238591952364923
-0.0428721725393274
0.1088408540260347
-0.1615251367928530
0.1922019311032860
-0.4747546848729019
0.0653424040630716
-0.0703729762595098
0.3014473528322932
-0.4209891296742160
-0.3770608210492502
-0.3763062188456305
-0.0645557484432926
0.4570567326134088
0.0208354314778587
-0.0255094842243210
-0.1013478595655341
-0.1844833118179809
-0.7057302901711650
-0.2036458618912851
-0.3303720974602848
0.3303331153529391
0.4265025513319977
0.0276826673715374
-0.1207495733394112
0.3304261699955633
0.2572049832288165
-0.0763002155310012
-0.0152006041964871
-0.4623686380210578
0.0200503679684984
-0.2599330699470954
-0.1208962760743751
-0.6089772696034947
-0.3890888864137489
0.1651404546916334
0.0322206026156982
-0.0636882981291023
-0.0492025520754616
-0.4738019706789538
-0.8335179919133231
-0.1321952547841537
0.1438444624813889
-0.0878726485723508
-0.0091872269154791
-0.0049321965306974
0.5071334657531846
0.3551422105080839
0.0609813778521778
0.7119213568715487
-0.0865374298471592
0.0212642083952892
-0.1706019967485406
-0.1747499582420250
0.1962934087736830
-0.0509568973229126
-0.1644332079618711
-0.0174158136009047
0.1014382084370072
-0.4380561072161387
0.4345825507189339
-0.2880022137755394
-0.5795164027497315
0.3933257641722180
-0.0743455084339817
-0.2035159500348786
0.2139866125218764
-0.2840150896550974
-0.3663943566794299
-0.7167064139941127
-0.0933893322801684
0.0091288673194870
-0.0668574557909954
-0.1671693504090940
0.3781442759197481
0.2663255024639765
0.4403535569482901
-0.2333643775052605
-0.4373541636778820
-0.0795676127110450
0.3543956324066213
-0.0416715683566877
0.5154206052400165
-0.2007560232892602
-0.2231517519130636
0.0736155523808592
-0.1330837898276783
-0.2454120842268873
0.6351243991820951
0.1230289715879071
-0.1810276684575640
0.3568636678050062
0.1102096338242563
-0.2693933200975849
-0.5032709166189550
0.3791065174479126
-0.0024006990005727
-0.2454288466014133
-0.4304219708305408
0.1245945159713224
-0.1714534351967928
-0.6628044113746707
0.3065907925461375
0.1799257158304594
-0.0131588173964353
-0.2905557364177923
-0.3896597147177250
0.0672350783744764
0.3436795139556918
-0.1073369668234628
0.5835585002677321
-0.3990964112332125
0.3336281783307751
0.1266917449676994
-0.0490739638085821
-0.4566303235851036
0.2852558034242331
-0.2272662883023114
0.2299249076826966
-0.0807206833758388
0.0001798877931129
-0.6391646996526469
0.1216778477523171
-0.3848460096811183
-0.1662622057362965
0.0772950136730518
-0.3491127141865190
-0.7118637868945045
0.0020401858323900
0.2736811854912712
0.3166354718137324
-0.2772195361339827
-0.0086137616062548
0.2479313920224914
-0.2276781141181934
0.4199391037015710
0.5434916992273040
0.3007253218409922
0.2475127168990690
-0.1887716823296714
-0.3514507337185783
-0.2470194691222137
-0.2137447776851860
0.1731743630152497
-0.2841170241827534
-0.5797033989875641
-0.0761397619463394
0.6318236460529916
0.1922943060027532
-0.1196918870245084
0.0675531442063032
-0.3225839591129341
-0.2182420588270442
-0.2176624091744534
-0.0633401896344563
0.1589661144305589
-0.1818023104812546
0.5799506763144984
0.3352882076110658
0.1501522193153615
0.0585771934848130
-0.1286698145551067
0.5549860924892300
-0.3494619595038803
0.1423046152082071
0.1686362961222635
0.1671763405116671
0.1057316576348665
-0.6451307731099286
0.0589954131984450
0.1079304912450096
0.2750603246683780
-0.2490820964547718
0.0714721047959462
-0.5985843202923677
0.0562209211818562
-0.0342688957107123
0.0124253651986656
-0.0096252503808271
0.4471805036671823
0.0649902005763696
0.3923428009521979
-0.7930264665248500
0.0436028446451351
-0.0806140713707836
-0.1919168846862050
0.5981883554162508
-0.0981737536012928
-0.5159748951725739
-0.1675242401757970
-0.3442694634578742
-0.3255898319399682
-0.0172761975928201
0.0162810443263067
-0.2762468278294951
0.0778837649252608
0.2297834504789838
0.4636416975664562
0.2887848549814638
-0.5316170604005808
0.1700025858926169
-0.4056178392880730
0.0227609999103260
0.1654155642996597
0.3726252637177462
0.1087553351372797
-0.2780198178043381
0.0453801784861876
0.2100322963563197
-0.1091100870389760
-0.5099513633476249
0.5254394375316822
0.0953517374475940
-0.1737499046892294
0.5266700504812454
0.4469434770091489
0.2491066888488437
-0.0747094182161489
0.3785067705720078
0.2644841477516219
-0.4107243491722242
-0.1746727506665170
0.4411718789253873
0.2851919725588786
0.2102724427590431
-0.1452249070343285
0.1031581719314724
-0.6016096444034870
0.3572528143001068
0.0847524484532846
-0.5585259159760638
0.2712144510699315
-0.0402531224238374
0.2698918151806292
0.1074756707573196
0.2649035871484928
-0.0956229823890404
-0.2309915144363640
0.5135467740957264
-0.5570843586258721
0.2310318389624912
0.0602716849683762
-0.2978325689734339
-0.2835968371638771
0.2590602080396897
0.2331655707040534
-0.1982609105644018
-0.0449418176520164
0.6450701729349917
-0.1032365946234086
-0.0011591001347695
0.0003740926317988
-0.0334279046943546
0.6782487160688048
-0.1280355786767326
-0.4637760369032872
-0.0427245960817040
-0.0804845549185992
0.0464374482358993
-0.4551981491549887
-0.1266586448697385
0.5505555762991888
0.2721174692484099
0.3757469303278952
0.1812713812915205
0.1303645724657212
0.1840246313061580
-0.2214455565562514
0.3657035729654570
-0.3110248958540644
0.4887482122955266
0.1660741521611857
0.4589488653331645
0.2725031681418711
0.3439168693203863
-0.3236926274296393
0.0650299669448551
-0.4399518547352506
-0.2479997456390109
0.4568101683104457
-0.4860469602512155
-0.3374249089111269
0.0236425769255103
-0.1837497930058139
0.2069709485810557
-0.5684745380782341
0.0302510567065098
-0.0409335294212114
0.3619189503153843
-0.0264308639641434
0.1144779660865011
0.2326246679293877
0.5808489765858540
-0.3714084551126885
0.0035898674254176
0.0830082852241640
-0.0993589961061988
-0.4365155126518340
-0.1998966127712970
-0.1726760202518218
0.1208612557043392
0.6905994811518558
-0.3040134018009180
-0.3125973593253603
0.2030753896817060
0.1858421398222131
-0.6702974985381441
0.1767097495800198
-0.1036590624007065
-0.1173297003087397
-0.0698432751790205
0.4569061723370719
0.2183327399840011
-0.2936135578104647
-0.3360159624844563
-0.4353876041728486
0.1571000510818390
0.1518858494409112
0.0068082235631903
0.4614513171418574
0.2033866054343741
0.0307100159196517
-0.0266216859137793
-0.4634262430718047
-0.5402984485872968
0.3132019766318130
-0.2946106398486512
-0.2727366937299362
0.4851110223371791
-0.2098339474906749
-0.2077537561237858
-0.5581011220114689
0.1714618396341638
-0.1147192091103218
-0.2533034822875184
0.6515302838445188
0.3969233376341371
-0.0080351508464694
-0.2636509790937629
-0.3119579187344626
0.2217847104252024
0.1393225895121606
-0.1813211846652746
-0.1730817764781812
0.3458787254276680
-0.4334439895121785
-0.0383379401783390
0.4564700543247010
-0.4257474537776803
-0.3220205397558391
-0.3112292946591831
0.1064605609045615
-0.2130420081241692
0.3495989334698005
-0.2037882258366915
0.1829200255607870
0.3771418036942455
0.1044000335082417
0.5575495458993025
-0.0710155594832159
0.3612036164093156
-0.2090329677766638
0.3624123850170549
-0.1167182373057377
-0.4223405420737412
-0.2569129525198335
0.2059258767267270
0.0259688140568207
0.0720920382823906
0.0122599292862049
-0.2905422283314449
-0.0483824171511549
-0.4569648090610928
-0.3746368602824555
0.6705542949178789
0.1865393300198929
0.1147530033136301
0.3376564466461797
0.0750416775926125
0.1682979872818635
0.2085367399173416
0.1619367136271881
0.0994621363831084
0.0545423397054049
0.8494049859844881
-0.2382201139686138
-0.5071558670326880
-0.1946981103005384
0.0655162832376059
0.0122166872163296
0.2663792874129181
0.4977355048841368
-0.2062327080918331
0.4182927730008900
-0.3278655020708111
-0.6094380742689417
-0.0843593244046894
-0.0010540772269842
-0.2400305191114286
0.3588381535737717
0.1321310792526997
-0.3047880115893518
-0.5042002346063940
0.2599727825672284
0.0541301949696110
-0.2150073963579514
0.2062247908642026
0.2131743758123046
-0.0792722134482464
-0.1880518641579073
0.3204141624611989
-0.0796337353467394
0.1901732172010130
0.8220169647578515
-0.0571641758612518
-0.1354855893305064
-0.3121940425893064
0.3215798059376211
0.5614732705358555
-0.5755854189131662
-0.2509361999234101
0.0964367169272869
0.1866244934208558
-0.1225916920424038
-0.1099441402296318
-0.0820382788279639
0.3614200211588585
0.1871509938111591
0.1221233411599186
-0.3213517927668965
-0.1079432615343473
0.2896895419154883
-0.5285636132941521
0.4635067841058952
0.3459030194155208
0.2152302278797372
-0.3476226297359074
-0.4645324457008301
-0.6126080965057807
-0.1594998505024583
-0.0079758528233014
-0.1769022906605706
-0.2491495930594110
-0.3179568792076761
-0.1475975933151385
0.1960530082915261
0.4135165826257891
-0.0397435818878578
-0.0015185926458603
0.4096015376078943
-0.1764868258204885
0.2692687395281730
-0.1393265341598470
0.6869644174268060
-0.1619466828646123
-0.3894932159362764
-0.1142350761979231
-0.2764082444792904
0.4586811137872396
0.6062161023932835
0.0102750272938680
0.1795552571777691
-0.1762753860079352
-0.2675151599821831
0.2144166468465965
-0.2748086708829824
0.1813095702470821
0.3266248381819164
0.3269812894941847
0.0317240394984717
0.0751076648778037
0.0883241646644698
-0.3469907618066639
0.3537617550439256
-0.6465352143291218
-0.2570883866089062
-0.0747506522568558
0.0947612077882330
-0.0384550176913109
0.4568146387447229
0.3275862402437754
-0.4979662720901470
0.1269775215121616
-0.3573446807538168
0.4583428276198716
0.0017057914348946
-0.1285834361306057
0.1077721828245754
-0.1679111145340365
-0.3525603403044658
-0.2390175779386852
-0.7822107937051244
-0.3579937214786103
-0.1369819236269439
0.0587275959568564
0.1766714507394292
-0.0946885344149462
-0.2604372655387694
-0.5062928987417862
-0.2284838743600184
0.6474970985967902
0.2140306776749693
-0.0341915799133674
0.3366989900495760
0.0621243333090487
0.4215731837240758
-0.5969672218780624
-0.4106910521262287
0.1938928044609674
-0.0786091558106538
-0.2912634163482841
0.1955428881673393
-0.3528902036913388
0.0583444895693511
-0.0495807758336094
-0.0216165134445052
-0.7389259261823399
0.0813596828874174
-0.0477439781123355
0.0996776105917323
-0.5141449207625742
-0.3034453075412073
0.1564299246738325
-0.1699709800992415
0.1578042484826570
0.0249604475052996
0.3785321879479428
0.2554925480424060
0.2352480012714374
-0.0352603870667958
0.4504901390824743
0.0806373138938031
-0.0325718435770889
-0.6879876138361324
0.2244935991418698
-0.4031615056509973
0.2891594852605053
0.1202585224618569
0.0451373988144356
-0.7125041410047288
0.2574515599824440
-0.0667050179479705
0.0876836812679582
-0.0053568281309601
-0.3888932447016958
0.2231949054735945
-0.3328019929034733
0.0542799380323759
-0.1705756846663413
0.0311203468543618
0.4024314538355246
-0.1445052954776697
-0.5874622820598580
-0.2737368330741127
0.4511533816208194
-0.2641207758537133
0.2639121010316789
-0.2637646538685262
0.2560168023002913
0.5731349268680906
0.2420477448262118
-0.2127198396634014
0.4919109720820339
0.2236113227284426
-0.0342827877513309
0.1880794059336996
0.6773542007158444
-0.4125885819719574
0.1578266738461074
0.3482890033122472
-0.1874606529284328
-0.0069680628582699
0.0473544667171403
-0.1871442651724350
-0.3419329250828081
0.1011858473593444
0.6202011287430832
0.0630740615439015
-0.2960209974471197
-0.1710964280540136
-0.2105098441928306
0.2109665241201407
0.3669514472739494
0.3499948867881756
0.3718335300940001
0.1471235878861269
0.1043468673279614
-0.3568116528460887
-0.0920106421166941
-0.3130486585912321
0.5398187209371096
-0.5896244086782343
0.0331899732785744
-0.1178157874270582
0.2822110482856317
0.2255799784261241
-0.5251356501793455
0.4713765250464261
0.0542554948528132
-0.1867255396512099
-0.1810333299548690
-0.2572413225406245
-0.1929827671206644
0.2532264833834092
-0.4615497190228887
-0.3914111232550254
-0.4114000829981882
-0.5634698689522593
0.0976786609889949
-0.2251722598534999
-0.0431497851955473
-0.2529867375170655
-0.3810749383719363
-0.0823931312083919
0.2862418795645793
