-0.1215127322578325
-0.4475306496805808
0.8028075949048741
0.3747678468849288
-0.9016587088034661
-0.3966949487136094
0.0999549770406428
-0.1401916298099770
0.5217598918534555
-0.0351371527416048
-0.4394836808145014
0.7303328625003951
-0.2016404661566723
0.9245323067369012
-0.2291499856038112
0.2281916306651878
0.1175553893376978
0.0420144692053429
0.9578218410586321
-0.2588297425067455
0.4755478872846552
0.2937651231357998
-0.5117495385467437
-0.6524328847669346
0.5486609088265968
0.0938084115816533
0.0583363762867390
0.8287147013561615
-0.8943155029456981
0.4119123590941480
-0.0434538381143259
-0.1692328383311316
-0.0812595292914950
0.8551999350088313
-0.4074743063481146
-0.3098300336092976
0.8302137973986061
0.1955613700770134
0.3108959181803627
-0.4193382038419311
0.6686856839657769
-0.6936910203411231
0.2009987224928770
-0.1767816107901055
0.6126411161403971
-0.5113459850047668
-0.0403363122115835
-0.6013061851926381
-0.2284618589214729
-0.7860303830837595
0.3167142674224818
-0.4792217531564944
0.7733403241379185
0.3231481948792226
0.2829509237073740
0.4663247387622738
-0.7718128653781620
0.5106845754614591
0.3513592545325414
0.1416080487713796
-0.7605664139500043
-0.5022355739585185
-0.4113555327215087
0.0092078184817135
-0.6772339552600117
-0.1829585961087808
0.6346879838245418
-0.3241164684824309
0.0337372659665536
0.4372943669944427
0.6109194707489480
0.6591000180092981
0.9288916919202225
-0.0360381741641256
-0.3681529229363428
0.0180249831603251
0.1062059517049885
0.5223686736355081
0.2129407254125448
-0.8188452308510422
0.4225402224000821
0.7045503750775691
-0.4613449003482504
-0.3350065855394621
0.2475915827547424
0.8516621908834374
0.0777005685030418
-0.4553378332874716
-0.5024676583784208
-0.5776069709566001
-0.4524222190669522
0.4573954252947692
-0.8664783302966094
-0.2813087113384459
0.2015879743150153
0.3597818792867030
-0.1730641446795030
-0.1153515611611394
-0.8956418995471859
-0.3931518878748372
0.2492376103661154
-0.6301731678574013
0.3689568386025882
-0.6361078865569422
0.3412154319708283
-0.0254032785617443
-0.8487153370695860
-0.4032480366302292
-0.4590784397123527
-0.1730190989065997
-0.3859961333190579
0.7812287518182852
-0.0011955002208677
-0.7518330429895527
-0.6300545688817883
-0.1943627703020191
0.3893273528027508
-0.2592531090823627
-0.3945822208107044
-0.7908962693114842
0.0325558595845204
0.0715822960465832
-0.6437026325326956
-0.7612246789022871
-0.5924780778099707
-0.0523040988403953
-0.7418960654821474
0.3095549007546253
0.6751173901324501
0.7078658126758488
-0.0202201379270464
-0.2067211813233487
-0.1049446257445895
-0.9029861221008972
-0.1746293447551452
-0.3782952296433308
0.9585385773893207
0.0422680734075677
0.2744603615131664
0.0639430651824883
-0.5524278030545257
-0.4955119718833072
0.0170305888510277
0.6700756428762755
0.2737474927330049
0.2491205389388539
-0.9264036319306521
0.0691200263809658
0.8761669490208569
-0.0103006098675789
-0.1083066299810484
0.4695690032167661
-0.3729105085105170
-0.5660667765056598
-0.2343439491044335
-0.6968422136302146
-0.7346908429887209
0.3787584030890022
0.4346849074508183
-0.3575198855343087
-0.5804907317770991
-0.7546549702360201
-0.0288338342428747
-0.3044585295599618
-0.7651582179082973
0.1928592315566741
-0.3726080508865915
-0.4883661114218136
0.2644703234818213
0.9481744344073679
-0.1760653502092222
-0.0046564352666760
-0.4150014679358314
0.5076489917842966
0.6409677268397195
0.3990321489572175
-0.3012633832886292
0.2461502100874504
-0.1456664986825988
0.9096327385956077
-0.4188016017325482
0.6545543476842005
0.6207954320260433
-0.1038116365806908
0.5737451097145592
-0.7785369430849972
-0.1467934628110755
0.2077220657668068
0.3476351472218018
-0.3610556047487040
0.6703478053853846
0.5471950973013395
-0.9268106470376648
0.2089010339389713
-0.0102479510331847
0.3118931901412334
0.3197477931980462
-0.5110741806204593
-0.4659100909013640
0.6476822661184946
0.3353596511513667
0.4742278224139936
0.8048461406648857
-0.1219203292521576
-0.2616835171205094
0.2801820627730529
-0.2820635722611463
-0.8794656842486569
0.1795711224838198
0.4326126430657589
-0.2292266637129051
0.8532617708960188
0.6831396060754604
0.0946354469763912
0.6951104663658231
0.2029429731114916
-0.3415156065097169
0.1578648548517066
0.8164822087916693
-0.4379527153011234
-0.3754904686678541
-0.8534934274072989
-0.3598693002245412
0.0324031490450564
-0.7305183583076260
0.1119320217405511
0.5103646531107076
0.4397068017893186
-0.7602795704830040
0.3345470834725254
-0.5534145671339917
0.0615267464612181
0.1460462252239318
-0.3623907206710792
-0.9186022815799683
-0.0592732144008856
-0.1005814923471321
0.9720968099875251
0.1874533866130189
-0.0988553653405393
0.3123883613178452
-0.3774562396625878
0.7666314215814379
-0.4149898339682001
0.6848274087960370
-0.0075950645375919
-0.0479839370570794
-0.7270840920697398
-0.0835528954406842
-0.2064557545007342
-0.2378295231496771
-0.9454269157451610
0.1334704941295353
-0.6298877070237160
-0.1287309386654352
-0.7542250653270144
-0.0718615782116391
0.1578370552000421
-0.5921779434437234
0.7869235419540286
-0.5905901905935951
-0.6418847208237994
0.4622083589400482
-0.1598457533796935
-0.5575051712401633
0.6596289129051875
-0.3346916132707312
-0.3769074227263669
0.1126238267280856
0.6091039182502906
-0.3137884044037577
-0.7196145688401600
0.3814589277012216
-0.6904041294198904
0.6139866328292028
-0.0291828590795238
0.2524823551623394
0.1854090228735273
-0.1465837053230001
-0.9382906649341356
-0.4496542235701345
-0.5328754672064240
-0.6228649686334409
-0.3548155105464498
0.1341534209064708
0.6998140498090316
-0.6978605075256572
0.0724835663099297
0.6502832599870342
0.3089348806432141
-0.6695116471645846
-0.1828799486372502
-0.6329239354018599
-0.4273312330010852
0.2583822459975503
-0.5916366488398567
0.6163281160912694
-0.2020479591352473
-0.7611228285010760
-0.0028836537916147
0.1215354652146378
-0.0747374080328428
-0.2023900034619620
0.9688558907465347
0.3696283352902515
-0.2582332220683423
0.8887691732253286
0.0823398657706316
-0.0303926129059716
-0.7457687548149868
-0.5647731470278345
0.3520462268207513
0.1070324779106214
0.3250282731604772
0.7054339600761629
-0.6206960595089139
-0.2462709118385047
0.7658895407025640
0.0112442176285022
-0.5938328190615351
0.6573018252027958
-0.2655322175100793
0.4194803262549038
-0.5669948923353125
0.2581000287201114
0.4316559828861309
-0.7010318274999617
0.5055807200095251
0.6058196278362392
-0.3974991465835825
-0.0434089512414264
0.6878173230922610
0.4042769800150813
-0.8299178595709558
-0.2394353795469565
-0.3007776069062554
0.4447102208732293
0.1187814230083835
0.5535948510269429
0.6940147937295315
