-0.0746564313316685
0.4626878063793254
0.4998768031621436
0.2462147483228997
0.1045202436618881
0.4530347134189125
-0.1532357974258561
0.3056323530067935
-0.1201009213480166
0.3498090642534126
0.0527423901341819
-0.3772847413730476
-0.0706930962482568
0.1970889154446426
-0.1207380816573447
-0.2462660842788820
0.7490537722313478
-0.2666236915717470
-0.2381351001333157
0.2166337199433280
0.1436263917004169
-0.3865086270588676
0.1950431288836516
0.1746922127582760
0.1375671226593004
-0.4461121619053574
0.0457830849134484
-0.1826825405777622
0.7121609032349234
-0.0289900269735959
0.0964088222837116
-0.0069798931193880
0.3466426139011740
0.1619211545377505
0.7675984795181562
-0.1216617322618748
-0.1083410234006225
-0.0336972477483266
0.0975947431788048
0.4667655079478825
-0.3838165154801959
0.1199902386850768
0.1016013036189295
-0.1707766343655800
-0.1298388832624812
-0.1414115446945732
-0.2561625799610791
0.7105908641955377
0.0330255917996879
0.4362282056202782
-0.2047147229606554
0.2832627176972146
0.2082879026476057
-0.0653653514062264
0.6985717891079186
0.4579092913230185
0.0465832505578883
-0.1969765284027915
-0.2537754501180191
-0.1647496304638860
-0.8256969097220543
0.2152222686747673
-0.0709390353456723
-0.1245307091698304
-0.3066767198489626
0.1905886135336788
-0.2231327977570730
0.0569314538693194
0.2006238387371028
-0.1664624685315801
0.1393995187682146
0.5213273086397977
-0.6104976674845688
-0.1209501356948889
-0.1792753904486399
-0.1095914723697888
0.0603728078048235
0.3494952776306294
0.3846486671448252
-0.0596061701800597
-0.0633402216641370
-0.0044705198047955
0.3754507496944510
-0.3962789208588200
-0.3851617014354382
-0.2689680174354177
0.4943013636748158
-0.3387751398531456
-0.1024592568177384
-0.3281373473598093
-0.2570190116436261
-0.1186483875854510
-0.5088375593806556
0.5508225113175783
-0.0514715181471414
-0.3918676246737823
-0.0085764229855494
0.1236723681224978
0.3696173146098093
-0.2221435697718395
-0.2367409580021417
0.3924597031911967
-0.1951435445365689
0.0116523316130795
-0.0829029444297398
-0.2567807803147813
0.1196391278452136
-0.3687693431538032
0.2431573978308923
-0.6851811319302794
0.1757222384542456
0.0649458182910492
-0.0331846703403690
0.2703447334132838
0.2543157046168139
0.2968554957836103
-0.0374076078455373
-0.5851940724219060
-0.3959848624007279
0.4870945828117713
-0.7267993304435107
-0.4905629006235701
0.0214108213919373
0.1049967523975172
0.0191837559224513
-0.1667575768426378
0.2398663929838207
0.3625878076036985
0.0490049798074219
-0.0066808558118808
0.0983943742681830
0.5563961380402881
0.3871399345107094
-0.0610861937769888
0.0443372225817571
-0.4570248124866507
0.0299089094516827
-0.0190053386995494
-0.2698290798668462
0.4921707895466008
-0.0767404238677308
-0.2759186109567506
-0.4966256683704439
-0.1569373399417567
-0.3670317531702001
0.4678996649288468
-0.4515145715521989
0.0012829993335413
-0.1460319257984515
0.2605353378728802
0.0409984467082600
-0.1303463909252202
0.0795851567023590
0.3007877047077527
0.4452505470675641
-0.0921292288329928
-0.3150983581955520
0.1634861753028689
0.2721265820495812
-0.6911718160411167
-0.0882172962698730
0.0252635118106912
0.0986499851999239
0.3544866195413834
-0.5179492099321950
-0.0745686318007151
-0.5468819191659289
-0.0909628494835454
0.2992922799211548
-0.4306101175783122
-0.2508106524628246
-0.2967187999499366
-0.2883244343946066
-0.1516314876615233
-0.0508445692678415
-0.0062721579404805
-0.4374761235963606
0.2169350243443904
0.6918106792499475
0.1524998138696885
0.0076316681267439
-0.5091246741065502
0.5831538093995298
0.0536939132084185
-0.1785123867450188
0.2624946742012768
-0.1292377790464304
0.2526745889687795
0.4020003106979650
-0.2342246670925002
-0.3235947487961246
0.4521989262081729
-0.2623278868911830
-0.3396619209083067
0.3090176653162023
0.3654223171631798
-0.1232435161323438
0.0694894872357731
0.0909022757510145
0.4993095880631401
0.1343428523424926
-0.3016756754857413
0.2760787537535175
-0.1974302634887832
0.5647021586836670
-0.1767052397441935
0.1385779470258869
0.2437328184073859
-0.4464273615899188
-0.3843506270418455
0.2805752249381346
0.1047276130057812
-0.4397252141790498
-0.4631536697951122
-0.0761443665287460
-0.2223878361527626
-0.2966335151018362
-0.2189735054817098
0.2309836264678738
0.5078301843056334
0.1697229215423206
0.1425135799375997
-0.3694074076317917
0.1862859703071292
-0.0985626660401462
-0.3612276805927933
0.5539407602258797
0.2591886064693967
-0.2321833234350170
-0.4599798716053842
0.1537254735372061
0.0330973406303522
0.3012588156303735
-0.1641665507536780
-0.1498919223058424
0.0548356661875682
0.2323005489027070
-0.7169735872344913
0.3809555701167306
0.3448900688240428
0.0928988423114152
-0.1647495501916734
-0.1057356023244521
0.7716499531603628
-0.3766811744165230
0.3887543504071936
0.1242783242859883
-0.1823551347617432
0.0019584606722939
-0.1260267362415361
0.3902147685053387
0.4537451749215475
0.2181683672945087
-0.0818748911002134
-0.3363022038164829
-0.5479807957353234
-0.1405226464458934
0.0982830955581546
0.0082491386051010
-0.3803819952155950
-0.1378937774464288
-0.1380088435244371
0.6652825035101342
-0.1346066502684741
-0.0334785261099095
-0.1185344532467811
0.4776611767738380
0.3670886571692282
-0.2643078824676431
0.2308136443249875
0.4326001799554561
0.2273668326376363
-0.2909955613508323
-0.1333061507883628
0.4945446685681893
-0.5213487415584602
-0.0711203478336112
-0.1099245711344585
0.2844775788361742
-0.2103913342929550
0.5243839547568854
-0.3987537094030627
-0.1079167051462995
0.2364887657267075
-0.1527275690009956
0.2623780415977912
-0.2803315787162043
-0.1665333845033460
0.4229365140565042
0.3479678024166594
-0.2200983890541605
-0.0302918952529684
0.1165943002137776
0.0818533106790778
0.5258653440920865
0.3724830450833327
0.1745448254021516
0.6293512635324541
0.2944139320127017
-0.0428771916862122
-0.2108613316634615
-0.1572373713633214
-0.4008616781358226
0.4707260532282712
-0.2756978838176290
0.0335157886126778
0.1910005246171137
0.3370792539087120
-0.0878741120135720
0.5599845453764261
0.3315578724156455
0.6408987629631194
0.0621957692700124
-0.1608214695721503
0.4005322927689972
-0.0009869610407991
-0.0257511599408191
0.4423351555803220
-0.2564173961333762
-0.1645776694993801
-0.3382761719721645
-0.3088160103808528
0.1165327246764852
-0.4736791252655019
0.2469906644726769
0.4005756158147351
-0.3426275658192855
0.3597817802144742
-0.2887656815428939
-0.0237213866164928
-0.0393468247996859
0.0429552955837852
-0.1415359288522534
0.2256830548970694
-0.4243736975652489
0.4807719050740462
-0.1663299830691078
0.6385217485931928
0.2663456664948525
-0.0899502578492942
-0.4430849684144750
-0.3766742086983429
0.1495722007085944
-0.2044275014657368
-0.1001923963127266
-0.1256623617123770
-0.2004641067820256
-0.0931901051624750
-0.2042088143593805
-0.6937065414035636
-0.1830775385082657
0.7111871652389971
0.1974383089617120
0.1891762715259918
0.1921355701564099
0.0377588514905637
-0.2164870743500671
-0.4739623911490897
0.2542820724233789
0.1068536438937866
-0.5161377442133468
0.1420284622951156
-0.3151152057578731
-0.1219343517199557
-0.3731757134484573
-0.5428284757729608
0.3653050895647605
-0.1072616132646690
0.0650979567875490
0.1270853749631273
0.6504447425417962
0.0060842933302273
-0.3248947402584426
0.4417680319952638
-0.1220508000621465
-0.1151150969255906
-0.2469608923491369
0.3396751840309178
0.0725924895711649
-0.2576481439082796
0.2763193229572304
-0.1057892867331297
0.2295948191601483
0.3086855232480756
0.2332857157630843
-0.1777555112594142
-0.5989234001985141
-0.5589226461001330
0.0628299683192339
-0.0581816965610675
0.3564113215959327
-0.3235455423758680
0.0842159361142657
-0.1150463094454355
0.3525630736984186
-0.3168410810741048
-0.2548109640684941
0.6213822493883825
0.2598885572739386
0.0684521261615356
0.2546360939021262
0.0781682724156602
0.4917963615418434
0.4711585839799350
0.1848030401867250
-0.3143591675881257
-0.3368130500394793
0.3312280400386175
-0.3211250669197772
-0.0771096925693397
0.5357554421521273
-0.2907302377053212
0.3441751083908146
-0.0991891618232155
-0.5354809693239332
0.2115211268249971
0.3821217327654334
0.0110544557263631
0.0085295220392745
0.1498466283853850
-0.2250643377477907
-0.1405878188406785
-0.0004435909139155
0.1959545511087708
-0.3110893450845223
0.0668639311450634
0.6698610995456467
-0.0078822366427997
0.5002890017420089
-0.3014469317779331
0.0864915847314350
0.4908958478114279
-0.2071908677777585
0.5512689060243673
-0.2359672871620983
0.0327665261651098
-0.4552867186956581
-0.0918239558973723
-0.3429950044000665
0.1208205112721707
-0.1897493857001168
-0.1974702499610450
0.0861830703036809
0.0105446928290796
0.1135431445435950
-0.9119936673722561
-0.1254279010313297
0.1443517940701417
-0.0799605331719955
-0.1728414828084786
-0.0961862456585993
0.6646625066805529
-0.0313257461244674
-0.6153128813076115
-0.3411190948910264
0.0085776248981876
-0.0574092966277119
-0.2172462820349749
0.0270392617760203
-0.0414970536668634
-0.3602229113992018
-0.0124159254662007
0.0815112836000121
0.3799750829883761
0.3896572725593357
-0.0015302382582260
0.0966984631094359
0.1934327553073292
-0.6609049928092153
0.2892451919230250
-0.1945545177257761
-0.4033396157162504
0.0801105871673602
-0.2282343597834893
0.0890661584965791
-0.4813579524492853
0.1300039075032305
-0.0330615744438731
0.1367833629554507
0.6816267555169434
0.4174163232950207
-0.3391238588175531
-0.0126524111249479
0.2271990214604223
-0.2565328695753842
0.1820700165475274
-0.2424538766510299
-0.0626954838809956
-0.7050694434313902
-0.0135282078147003
-0.3725977922038050
-0.1389233250144242
0.0037864458849203
0.3631999961269796
0.1242668844987442
0.4691161277114935
-0.5808865285018240
-0.1857822317405791
-0.2319037742380121
-0.2206963154640641
0.3528987886470398
-0.0154022027768740
-0.1134221445039565
0.3525541305326290
0.0730373350909794
0.4454344716024718
0.3965511830332668
0.4993409587098079
-0.3568769024212780
0.0190929620670212
0.2344026609310332
0.2949417450231917
-0.1365116310136458
0.6927229247500195
0.5486517487190167
-0.0049756668995687
0.1281902987910493
-0.0930848960311332
-0.1201519938615709
-0.1377923542116619
-0.2895335588594101
0.6144168919562597
0.1298472108078600
0.4260026618580904
-0.0186042158176715
-0.1399345776356842
-0.0771427801555173
0.4247498887877055
0.1965384744322561
-0.3088769718780249
-0.2242770106349549
-0.2813084605358367
0.0471243216175524
-0.3926919412501771
-0.1341640938485372
-0.3324286057884693
-0.0332975695752373
-0.0173585142921016
-0.7480725073374942
0.1568642907227205
-0.3279603412935166
-0.1746561188479992
-0.2533020737267206
0.0944830677497179
0.5745528590340705
-0.1245789360334335
0.5336816568735460
-0.1956279771844573
0.0124862694667137
-0.3463741353633684
-0.3998272844148975
0.3249211764254524
-0.5484589039573635
0.3566206755672646
0.1213468272355208
0.4399406271905350
0.2617674216762151
0.1134601119745957
0.0587053371006860
-0.1160361649582107
-0.1515118244814558
-0.1317197346438281
0.2176806943431788
-0.1342008011075162
-0.1800174099702684
0.3588876964694971
0.2981462457301812
0.2135638612824188
0.5488710137951937
0.5452821249564538
0.4449369605040338
0.0959602622705325
-0.2508503063017970
-0.6417116231770198
0.0207706141179726
-0.1131168877255551
0.2210051297474803
-0.0834638696286750
-0.4261461757767834
-0.2597424667115254
-0.2938594986459580
0.2633517946118525
0.5579692100080916
0.0117450486682811
-0.5429329134993772
-0.2922739006664773
0.0304482342513694
0.0563614616738379
0.3549590499460886
0.1500833894993086
-0.3866782580491254
-0.3595482596229554
-0.5277398078506058
0.2908708179893943
-0.1320440151396969
0.0029894168637478
0.0963387598570683
-0.1632800551592590
-0.5149350936818875
-0.1988607399413064
-0.2050928100186596
-0.5913219419136776
0.1386050211370541
0.1416192741589311
-0.2352367289434374
-0.1937527508182945
-0.6207869686856858
0.2206334338067699
-0.1630079517039626
0.1245163345777051
0.2021880620574524
-0.2045897975596752
0.4037865578863956
0.2170015836862882
0.3597141225315080
0.4117415166367564
0.5908667287826855
-0.1541938281826364
0.1662295275004987
0.0875952083614521
0.5190536533203736
-0.0340519109305734
-0.6570684688402029
0.0631158734664867
-0.3389223048501452
0.1723417961449855
0.2735694587604369
-0.2023227387215580
-0.1232677757755233
0.1347645308342454
0.3951395204352662
-0.3834653149524749
-0.1962814736585149
-0.3683874836102307
-0.0272615277871040
-0.0009823780255837
-0.6004886731935014
0.0512847169539415
-0.0738793467953544
-0.3913620752740777
0.2422930685752278
-0.3391498465411526
-0.4969175935856397
0.0637903200089052
0.2048155511802132
0.0435604072692654
0.4094451599386350
0.2842699983288467
0.5057008694538082
0.1650457250873775
0.2240915073860115
-0.3138040939608776
-0.4951970508116674
0.3156052359339543
0.1004646955794295
-0.4870766097353003
-0.2996079213501260
-0.1331776659960568
-0.2404009649640416
0.3063537217477755
-0.3907191004431045
-0.1491251948313138
0.2876378323675971
0.0945403615144047
0.2335542734976223
0.2856271723521155
0.0045921418843502
-0.5074866750197353
0.4757549494318222
-0.3367340092679000
-0.0911787885510844
0.2623732903443611
-0.2472979846195832
0.2044814485595887
0.4423531568282700
-0.4792369268880557
0.2681281071000791
0.4965648192250812
0.0601015722233198
0.2691688709498689
0.3202679307872687
0.2478521190845356
0.7054747051747244
0.3671183673678087
-0.2053610890654583
0.1766456022057827
0.0063340656975185
-0.2611120207358267
0.1108151997592209
-0.2228247345671001
-0.1785303810659912
0.1793308655858619
-0.3626031428884685
-0.5251949540919369
0.3579996404145140
0.2354703015307019
0.0491929383640219
0.1959066957416662
0.1393021609806695
-0.5337059944701401
-0.2673918524532375
0.0110482153139496
-0.3072847934193934
-0.4863889483346095
0.1630656072580547
0.1627673385867681
-0.3205123201149557
-0.5418229887760622
-0.3554916370914883
-0.1470482217383648
-0.2103970245712211
-0.6294700396422948
-0.0800481791895057
-0.1723483737425374
0.5759246784204013
-0.1795606132735927
-0.3264904108856685
-0.2012310730765412
0.0987951042205204
-0.0510610759625071
-0.4128213555447119
-0.0019831407135893
0.1812450936285470
0.6080371061481188
0.0517966333525515
-0.3881453228155080
0.0701558750050665
-0.4758190892626702
-0.1407660765933998
-0.1501175055333030
-0.2799208847358104
0.0601381413079627
0.1071943503663633
0.3787072285432889
-0.5671180577613785
-0.3699214269725724
0.0225290540255939
0.2978515249109573
-0.4543464285354544
-0.0948651078367774
0.1652077367315802
-0.0125793635987706
0.4177246582519747
-0.2326260149267344
-0.3622653147556693
0.1623639744968026
-0.1049266707689390
0.4902667335035497
-0.4005323533948070
-0.4177845731699026
0.5910278903678472
-0.0127231974740716
0.1696975902551893
-0.1208161893005017
0.1162812602163365
0.1401324079442730
0.3576841502907743
0.3171362570312585
0.2451810586207311
-0.5341767476076469
0.1278650802804973
0.2884226137559229
-0.0031245173415517
0.2949670207785823
-0.0150946222692472
-0.5274230739387861
-0.5081455884678132
0.1371207320997635
0.4024653308062974
0.3099230353927673
