0.0449705217962568
0.4074742907865864
-0.7234499216526427
0.1379090288264633
-0.4084460649199416
-0.3503076893213773
0.5661236846120300
0.3209462383722457
0.1101499937721586
-0.1415354298807276
0.0867471086379129
-0.7326712263351398
-0.7582488246214767
0.3515119982707041
0.4663256591591233
-0.2800157382255293
-0.0307570829900378
0.0684368528911925
-0.1928160387176212
-0.8934605602526179
0.0012800527329070
0.3359610286584793
0.0663467314439385
-0.2174324318053003
-0.0690424797552120
-0.4507741688583631
0.2867390015314340
-0.6910584690307422
-0.1160958350132129
-0.4677354798959888
-0.7450425835540313
0.0538040876245220
-0.4070918805749886
0.3142703984373726
0.3358067040701307
-0.2544815195323952
0.3527361777865458
-0.0156594182219102
-0.2622000335799887
-0.2926707772524181
0.4555311380564606
0.7165321432396414
0.4179686672710790
-0.0462797807028294
0.5599123071870001
0.7021525142564956
0.0333342683300145
-0.1246164379865317
0.0187493338014916
0.4249016606186512
0.1788492960555044
0.0950789555270953
0.8795774874856499
-0.0665086934939451
