0.1156825531945635
-0.3942350522340796
0.1697401554854394
-0.3832236496021635
0.0300881359171569
0.2368495748486033
-0.0550759730179791
-0.3148088794695459
0.2766976589653815
-0.4839131193295610
-0.3333517204653461
-0.1752268055719211
0.0749210798199561
0.1954704616722236
0.3580852806495697
0.3143527208011665
0.0140200221608004
-0.0667460591091292
-0.0586757509417733
0.0657700494155123
0.3136906818352707
-0.0080572857162612
0.1142947450662557
-0.0840216107882867
0.6087254984798718
0.1165818698431288
0.4860244349301334
-0.1469341973567792
-0.2934990193783792
-0.1817436901858166
0.0726710919880230
-0.2619854511534088
0.3515362334364954
-0.5405336817561208
-0.0145835606505452
-0.0937938783322287
-0.3485277609262419
-0.5016173226082445
0.0124655299058294
-0.0539043398455327
-0.0177823579955167
-0.0753453254460440
0.0174521479573721
0.1224396436998780
0.1299197223921362
-0.1471904612982581
-0.0695157813954936
-0.1174390426936350
0.5890303463925594
-0.2336094639300432
-0.0005461340696315
-0.3519721425566248
0.0298048338740881
0.4696918201428932
-0.1773846526099450
0.3862079108285497
0.2002717855114325
0.1753878724799302
-0.1892234701452319
-0.4086467612080344
-0.4389073349211587
-0.2123914770502079
0.2120488155617895
0.1254872861236739
0.2402958589622851
0.1072912576514941
-0.4679160236098611
-0.1932842574568864
-0.2132966565611508
0.2383650034083230
0.0370770508802779
-0.1047025499002281
-0.0048535647592303
-0.3700886260267031
-0.5798669737522671
0.1510166420397275
-0.1263162168534857
-0.3869456178519093
-0.0809991605951054
0.2102990320941396
0.2898271699076647
-0.3999621432069770
0.1760445262104340
0.0138333784652171
0.1503240025080259
0.0064695324560278
0.4452421584731239
0.1674139828411531
0.0570159482804521
-0.3359527133958001
-0.0741503833387105
-0.5057573653193655
-0.0734300897453353
-0.0230389370666098
0.0815954432633503
-0.0707011756972532
0.4445567327806886
0.3980942730041661
0.4101101350482831
-0.0188421177355249
-0.3048220191620511
0.1752162050340424
0.1917167708986134
-0.4194853137977765
-0.4207357949814967
0.0532330247801251
0.1701694984271221
-0.3065708517648723
-0.1366034468052482
-0.2970513138386331
-0.0675878068872276
0.2843420744396781
-0.5252895895241508
-0.1374513773071961
-0.0686631928736263
-0.4487485193787770
0.0694669898486111
0.0681980879381397
-0.5256525931864942
-0.0479985689210977
-0.0366011357567163
0.1512671290925076
0.0444235494982278
0.2943741937055184
0.2894865309220556
0.1197643033495425
0.2560128831561825
-0.0048346251196894
0.0319730127616290
-0.0788679724009762
0.0447413748217453
-0.0137205519175752
-0.5680617815592043
0.3523439305878104
-0.5568750971215820
-0.1253575148198294
0.0169428503993635
0.3043047480922935
-0.2319128277595037
-0.0752644823247544
0.2630762157625741
-0.5499133157330481
-0.0381802985164869
-0.4021217006778079
0.3576545941207193
0.0874518739088037
0.2580929592165127
0.2050220567057776
-0.0736191451441209
-0.0112345908120357
0.1321140153498493
0.4161760174417838
0.0977510035551772
-0.1235238861346808
0.1075125206666663
-0.4978800248006999
0.4591614683429356
0.0560090715130598
-0.2179201327505332
-0.1268142345060352
-0.0705898628461608
-0.1477971798415723
-0.1788316550812304
0.0002059524303012
0.0000591830457022
-0.0757466510654091
-0.2526145222876033
-0.5784979174277877
-0.3906472990154808
0.0520475140871590
0.3761733600953907
0.1256233403338066
0.2197354918026602
0.3016983671329954
0.1620069709439907
0.2231932201876669
0.0145582568207911
-0.3315278368364386
-0.1826181540849127
-0.4902306872656942
-0.0575235208783691
-0.2914171211078520
-0.0855021313904355
-0.1783861453020980
0.0343163718050310
0.4165169628857618
-0.2569052439427518
-0.4614692304763878
-0.0830454879761987
0.2377454242339850
0.3354492036385283
0.2967246063241866
-0.3486546097140786
0.1227048212899580
0.3186231975033552
0.0715630340151199
-0.1020063048693329
0.4345072252931193
-0.1921498871995505
-0.2883145143469342
-0.4554745434576059
-0.2330270975086522
-0.0405274159264012
-0.1804973188711045
-0.1904465675995208
-0.2342407995617445
0.0039801449376554
0.2940183747400183
-0.0393964357553525
-0.4534506946185485
-0.2807591317899736
-0.0562597845489256
0.4956307452643104
-0.1355992870700452
-0.5685458148348919
-0.0847383610382071
-0.0776880452690148
0.2324684764557967
-0.2669603474242701
-0.2805118596228358
-0.1985018623023475
0.0294807322543009
0.1262225891719852
0.2393975992314836
0.0315820052445247
0.0971568761586175
-0.4140627895629433
0.1499144626912230
0.0683358290853016
0.1175040522517732
0.0296523555395305
-0.3792584853038687
-0.2268376369781976
-0.3819253695871958
-0.1157847721752334
-0.3744591426512434
0.4704935100111855
-0.2452250444167764
-0.1242685835559859
-0.4544272203743189
-0.3749471568309969
-0.1972374146875271
-0.0225077107500509
-0.1675498551530753
0.1706517855646138
-0.0797793665285160
0.1558282390250965
-0.0421599055388062
0.3637095519976093
-0.2043263286708316
-0.4881721782373755
0.3099888094598818
0.2162733450159599
0.4584908631772307
-0.1352373632334204
-0.0089697289222816
0.2865903874887933
-0.2376059480332102
0.0784226270553860
-0.3222422300155659
-0.5043264489431054
0.1482296088768884
-0.3802317021802164
0.0049070263124757
-0.1909624641261517
0.1366656327660392
-0.7277234809201422
-0.0915387802137951
-0.3720634207648530
0.3577924085606747
-0.1929801501801609
-0.0295436865752082
0.1698549675817071
0.0180682757996253
-0.0821377546554233
-0.2659088671993702
0.0160206082615121
0.2130584482783916
0.0381478719399138
0.0611660948278374
-0.0215595941770075
0.1536267346734424
0.3373817449425630
-0.2017732170290946
0.2338266070237555
-0.3247989275231596
0.5339215841377907
0.3862647261318601
-0.1620917897541469
0.2361195339915345
-0.1064034070596009
-0.1461266575248652
0.3087631412028613
0.1300679443619920
0.2311897008253079
0.4680381715809057
0.2143843908296292
-0.0742938482174254
-0.1444410727599238
0.2314556272194756
-0.1823883231440244
0.2995256501649922
0.3827230038853305
-0.5173577123571063
0.0259347538751399
0.0999007200993246
-0.2234527833128351
0.0622534410289441
-0.1471478299439647
0.1874873197817371
0.2186932073808066
-0.1222251708814457
0.0957599014175536
-0.1390434288668438
-0.3128761191967492
0.3207291944302954
-0.0941424904251635
-0.0466940335250171
0.6224790819207292
-0.3743186359535173
0.0253675059288296
0.3344955806583311
0.0692554999541934
-0.1048413195364379
-0.1435809189030382
-0.2928480430938784
-0.0218426226238218
0.5333796839844851
0.0290933596523394
0.2127225425182455
-0.4713240647996845
0.1813606987224069
-0.4087318272409609
-0.1666991157750957
0.2367125123116393
0.2021064900492746
-0.0205195532050746
0.1292818424572093
-0.1917156678177634
-0.3799544880942445
0.2490787943591268
-0.2280950618381780
-0.0490291987322013
0.2278686617341100
0.5102685945886098
-0.1761466991784439
-0.2077462707480454
-0.0246386451321164
0.3906449789270719
-0.3815474764884359
0.3510696791657262
-0.2505540203619305
-0.0953835273546233
0.4216852055612070
-0.1678373397060168
0.2511289149844776
-0.0046936531791917
0.1487164760334319
-0.0979490602930877
-0.3973770835647949
-0.0578275608478042
0.3412372837141414
0.3625171876689194
0.3081792032339979
0.2062170599262027
-0.2930328018939115
-0.3285523161544529
-0.0503704010113259
-0.3779937037370150
-0.3671303355159066
0.1313217393483428
0.4529486118465689
-0.2930620864379037
-0.1268423147816256
0.1547723587481706
-0.2323356314436379
0.2060237720566065
-0.1967136225362291
