-0.6471147435724343
-0.0337514669334901
0.7616451582797730
-0.3770884909524041
-0.5974456889118830
0.7077166938767548
0.3369036403147933
-0.9272378569212032
-0.1634805610304018
-0.4066522029771911
0.5863526390062094
-0.7005887299580628
0.4302522054973414
0.7883423667750218
-0.4397719322697058
-0.4234237890459942
-0.8972813039283866
0.1248941811715345
-0.5732420037282572
0.7329941701693088
0.3662146251304271
-0.3169591365486062
0.0608390529576681
-0.9464858770174948
-0.6004053227315856
-0.0338317459868834
-0.7989798879815810
-0.3987310734952694
-0.5777795435175740
-0.7121687511551839
0.7599340931970754
-0.6011437577748787
0.2472374496006557
0.1220344172415185
0.4788475988009719
0.8693748202766552
-0.0346647643970999
-0.9193882119994390
-0.3918209664448399
-0.5163560356941673
0.7422060851362136
-0.4272078786597686
0.7266871212298056
-0.3188865377944503
-0.6084712021552100
-0.9763649084338079
-0.1195137776324702
0.1800778235515369
-0.5072776228014451
0.8542773572858343
-0.1134883704775334
0.9283363490232434
0.0218590485830714
0.3710981070784892
0.1218604836376149
0.8176708403533318
-0.5626405774235297
-0.9606129733735222
-0.2469359936491468
-0.1274571709516154
-0.8161961710173572
-0.5523561560482366
-0.1694889002035864
-0.8511387371550402
-0.2954101163198486
0.4339305397065493
0.6418516156896978
0.6019381909062325
0.4750756968789887
-0.0003739620319592
0.1564346038642164
-0.9876882478121547
0.9079677114289708
-0.4189316661995120
0.0095338375137179
0.4908730963770497
-0.2515508810243026
-0.8341257444229287
-0.6838863977117415
0.4809504388964581
-0.5486219739949925
-0.2758783240100371
0.8341399271701435
0.4775999709401172
0.2319288120148484
-0.3790632429853686
0.8958348530699152
-0.2880319058449558
-0.9412267517124477
-0.1764364561992701
0.6976001457374204
0.7095635019396512
-0.0993663594093525
-0.1451025865664677
-0.4387828349359903
0.8868003513402869
0.4158560760070943
0.2447845284733171
-0.8758677175624625
-0.6371630937534671
-0.3461365775602602
-0.6886310054255331
-0.0839321470033430
0.6448242780756157
-0.7597085264123803
-0.2074373054181395
0.8325671705486322
-0.5136162680888393
0.1861278432617027
-0.3601299385843773
-0.9141459693604517
-0.1248436178060626
-0.9574676999107896
0.2601339553396209
-0.3797357677409647
-0.2681437064132888
-0.8853811040501848
-0.8027432454650445
0.4933853081574355
0.3349241997148608
0.6959639427913565
0.5893826650305973
-0.4101978358008979
0.0772367222284843
0.1678036448150125
0.9827901228269428
0.3749622671571764
0.8013188338525371
0.4661452828481271
0.5081487925178666
-0.5673664039960838
-0.6479816110656128
0.8586462464307357
-0.0285443083177897
-0.5117732368472070
-0.2672613019092422
0.0405748833141511
0.9627694819352243
0.9472655150705206
-0.2069898215563965
-0.2446288162302889
0.0238329459615502
-0.9970429165293748
-0.0730576025160421
-0.5365006224024724
0.2931548275176846
-0.7913452655224750
0.5821212272807293
0.7869851435524534
0.2044242171977233
-0.2037634450973005
0.9573940737495766
-0.2046388183880802
0.8398356139673465
0.3387370436276878
0.4241855216605867
0.9924318534561329
-0.1019749579922129
0.0684114331680831
0.8883822539908989
0.4386964692458202
-0.1353601812399103
0.7803602911032579
-0.1665827887088479
0.6027337642568418
-0.6338263538455269
-0.3885606114362172
0.6687935439365411
-0.1123889822994162
-0.7408083447820684
-0.6622474710853593
0.1969271059143197
-0.6437399509836612
-0.7394718320962360
0.8955024787734547
-0.3062619148295702
0.3229225139805574
0.7249981490952665
-0.6848233279809479
-0.0734485756263325
