0.5759635083376204
0.6709863954654410
-0.1259630891630666
-0.2284794454047161
0.2350753555835803
-0.1023496181405697
-0.2902376099396806
-0.1502294742592093
0.3591399093233184
-0.3325910589136788
-0.5074374510212502
-0.2952188035808501
0.5725189873725770
-0.2557497185471471
-0.7087173677787482
-0.0580357662941451
-0.1520514365791211
-0.1141600024397848
0.5670481634553738
0.3363580637924524
-0.1533591541456472
0.3177999573992155
-0.0251467635194187
-0.8324410205689216
-0.3038986026667866
-0.1719564079344374
-0.1961040866245977
0.2122088473940705
-0.1720527305135314
0.7278793997872063
0.1816760016273261
0.2805547959977309
-0.5152836186314002
-0.0697402474230841
-0.2418498799320168
-0.4014072939917502
-0.4162383658852636
-0.1932433194790132
-0.6357470912079476
-0.1756442742504071
-0.3017816597411546
-0.3196519691159021
0.0774692353724389
0.3215384210004962
0.1888043956982853
-0.4830035632359417
0.4368404917151965
0.4070386541559903
0.5149387713880280
-0.2876681233000329
0.0154738627679057
0.0254706588466512
-0.3257596490670526
-0.0880202569737567
-0.5351277291244048
0.7184220590085866
-0.4541660547163022
0.3256137408748929
-0.5061793403918562
0.3127959417275421
-0.1642374124820023
0.2478344373944990
0.4952314859524796
-0.3772582700974205
0.3504480513636288
0.1922471636337003
-0.0858616653935231
0.3742481924064282
-0.6772040685948617
-0.3030909160438036
-0.0416758522220692
-0.1194297864888782
0.5953829785493251
-0.5183945775137864
-0.5378691204513962
0.2025431807479579
0.1745247532476807
