-0.2983714675947620
-0.1774915625142004
0.0025959882800080
0.1845097195123657
0.1906632703984240
-0.1506205941918188
-0.3787764271635930
0.0915471087289810
0.5058546853436415
0.3135171977408334
0.0824225152709642
0.2308215917088830
0.3971460813490810
-0.1816657967641356
0.1718941244367859
0.4186805083735369
-0.2994475366757914
0.0983846484157893
-0.1367848095872136
0.3944250190546765
-0.3834417451118106
-0.0775245014925393
0.4042395985347816
0.0249932814544934
0.1448901173128817
-0.2119782602422420
0.1373870562551943
-0.2905224170839252
0.2350404384176058
-0.0977483188031461
0.3969468056990376
0.0811036555978523
0.3278459763673665
-0.1301691072221693
0.3043692023789924
0.1132317646127740
-0.3386864780644341
-0.1689778640797369
-0.1547522882410055
-0.0642906432125791
0.1367817132334908
-0.4255797456448055
0.4664517627379859
0.0831198061169622
0.1015346902438949
-0.2268335252269010
-0.5877464546492105
-0.0800823955670713
0.1238629635664932
-0.2080942943367966
0.0451222583045810
-0.0584190785216309
-0.0960272755096813
-0.2183533586575483
0.3647176110501685
0.1551777564269672
-0.3638540208471960
-0.0439931461826348
0.4292061347471164
0.0072000354764775
0.3193272915240618
0.1161444414946079
0.1300256726458565
-0.1665033304433309
-0.4221065062028758
0.5018045889286437
-0.2721654434967863
0.2114329235127561
0.2001353164049904
0.3149086568806238
0.0583523086436268
0.1540521223835582
-0.2321731663381505
0.0685819691371729
0.2572631651256521
0.2947647305664129
-0.3281151031718382
-0.1893404259042949
-0.1767146038913625
-0.0418323302136175
0.0329066117261199
0.3959872887299588
-0.1596110310102621
-0.2603063961461054
0.1587774049796899
-0.1018868918644552
0.3545581623311309
0.3758681318762847
-0.1813281095013351
0.3873540141791540
-0.0288453161419195
0.3236741235296080
-0.1931857871470900
-0.4808623970664039
-0.0360088895060575
-0.2863976147975759
0.0288019111163496
-0.0175796983907361
-0.1127937958159110
0.4294161977115623
0.4889558331168106
0.0771456229608900
0.0876291588517915
0.0237340981050477
-0.3016664456891631
0.2081002429989056
-0.0527336520900775
0.2480916787020791
0.4073592150707178
-0.0145258626250987
0.0411213955139331
0.3635159229101209
0.1696190362414137
0.1398356792772492
-0.1739342925689734
0.6175125164589749
0.2268755982285559
0.1194254314028583
0.2442264984536760
-0.0842354411156643
0.0549624905276561
0.2663051223692731
-0.3276996106294678
0.2564418410419460
0.3778338953400112
-0.0736433882769412
-0.0202669257034255
-0.2069640932136929
-0.0546472270090267
0.1177593254016674
0.2414313797352910
-0.0685840806018710
-0.3835054569944171
0.0782184549925075
0.5730999397239661
-0.1875184549504450
0.0650217924609566
0.6391632766544206
0.0365799217629648
0.2594151161282168
0.1397091481267594
0.2500425627864630
-0.3476485239588948
-0.0672690658508729
0.4306162913797592
-0.1190522133570938
0.1416007573328822
-0.2027796122253254
-0.0904536135614410
-0.0840501859097841
0.3755402172785767
0.0573661667517264
-0.0222488778125983
0.3439536619795369
-0.2565859016415195
-0.2676182937129744
0.2121104843682613
0.0086442615784751
0.2000706040610043
0.3278515901029502
-0.0836397695605097
-0.4568493866790751
-0.0113376351745068
-0.4251685520937367
-0.1011896858030664
-0.0600441818046754
-0.2484060324054786
0.3644585967950635
-0.3114099053827856
-0.2752037529314614
-0.4318176484648765
-0.0841330799901759
-0.1871909625267150
0.1009071198321499
-0.2948721432837988
0.2750240041145349
-0.0453664541290035
-0.2551855145115306
-0.2231197802623378
0.3329118407569264
-0.0975599506696037
0.3939515362364632
0.2104129242069079
0.1061760098235985
-0.3112381364203740
-0.4061662586688443
0.0759087952875833
0.0723579546358977
-0.0604750028680656
0.0786711195874864
-0.3163270929477743
0.0461538593101219
0.2521617242507120
0.4915494453111882
0.2994219455692208
0.3183146416335463
-0.0426015270643004
-0.1342699070313847
0.1721050433216485
-0.1574315064609242
-0.1286303606410560
-0.2959157506716817
-0.6714388036073177
0.1468686258968979
-0.0515945584876452
-0.0850527079498948
0.3244896108253136
-0.0548774454978333
0.2055937810272512
-0.2957118501668776
0.0022350435160554
-0.0308869404989237
-0.1150957281888322
-0.3681904581426106
0.1319816118719903
0.1194919849320704
0.4002676264559814
-0.1905280496279083
0.6699405433802984
-0.0441296344362215
-0.0943598430968382
-0.2540139291061056
0.0345727120469271
0.3067459631326748
0.0503408359847377
