0.1210167679565895
-0.1699011825189320
-0.4501916554348741
-0.1413423512181411
0.2616914771778483
-0.3097231887694626
-0.0257395467890804
-0.5171524842007561
-0.2132612976520256
0.2270845291120601
-0.2659402686433874
0.3654398078802945
0.3622130009884204
0.0453650014269395
0.1062850654990172
0.5677146875838002
0.1228220919970578
0.2050729976924329
-0.0526192554603880
-0.2223760102253161
0.0440798835673362
-0.1562303936390534
-0.6157344881184187
0.1353043546586352
0.0575107939915294
0.2530776502547630
0.4333206375329156
-0.3958580788464680
0.4741569870193356
0.3348196907554601
-0.2273080185311373
-0.1808744301147842
0.2732299513574440
-0.1377527322986134
-0.1954919996906914
-0.1871168246944055
0.2357869109625161
-0.1139393386277577
0.1341024310974043
-0.2199297396686731
-0.2817838957703577
-0.2487718945851789
0.5805549736261555
-0.2954897641265004
0.4100081851065034
0.1663567437478476
0.1769777499306969
0.2689228657868114
-0.0298775999285244
-0.4193885353327265
-0.3425917708596261
0.2029982781541660
-0.3503669752100446
0.3461948053111178
-0.0323889521636114
-0.0300841374563409
0.6278964678141311
-0.1382763652672175
-0.0564248691934894
-0.0593557884306648
-0.2606340173158873
-0.3229507519505269
0.0689677528407383
-0.2786976241548680
-0.0617714671466166
-0.0472579358293396
-0.5908570179364915
0.0592054880695802
0.2099054438016328
0.5168877948399692
-0.2746588748422246
0.0025858759758725
0.1925303134527110
0.0967919278619440
0.0470675538481160
-0.1853823952155753
0.0764816494936092
-0.6035786947993329
0.1145683277754255
-0.1200035394873973
0.1640857011554505
-0.2298287889917324
-0.0082268032176247
-0.6629365802348716
-0.3303670687041709
0.0738424833021264
-0.4923621320670904
0.1512879426597950
0.3278538801046616
-0.3528328648778788
0.1111748037273457
0.2624032127178995
0.2722051317970184
-0.4083036186562303
-0.2177843595723172
0.1366176802718935
0.2713433949666221
0.1004173976860608
0.3228563011930058
0.1718601676742097
-0.1286115297140012
-0.5541876063451218
-0.0770133641034842
0.5279969505668254
0.2254933879335011
0.1253429675923641
-0.2422079901365262
0.2211729981802324
0.0264359749706785
-0.4356270558095237
-0.1480398914887764
-0.2591441627729003
0.1584079357383920
0.2068483595450324
0.2962950238200082
0.3337442338871462
-0.4969626787817508
0.3533839401620716
-0.2275386294475412
-0.1725615455446063
-0.2175784494090951
-0.2217806004353544
0.4258069221768559
0.6728547546629949
0.2184094709162626
-0.0488820868663540
-0.0466385579354209
-0.1693870895728196
-0.2228407294296830
0.0212044772151010
0.3716643694499019
0.0150534749826004
-0.3956351510158008
-0.0497980927527643
0.0814608401339360
0.3052060022735165
-0.3846801310669478
0.0429391671544843
0.1184132726851450
-0.2030148026363240
-0.1354590135171053
0.2030615421563559
-0.3887667893713759
-0.5704597844060822
0.1858486249908449
0.7551142793846282
-0.1956659339720396
0.2900941762755053
-0.2816288093245520
0.1491420072023860
-0.0579406566332917
0.1396140252156843
-0.1045986511514699
0.3677799562879454
-0.0161381073145803
-0.0441836165656539
0.2825724572223697
-0.1254421328707780
0.0233685814413250
0.2786077439251009
0.5589191788781792
0.0840589503523871
0.3646052163763009
0.2491487594598516
0.4449098093440163
0.2342130783013585
0.0978004002680393
-0.2222940969855397
0.3203361116110032
-0.1083796769489989
-0.3895679919209757
0.1822059352745158
0.0852915068630785
-0.0984669429487308
-0.5028414864250822
-0.1644871675797196
0.0704126860670503
0.2460510353741802
0.5116453732530462
-0.2766231786011634
-0.6032698252673868
0.3543809025940354
0.0314687619096209
0.0349759035223053
0.2981627393198744
-0.0164664457154886
0.2097077502513404
-0.2697580625453894
0.2499860232932636
0.4658288136796779
0.0363709055083866
0.1467475483765164
