-0.0572660728921468
-0.0407068375046482
0.2601835823720318
-0.1675367342739044
0.4613018389055205
0.4952541301488627
-0.1150144454441369
-0.2944836643911996
0.4050415635722390
0.2495952102347565
0.0557236038532716
-0.2146505527354861
-0.0522250750520132
0.2510191818848705
0.3577283806106805
0.1234886329786325
-0.1811855427497465
-0.2091648599362463
-0.2447419933204684
0.2572696063663269
0.2610720734802168
-0.3123386768267613
0.2108299835263693
0.2795928106285616
0.4855532774347674
-0.2217296163910727
0.0516380786257268
-0.2796221245965798
-0.1214564103560569
0.0350129823986454
-0.2739772440675702
-0.1795800767955846
0.1884101888411543
-0.0640777331638995
-0.1184227651764441
-0.2464124301644312
0.4738463774009288
0.0051285576345003
-0.6713131833810607
0.1613262427662947
0.2356520048930565
-0.0747422191551133
0.3789608249202355
-0.3749742823642332
-0.1276288497736233
0.0774917917588677
0.2627177155265374
0.2948582907637072
0.4483111265074878
0.2235161354867628
-0.1689363520124866
0.3544498841722055
-0.1307204214601217
-0.2931182522972889
-0.1614866087346337
0.0576737926758711
0.2720382144305523
0.3349604025541919
-0.0939045096872187
0.1184501096412496
0.3243125112281150
-0.4857734286343030
0.3107667437937116
0.3766001154709165
0.1560011539505837
-0.0329102310437422
-0.2515081600584133
-0.2102101793395241
0.2273885883895772
0.1637697185821885
0.1076274046513070
0.0675165493778451
0.0290409931585944
0.6305595443425623
0.2127620884655601
-0.1305745181751747
-0.2581474826809954
0.0929991579291312
-0.3425335081277566
0.3529620144440564
-0.1891760630487933
-0.1566669823113922
0.1245039891108845
-0.3606355563385155
0.0819773839544272
-0.2408319965372815
0.1537815959674333
-0.4935022099035438
-0.0502969356022077
-0.4385846967013218
-0.1775412548007040
-0.2318336207556393
-0.1219739709066027
-0.1370030697961594
-0.2788987492916338
0.1751767886340962
-0.4385828570727502
-0.2312110980953486
-0.2834911256938302
-0.1674870135741717
-0.3825514650467782
-0.2666074334971975
0.3968530405057913
0.4993313788176625
-0.0074219938497954
0.2719801353665615
-0.1413891589168088
0.0122045387266844
-0.0283670946788955
0.3854888709093884
0.1276068038211252
0.0864499289322954
0.1191717755245040
-0.3010512446685104
0.0187455203748054
0.0646456455893127
0.0890867436783703
-0.1916030590353003
-0.4089724926100303
0.0188693841094785
0.4631122778471796
-0.1705522593884350
0.5099478579537705
-0.0119065421556510
-0.4155969665511290
0.0436184733263007
0.2159100278441622
0.1316609439921669
0.3373308686213024
0.0950789187122927
0.1953187531016197
0.1398004005703894
-0.1431450093825769
-0.5436186830691906
-0.5646313294867354
-0.1631926955641795
-0.1358042772902268
-0.1047735720488261
-0.1424801829076645
0.2105932254709000
0.4359525140925328
0.0253374842306267
-0.4339369671418631
0.0739651860805040
-0.2380424469813466
0.1032613120644694
-0.1064422500703283
-0.2999811594987171
-0.2193486715351155
0.3640753244476744
-0.2908651286047234
0.3759744829808732
-0.2004936562555819
-0.0079875334791857
-0.5208709112558783
-0.4067386549572254
-0.3239416316554593
0.4270648686452194
0.1397794112205851
-0.2025283365684810
-0.0387408208844823
-0.1589795767593610
-0.0611355768666431
-0.1297973347083353
0.3061993429691797
0.1054222422964238
0.2266553263007530
-0.1085070461973379
-0.1316374524526799
-0.0648113204195402
0.3045534992544722
-0.0674917005365058
-0.3341382731287756
0.1735547837272626
0.6044764671275038
0.1219880048169260
0.0359916320507625
-0.0935972773060319
-0.0885487981933543
0.0356541356113820
-0.3383683616447029
-0.4748257428225107
0.2057017430754723
0.1447743289985880
0.0875158000350096
0.3902845080623962
-0.2134061489178520
0.2070547743990615
-0.1589232956118801
-0.1666393210090830
0.3976285619692616
-0.2707322288217321
-0.2337217755779662
0.1849874628960548
-0.1251999046400572
0.5471575403218907
0.0502714831096952
0.2807348827854946
-0.1050275994727018
0.2209866587757393
0.0540815087959719
0.0051388308265886
0.4697030527955412
-0.3852700495410064
0.0736156916579831
-0.6528108085645377
0.1126461782962513
-0.0561022856437228
0.1654867316246635
-0.1094801780726847
-0.2811810603617329
-0.1019838128155151
0.1016205375950374
-0.0636390870043163
-0.2831912779888903
0.0563532342555800
-0.3092320180940865
-0.2142880078998513
0.0863851676331580
0.2866814642694644
-0.0577814407775179
-0.4799012402835088
0.5742571961005640
-0.1348302122574553
-0.0183129124112241
-0.5816741206364082
-0.1763904641597639
0.3225924336400567
-0.3740764939910716
0.0009795199025498
-0.1722590745666433
0.0566963396456641
0.1714883980549808
-0.0659100359337008
-0.4234009953176514
-0.2353055148753412
-0.2335745535252647
-0.1742755585026343
-0.3659913486930951
0.0588902077795592
0.0457912700776122
0.1716274695882385
-0.3303184780677303
-0.0062776846938190
0.2712892193674893
0.0495885993929321
-0.0627045395883153
0.2981450319560504
0.1248310724187348
0.6469075112979606
-0.0017403963482985
0.3448556193606212
-0.1051503188165153
-0.2864241456268768
0.2757745709419826
0.0060055622657201
0.3576724905390379
-0.5298480111286122
0.2032256562163255
-0.1800228164519950
-0.1029160681126526
0.3204328198135144
0.1783437885101057
-0.0626902929750937
-0.1490049114312501
0.4209888108627646
-0.2161856125914297
0.4039476810450974
-0.3141971748285781
-0.4050098293000371
-0.2876701837906716
-0.4265233012155988
0.0660781985765383
-0.1186531580565627
0.0176494583097616
0.4091635608009396
-0.0668770016710421
-0.1680883593629396
-0.1024306858637979
0.1824046760437632
0.1143563688831030
-0.4231756066241403
0.4739421259182845
-0.0821194621970345
-0.1804136144559942
-0.0441288829681708
0.2827767098980151
0.1929862014195608
0.2682587708274642
0.0774209382901824
-0.3503607962533307
0.0949264991006045
0.3917995642881839
0.2480929537486448
0.1271858224722824
-0.1200875727850498
0.2036463248077746
-0.4972088237324208
-0.1490110668294330
0.0617646808159239
-0.3397108731394528
0.2485043974956282
-0.4460467012191719
-0.3424025714699925
0.0391433261473748
-0.0020181456929067
0.3858497647918412
0.1045166024140418
-0.4841500780101051
0.4459637694054192
0.3627473295544015
0.2419762128149955
-0.2056444607825102
0.2459859404650603
-0.1761826343656262
0.0728171603710303
-0.0671186604418387
0.1870873245978148
-0.1208859524710644
-0.2531577248756128
-0.3339320411760213
0.0878412324718194
-0.5253636132587179
-0.1509060059645415
-0.2100082510978820
-0.1778083311393993
0.2376345591242684
0.0686346801683360
0.2786982967962136
-0.2531743094194224
-0.1575403771359948
-0.1880538699417190
-0.2978523640770219
-0.4089575993217959
-0.3185663005127921
0.0701444466566353
0.0854245829333534
-0.2791301001854972
-0.2945677029490625
0.0975496950720526
-0.4194716578251576
-0.0445048789055444
0.2438853999275565
-0.2772644558997688
-0.2850045127868107
-0.0670675529642883
0.0525557335048996
-0.2573276794888421
0.2172194494994127
0.5498368598392747
-0.0088219292167634
-0.0689650596212327
0.3667766400223526
0.0733154585152434
0.0851853121294855
-0.1490856953546237
0.1858604197615057
-0.5684080939292095
0.0146168447894766
0.2288571602032016
0.0063117061196473
0.3762707814984885
0.2990388762744779
-0.4295552991848871
