0.1922139758355273
0.2988095406994273
-0.2156767645200766
0.0694912648343376
-0.0970525049428381
0.5560141990155341
-0.7098240380656368
0.2115604119651033
0.2371065237405476
0.3356977325316937
0.0730012758646180
0.7682951329173071
0.4162602055549120
0.1321005851274191
0.0419114383787830
0.3745713647571994
0.1722379142855243
-0.1467223684798019
0.2674746609496574
0.0769575815061940
0.8539796296784739
0.1153802778602094
0.6423125446795023
-0.1727109285408068
0.3934041005138819
-0.5037633580240672
-0.0040641195536759
-0.3684183726882363
-0.2919671631929601
-0.6563342041201685
-0.4877313043076865
0.3892264255674052
-0.2678966637034355
0.0043514426514870
-0.1510430239394192
0.0610679189267532
-0.1747868271706551
-0.3582876187454630
0.6588911680793946
-0.0783327415564161
-0.5040254113373821
-0.3781997508363622
0.5489520030697288
0.3746419335985089
-0.3099479619537108
0.6169473299715066
-0.1214048936886808
-0.2047232042914565
0.1579640283423787
-0.5451794711885283
-0.1496207867118757
0.7599884782105616
0.1400503514016470
0.2533534534202839
-0.1347908009968653
-0.0289800628782179
-0.0997006489515265
-0.7226386676298879
0.4381987719524669
0.4037522763799065
0.0052419560013376
-0.2361948084938167
0.2387542807155256
-0.4245112302140813
-0.5187714151097237
0.4445793779247695
-0.1924350831706022
-0.3247730391817306
0.1395658971479933
0.4370677100293138
-0.6311497192386313
-0.0052335932173709
-0.3315987754576258
0.3230118893612315
0.2776939130057253
0.4833554946711471
0.2767341130112116
-0.6914354793154980
0.0495144374454657
0.2538521614865842
-0.2895840498305987
-0.4603915879325526
-0.3961742697947743
0.0474446027913119
0.0083796327332677
-0.0091580765330574
0.0247552906062636
0.8438955307721505
-0.5325219669372164
-0.0497634060795522
0.0318963675665415
0.1693694037750226
0.7106414528161586
0.2603938818023336
0.3027559422865394
-0.3926504108638594
-0.0045431368157467
0.3906937561449513
0.4857349924114475
0.1177546770333904
0.6505050966649387
-0.3533338977904778
-0.3677618128468749
0.1706734366843912
0.1944619656664492
0.0468856519228202
-0.0728042336108327
-0.0250019375973705
0.4050402755084930
0.1952134636679966
0.8795138661209505
-0.1271440932494124
0.4460351726260874
0.2548613748105331
-0.4290860381864443
0.0105401922736446
-0.3432829372760142
-0.6018142021605903
-0.2680463983032813
0.1333824322099955
-0.3828326632663771
0.0691837751665669
-0.3337675387559190
0.5501479036909285
0.6313911619090208
-0.1346981765588924
0.2231301690132718
0.5157968623344269
0.6010749803655868
0.0744669235899328
-0.2060406354031170
0.1800088437433173
-0.4924166350647626
0.1532045854112397
-0.3098618626128214
-0.0230171477696901
-0.5031365939098054
-0.1133297509859506
0.1195563378473283
0.7744032602633261
0.1194238934031609
0.3256332029683233
-0.2273618699893694
0.5127345756670658
0.4608911616602264
0.2817155287337696
0.5228063539908556
-0.1159517818486165
-0.4986641885845628
-0.2511110726114777
0.3575857774639518
0.6737589857851548
0.3044638083986013
-0.0177614956021276
-0.3676182114338421
0.4444814168980376
0.0411201081047912
0.5656069827622388
-0.2366594156532531
0.5365846530343296
0.0419550893841468
0.1217214654260339
-0.3070127459202300
-0.4042049019015831
-0.0188415710716009
-0.5733840721801269
0.4347771931611003
0.4575914654497338
0.2917695105894179
-0.3455949178610390
-0.6651123485794164
0.2047647113208873
0.2702683116162191
0.0239056283571236
-0.4873553558470959
-0.1736924528835572
0.0893978280359104
-0.3523853013776145
-0.1612961486851900
0.5051597093527136
-0.1854116823408055
-0.7225533115586158
0.0255333963493221
0.9059300318822469
0.1190803121242723
0.2600338675189225
0.2499015483351815
0.1202092565519774
-0.1412092093000206
0.4236561545891539
-0.1065528392345378
-0.0485670293992682
0.0583060392324941
0.3093401090554220
-0.6243652558979316
-0.5638087696473240
-0.3058281031134634
0.1076740173307541
0.1926165322577618
-0.3128959455674524
0.0250496565265898
0.8093044129042420
-0.3229076617981400
-0.8288222557392980
0.2102096808462388
0.0487962757961150
0.1383584336092171
0.2999172109253599
-0.3332701796216813
-0.2152256484554357
-0.2020941394316922
-0.1113224678549754
0.2701109041830449
0.4153356735041841
-0.3879862209336524
0.4931589036927387
-0.5545832965285600
0.1402714435062148
0.3560386731286004
0.7778872859814117
0.3698260351331352
0.3082675357836693
-0.1070999274390709
0.0719804928025417
0.1483381990582991
-0.4655521210042863
0.5567354208629690
0.1193212597785554
0.6441937533636568
-0.0509081630828638
-0.1395989846263750
0.3367380857244589
-0.6207360977475110
0.2068515526457459
0.2343921974512840
-0.6175551165037348
0.1487980995559819
-0.0071899350768117
0.6156023010178702
0.0707284553494178
-0.2927682373498142
-0.4738922677636180
0.2354308531214090
0.1393818049038964
-0.4805093091695362
0.5647571240451318
0.1528487597043443
-0.0928955299317926
-0.7611595350531413
-0.1103836987856999
-0.1207871325083132
0.2071693458895397
-0.1042225412764093
0.2848252706561057
-0.1309232263907153
0.4884827025990557
0.7778241625647150
-0.0049859809923191
-0.2173032380397850
-0.5055167506872383
0.3919507196408460
0.3395411838054398
0.3231411673218823
0.4443070362087298
0.1285148809702064
0.3964772396671966
0.2613515658509786
-0.1951454752438862
0.5822248061676074
0.3848911311358768
0.0153297751238223
-0.1731413133006917
-0.6134115897163027
-0.4700243974876882
-0.1150698546728155
0.1795170986737530
-0.1175915208669809
0.7779865149180722
0.1632020592310564
-0.2964522057334644
0.2259437356065706
-0.5909782282268730
0.1055975864647995
0.1221643041347560
-0.3269924527255678
-0.6268874659090543
-0.2714907651775582
0.3018822288064852
0.2151874811245079
-0.1800953758523348
-0.4443998829352742
-0.6347611834223946
0.4057968479665313
-0.2550353421439241
-0.1429139786161626
0.3468819573889001
-0.3189562070850522
0.2174356878732785
0.3481235645148655
-0.7470391661585200
-0.1760103122256865
-0.2545462284336636
0.5707340958710660
-0.7097797542849551
0.2275497776188039
0.1432474298216470
0.1268272865973843
0.1315204232698973
0.2510241413095916
-0.1177723307723918
0.5165021300132568
-0.0213069706226086
0.3122956912554883
-0.7422466107480304
0.0861944971282698
-0.6821132469222984
0.5898622651788020
-0.0677563997858692
0.0340156392856025
-0.2245954008937824
-0.0245087663198740
0.3605443930144256
0.1840149991628131
-0.1722447571233821
0.0760731153887213
0.2378089600432105
0.5344468896172436
0.3158830637322343
-0.6990811223244618
0.6128606450052881
-0.1668840403400789
0.3991388093453013
-0.4565159907491715
0.4430216185064321
0.0884592498647534
0.1572886346736377
-0.4431527643935639
0.1369677642945094
0.1081468770904941
-0.6175151540620434
0.1708482672069369
-0.4586680329635372
-0.3902169288531156
0.5363049953342345
0.2871281234213343
0.1997401054295219
-0.2964001445146345
0.0486572360078401
0.6945965342833597
-0.1317321725335918
-0.3256713449084299
-0.5861266259313510
-0.2817181544742187
-0.2766692717812853
0.0425891593346842
0.5661815444991511
0.2685281570845762
0.3647203014639722
0.5782506081318383
-0.3302959437015452
0.2811851322985690
-0.1093828351801257
0.5708569457141526
0.0812563212408558
0.5032969627830931
0.0442837726406061
-0.4157615403525642
0.0948253866405594
-0.0062077404032191
-0.0222603189040747
0.7498983561173711
0.0508453585374123
0.3487306107213753
0.5977291486642339
0.1537623339456184
-0.0076726980104143
0.6370232865445854
0.2983641772448581
-0.1606875422068614
0.2407771860319256
-0.3258947156701267
0.4879499366151067
-0.3545528228865902
0.1189860206797445
0.6572959582924697
0.4078179860804819
-0.2597807864115828
0.0689015260794646
0.1753370329536884
0.6353822762222605
-0.0818499682107823
0.5659486580831079
-0.5103838903492192
0.4559899963884817
0.4701549238882407
0.3223236878709744
-0.3606334330396147
-0.1193772182766768
-0.2496713883830315
-0.3220228881876478
-0.5153597995841369
-0.0782149099725812
-0.1810155137327054
-0.6032590336267062
0.3939552543751672
-0.2696277878852989
0.3411720562567744
-0.5035209798549395
-0.3324132935629632
-0.0691710689182952
-0.1395726697687325
0.6368123446880755
-0.2996239707855066
-0.5708306674124479
0.2333152441651993
-0.6032370280731103
-0.2395563351199082
-0.0417099825246560
-0.4384029568926253
0.0670620682101928
0.3054783381600986
0.0176736857873928
-0.6376571586962164
0.2958998889828270
0.5285677407808085
-0.3021075138595448
0.2038490198272457
-0.2999038135589123
-0.4910852301424791
0.0917825452785778
0.4794439361372513
-0.3082862630373989
0.5374560629928474
0.2161088526803077
-0.0767699110557668
-0.1165797746622861
0.7787493761767789
0.4671300504356368
-0.3655226048420974
0.1337435548706980
0.0660329376936538
0.3121034868134392
-0.0425774697761004
-0.0535187073991965
-0.0864344760368828
0.2556677753695535
0.7134310882314117
0.5622219071500459
0.0491534844757625
0.4783795426413765
0.1776145187923875
-0.3401950930491650
0.5055988479704866
0.3029378595415174
-0.5235033788934490
-0.1609756758936589
-0.0069200850169410
0.4546755464046726
0.6320813303338133
-0.0609866536039573
-0.6008813159619412
-0.0548138280821912
-0.7141294074105103
-0.3448122544115132
-0.2668357270360452
-0.2114766306959211
-0.1636346307953217
-0.1995579793096924
-0.4342814163927817
-0.0364936121964634
-0.0351117423173985
-0.8410902924526109
0.3018669219783978
-0.2656052842019516
-0.3017318258156381
0.1931077457574443
-0.3501439713238038
0.0927148712686486
0.1301607861787857
0.1590755741833953
-0.8826322177696952
0.1132125909452112
0.1862781813235208
-0.2368706038622783
0.5417304704962052
-0.0027902491479370
-0.7116681048360959
-0.0222913747285707
-0.2158487587523155
0.3112130225237486
-0.0734925944845900
-0.3018906733990866
-0.3389076986463468
0.8022663893820815
0.1572803017215387
-0.0888483132935920
0.3351715322814728
0.6423782119107625
0.0068944169393487
0.4426531050759206
0.4501853620887538
-0.3331940956893062
-0.2653295945472754
0.0852992910886452
0.6894191960377829
0.2814439105035400
0.3462178251636006
0.0835681238510329
0.4256188353139601
-0.0216264256001682
-0.3701634616380255
0.3520003202379183
0.3257727212235899
0.2442665969532653
0.7538444583467555
0.0300006102454329
0.3093010038117864
-0.2131973811228959
0.2100459186468697
0.3361445160221632
-0.0017312857919822
-0.2522633590067873
-0.1634801892982041
-0.2317994313682273
-0.8359372153963043
-0.1109907700977085
0.1891757216916211
0.7650392803372307
-0.2627465362010941
-0.1591579854762790
-0.4407935732313538
-0.2791818654355241
0.1778512533667997
0.0090631368778560
0.2988646649080646
0.1886651926650779
-0.7594088821364546
-0.2230123737926150
-0.4657636516941549
-0.7031061511155835
-0.0221366463638943
0.1022488671484355
-0.3510211519152188
0.2163484251571464
0.0170349600231129
0.5695473626444059
-0.7237662931279863
-0.6163769540693710
0.0093867795598218
0.1283111281739626
0.2535569744594682
0.0018598920319810
0.1240779903316806
0.3650668882147542
0.1955472878210167
0.2753691029597137
0.2757674440965006
-0.6603431142062568
0.4899219676477211
-0.0231308539240251
0.6014282542727798
-0.4612984402314493
-0.4375834213068795
0.3847325738962691
-0.2285849086168034
-0.1691553929382835
0.0715876565860979
-0.1996771950064493
0.7058981007717257
0.2051312322566621
-0.2242529513752950
-0.4142654577737774
0.4440730950359277
-0.0255322782817125
0.1442540194255408
0.1360307176882621
0.2818694994603893
0.5719150730026096
0.0804722935305727
-0.2860552864680784
0.6825289292980602
0.0231841025052633
-0.2150666527517009
0.3974411544356461
0.6859953252519656
0.3898298080477313
0.3156448153836116
0.2702976989125699
-0.3086979092786101
0.7768649188942867
-0.0767477641588472
-0.1528012099177662
-0.1495391797801086
-0.3994523604546358
-0.3000398556535203
0.2185619426474711
0.7404160148026470
-0.3755808857146348
-0.0770750260289989
-0.0693825518089935
-0.3691499185476210
0.3404814826670118
0.4523319908324220
-0.0937414411886211
0.1378151374892916
0.6897661767105659
0.4226890898540753
-0.3319253758321735
-0.0547485142753477
-0.3915947004053084
0.2269926491832653
-0.3315377109605526
0.2015275764204793
0.3193802691019686
-0.3306957462135032
0.6582050418593081
-0.2984519274056664
0.2981167875662737
0.4870268841017060
0.3480664295321952
0.3409460150574696
0.4501500483098401
-0.3805629404145671
-0.0027538580061497
-0.1695363385170994
0.5227367927744514
0.0402977175869925
-0.5757265928862327
-0.5322167716157236
0.2857558116294462
-0.8871583349055816
-0.0157342260759335
0.1757778810153143
0.0539372043421143
-0.2025981021828277
0.3547291441453995
-0.1096206219497928
0.4711939473651687
0.3030708515439012
0.3046895818295697
-0.1707180420625319
-0.1528480606953356
-0.4857671020042217
0.5520975680999129
-0.2675156019576007
0.4943613424157827
-0.1099823874342770
0.7677153536887535
0.0946028066755476
-0.2365932824320640
0.1327900737106023
-0.3041549409737129
-0.4240792003539062
0.1060945472920225
0.3176606225486604
0.3978074191588582
-0.3727337164669965
-0.5641818089022688
0.5667144631011283
-0.5448827792402248
0.2066397075116538
-0.0300318812917416
-0.1101217032466482
-0.3252163971094595
0.4695136814941873
-0.5053485447721441
-0.4360274029666396
0.2748301534352885
0.3331339206644669
-0.5091633890140671
-0.2038783662970954
-0.2591898625873278
-0.0361958645725437
0.1178973932617090
-0.5194388180697561
0.7180207734332278
-0.0077598584803436
0.3080019035139376
-0.3232555634149866
0.0986160880456511
-0.2420097835793132
0.7501680447046454
-0.0253916195222388
0.2220404126361377
0.0622606978856755
0.5613652668696880
0.1790915725616982
-0.1331176827966842
-0.4333998688251256
0.3015729950355948
-0.7135708254277734
0.2481299591739091
-0.3172891015943103
