0.2222897408876177
-0.4553096476960050
0.2587324321035042
0.1185350382707066
0.3724639818825597
-0.5440679502853186
-0.0467761901774822
-0.1132924260272032
-0.0876723235722560
-0.2487659643938208
0.0399959020198615
-0.3759710327421064
0.0391400242086992
0.0362920787527604
0.1106382454728952
-0.5981928532839923
0.5454965588330487
-0.0843509720198908
-0.0303117295172215
-0.2719666322244697
-0.0485600437510513
-0.1571627607017988
-0.3706889827094496
-0.2881677760809781
-0.4144936755024864
0.1766602923683385
-0.1564833164316541
-0.0013273258852971
0.5413788040094537
0.2924281470704009
0.3669922891666164
0.0705185829033860
0.2417433690612669
0.4087427671728934
-0.1212850887615705
0.1183863316602897
0.1678009507380030
-0.2775772352719181
0.6553492822199981
-0.2817793516249602
0.0424172039250650
0.1775352116782263
-0.2348585663726211
-0.1598857782564401
0.4744812794473467
-0.1603144039558637
-0.1450192137922295
0.0027732272564737
0.2848129421546609
-0.2842696910742812
-0.0336931159599534
0.3413712562264608
-0.1809505135145292
-0.4307234829150592
-0.2952066169297884
0.2096490536751603
-0.2898052070609818
0.5340596581145088
-0.0396107533408116
-0.0161710349103632
-0.0588341174054596
-0.0689116959280231
-0.2622626325685266
0.3390961107594304
0.0922296841586468
0.3289514323847093
0.2557954311406748
0.1605549661192813
0.1044319776611675
-0.3065107552669586
-0.3022806291204467
0.6355067623397398
0.1437402051588024
0.1659053496683048
0.1935467744760339
-0.4709116058953041
-0.4097990757928162
0.1988270513527215
-0.2911182933343039
-0.0679125205660216
-0.2964106202171886
0.0180767945159627
-0.4987393555617812
-0.2425688619710050
0.1682406056230726
-0.0824416481705303
0.2805230678668332
0.0587323130556580
0.7015807826162366
0.3374091865455912
0.0229605910709578
0.3402996701985253
0.2858008224214972
-0.0966139938595177
0.2128339758206968
-0.1550790569772831
0.0553087387072649
0.1958657952501072
0.4353321867884123
-0.3838001944917244
0.0569790429194840
0.4524481980356139
0.2018575389510331
-0.1652759568919736
0.1640457194307057
0.4612523200164714
0.3181171494488093
0.0698499733329715
-0.6420154440951623
-0.0485492217879515
-0.3562926778085389
-0.1223846844575889
0.5029956031933167
-0.2678566051533123
0.0611125871413612
0.0032573192541919
-0.0792831344699077
-0.2864303330381678
0.0671183758001019
-0.1490185750154654
0.0965503709401526
-0.0140273226212168
0.4628652697669414
-0.5145061410634466
-0.4366531559842928
-0.2513858314112233
0.3473792259889915
-0.3128337134758670
-0.0221890355534916
-0.1131786822025265
0.0945145964786349
0.1299522327257052
0.3586637435883786
-0.1257104133211006
-0.3083344514535348
0.0484548678372628
-0.4776259028371027
-0.0534765412605239
-0.1947301799660769
0.4821745617150658
0.4563249090996167
-0.1191622842035155
-0.1842470485615398
-0.0190200110839985
-0.0435030067563582
-0.4141644197082585
-0.3298651532831905
-0.3799162729928774
-0.0567232406130781
-0.6524897622524328
0.3241446516044341
-0.0643950724074508
-0.0915109635920279
0.0964803118148881
0.1320660938862899
-0.0112637228174537
0.3746793405697298
-0.0423570300188705
0.3324216058473348
-0.0100588930776890
0.0157641298991541
0.0199533787318702
0.3205463503238440
0.3730130470697708
0.1531926832162288
-0.4668481488532362
-0.3920204306664728
-0.3310368815570699
-0.0854885554128222
-0.1465906494154058
0.2407885449216549
-0.1688983579336950
0.1773486117108796
0.2619438942554809
0.2338665867219356
0.3214551763438963
-0.1604422978463811
-0.1390560766844489
0.5013330203624828
0.5746214792501124
0.4433595641653659
-0.2616859405216704
0.0228360093077142
0.2313275905784398
-0.2065799632975025
0.0439347221183119
0.2341292993387853
-0.4843846463869756
-0.4579152500074410
0.0917556644273308
-0.1860083844158485
-0.3068610030415538
0.2549226218383651
0.0324041071610908
-0.3236425730583145
-0.1194021060610681
-0.3889941821286402
0.1313551452047025
0.2825189749833333
-0.0715118279282109
-0.2666613613060883
-0.2737849547821402
0.6403574378996613
0.0730572424437360
-0.1290449242455648
-0.2223449482981125
-0.0973490793241444
-0.5158391636770314
-0.0229392814265402
0.0043834997935268
0.1387873301785205
-0.0207436855298063
-0.5048991792498105
-0.5919783438092026
-0.0688090217926354
0.1673600132288578
-0.0130090318713282
0.2510869158113140
0.5419122729822237
0.3520693719406504
-0.0190388290123719
0.0929455168208601
0.4819251823097939
0.3288270006924706
0.2686215502997116
0.0978122556176479
-0.0696972571844907
0.2884466422082632
0.1920765588995388
0.2595154197890412
-0.0546687802407772
-0.5060753335623741
-0.0909902914517018
0.2742719731226256
-0.6185982637088800
-0.1268707425143872
0.2321250553988196
-0.0209993283779982
0.2487269664932610
0.1954608940267551
-0.0099090958430068
0.1844618738969323
0.2448303944584280
0.2704259573878747
0.3677016695941617
0.1775398089114769
0.0261845902175696
0.0350862689236308
-0.2912267229820831
0.1786539202838347
-0.1900044918961204
-0.7150734168344665
-0.6997777337892810
-0.1264919462157958
0.3858265836743956
0.3312745719413441
0.1766035502460444
0.2829135049183157
0.0986499696767681
0.0821744039174701
0.1630998856582176
-0.1787753391930243
-0.0012848592174533
-0.2223257886096379
-0.1739457607754945
-0.0348059228525987
-0.0130541586986007
0.0446311682312941
0.2881771465037533
-0.0433813997555098
-0.5074516077687961
-0.1963560481285171
0.5360449859573206
-0.1818622319736858
0.1968781682095506
-0.4756039432385258
-0.4128383220391012
-0.0761131433029036
0.2439373581030096
-0.5013449601965668
0.2354123215948005
0.4779070853756126
-0.3335742239184308
0.2349164929200271
-0.2399325167310742
-0.0148023210487351
0.0200861077703790
-0.0667627706249694
-0.2481206651993939
0.0420345421965241
0.1450854132134940
0.2022873822901329
-0.0334389947755309
-0.0643310584016793
-0.8696255342230830
-0.0259913232728973
-0.2794475080088087
-0.0896441259406869
-0.1384348886255524
-0.0850135463353071
-0.3013225620305279
-0.3722824326614662
0.3064093760910803
-0.0529115748230944
0.2899367341541480
-0.2201901735932136
0.4085557326695413
-0.2625000986247953
0.1615068258039110
-0.3356522625909133
-0.1465550758368499
0.3812187904404505
-0.3429992403086440
-0.0580118954193295
-0.3289202444189341
0.1813114370420010
-0.1580479166546727
-0.4080961995989362
0.2282023340553006
0.3325334025162153
0.3426620990486530
0.3222514650683079
-0.2618404843279651
0.3064695670164081
-0.2537860355045310
0.0485608572948074
-0.2899046717746313
0.1211401916985653
-0.0409710788864563
0.3769666225547952
0.3863382033073102
0.6776531580840999
0.1111689389473424
-0.1409116113782752
0.1711748022333086
-0.1440344563328100
-0.3460567359522998
-0.4710817297475178
0.1114793315634080
-0.1191484296446649
0.0215138839851254
-0.2099163387316048
-0.1006137283238740
-0.1605685003095570
-0.5701449110813678
0.2086585685895459
-0.4200477400186187
-0.0789046632680671
0.3041147361379558
0.4320387102790504
-0.4645899737898513
0.0941612154028304
-0.2619555520030085
0.2652087847015909
-0.0640127259863936
-0.1039418706250590
-0.2369905058741885
-0.4451675336311366
-0.2944977869590072
0.0349438147479147
-0.3436161234974512
-0.7290857264214817
-0.1385689343198589
0.2514715435893603
-0.3445487684837530
-0.1660271474897792
-0.1840797723364020
-0.0526547833368655
0.1128960436222702
0.0451174930832826
0.1554281485713160
-0.2145854278192292
-0.2272212254995332
-0.2133432556280339
-0.4514318995657842
-0.0682906793490604
0.0560960347609778
0.3449570365429406
0.1289672454129950
0.0596843491637464
-0.1841796710723402
-0.1808264258206284
-0.5278553345324210
-0.4547662007255733
0.1841830017939282
0.5232322088857108
0.0636305712686650
0.1671701525954692
-0.4058216792576494
0.0167122684016792
-0.1292527324559452
-0.5907636494861191
0.0331309116549440
0.0196720241871300
0.3199414544813813
-0.1605748862852020
-0.2977680322463220
-0.2216604021948071
-0.4367848273864000
-0.1248640412707360
-0.2812890296082941
0.0550890713051819
-0.4096040384823605
0.5221450870249158
-0.2693258786776527
-0.0278792003146212
0.1131668759989533
0.2171155132043039
-0.2651933940340648
0.2204559641596628
-0.2493017382907834
0.6684725295863475
-0.0401776804898965
0.3254025293451516
0.2478093698925021
-0.4149817160074129
0.0359786183667452
0.0722943756280674
-0.1370831417977965
-0.0750444272935514
-0.0251022904166677
-0.4361139849035131
-0.1490568854098150
0.2782567753259069
0.1794156061631795
0.1120354127499152
0.2571393503379840
0.0624060963489291
0.6768780649942050
-0.0159209761273551
-0.2847583650373917
-0.2350912598884871
-0.4288406229080473
0.4581882601302337
-0.1517334580415168
0.2962494690345874
-0.4373338917868140
0.0212379092327381
-0.2571727247753526
0.2023346737882490
0.2704741081945936
-0.2277456735140187
-0.0399214575934856
-0.2645095048696689
0.7008699904739171
0.2031616024403906
0.1633877479456133
0.0665314479349699
0.1079664806069993
-0.0958090145159747
0.2918885840682883
0.2016294925170349
-0.1840422319559834
0.1024404634262517
0.3648290023142220
-0.3350064349004576
0.1673108760627207
-0.0709888127540853
0.8652608776285330
0.0218535968913143
0.0471607671969882
-0.1021794653988361
-0.0130927917748910
0.0893862900763312
-0.4229609237404813
0.1240518912690520
-0.0507415127147953
-0.0113166315666984
0.0772910254396147
-0.0704216824897163
0.3937626782306400
-0.0764138884292404
-0.3194594691224940
0.2533776604115510
-0.1423126273737290
0.4431588595734552
0.1323232611020893
-0.0279185144857854
0.5961961569547026
-0.2674747811030232
0.1277587930690175
0.1502755337372803
-0.2977413586402551
-0.4830530731641301
0.0703114193878273
0.1884306204946130
0.3106996226043635
-0.1257943043030813
-0.4267207437130968
0.4324178713293604
-0.0079409831917708
-0.3422829851500604
-0.1659573044836505
-0.2213551801936221
-0.1071966688288080
-0.1299530082847217
-0.5154862641012208
0.5744397773140931
-0.2585787761973817
-0.1162829577494300
0.0213715797774500
-0.4375057224193283
0.0819080967960921
-0.1428718069695284
-0.0738672547175429
-0.0210170401142080
-0.1922166518270283
0.1858707795579340
-0.0315473834015233
0.5972128444246397
-0.1896177407380875
-0.0917724447966019
-0.6895242215043400
0.1859591390001814
-0.0723425772739738
0.0728926244208214
-0.1641871523959507
-0.4612204091111989
-0.1964641286980018
-0.6465466888891962
0.1824785990794254
0.2274539889125382
0.0817641769929629
-0.1346959957170501
0.4083500498222466
0.1262335563008280
0.0691718593359005
0.0797870307934141
-0.4800196706390591
0.0960616834132819
0.0873819814725245
0.4544732686553339
0.0566294609875667
-0.6162668438770422
-0.1022526899587956
-0.3641193772220148
0.0827871622198544
0.1118514108982350
-0.0046382305715251
-0.0274861502142538
-0.0563274249560155
0.1565263057723090
0.3062788872866908
-0.0389939278890761
0.5918584209388570
-0.3180712343293070
-0.2829670666300043
0.1216074256227581
-0.2421258516616465
-0.3816071444920882
0.0316837770232715
0.3541500018138825
0.1577830811910815
-0.3664076856639011
0.2070441982217809
0.2199038505890397
0.0513881440545081
0.4183760613519549
0.3022636437468199
0.3749208978773381
-0.1861032792277745
0.5361227930745137
0.0783817212990863
-0.1086778246466767
-0.1104822567697915
-0.0964048960674884
-0.3188616230771006
-0.0339043000195419
0.1940339144548238
0.5820245025670397
-0.0568976207615425
-0.0942038469211820
0.0288750697177509
0.1573852744738188
0.5874718142947837
-0.3412288356641887
-0.0632661389327664
-0.2244437739313723
-0.2437430792626356
0.1138969560448342
0.0642068912278894
-0.1211110739856025
0.2359761172222004
-0.7134040010937696
0.1302229654993843
-0.3625643711610274
0.3125151363792441
-0.2091461557842488
0.0397241624280795
0.0391842278249964
-0.5221699484838971
-0.3341667083272299
0.5369793145473376
0.2337699837047716
-0.1535750355635078
0.0685807751335640
-0.2207269149580962
-0.0170329991496728
0.0293737425447455
0.4374935754475344
-0.0801147858778321
0.2472170164602349
0.0812498604985944
-0.2826335303098325
0.0029300727447406
0.3934630400943131
-0.0680563141081225
0.3144229861136111
0.4965009036040661
0.2041910717480545
-0.2301249421362916
-0.4964899396585718
-0.5346491268029582
0.4116411990207215
0.0494972127447335
0.0373719418086243
0.0015102747461847
0.0626908395848942
0.1212874796968306
0.2498105269970317
-0.4189147376837566
-0.2326124198241402
-0.4630708914666584
0.1255948968602734
0.1612025291434442
0.0610724276605138
-0.2386777804649367
0.2159943799748324
0.4581037614147986
0.3402974175013770
0.4969740294813291
-0.0528673841359806
-0.3669872939977918
-0.3644967740268224
0.1136520823596665
-0.1037754556134231
-0.2029247552448537
-0.0750941680146861
-0.1451384014511628
0.0807914130011310
-0.5166449063220970
-0.1136724425830961
0.5196135864167329
0.0111819922473416
0.1685941019137202
-0.5808674751088515
-0.0975133734847271
0.0168359505174903
-0.3252098161031621
0.2184927612608236
-0.2573294707738079
0.3207642631232632
0.1029008857410523
0.2406497560283577
-0.2798333707083080
-0.0643704886586021
-0.1960866014728397
-0.5042753153805060
0.4037541427182293
0.2658555820077871
0.1508079946565416
0.6263437016699693
0.0564935733509152
-0.1298307567776310
-0.5012685321752500
-0.3436750620800009
0.2167351017774767
0.2650602402667025
0.1402925139831061
0.2408703685134280
0.0240516880128249
-0.0031991138315577
-0.0013483249763895
0.4000610393856732
-0.1275873946227886
-0.2161685889386908
0.1474891296532742
-0.0249869280395510
-0.1885187166528804
0.4179289583473382
-0.2364756541800449
-0.5202263324259457
0.2058180134597674
-0.4188596511348489
0.1100487038652229
0.1647715586337365
-0.0653681843772257
-0.4671680944711412
0.4742895448376329
-0.1841968854396461
0.1571683410529674
-0.1339049521794999
0.1036541204761987
-0.1085860988940975
0.6432217163423610
-0.0209715447162251
-0.0785601715927802
-0.0050711438689049
0.2994248468113384
0.3075113805978102
0.0072537093834427
0.0533630068685617
-0.0808854181059879
-0.4354726332818283
-0.1292448709814790
-0.6085233783403746
-0.4509876707980424
-0.1418103838895451
0.0492611529836133
-0.0282805753948051
-0.1230755023309934
-0.1364872393953724
0.2669997848038246
0.2340328097271223
-0.4745491768352604
0.2253918562062538
0.2384696614233293
-0.5559492257452768
-0.4372656837800610
0.0615625831110883
-0.0541956719531830
-0.4258866227992982
-0.2438807254682635
0.0007906322912160
0.3705107056122149
-0.4621718167385866
-0.4849446047322358
-0.0299620609615237
0.2454414721508644
0.1139218853255770
-0.0087114766293088
0.3097731627471154
0.4862596830480117
-0.2318353738991823
0.2329180645823141
0.6523374951645330
0.3272851828346058
0.0499890558367382
-0.0108918474787081
0.0097690332820173
0.0220322772955095
0.0385386554274623
-0.3133164101946572
0.1415714045392699
-0.1443471822605573
-0.3856932451344262
0.0868233750881241
0.1330005548378910
0.0123661997234386
0.4706879299755667
-0.4632251654886249
0.1824761266568964
0.3677032043110996
0.3025007519150418
0.1700286669193493
0.2828072233449749
0.4882714407325774
0.0294222107450236
-0.2625082220655439
0.0037485542487764
0.3432393649682237
0.5022412631272621
-0.1485527335902354
-0.3360585885966656
0.2526157941211404
0.0932949917880677
-0.2606673814945746
-0.2151085748714823
-0.3851156932216417
0.0757737703259403
0.4633383384977710
0.2012669261746004
-0.4464342894205741
0.2850192770869092
0.0124408576593215
-0.3291668737705178
-0.2419373130140738
-0.0489893462274357
0.0558909238804495
0.3710132927782166
0.0420681925871924
-0.0836139522311529
0.3541486512687975
-0.1032131977155067
0.1894380405071637
0.5487278125748083
0.3217736015793572
-0.1199281525372919
-0.1108684149938390
0.0532816213150203
-0.6091337898597182
0.1186593287348767
-0.4357628615289835
0.0379781481111155
-0.0038214890738895
0.1672652553840329
-0.2790888685149401
-0.0575530807249490
-0.0225548049617331
-0.2200201208482034
-0.5466436103549212
-0.2431530395762508
0.2166618827233480
-0.4956516761634469
-0.1777555000663185
0.3381620366730747
-0.2390052576781823
0.0956308985490812
0.0769586648164749
-0.1775309415555019
0.3907583690316280
-0.0246014460318863
0.3031875912285022
0.1043619802128797
0.2953264211820564
-0.6379746063457704
0.0654040528139268
-0.4834596417643668
-0.2006854502812283
-0.1380758516035870
0.0893421891818362
-0.0248864023049679
0.0025827210014412
0.2639577512984185
0.2721154435805836
-0.6203356972646903
0.3935854129138405
-0.1029325022025889
0.4369738975859420
-0.0168044917503264
-0.0760431767213608
-0.0552445544576106
0.2994533159413421
-0.0585940415778573
-0.0942576157907868
0.2794170532241483
-0.6424202174768215
-0.1167870815068342
-0.4335328167973896
-0.0746946918369389
-0.4228442328294640
-0.2075540564083319
0.2330521807603091
-0.3113042539043129
-0.1870856914354731
-0.2923911964253671
-0.2155191514795352
0.1616019826033585
0.0838534044752549
-0.4277553359494575
-0.2668293113195362
-0.4154986589604458
0.2810719043087512
-0.5185308570871168
0.0824009546251139
-0.0697653512311037
0.0215728362534344
0.2047200960917421
-0.4787114990260086
0.2829437671836657
-0.0259509179392479
0.0683381812883705
-0.1622826504012008
-0.5071394461296131
-0.1324737736450163
0.0082052829903539
0.1904080130933544
0.3355516308996302
0.1326445986315419
-0.3874766020833216
-0.1175586477909085
0.6952369707250570
0.1459014013049767
0.0270139959029060
0.0417901109549233
-0.3806083132108040
-0.3370506535123150
-0.2974385059152337
0.2998544796786208
-0.2773947305501700
-0.0220560210401865
-0.1437668362524371
-0.3813733620654738
-0.3237338513247783
-0.0493645859748540
-0.2981524995356344
0.4982168163168931
0.1418106350027532
-0.3556846103391856
0.5871770076915739
0.6337769527270795
-0.1517617465761006
0.0182922825269201
-0.1188443144801714
-0.1675988898693393
-0.1370662414753309
0.1785136698320824
-0.0381653498249456
-0.0077388061911626
-0.0963744343019567
0.2312344543394631
-0.2219990612954715
-0.3287500235786021
0.4433804507250660
-0.2444457956161214
0.1321445312737418
-0.4856550411292506
-0.4494859521441061
0.1014762269474143
-0.0775474074458261
-0.0107938852841020
0.2470674898413074
0.2556348834368201
0.1784758344883602
-0.2357238768613750
-0.0028621770229437
0.0825420096072872
-0.4144482585644887
0.3192388314600573
0.5526961302710264
-0.0305341803627253
-0.3555098002178054
0.1226429472514669
0.3448121396594223
-0.0639618936429069
-0.3577270146554805
-0.3312463590620798
0.2137798978036541
0.3985756838529486
-0.1513696207264328
0.0917394067774742
-0.3313319207271249
-0.0318736627513835
0.5429752512289744
0.0204475613108810
-0.3410070515051395
0.0207837342680738
-0.2109913973529360
0.2890651875628540
0.5916633699940554
0.1195401161594280
0.0370233271015658
-0.2737453697737445
-0.2509401886605146
-0.2053935125678054
0.1472555668772982
0.5332928363088087
-0.1399515003894269
-0.0187573284335921
0.1788203514591064
0.4611081107436106
0.2301222725216277
0.0634910337521694
-0.1324017374279544
0.2916167364888202
-0.0296492090715769
-0.0226419592752674
-0.5939238264115858
0.4816993875825913
-0.0965468616452655
0.6204748608373477
-0.0321188634578646
0.0734579921453957
-0.0564971522883907
0.1653341247350888
-0.0473062450461556
0.0570086719951659
-0.2674617085435610
0.1367751002360885
-0.6020493117546047
-0.0042112196894395
0.3461845993256814
0.0816957332895252
0.4880780444748892
-0.2601631085822897
0.2481362322181451
0.0405497130923331
-0.2111720744233992
-0.4037858333067924
0.0994947469724868
0.0396965398682114
0.1005168571393959
-0.1543940352715144
0.6092225346953225
0.3280397559306824
-0.0626931183345458
-0.1935317074979190
0.5547084784871432
-0.1435939317333148
0.1813069242442745
-0.0388412245665503
0.0179945678244267
0.1187971028478126
-0.3532166357185763
0.1430380771696975
-0.5732756539479867
-0.0985846866074691
0.4697599500621502
-0.0644842076065464
0.3980346041800961
0.4403043987229306
-0.1925505773306348
0.1632805672865272
0.1012116743056199
0.3329865541872869
-0.3775479638959755
-0.2883766731378835
-0.0508452433644561
0.3615360801788882
0.3086224319442992
-0.3172025289180921
0.3016105449403491
0.4770349773278568
-0.2850188467388024
-0.2499155341369665
-0.3504212552994738
-0.1809386422048788
-0.0965666652571662
0.1819841289961519
-0.1149974469758816
0.3319871902706860
-0.6035394166137149
0.3009814657831945
0.1365742741839593
-0.2659189358107327
-0.2844899113055233
0.3239585982658025
0.2752292268792911
0.1107247971865645
-0.0509448820996909
0.1021672151631851
0.2421592670563442
0.0786783918280152
0.2887315600458154
0.0482577244384293
0.1269148069684805
-0.3231104659040945
0.1402437573916646
0.0334415641780646
-0.2999316272777267
0.6237053098360476
-0.1423403810330560
-0.4724327223567924
0.2107127002177266
-0.0829653666669193
0.1536509040565609
0.1131364044205841
0.1437053713246211
0.4804950418389317
0.1847732568500171
-0.2199617561346477
-0.5078653798667216
0.3810471926937172
-0.0302416654495054
0.1001207323099539
0.4567212777271159
-0.5345182493543643
0.0927454083371092
0.1087693675459566
-0.2021524361603762
-0.1398031712525269
-0.0866825213970861
0.4625856966436981
-0.3648888614791115
0.1090128877516020
0.1286982556403256
-0.4225490457852811
-0.2679723989590558
-0.1927137063401330
0.2905486961708988
-0.2444726780824794
-0.3182345496981624
0.0399849975288713
-0.6012082252459272
-0.3132579448926341
0.2554552296493481
-0.2581313675292768
0.1810959242948687
-0.2733868150387773
-0.1296025915309361
-0.5427799543483153
-0.3759670000662642
-0.2881615469613036
-0.0122302412677991
-0.0963332825419457
0.2791191376506271
0.4995912245983803
-0.1579386643308222
-0.2430516635302933
0.0572328569932587
0.1743535738131871
0.1624179564884390
0.0299521883155260
0.3723777237317438
-0.2243735611047834
-0.3540969396670082
0.1026498292640452
-0.2360686424902818
0.0374722523038303
-0.4353444335315121
0.4580351802418491
0.4631603495887987
-0.0458948461121573
0.0330930520547223
0.3973551243605402
0.1238580783921104
-0.1883509481776192
-0.4778932765384480
-0.2595550445247750
0.0225482081378248
0.0722822360027147
-0.2170469620720078
0.3055733809107414
-0.3314942041554998
0.0486694627170706
-0.4868947060664861
0.1928137262846641
-0.5686943478819823
-0.1530505993720770
-0.2310710328348541
-0.2709044465152859
-0.1310601478679565
-0.0268503610188068
-0.3100446087710287
0.1563119380749700
-0.2484454370630194
-0.5368262837341925
0.0289084512555635
