0.7465704369971621
-0.3540050050292043
-0.1885920898422355
0.5307975722109867
0.3477364396712470
0.7100565600040522
0.1112879511732130
0.6020913901092141
-0.1970840912683402
-0.1241158137792970
0.8816406744270221
-0.4104422577351182
0.2762261350824379
-0.5560510498293516
-0.6725518539424136
0.4027162227173337
-0.3079389880401396
-0.1816866940926762
-0.7515041262811712
-0.5544412259355022
0.9793939885470622
0.0068210231701852
-0.1974086964893622
-0.0420796315473389
-0.6674283931830640
-0.3261618585794449
0.3976809103268442
-0.5385236072287714
-0.1806480295863885
-0.2643175507964101
0.5657764752007511
0.7598680818780037
0.3069550120596337
-0.1931049996828839
-0.9052101576592928
-0.2215483020458108
-0.6561341897947892
-0.4056865972914626
0.0652852622737452
0.6329645679580007
-0.4817047068684096
0.4510405347671199
-0.4669655249149353
-0.5886138037106581
-0.8331010037714253
-0.1758973560052548
-0.2772840577114149
-0.4451026724301902
0.0539096966793109
-0.5494852842426666
-0.0433502097440138
0.8326346295463879
0.0021923745646564
-0.7672966769719304
-0.6023012191049211
-0.2201913814533336
-0.3346358245549481
-0.2114028110366973
-0.5334095635956507
0.7475305705286640
0.8134737908777466
-0.5244696276274350
0.2513544093651879
-0.0036002977662379
0.1707235905628848
0.7542311748167784
-0.5585048332413117
0.3001018857086932
-0.0627493403073973
0.4188627949564548
-0.8861337216647129
-0.1881050414552960
-0.4550384143007097
0.3668469953751720
-0.7150184599511726
0.3835517245743493
0.3210701471035465
0.7942500993960006
0.3593408862094513
-0.3700741381757936
-0.2180664327189228
0.4309984631596149
0.4001149712162831
0.7788423238909701
-0.8393861938110875
-0.1617226124013386
-0.4557472410973873
0.2481351778961260
0.2198028759175654
0.8287593653235490
-0.3485783298730638
-0.3785997333197439
0.3021940822477962
0.3094742650290858
0.8912896755765283
-0.1360409135143044
-0.0580140550364994
0.4124159189494662
-0.3390464554139286
0.8435608930519126
0.6935525929273253
-0.2896294166645629
0.1003762417107228
-0.6519388099709661
-0.3601833309607443
0.8878080838406095
0.0555007846238029
-0.2810417002358024
-0.3305314661977612
-0.0743334457434968
-0.1510128984377073
-0.9286649520696363
0.7485320760056936
0.6616898443009515
-0.0324780931946044
0.0284860422318003
0.3116443298533815
-0.8487234470148863
0.0528214446892814
-0.4239766705118850
-0.6696333068995433
0.5848046567922500
0.4341690542253406
0.1452307819918159
0.6167156937071533
0.3985206802795512
-0.6684497999233147
-0.1183971516013339
