-0.2291091505447679
-0.3480848523323296
-0.0202296349174266
-0.2273517113891977
0.4565920547032153
0.2819320015799134
-0.0623533346788529
0.1757405414584758
0.4909519608868905
-0.1022276805378907
-0.3903977746171545
0.2182166600638639
-0.3522001950120473
0.0513980878620764
-0.3576914842973111
0.0933059789544225
0.0102910938445377
-0.6597774983351538
-0.1939067779651272
-0.1351504748890028
-0.0191886897067362
0.0153322170563374
0.4383584159933961
0.2294012394472337
-0.3158780308912879
0.3972792092177597
-0.3985343629708795
-0.1678277526574222
0.4105383932640814
0.3798673769643916
-0.1873693303749571
0.3227760424190188
-0.1599612232842495
-0.1007914911401750
-0.1290891891066243
-0.2255024038837379
-0.1231569753593759
-0.1571647341768040
-0.1447631932912020
0.5855693592072884
-0.0113330307864433
-0.2046762842196520
-0.0494896281110566
-0.6082631396952126
-0.3076501942413740
0.1556652794309998
-0.2483735237146890
0.0354955116375062
0.1435277064079073
0.1776644551284706
-0.0236833872305945
0.0681873474161303
-0.1372502447295222
0.2808468277111164
-0.7410779503629001
-0.1898828435172626
-0.4535593770805257
0.0407206532252471
-0.1683869532491026
-0.1546986827596041
0.2743501758445433
-0.2699630866964068
0.1590696030019983
-0.5366902891788173
-0.1198509149720181
0.0529898104149812
0.0665816158802690
-0.1029052130633589
-0.1829994357590287
-0.1818273524277066
-0.3500884078486599
0.5632101548907568
0.1262610239902001
0.2408405930225436
0.5268911129113978
0.2163104560254660
-0.1362420382020388
0.0762467544363455
0.1663751218199229
0.2414480759503325
0.3142451555072490
-0.3701050243461538
-0.1343808714593465
0.4873502065518080
-0.1322964890286037
-0.1956781361256406
-0.5561823626547729
-0.0601292859619847
-0.2737743617906586
-0.1439544403721318
-0.4625506409124709
0.2913279892079242
0.2175124099258771
-0.3409362155548095
-0.0597670066180567
-0.2638782542474262
0.0420953774775060
0.4220705349271243
0.0400502959450166
-0.1446651036520917
-0.2720828053717473
0.5658613988602569
0.1124929562306401
0.1391717575499667
-0.4561462857376880
-0.1280527421569652
0.1743892613967746
0.3412070516044212
0.5144800806182105
0.0162267745945179
-0.2589567669378604
-0.2926790335392411
-0.1053514552904110
-0.4589997502156947
-0.3086238583507522
-0.4718326899156481
-0.0010157838528186
-0.1909865544751734
-0.0346725216732745
-0.0706665550626907
0.1479823667706835
0.2114923738120402
0.5370053924887528
0.1061828668818393
0.3106637438864154
-0.5520666349576847
0.0250294859605887
0.0906573983980457
0.0902239146114273
-0.1457378043754229
0.4187129889877711
-0.1374314460857399
-0.3186266493533736
-0.2566307816039978
0.3501367892628788
-0.2764254942427037
-0.2335268107042614
-0.2996173971762037
-0.0702663764166187
-0.4357761754270801
-0.3872622138840739
-0.2197135870622872
-0.0110354985702729
-0.3099990573997519
-0.2267476183282255
0.2403684557209993
-0.2053453643338590
0.0816550567006635
-0.2045276512970035
0.4399884089796553
0.2824802582457206
0.0263648483621629
0.5824154606545763
-0.3665093005159215
-0.0733537815157826
-0.2171291804261282
-0.1720130448220702
0.0394325541441670
0.3547810507832723
0.0434629498135502
-0.2925198668441568
0.0201647028176356
-0.4281279001153882
0.3292440835681578
-0.0571247383965765
0.2453577932706763
0.5978487641942334
0.2062558692961968
-0.1955837551335081
0.0424631225033466
0.6370498668933020
-0.2409288719035413
0.3887302290449793
0.2133512402199982
-0.3096126305038832
0.1700071518241137
-0.3133861083143872
-0.2472842927336945
-0.0563883791560317
0.1101464697251593
-0.4913385625015033
0.0791334622582710
0.2329463724325735
-0.0876747992790416
0.1982488284673566
0.3521558808247453
-0.1193917094010619
-0.4160599242501050
0.0252591395213014
0.3769895367969391
-0.3513012532508871
-0.2711551595372036
-0.2741491718592131
0.0562155733169529
0.1611894547938683
-0.0742309555450002
-0.1815103023009720
-0.4019096166476541
0.2204289524586281
0.0116172918503868
0.0484509934862058
0.7843172066431503
0.0969983706296802
-0.1416999933992902
0.0738841950267077
-0.4191091095213355
0.2900398582221380
0.3527351454371200
0.0197599191740020
0.5096185635189301
-0.2799952147288438
-0.1605213997350761
-0.0226128974235145
0.1155423154262606
-0.0237035635062954
0.4813047625130665
-0.6061526018714969
0.2466369805483589
0.3270287125928977
-0.0761676133104017
-0.0708408891132265
-0.2672643447910936
-0.2456423296151167
0.2976702269777181
0.4273403779753562
-0.0725922492053261
-0.1652411619770789
-0.1356815547295053
0.5472321603692726
-0.2863448320140332
0.0891803696030879
-0.0956637911003791
-0.0741588893603480
-0.1205037710108706
0.2342141805211135
0.2424240024662248
0.0345789691940850
0.2502992979542626
0.2364734141186575
-0.5899384733227826
-0.1300904770967975
-0.1664874604490312
0.2579172386169943
-0.3399994752623992
-0.0102380747984130
-0.0834435131285460
-0.2973557732546646
-0.2761360497418510
0.4261121784353674
-0.4471951718513401
0.3681925900691598
0.2904777831328795
0.0511068128201556
-0.3331678839565375
0.0564588362591409
0.0203275738380637
-0.4831701537663787
-0.0090493576558154
0.0842279138747465
0.5519736748318436
0.3893082591829752
0.2658579105712346
-0.3318332052379361
0.0716048280905471
-0.1501039019225610
0.4412344005814245
0.1112742585705276
0.0345431049198262
-0.0090885108777364
-0.3345074822639935
0.2204154999242334
-0.6360727622536997
0.4472855434533579
0.0068490729414477
-0.0560956156222392
0.0282567190278208
-0.6060368089538856
-0.4678694918370691
-0.0407027855760472
0.2205841554191642
-0.3992964068864108
0.0828176732027954
-0.0633315212438301
-0.2106748390779216
0.3014578163679029
0.1197581576528569
0.1997489065278358
-0.0607768413296794
-0.2899996268911902
-0.5488211894765154
0.1814685768689800
0.2024131520388603
-0.0314762295269684
-0.3803444908404265
-0.1757650545361645
0.2597738038005565
-0.1008220934257364
-0.3684046290432609
-0.1779896414635333
0.3452502627208523
0.4714786688229077
-0.1266962983505218
0.2257447324761787
0.0184500121673276
0.1527991730600754
-0.1310172928913071
-0.6665794601826985
0.3327500028508365
0.2956584104126416
-0.0564108658475135
-0.1003102695804433
0.1188811783409901
0.0949778260171802
0.1056638661910911
0.1951261126936412
-0.2291296631384905
0.2073587708046077
0.1125971852968922
-0.3414908246421956
-0.1339958233066044
0.2502377436407844
-0.3330417434697774
0.0158927776172759
-0.7247101461968762
0.6401871587196254
0.2151431554419389
0.1055766184367294
0.5858228617599013
0.0300194254319416
0.0189958988556307
0.0156769432089167
-0.2383940113034369
0.2235390717139543
-0.1404447200476649
-0.0807977383295303
-0.2344712882516687
0.0078852254768659
-0.0031794265340152
-0.4308609031792022
0.1799838422958701
0.2267356463688087
0.2657974224990408
-0.4522311364706740
-0.4883678830851851
0.4569045463994574
0.0422977944306930
0.0790771240816710
-0.0038523290112546
0.1103523197528936
-0.4337819104288789
-0.0775387995479250
-0.4649024655048675
0.5172072198690441
-0.2652647638012552
0.1013222000245049
0.0973911520233974
-0.1632016439313389
-0.3897044884379565
0.1506140292709764
-0.1367485766972313
-0.0133465540114330
-0.1304977202093620
0.0428583860514185
-0.4256305686572274
0.0819093123011927
-0.2016089824042326
-0.2574225128381178
0.2574849230433233
-0.1941594173698586
0.1088023149282010
-0.6831113976071487
-0.3220199290720998
0.0801546178251283
-0.3376433734623122
-0.0468089718043146
0.4573603215203408
-0.5318144433157777
0.1708530034062399
0.3187683498107986
0.0583934184712076
-0.2344423307767176
-0.3773463363496533
-0.1292941206990986
-0.1925923397692539
0.1828336911886997
-0.4780870518251019
0.0059269344971152
0.3571656987592849
0.0298168890550524
-0.0994650785366151
-0.4066058565386945
-0.1711627416290896
-0.1469472336086896
-0.2474982252547971
0.5106816997170572
-0.2476895890233670
-0.2341935594894035
0.1850485280742134
-0.0809309297059336
-0.2293827873701299
-0.7955010469600556
-0.2383859001439113
0.1303579753823367
-0.0339369012941089
0.0733555504815177
-0.2689411086639685
-0.0145923991126497
0.2569555943768963
0.0379049911068112
0.2470953234338062
0.0704496933418798
0.6818383450785499
0.2433595768677148
-0.0200146402413774
-0.1937847693599206
0.2781458656165099
-0.4346981361425805
-0.1526371869155808
0.1262612911237194
0.2547465441781120
-0.1373199864901376
-0.3214733205451673
0.1184035219703465
-0.3049561391270010
0.1443113419694258
0.6411815634023386
0.0898529311028328
-0.1673125710131750
-0.0757860433973945
-0.0160189143499961
0.5083431417323074
-0.1958596401248450
-0.2648237327205025
-0.3954324620221057
-0.6082548678021743
0.4005791447333531
0.3524550479142378
0.1050866647423156
0.2068347128582914
0.1052880015406684
-0.0482697998848520
-0.1781217984018634
0.1242930003303469
0.0665123670479585
-0.2534105084544986
-0.2652100317100444
0.4195598179996611
0.3768238700948213
0.3428328938236422
0.1241810879273863
0.2575195331015778
-0.3355362088484141
0.1698366468792442
-0.4307659901968175
-0.0182476748070432
-0.1443159301643654
-0.0279598635214882
-0.1952460278954013
0.6287425657458507
0.4661093668678707
-0.1134139481884238
-0.0848832829150797
-0.2235717090571574
0.1465486149454873
-0.1425869235740044
0.2303158622041934
-0.2135779958676140
-0.3714853836815007
0.4770378479302882
-0.1032822470590512
-0.0668881236535135
-0.0948245993419895
-0.5992295703025659
0.4161176724951839
-0.2513330817602829
-0.0648327046138057
0.2685680680873574
-0.0797296991385839
0.2643317793578174
-0.0185318319756213
0.4546628908879751
-0.0840136940819189
-0.0284153742835567
-0.0292887872496170
0.0630396996183370
0.0069972959599944
-0.0783954015059505
-0.2753937240293474
0.1982779333376664
0.6385961656322371
-0.4770004194349595
0.1545929444093064
-0.0898067771912808
0.0339041913448384
-0.0411061842865852
-0.2884279282246389
-0.2912309425731955
0.1060344167819278
-0.1653027993001680
-0.6389768020377457
-0.1618981291009746
0.3834701157728754
0.2705889915525134
0.3574227129231324
-0.2895525501564924
0.1095130320570070
0.0453731161947074
-0.2080192853776668
-0.5473939796317975
0.3001936557365785
-0.0490046620774992
0.2647816307073171
-0.1659279161619499
0.1520634651714527
0.0252643046025906
-0.5876007565596439
0.1730460039573363
-0.5852572890651252
-0.2704683908180469
-0.2012357071071589
0.0959230344405378
-0.0445160559782942
-0.1124352808220376
0.0936161252832524
0.2848432627259445
0.3751373418049023
0.4117005389395892
0.2998839834023070
