0.2867783018284664
0.4602353890686416
-0.2375541938651256
0.5271954429266783
-0.0134008087427844
0.3215334814536820
0.4961864941475103
-0.0307239898984162
0.1444513768826380
-0.0168796936613548
0.5143492937033538
0.1132648701480238
0.4123024209713535
-0.5740605997448991
0.1906808701079827
0.1048461730962065
-0.0400930831110534
-0.4169325138789154
0.2006611336989514
0.5458951766095106
-0.4290305010875055
-0.0348509104519885
-0.2282258000693575
0.3253482353093179
-0.0245041075568871
-0.5466474070136691
-0.1381646837519676
0.6345454362559927
0.1293606347731042
-0.2754130359473720
-0.4601020017520100
-0.4241177579985025
-0.0505294745493665
-0.1215814681494761
-0.0408699733729271
-0.3069042432796252
-0.7456535696637042
0.2847423046838308
0.0678631636410779
-0.2015931675133867
0.0494055815571404
-0.0163068476890820
-0.5148942558813127
-0.1570576128159315
-0.1587052190386200
-0.3088790909684448
0.0388255568129600
-0.2160792358994421
-0.2419594682179401
0.0244702033698635
-0.4391843626947459
-0.5482047779140391
0.0895526114421001
0.5438950439386651
-0.1645033871594258
-0.4127152417968754
0.4961338415513653
0.2722429195165845
0.1059240016615293
0.6449449800538558
-0.0168953682756369
-0.2341387486453102
-0.0077097555845187
0.3866647578319887
0.0054961893362863
-0.5079518040494204
-0.2519605567639079
-0.3797492681068121
0.2621467962479761
0.2687182728941114
-0.1415329184989843
0.4730639205592606
0.5977978516204807
0.6221430673465396
0.1527509223476925
0.1485960602282413
-0.1070089471464614
-0.3734146308733933
0.0535584710520628
-0.0232356367228941
-0.2363562840334302
0.0018566054210730
0.2653856850007389
0.4942296987733277
0.1244112586564630
-0.3264776668439871
-0.6531901211746228
0.0584283502271645
0.0771660759700782
0.3566684146991986
-0.2491222769249091
-0.6862694351706623
-0.1462719954424643
0.0146952225113842
0.4732232532692915
-0.1638865970373965
-0.0329095778683344
0.0407872909750650
-0.4379671217466937
0.4632899927050051
0.1303967639942158
-0.2398220137813715
0.3504694681593503
-0.1258507598619157
-0.5108495499433695
0.1295877999748437
-0.2993242971473221
0.4525725477677141
0.0768960344211823
0.2052534237338804
0.0005402625798275
-0.6710045889100749
-0.4034686847615005
0.4076278108611989
0.1824306393743894
0.3712753350344547
0.0404580938208826
-0.6836457906294138
-0.1403245706264311
0.2207873678683207
0.4587827125054925
-0.3540762605446254
0.1796852973653249
-0.1518201419503547
0.0481748502578061
-0.2658605511529578
-0.4717267268884623
0.1724534312461546
-0.0956625942703796
-0.0747285096958022
0.7973111211962118
0.1133308233434540
0.0847349642476493
-0.0582024004816854
-0.2718116884828257
-0.0227932118353017
-0.4397976111740333
0.7474421854600183
-0.0697306240970416
-0.4113655186031651
-0.0685959620547082
0.1792260661799069
-0.1224255199371802
0.1465925084087130
0.5924332604027573
0.1087155434541626
0.0891800274546261
-0.1297739359680372
0.0750794152227399
0.0698645375318014
0.1670559551809495
0.6050127179031916
-0.4560080675227506
0.1768673839733694
-0.0625129657553435
0.2025780919579467
0.2742151830032556
-0.4369079024525091
-0.5245943281094625
0.0855054370333748
-0.5316668534396758
-0.3041540079454371
0.3545512418508379
-0.1374170221664068
-0.2820947020398912
0.1606219563335604
0.7767197162809087
0.1737727552935269
0.2435012911788693
0.2388585267802082
0.0140136498587443
-0.0957498926211443
-0.0509268215627911
-0.3052390020670527
0.2623797643221998
0.4511364366982056
-0.5410734008853902
-0.1856573097221385
0.5327031597150002
-0.1081601826636974
0.1952259498307738
0.2952558898981102
0.5114534198155308
0.0058203163153406
0.0735252587391588
-0.1139660797554266
0.0115424284258080
-0.6443349362470190
0.4235532346001381
0.4538571658265626
0.0756798300794381
-0.5164948289021004
0.3728016633601773
-0.2243179476722473
0.3390161605483308
-0.0931894582153413
0.1461118397828596
-0.4327294816074832
-0.1219906851802971
0.5594496657183265
-0.0175978870545525
-0.4170712562608165
-0.3002654290440049
-0.2449015409382482
0.1423783885804444
-0.2262652882530868
-0.5256163496250936
-0.0209852052380391
-0.3792849308959260
-0.5091645422859263
0.4730431450789873
-0.3157053067378750
0.3016979528932985
0.3235045227193753
0.1893994524753336
0.2036305228314840
0.2423827625121156
0.2628189345362131
-0.5753648032230024
-0.2601108051715937
0.0028180320584654
0.0821915598279142
0.6008244934697005
0.0432702863800361
-0.3222556948809833
-0.5342949395921652
0.4316812890773213
-0.0422112431671624
0.1657791079785415
-0.3291236187934992
-0.4645622914534822
-0.0740429720851113
0.3705088611823002
-0.1789302195740793
0.2043370449168439
-0.2265854026707409
-0.6667040932205851
0.0069439946811522
0.3817846850560148
-0.4802373848464888
0.1498821359477173
-0.2368717406648669
-0.0860377396414317
0.0553408215051360
-0.1203432864319880
-0.6754255771823440
-0.6855000361166345
0.0670212639424241
0.0501420234789662
-0.1091983056151528
0.1901778415790459
0.0353118017380225
-0.3177096192125319
-0.0795485808040296
-0.1163853877181365
0.2624317690794830
0.4810696518076534
0.4238901011701231
-0.6134493547164951
-0.1027393525952759
0.1110419565807001
0.3879902018567100
0.3252352690217785
-0.5204648769869015
0.0923457252291368
-0.2874025232171921
-0.0313956563591857
-0.5382766683278760
0.0411821706509780
0.2987483246261276
0.1171376401147551
-0.3113357812502074
0.0483417225808107
-0.5582650209495574
-0.1021805398122902
0.0266931187490221
0.3344852832375206
0.0236515391230065
-0.6721300941882661
-0.0438089817657641
0.4490180822414733
-0.0215686785782511
0.1432015260614391
0.2330024775542667
0.4137036179989780
-0.3020029815800882
-0.1153284898148415
-0.6674910864099938
-0.1130820060906837
0.1137247067074770
-0.2388858078789282
-0.4158408562643244
0.3048867830751348
-0.2513786369143848
-0.3105988897059463
0.2107624157625205
-0.6687671255846326
-0.3332804336989007
0.3219083839830353
0.3920609812669475
-0.2882821644405090
0.3501632926218184
0.5261985984285882
-0.0773355107642208
-0.3018144037249840
0.2278348381161289
0.1738203729914848
0.1479380273440210
0.1502145670533652
-0.7241350128092791
-0.3129863842671318
-0.3882545826801662
-0.0811576850609705
-0.1654918313491848
0.3439312013627302
-0.4936667109204361
-0.0812594263935459
0.2041253862031663
0.2996001897017706
-0.3481560869206410
-0.2472237893814545
0.6389411437048194
-0.0266735057593458
0.1642349331443426
0.4310860250645026
-0.3043858615628182
0.5499555777426067
0.2443195374033452
0.4923318737609152
-0.2225248413299079
0.1462579990620014
-0.0989764437767286
0.1904604809019875
-0.1818015547765413
-0.0546138256529122
0.2723834210688582
0.3730220779061482
-0.1236388380360763
-0.0979462573077542
0.3905424018573137
0.5900048262871247
-0.4744662598833583
-0.3409731971047498
0.1081526227747319
-0.2686440871245274
-0.6107395659767181
0.2867705585620946
-0.3958055536048887
-0.0032212618623826
-0.4326169076306387
-0.0282961345123456
-0.0476385943037884
0.0773220640213693
0.1875772285929687
-0.7715928477029582
0.4755763924929375
0.0737479462407787
0.3244927159106301
0.1554612068683512
-0.0116511477505284
-0.0247902724961909
0.1840737158847394
-0.1364921112102833
0.2988679676769588
0.0906288059667125
-0.2831134997499043
-0.8237341098531304
-0.0148848714458010
-0.3007056262175264
0.0619297339873609
-0.0455010089752836
-0.6463053209897417
0.0654730741618791
0.2200714381588188
-0.1375204101577680
0.0917102157145831
0.3390425869845286
0.6175703476461588
-0.1959593131231659
-0.0827125575094927
-0.0703636258539418
-0.3238856475133226
-0.2263693395109173
0.3752112903596234
-0.7455446872981327
0.2836866269047650
0.1287014164455154
0.6723239256437340
-0.0802261809466290
-0.1017982571487070
0.5350162540216881
0.2417494820500379
-0.1849031447406672
-0.3369683138425350
0.1956468288718441
0.0219479038603758
0.2789970577805300
0.0019199403542171
-0.0708309033419013
0.3871027191799848
0.2578096547787802
-0.2951262892360219
0.0602142944610723
0.0177488339539896
-0.7808875056335113
0.5001083441784450
0.1101947393120105
-0.0637042976500141
-0.1536909753690418
0.2493362408506286
-0.2144547372367602
-0.1441729380976564
-0.6637190922628085
-0.3749684589714120
0.0747179902354387
0.1350198218395281
0.1731417610053621
-0.0455983300452227
0.5121189725453219
0.1268436957668068
0.3076091529544192
0.0333624715969762
0.7550085972024395
0.2726673510136371
-0.4760051964995186
-0.0059273532850416
0.3419193267339525
0.1290142798820554
0.2261537908676381
-0.4750690932979936
-0.3074568264570200
-0.4405871582402365
0.4050790999235784
-0.1650166275839990
0.2174765338499064
-0.1813258159469087
-0.2833962044468918
0.6612785365993020
-0.2502787111266957
0.1138095803546497
-0.3678458585279512
0.2691586078948186
-0.1714182007017618
0.3788570595290309
-0.1786303575811714
0.6247579689854543
0.2222833266527946
-0.0477370506056623
-0.0150129424925859
-0.5296143469528152
-0.3892220695946845
0.4193952032948690
0.4018247185476795
-0.0106504105252377
0.2629694478874743
-0.0965372914925538
-0.3066696032404491
0.4888317326041333
0.3155348170805143
0.1456868908212410
-0.6575000896393176
0.1099964929073980
-0.0779343790350585
0.1729945096447328
0.4474031059978057
0.3064792819394702
0.4228265905523880
-0.1596478954437740
-0.1657499595440040
0.3181397550544063
0.2608250339807467
0.3175785822996870
-0.2214379812471257
0.3600007977162385
-0.4917963469651179
-0.5306477368080339
0.0184978786809030
-0.4431102380769283
-0.4407464094966747
-0.0227094020749474
0.2880093660093768
-0.2882980105360891
-0.6290749750645066
-0.1929095418884069
0.0130204968609432
0.0984688567715472
0.6658221873570511
0.0426162517790341
0.5904835809241726
-0.3875161308865087
-0.0572387839444790
0.0354863229058953
0.1472204115569780
-0.1412238172076252
-0.0993553483340055
-0.0537297168323718
0.0007181967348919
-0.0584349696036736
-0.3399961597035039
0.3056021994149437
0.3033344232607031
0.4826672418878432
-0.6225063349142249
-0.2687271616616698
0.4073622288870432
0.3473939071762710
0.5971130511697877
0.2178629659152834
0.2378532126367137
0.2090504578472297
-0.4533116047882779
0.0550614184263443
0.0237866436409228
0.0855668879146965
-0.0049843709099135
0.1050742500332302
0.6439155579819528
0.1303948272363768
-0.3225415189506389
0.3544322009647821
0.4283882760769311
0.3698798147102332
-0.0528257752602466
0.5374884076757886
0.5819066610322108
-0.0926840615969172
-0.0797539786952794
0.1122161810701370
0.5658979321168907
-0.1212449921298243
-0.0849468395651952
0.2470600030108780
-0.6321255817572822
0.0269705542506769
0.2006940621305462
-0.1717169748689573
-0.1532814740414010
-0.2228947255872570
-0.5146747720981636
0.3616890611531792
0.3774777886745314
-0.0890138937311074
0.3302392424711874
-0.1916071043625756
-0.3090727068213474
-0.0972892979589753
-0.6925242337043171
-0.3351052042673355
-0.0833027507110622
-0.0027690158735324
0.1628227678015849
0.4881828310957536
0.2246288039590507
0.4536910011248807
0.4504087062899633
0.3015490257345955
0.4300626499136772
-0.0105488253389720
-0.1405641443938023
-0.2751375360043121
0.0226518810011734
-0.0534735656990068
-0.7880538181731278
0.2618809484495418
0.3734878124915963
0.0901115801152822
-0.2528731563494820
-0.1233699210546605
0.3240366224790148
-0.5789098446003754
0.4380433256397387
-0.2229825838788387
-0.3486317458749824
0.2829890628651111
-0.2054239710489147
-0.2433401364976724
-0.6922023089954058
-0.0753864305407055
-0.1569791511942895
-0.4055243176238691
0.2254851758840087
-0.2536264431842977
0.0450316981955522
0.4569492242117129
0.0089464429777469
0.1197474288402348
0.3195638639756624
0.3852226633921214
-0.0536534172394780
0.4706772806509635
-0.4958424116366660
0.3137607319162209
0.3980935475026672
-0.0891248079952635
0.2457652824416699
-0.1123315697983381
0.0737057246584969
-0.0739549056881569
0.1525898581711429
-0.8706092188345766
-0.3399032035949541
-0.1388662042430405
-0.0041346364779965
0.0192921365687115
0.7192614990861679
-0.1726205124487012
-0.1266317613471272
0.4288294413968067
-0.0949093070088460
0.3660975824864897
-0.3031957433895153
0.1326638610226433
0.6239414811185368
-0.6190517972328339
-0.0220747857762200
-0.2580040960834434
0.1323387295643629
-0.2105234741945018
-0.1735114800464324
0.1370692747636980
-0.2229138811239046
-0.1403147088094565
-0.3419168982432949
0.3147846708219895
-0.1356034261136969
0.4854691257934518
-0.0097427194609212
-0.3070972149433199
-0.6447863902381902
0.0096725325343930
-0.1414194010982577
-0.4746413314632600
-0.2015361535338605
0.1689566248336368
0.3699751062934117
0.0271049059711790
0.4883574196769253
-0.4228389527475432
0.3614567646133141
0.3252674922359982
0.0239488676037830
0.4906182732590997
-0.1357425243761121
-0.1636253880385288
0.0067908997416258
0.2773752392482249
0.6146073636361543
0.3911477579398960
0.1552617546246339
0.2218366662217366
0.1965066022249340
0.4199088009409260
0.6020678399251654
0.3380919453726424
0.1131055062076240
-0.4682459264874200
-0.0538988370961153
-0.4004806352611031
0.1680781439580614
-0.5951861724003414
-0.2266986445796594
0.1827197668957380
0.3884862194046906
0.1961777931866757
-0.2745910045415245
0.3279209368691681
0.4815686123438090
-0.2707957483865154
-0.2892825364690791
-0.1185039361420866
-0.1899953957578721
0.2828232737682794
-0.1894310334866969
0.6207414974622939
0.2444225598428406
-0.2638079427321904
0.0841945631385375
0.5814807733277906
-0.4815031726493750
-0.2247736125948566
-0.2429022830230457
0.1383534411963457
0.3983331756710315
-0.2569353232240187
-0.0955085050092369
0.2078359351735878
-0.1623326402567125
-0.1799482022575956
-0.3350318240640266
-0.2418256521103238
0.4868298258380561
-0.6572377583240433
0.2219423089146982
-0.2083533425348890
0.4449505926062909
-0.1874556000422801
0.4034132624683650
-0.1147704112618739
0.4396632348861093
-0.3687029232097406
0.4672302948769951
-0.0019977550598517
-0.4242498158242766
-0.5835748613151337
0.0848741897508526
-0.1015584725569390
-0.2812112379056839
-0.0588409866606304
0.0485200524740531
-0.5258173319500119
-0.3171035153910630
-0.2484051337481963
-0.0540112640617988
-0.0850202007909417
0.5430469037257923
-0.2054633803471606
0.3112264480976756
0.3398147172520183
-0.6056380004958826
-0.1090906335502196
0.5054948256268228
-0.0539213969362369
0.2408396858654326
-0.0643859369014341
0.0366021804269841
-0.1807952342234852
-0.3876521622194264
0.0570548899431818
0.7013287855127279
-0.0592720850397632
0.6858994063464690
-0.1805995093841736
-0.5483191413127494
0.0806621512384053
0.1018007607692146
-0.3645174024294980
0.0820564999854216
0.1904803858391761
0.2966055407444170
0.1117425617254203
-0.0150496111625279
0.1272658063837088
-0.0441960331486533
0.7386935752317718
-0.3361508195769863
-0.0219436464187209
0.4711849873169882
-0.1196020292731539
0.6323552285453026
0.0121338453877280
0.6167988189545629
0.3565773359442510
-0.1925239374548228
-0.0017190181312289
0.1208240827490352
-0.1625420845806896
