-0.2387323453611410
-0.2335902964764508
-0.5364360100188431
0.3045506590803549
0.7041709521305223
0.0942040971513246
0.0565385013481550
0.4127853024268795
0.1804907833301671
-0.2784094733085598
-0.0678709813382117
-0.4748206809804564
0.4593787206578808
-0.5276642665724440
-0.2647033116199441
0.2570434600944669
0.0285051275093377
0.7545236554023153
-0.1229563597847594
0.0196550995221375
0.5274824530118130
-0.5216493580372558
0.0336706699970143
-0.5499290416076359
-0.3479951025795211
0.0600127896489082
-0.4200874586249901
-0.3509283163311277
0.2212318999983174
0.4868181667091908
-0.6830301098884967
0.3656099271320938
0.0714319843022049
-0.2266174755683585
-0.2395949927249829
-0.3347357188308600
0.0653104810597103
0.5965509566870245
0.4634734956938248
-0.3219831111887657
0.2948413057905147
-0.3498589644079826
-0.3346298612384542
-0.0788672600150311
0.5669482283734243
-0.2012647191238468
0.0685621341252410
-0.5449283394871327
-0.4671374198600213
0.3411130349420709
0.2566721591024025
0.1458519322132830
-0.6722663506646502
0.0474609580502021
0.4534178794527524
0.3697379502046449
-0.0746367144135833
-0.9278683250415880
-0.1528057180516777
-0.1180446703209257
0.1131710291491414
-0.2887783121378668
-0.0022372272408536
0.5177841234998710
-0.4212404916896788
0.3420627613673218
0.2660564149534678
-0.1061373859619715
-0.1109018383474485
-0.5857463090047555
-0.0678195058432389
0.5671630763969584
0.0712559049045398
0.0234220679004180
-0.1772056651903220
-0.7702260452743959
0.2084479636648922
0.7447558600925729
0.1244354503835769
-0.1096628893135747
0.0099897280222269
0.5514862512854050
0.2653595235428737
-0.2077884055844292
0.0632232291601864
-0.5497223655261416
-0.0853758563364764
0.4598274784857480
-0.6459176049168837
0.2088839203329633
0.1193136740022821
0.3501475797498386
-0.1949156687885263
-0.3834512197663754
-0.1205486651498878
-0.5680035794533335
-0.5657835885779657
-0.1873462048464043
-0.5427564245174374
0.3120679698131401
0.2030353429004772
-0.5613819307236135
-0.1765915765486006
0.3458037666649333
-0.3176337408155656
-0.5757248603472713
0.0986977514931212
-0.4982170440996849
0.3129412472515241
-0.2495738026650372
0.4578731475943853
-0.2017728661165157
-0.1684633891615731
-0.3412063402658900
-0.4697526042131207
-0.5629448740374644
-0.4578075489578386
0.2849390448465812
0.1638470882976653
0.1874936763694339
-0.0999681966579103
0.0318037640525040
-0.1211822112663981
-0.4081271755815112
-0.1974306671980837
0.8565099027125699
