0.5537312877713552
-0.5894816185172553
0.1458744013418371
-0.3925435708323453
0.1377407430827747
0.2387264945349090
-0.3075068046511896
-0.6559198761025701
-0.3460417712312900
-0.0690602230498527
-0.2010706984526044
0.1760464184150239
-0.1962784220891942
-0.5790577761313681
-0.4608256709942978
0.4038279693189849
-0.5959874958113939
-0.1888297122297911
-0.2380879054797350
0.2891101176716674
0.3056704203683855
-0.0566787606741112
0.7436352217778616
0.0825784542389782
0.0366525984081988
-0.6161785020683126
0.1771525701703296
0.1567564397916806
-0.1431832123310401
-0.4259918775171796
-0.6535102119319210
-0.2037757992536093
-0.4408071908280413
0.0995484416389986
0.3538480504633856
0.0303223802652617
0.6154063189147722
-0.2338014322623665
0.2225961968428042
0.4069370849868234
-0.5909216854574058
0.0368403289427495
0.6569878215441849
-0.4367463467587540
0.0204098258677842
0.0058921501674815
0.4465111408719093
0.0387669174261110
0.4198729328028921
-0.1243588206698903
0.1215680769880512
-0.2096966076686214
0.0704960479400777
-0.4819084355770113
-0.2124549024533836
0.8021476799688226
0.3959900960567920
0.3211014353585389
-0.6247912940300860
-0.2275575340256190
-0.4971774614631717
0.0561017963999206
0.2181886337592934
-0.0680346916316629
0.2626899060032681
-0.3306655968730183
-0.2412285232986528
-0.5893475343057197
0.5309133221482246
-0.3600484478284063
0.0664246752378365
0.0407424048896405
-0.1271992641546642
-0.2114817389600650
-0.5042110976947181
0.6545893399544280
0.5003075106650002
0.1502245204360773
-0.0745175171531772
-0.5041236305990863
0.0129274108518012
0.7359338479294403
-0.2942481923292625
0.2989838674578784
0.4163465348212071
-0.1905282915565952
0.3236523671309723
0.3955548079233118
-0.2434667645143626
-0.4565513593282136
0.5112972355789117
0.3819213238798758
-0.1745924985072602
-0.3128716448178058
0.4791523531562091
0.1653021585167381
-0.6843873339904394
0.0216123026970724
0.2779768795470198
-0.1934925615978634
0.3003196972433066
-0.3269250401688530
0.2423022118499354
0.7021360424786529
0.3694755696753517
-0.2611683879036880
0.4395487512197930
-0.5419680934960097
0.3105946033715051
0.5124907948991466
0.2373885628171337
0.1714333743381479
-0.6263666845995037
-0.3712970189210923
0.5719202794548318
-0.2811528255616917
-0.2347461245510692
0.0189182636174170
-0.0905535151226934
-0.0989613127623744
-0.3206084403047350
0.7468744417748532
0.4817023025209476
-0.3066415051714061
-0.0544564326035807
0.0237451217208504
-0.1136577598289627
-0.2176540672581139
0.1589067819465836
-0.5467153187347398
-0.2731481639041479
0.2209585590156666
-0.7015176486036029
-0.1896447187191140
0.0022785331011415
0.1382112827688573
-0.2155125287993045
-0.0391661297536031
-0.8116025149903724
0.4881076235178031
0.2973014848596101
-0.4247083007606451
-0.1057298343228807
-0.2205827271505128
-0.1266087106888948
-0.4599002296908725
-0.6662290612770908
0.1247501706923057
-0.0505582352072029
0.3363779364186733
-0.4086648604516052
0.2949148585795715
-0.1051262424090283
0.7769799706773066
-0.3710189005057010
0.3517771741383219
0.4681885841929167
-0.0409132958136162
0.6326846181194246
-0.0827041985861924
0.3325560653652117
0.1031091062467225
0.6550591142164338
-0.1710150705160977
-0.4515299108316828
0.0417213226710339
-0.0164342087870171
0.5702016330981647
-0.1143346871306814
0.6922639865836179
0.4617875679260636
-0.2524896573611168
-0.1886182937612257
-0.3788382363080081
-0.2271653521167443
-0.0259804105594245
0.2205251265213104
0.1902697120670871
0.7298222264636208
-0.4354227669079769
0.1209698533699305
0.4214545644590578
0.4554622884062586
0.1370433535530620
0.4610322628944540
-0.5141369276851447
0.0780162780932541
-0.2108878996325069
-0.4963118469154545
0.6391822875417964
-0.3659117717574615
0.4891326329493067
0.1690645221109563
-0.2483751012414935
0.3154847474840347
0.1688200714306139
0.5348915116593880
-0.3175019933159834
-0.3489590416988010
0.5608726937537728
0.1125060207357477
0.1228940169600077
-0.3859694541110658
0.0885069976726382
0.1028249700308909
0.3295153720527456
0.8038118031350634
0.0117412936207690
0.2870234181135123
-0.3799729478546698
-0.6756570687890787
-0.2514782788831086
-0.4467913274830792
0.0703524145588087
-0.2994170360401193
0.3576551006964028
-0.2410529310582819
-0.4295407093303610
0.8302473133746288
0.0360828355663524
-0.1763911683966518
0.1844055592158245
0.2431910718180488
-0.0249209684728489
0.5069989256064409
0.1097008361478042
0.2813358747650303
-0.5096979027381142
-0.4430824198402367
0.4302406607244623
-0.1026982598920189
-0.4781312401037101
-0.3759328155316421
-0.5891042785938411
-0.3649793021083826
0.3655985570777854
0.1019197656158510
0.0759035562915204
0.4449570302883196
0.4019722960436642
-0.0426149819325357
0.4478738218438073
0.0411993071106626
-0.3229142853659432
-0.5762408340550842
0.7256807139194904
0.1889209784691443
0.3146027360161522
-0.0258968967065807
0.3130517035589666
0.4321233604101122
-0.2309087847146168
0.2192450378110240
0.0999409558497563
-0.0227233151530364
0.6309857832789491
0.7278648842774930
-0.0492866955699609
-0.1052023900056103
0.0119871041959390
-0.2384864798951604
0.4416925651384515
-0.8558444301195458
0.0270577905590574
0.0989685542745369
0.0699399657552523
-0.0513573727382982
-0.0709211556598206
0.6998871561843822
-0.2045444177608054
-0.3718252279873813
0.2746140399031906
0.4969761449370656
-0.4237687438645840
0.2154934597498283
0.4871663012514144
-0.4926842343370291
0.3508650981436919
0.0281695262199316
-0.4123275656397417
-0.5051848753368269
0.1398101867557041
-0.2871763736365024
-0.1390528603579599
0.3330109449015075
-0.1890162304664792
0.6905157210792202
-0.2375117751811837
0.1534971608817975
-0.4746123895680959
0.3400740393259114
-0.7593292066729699
-0.0460482547861517
0.0204504234938744
0.6143491347114283
0.7409832281713736
-0.0006625855206190
-0.1959228496702204
-0.1342648095196518
-0.0507477692616486
-0.1205421878231672
-0.2419641180116462
0.1849004267141900
-0.0422921856794165
-0.6588768312486838
0.5439946132693839
0.3319292919557299
0.2554421577296300
-0.1906033664712785
-0.3287244244646877
-0.4397437024159216
-0.2490220550712655
0.2242141605253407
-0.7340559503534995
-0.1054228328889625
-0.1991461929359992
-0.3547849034550295
0.0496965930729826
0.0450341149771141
0.7066795269953066
0.2738887590451300
0.5055290664631246
0.0808564684374471
0.5486308147707604
0.3268705012196554
-0.1746396923715331
-0.0851886980801917
0.4147954429475409
-0.6130340448180172
0.0702130702845799
-0.2431815158496176
-0.3721634434310663
-0.7175456521339386
-0.0759494573397337
0.5255217250947238
-0.0247806370130558
0.2437926370900622
-0.4933726539971602
0.3065692995891576
0.3397847902048258
0.4706266273803890
0.5007131469512761
-0.1245273357703359
0.6362729193698132
0.1059401005961251
-0.0716282266823911
-0.6829089622610141
0.2721434237827486
0.0928787835471454
0.1724810193233587
0.1310573258523640
-0.2714283114604396
-0.3436586151022996
-0.0116259203994865
-0.5718251974397524
-0.6659396513306237
0.1430194660793832
0.3828573677403549
-0.0054026461919540
0.1128206179292879
0.0341856266022395
-0.8794180051939856
-0.0176820081937074
0.2565252759705873
0.3402886881172389
0.5015731398858321
-0.1903591392491902
0.3725157657399258
-0.4269206485005243
-0.4793489350228380
0.2135105497168311
0.0429570643609554
0.3825950012094909
0.1362729715630194
-0.5959800246587994
0.4654300107527011
-0.5075203879426079
0.0617349496914454
0.2455314879222612
0.6073698331023669
-0.3443475256205368
-0.0706807141981995
0.0387634836939685
0.6595590562685681
0.1035588535150570
0.3686294498630772
0.2410686819980105
0.2623035397752611
-0.6099819284050181
-0.3718696933068220
-0.4013147941577062
0.2564692700580299
0.2712043408220622
0.0724800268265772
-0.2018137139509444
0.6360665105101132
0.2066498998806127
0.5915783300999705
0.2884724744837310
0.0968306056021201
-0.1626856238227604
0.8300239367938999
-0.1599614717832854
0.0491325300296264
0.3987240634990583
-0.2970436486341601
0.7203080944072250
-0.1770955350659346
-0.3456621624952979
-0.0593679471352912
-0.1024583850726195
0.5520977802801463
0.1071300947502818
-0.1760073321181758
-0.7987319017891396
-0.1136502582806628
-0.5159323163890377
-0.1476545984151359
-0.1438819205532197
-0.0971717258666793
0.9159029111150250
-0.0447774396445831
-0.0624387495491492
0.1209881000473110
-0.2636830155282692
-0.2542120841830380
-0.0801723399235278
-0.3601335150562105
-0.3897350334623583
-0.0210544488325285
-0.0057402863000142
-0.6721156475626514
-0.2644107820982520
-0.4430369159951949
-0.6681781377094215
0.0808608270140943
0.1337335482425019
0.1054112190795884
-0.5605199165765353
0.2843879077134505
0.3506340784575733
-0.1839920130911484
-0.0441168315872455
0.6082614250138335
0.0400727086525938
-0.1601636595433217
-0.3064446379972212
-0.6877878649374365
0.4435693189331805
-0.4696860370269634
0.0100520974575345
-0.4781114628040077
-0.3184993839275642
0.0670682609045029
0.4980056839155396
-0.5396608283391313
-0.0563299684218566
0.3214620227073821
0.1590739262124230
-0.0132526301732447
0.4796460764383411
-0.5888249214503025
-0.0253373954902082
0.4749652641774635
-0.0588882130605624
-0.8354211556414731
-0.1364166425096604
0.0751602982623276
-0.2193424593992557
-0.3918463585313481
0.4423874323658687
-0.1891762781550176
0.4833050811621711
-0.2029802392098249
0.5738732272089337
-0.1041482927360045
-0.0342126379492641
0.7398381923286356
-0.5594011998670865
0.1287866832190641
-0.1733355621687215
-0.0367046276070877
-0.3009331912385607
0.1720139453652333
0.0933936690567513
0.6127451403627781
0.5329074085951245
0.3365085048063712
0.1796605365464532
0.3958863849730804
-0.1876437957615204
-0.5257074923113605
-0.6067440078576395
0.4398478419410394
-0.1705615981604350
-0.2559528868471346
-0.1794822672470603
0.5366206011736641
0.1113616460408200
-0.3602710687742686
-0.4137015668531338
-0.0587512231658205
0.1917588694951526
-0.5987232369977502
-0.4868378942740793
-0.3623491409031341
0.2164817711122460
-0.4612085334200688
0.4755748329902744
-0.3335216912366376
0.1862958828398553
0.3237021704115983
0.0921361789964914
0.3076217428696651
0.0379020842285351
-0.2147510893811901
-0.8388842594831724
-0.2020279523151969
0.0562667458641138
0.0198918090385674
-0.8650003907710947
0.2419211030125931
-0.1021987680555747
0.4088323589492348
-0.1099926688920084
0.4747055482533122
-0.4541514628223012
-0.6250837336854933
-0.3836804815983050
0.0629291765141211
-0.1622987911314238
-0.0126382885200179
0.2967247162453506
-0.2071856049612983
-0.3372132699683978
-0.2310462389570136
0.6838667614392231
0.4757934889361269
-0.0887706166002729
0.2258545408110300
0.6150091028585964
-0.1804674236279677
-0.0248977441780492
0.5872412264475412
0.1384157126773863
-0.4165980959923248
-0.0088221321637690
-0.5357226398656774
-0.5031605651498070
-0.1003264948809572
0.1194182425454108
0.2677119689902142
-0.6031227472324443
0.1156951553672017
-0.3563348221084637
0.1187543601017822
0.2863812694761445
-0.0765245527612541
0.3054279154908642
0.8150957473150823
