-0.5533698718362670
0.2497624100325324
0.0297558709013005
0.2982054990900387
0.0027237523865420
0.2894459535694209
-0.2384341709287562
0.1957098888319013
-0.3773092323805587
0.4693471442126408
0.2525380698223906
-0.3962565257004164
-0.0710916661314890
-0.4004297143403274
-0.0193762315458855
0.2795080966107746
0.5307308286121332
0.3815349798997917
0.0463119478708544
0.3254506779041069
-0.1935268263515385
-0.0172735719974679
-0.5585496965185386
0.2090107239426583
-0.0246223849258153
0.4755119542418637
0.3064708601361620
0.1569837345764986
-0.3410347515583870
-0.3807819346000260
-0.0453042371514410
-0.3732032302451284
-0.0782292264774932
-0.2843471597659722
-0.4798797948274833
0.3889944309610963
-0.0690484731416478
0.3523766528248841
-0.4914508013419209
-0.1401127540489912
0.3592429257726014
-0.5398674551364588
0.2178960488732976
-0.2430265923973330
-0.0906855037224934
-0.1406288181173750
-0.3056556488702916
-0.1286106255634055
-0.3837908082641656
-0.4332265690920722
-0.2421172254335087
-0.1990465493493745
0.0148989373383819
0.3972967967098155
0.0485437835467001
-0.2442821975443800
-0.1638777661524046
-0.1882288048546443
0.2995331371619819
0.7277751032416842
0.3363931284236561
-0.2133078255951362
-0.0757099294077261
0.2160668622223134
-0.1294691619087157
-0.6063921996472538
-0.6257232067769818
0.0119904670259718
0.0872302578963720
-0.0718774509695737
-0.4937227167261641
-0.4820436933294701
-0.2272893946988580
-0.1780073481476001
0.0742925780539446
0.0050077843530408
-0.2285293000689680
0.4087049260271946
0.0211151677080482
-0.4639709030299547
0.3287234032324158
-0.2260446455451381
-0.1050250615243485
-0.4671760927930002
0.5004074218897706
-0.5091846422570862
-0.2494358230538833
0.1287188140266237
-0.1442896810744486
0.0477295966643946
0.2498449599403355
0.4056346249786652
-0.3500501077859818
0.3222571140878955
0.1025266427777115
0.2472486386688678
0.5006314848276369
-0.2399676444164686
0.3072274750403862
-0.2690811109675156
-0.5252215117628101
-0.1654480725210175
-0.3499828452803117
0.1947675646877752
-0.2371066962287095
-0.0391426875726829
0.3592908393141410
-0.5897155163834712
-0.0024704411615131
0.0416505304988619
-0.0001077863140917
0.0615454583331653
0.6899401098569355
0.1720501751244586
-0.0962796052899443
-0.5515189105607207
-0.0616954076615978
0.3230299137538182
-0.2288578888968562
-0.1289188662430240
-0.3338893447356437
0.1573474293040151
-0.0553012757420897
-0.7339222461208275
0.3351858158391308
0.1586104966589702
0.0424142195500509
-0.2810684269147274
0.3022694910906372
0.1112991682402715
0.5126864672355083
0.2879368395288877
-0.3338106703127109
-0.3409944986747516
0.3569454052652676
-0.1247957000840308
0.4728674483897902
0.2341610866022748
-0.0175933416494994
-0.0693512654487917
0.3727460094614174
-0.2161210783282548
-0.0075846248452704
-0.1473604941902025
-0.1925171022356251
-0.3318667921071889
0.2450470808153103
0.6815784842150798
-0.2538780266740132
-0.2373387734972032
0.5347513275045476
0.0936076825360762
-0.1900119827576894
0.0116536728790240
-0.6116960369689567
0.0142685739449322
-0.2449263921332234
0.2179258730749677
0.1111187069453326
-0.4181323154471956
-0.4650583870346559
-0.1684637629703212
-0.0678322840290343
-0.1767913912328209
0.4124496409865216
-0.4378919901462483
-0.4240182510723436
-0.0170805955460431
0.4151379414473481
0.0720930415783727
-0.1058368252369447
-0.0561724599259777
0.0098305390053048
-0.1939397718697573
0.3091414640400244
-0.2040420802457343
0.7976449038127387
-0.2086814708717547
0.3614465821374065
-0.0174169646419558
0.2674854181590514
-0.6866729701699067
0.2222079463128109
0.1205949405437736
-0.0044702601106487
0.2537027394417260
-0.1599794665902269
0.5027556487784650
0.1475496167789959
-0.1688183854754337
0.1476380832906350
-0.2103081078494679
0.4506579810159057
0.3386986381136619
0.2253795953404669
0.1826021838214668
0.6369649214973035
-0.2521343600611103
-0.2053864577315962
0.1433350952434075
-0.1440418814518671
0.5444746585881881
-0.2118097645561093
0.2988635088921697
-0.6010376648613600
-0.1298642139666867
-0.0616543839460144
0.0884409069141387
-0.3620764632063403
-0.1666826274681202
-0.1951040792894089
0.3296242068195918
0.1257647036567679
-0.1593891513643023
0.5095475629346576
-0.0903212651368725
-0.6482082028215418
0.1312207585195544
-0.3213618091135042
0.0599816172491329
-0.0083868818372848
0.0525165317210035
0.2055436393748945
-0.0667250794148715
-0.3914573876540163
-0.5812549538108088
0.4664967015397370
0.1955943923578247
0.3183505889408252
0.3196116489927786
0.2257879746133130
0.1163466258819285
0.3690799978145975
0.5611399101454309
0.0892691729718903
0.5882477085142477
-0.2099154760423629
-0.0931377390537870
-0.1990040485165311
0.1950361529604231
-0.1463631057643665
0.2758416550944252
0.2151637006975491
-0.0725101658690727
0.7024411673899503
0.1623651581823830
0.2145457363359424
0.3786451013864272
-0.1825049502333486
-0.3293022919055668
0.3109429418570438
0.2637166244465951
-0.0204097264015051
0.5541284253647913
-0.3810644864687531
-0.0514810876657739
0.0623059286761210
0.1452706241977776
0.5753544201010702
0.1497144722561688
0.4066388503950389
-0.2690493713205482
-0.0412485014847468
0.4000806352513477
0.1338959277810841
0.3063423695978503
0.1094650288218831
-0.4455137264332246
0.4438812033035871
0.2849946754848985
0.2995500912666992
-0.0936287385282765
-0.2165243954862751
-0.2897636921138453
0.2738504731784475
0.4393671711529711
-0.2372709689146101
0.1987134161895293
0.4756699371507407
-0.4249394953592419
-0.2375952085509654
-0.4056677541577269
-0.3701183215372130
0.3682541465667157
0.2660359730335822
0.2464803223863146
0.5034315748021577
0.1042081770994740
0.1683841399799461
0.2867052496181351
0.0406865798682256
-0.0266803969659851
-0.3890836181299438
0.2712206512210021
-0.2377831595555750
-0.4034376075874210
0.3230294186250117
0.0728890007598742
-0.0034546871486540
-0.6661160366739092
-0.2404715014794464
0.2761628431856685
0.3796821465953563
-0.3759767913478049
0.4342144336486528
-0.5560859371554217
0.0839906365784316
-0.1956395703726936
-0.0778017885788152
-0.1767323689056743
-0.7452730146106593
-0.3055525469717723
0.1629080674472780
-0.3510991748309314
-0.2019446650497526
-0.0577688084111762
0.3598328064487716
0.0992294009672793
-0.1174901081221839
0.0643985608445138
0.0966529233573038
-0.5904773847548879
-0.3151111353233512
0.3846944661490129
0.0129790806790841
0.0511666920945685
-0.3359014680594518
-0.2166666921379856
-0.4558401856788427
0.1560730504848995
-0.2322456927171044
-0.2127404358508020
-0.4376073111088484
0.0872332141428066
-0.4925615196126936
0.1038568252180743
-0.3603520848817390
-0.2713387475664230
-0.1543000988691282
-0.4701103067522179
0.0487309194815886
0.0451780143408989
-0.5673883681962245
-0.0881040194524794
-0.1961015992031803
0.0611760265090920
0.2610104145015448
0.6027055467784845
0.4092456435021631
-0.1575804973587451
-0.0093647661018851
0.0729864426372728
0.5222321862977326
0.1337587625453985
-0.2917673868246137
0.4631298369650134
-0.2698596805796292
0.2313023997494922
0.0320255906982302
-0.5263072084727128
-0.3004662353343979
-0.5669229315607419
0.0765625499569489
0.2087929563900884
0.3549114900956187
0.0867825253121925
-0.0982913797477883
-0.5444154232477632
0.0481087813877284
-0.3114561488391165
-0.4375466437380642
-0.0936425749960674
0.0538903468192803
-0.2608731550782777
0.3396938332303238
0.1663587957814653
0.1526991479266825
0.5875292583450660
0.4292043752055291
0.1817521004766852
0.1249187110224364
0.0621896427243108
-0.1711267756152748
0.3759699627603512
0.5878450141921769
-0.4136029330866240
-0.0878310685194307
-0.3097809845128750
-0.4347204748802264
-0.0245027454020063
-0.5520021936836276
-0.1589738137994421
0.3838877072683002
0.3168701421728138
0.0191895209158899
-0.4937765080345473
0.2106259627881310
-0.2070010467899773
0.2855604372333388
-0.0964545251242794
0.1099010993382802
0.6681759468724473
0.0977901212054345
0.0182220194051287
-0.1146774264385329
0.4706580444989474
-0.1164270028820128
-0.4219123936725789
-0.1447655102476269
-0.2904744871942522
-0.1836024940809841
0.0407279825877419
0.5310867175518589
0.0192922494548148
-0.0960170382414046
0.1883816679060270
0.3145272373937739
-0.2373731107956401
0.5735024005028158
0.3915619472611983
-0.5381113278730316
0.0094364733512302
-0.2832100707016336
0.0942321564687540
0.2468255723309701
0.1672107429946990
0.1464847854837075
-0.1370403014895210
0.6157060936278335
-0.3362222215373264
0.3187736416342839
-0.2650493560316103
0.4234131396281131
-0.2980560776262224
0.2161568994730094
0.6283102703178862
0.0711864067804475
0.0224033388778084
-0.3264229809609848
-0.0799819633881321
-0.0121879002347333
-0.2523990113057787
0.4262752652695158
-0.7265152500148691
0.1003286061695085
-0.1019494005379732
0.0530660846876471
0.3321182463621208
0.0980074332897449
-0.2888384990236429
0.0736015444344634
-0.3740629672046038
0.3825407107329442
-0.4266110303840835
0.0877565200343419
-0.3823338316734697
0.3731336749538283
-0.1477478187354859
-0.2726726546843912
0.3701843365413811
0.4039011892311546
0.5101670410908444
-0.2140116809721138
-0.2787766094259898
-0.2198630776463929
-0.3341855580679195
-0.1129751829829372
-0.2307528924400640
0.4727150321538647
0.0598871511234852
0.4160222667877353
-0.3500645296655167
-0.1062726184889734
0.3722182401605938
-0.0757738433913593
0.3571825056500789
0.0709690225236546
-0.2262089806490759
-0.0020424630268688
-0.6041586848120802
-0.7623743929010678
0.1867598972458299
0.0527612553634746
0.0155630050255921
0.0230712214150214
0.3188405064211852
-0.0638283439723314
-0.2308643934431257
-0.2602583184436948
-0.3918950125617165
0.1132085753824896
-0.1002633486954566
0.1011632522587048
0.3213973773848513
0.4220093271318744
-0.1039501470226929
-0.4287928756617427
0.2690590604483097
0.0437663249143531
-0.6453926687640493
0.3341200553568670
0.2902581508180235
0.0608441107677374
0.1248972652301176
0.0891766122707609
0.6302404912186219
0.2441631852580396
0.4691137133366511
0.2914895261712172
0.1225056567020200
0.2760965545704271
-0.4888267055009456
0.0265047571389512
0.3966428581060655
-0.0517620546968371
-0.5543784302166791
0.2517661045656618
-0.3690469623103235
-0.0111518347359585
0.1306527309064647
-0.3107555847495024
-0.5947280072004774
-0.2056810532281445
-0.3650761718985736
-0.0029493110562889
0.0692325486776505
-0.1476598531278592
-0.3819796111385158
0.0001430131650574
0.4490328905737755
0.6160732066567068
-0.2053182400420435
0.3415426226661066
-0.0915366433365392
-0.2865414307742448
0.3126322656676956
-0.4415644005530311
-0.1355424573876503
0.1769978931136862
0.1695401053762939
-0.2645150637958528
0.1256938820307043
-0.5816914866211474
-0.5483509065669256
0.0521024932636809
0.1248208145561122
0.2039929806848824
0.2652287569614209
-0.2970494154199944
0.2380891351253368
-0.0992550216621095
-0.0197755870642510
0.0058282925540823
-0.0134496673530537
0.3818599141871586
-0.2819013729080598
0.1791071168815878
0.4387703277566775
-0.6586319815438078
0.3253648401794234
0.1960214027545344
0.0901286279646218
-0.4491363357088643
-0.6322312383152457
-0.0476936321246931
-0.0347934975494187
-0.2105839123200652
-0.4459345516123255
-0.1654723636311169
-0.2791828643298128
0.5059177922041478
-0.1328217922116937
-0.1322631334634855
0.3694638683610045
0.4668025720812181
0.2688374263679956
0.2089433725014483
0.2971517804333932
-0.3835939892202646
-0.0559411059629490
0.1336296156485430
0.4974224461482899
0.1326603383710408
0.4533271593148260
0.0092453797525734
-0.3622645581054681
-0.3866032468297184
0.1939958015683832
-0.0927725815856504
0.4296341195187837
0.4623122958523343
0.2059118620263474
0.0517029650607467
-0.5069586187849253
-0.1406843188014695
0.4500162349992355
0.3402129258538153
-0.2835571670050665
0.2560614891647436
0.0127957412233331
0.4636438407715748
-0.0766845825756085
0.6660462613073882
-0.0399743264168010
-0.2411860229427014
0.0683832349612308
0.3849822040866177
0.2447285313553108
0.2265547700416200
-0.1079857161746496
-0.0964864932139079
-0.5088665069529568
-0.4076551080986283
-0.1119703532988278
-0.1144030642489678
-0.2559421781397450
0.4320916381216515
-0.0077824393533405
-0.5325939904641219
-0.0633294490430976
0.3173690282246930
0.1041466744011004
-0.2043580815797147
-0.1357869091738456
0.1128445993481915
-0.1754064592906309
-0.5574405479600656
-0.4211342255629181
-0.2163316677357579
0.4998353123241860
-0.0513206558189107
0.2672804286460547
-0.0474933189054611
0.0439997933685069
0.3700980798955466
-0.5879164770522201
-0.0168632025834701
0.6367153219452640
0.1778004319134647
-0.0425867405451549
-0.2590901522942650
-0.0685549101824261
0.2531729062038551
-0.1860748443441593
-0.1142857835005244
-0.2319811883307754
-0.1259006874989841
-0.2146845754332234
0.1750779024090747
-0.8185248408797962
-0.2852770351487305
-0.2614737999648716
0.0628804955661336
0.0596157777875718
-0.7285146111000270
-0.3613481178978841
-0.1415293807038094
0.3634601728036356
0.0162899352438008
-0.1703973056217563
-0.0051330143201603
-0.4684591948780636
0.2837241564204033
0.0495607433960209
0.4011546261914787
-0.3770048763490822
0.3816513926790411
0.1003515159172107
-0.1689062633411696
-0.4585288668048368
0.3724594293067306
0.1577993248529565
-0.7379402805053135
-0.0111738384798306
-0.4007905867670197
-0.0820170049943486
0.2770605322630506
-0.1306871919790335
-0.1557836778249406
0.0788829248102039
-0.2594022661251878
-0.3268419772823420
0.1384992106472710
0.0896277717473633
0.1208006371274225
0.8121374619124714
-0.0641044744740711
-0.0016748999186592
0.3413405120922084
0.0623220048798528
0.2407708411494601
-0.0719147596191764
-0.0659006322305770
-0.7855554230603358
-0.2315050767625223
-0.0468209151451764
-0.2415321621665865
0.0985766225346115
0.1302928698173289
0.4178507950392326
0.1169901360920094
-0.0582297701598504
0.1002191393144906
-0.2886194286210004
-0.0571240447302297
-0.2271991196419790
0.1538081250082847
-0.8681736395860099
0.2025442337562187
0.1276259401177746
-0.2926300715831098
0.3731892740721671
-0.3759673232102350
-0.3240000671074560
-0.4498786776448114
0.1907407798354803
0.3089964867677106
-0.1641562278437374
0.1613644810671899
-0.3762080194504101
-0.0323648388484074
0.2842973872374319
0.3038859887578760
-0.1462975388206093
-0.0821618899184306
-0.2336085946107186
0.7289428327326952
0.1316657103121338
-0.4057495104124988
-0.1724184424377391
0.0843938157905105
0.0327083153461299
0.4475670051318463
-0.0106473973349909
0.3589461589016319
0.3694505585739967
0.2749229333177725
-0.2779411561256108
0.3717773788149780
-0.4847575411057959
-0.1874697856767584
0.1040947992875973
0.5754077913450680
-0.2347562858807829
-0.1177265974316578
0.2497688711648339
0.1444455005509477
0.5726420587334199
-0.2786358054100977
0.2552436664370889
-0.6489637015755195
0.3801991012354926
0.2158199535526708
0.2050907160877565
-0.1410591181764889
-0.0829321828116274
-0.2226695198291025
0.4028340205673929
0.2941658210783230
-0.1431376541498800
-0.2359334491543935
0.1063517966355142
-0.0484855307592503
0.4909885137716463
0.6825788231366873
0.2520838581682593
-0.2662427813997422
0.1474814969920981
0.2197715003450212
0.1385947014274009
0.1606729554144726
0.5243324165474014
0.2053656079242273
-0.6087268286271981
0.1920206660569706
0.1027231633328810
0.0826357089549709
-0.0393610889021383
-0.4342327055337041
0.2053688165230503
0.1784043803792585
0.3716986452999935
-0.3331242818142742
-0.2713015135543150
0.4445088316364389
0.0667038252825792
-0.2824479664516252
0.2810895963074703
0.3647885052573552
0.3892805229773679
0.0324067013562076
0.2799184734439819
0.5377524252684771
0.0989156898704762
-0.7078924089374210
-0.0180955974680660
-0.1400662171327507
0.0152827772495570
0.0211364275475776
0.3160624922963108
-0.0549927791998162
0.1077192402387569
-0.0890753086876066
-0.0663651936456739
0.2425752672988004
-0.0580560081970401
0.4149903394082241
-0.5934077887754663
-0.3083729426227850
-0.5397931939702548
0.3226726051167967
-0.1800134852513232
0.0177516238777288
0.3623155722532043
0.4289358163261499
-0.0789623522816153
0.3201610760482733
0.3046962323445685
0.5582389131031376
-0.1862666386076308
-0.0339613016088021
0.5602207338679750
-0.3421925619904103
-0.1510473737300657
0.3408043063578004
-0.2215562810890590
-0.0770090976245172
-0.0367322968574383
0.1749312605908367
-0.5847845168451817
0.0194903627896153
-0.2682144936616492
-0.3016295214634427
-0.2279866154896809
-0.0754592333950095
-0.1111195593483927
0.1265805572684358
-0.0711861315269471
0.7962124130012804
0.3341210623346347
-0.0960180352761568
0.0572134757171437
-0.2120850503397532
0.1002905596072896
0.1687904904468976
0.2836469760052968
0.2585781776253290
-0.3685889804893542
-0.7347718210880944
0.2844519537013690
-0.0471500236936829
-0.6810809366646908
0.4167797227963801
-0.1890137051103314
-0.3153838793442177
-0.1158484065062570
-0.0052165425932453
-0.2333816274865239
0.3878864556341401
-0.0814626997730940
-0.1948489798392972
-0.2528149545794645
0.1522669400517738
-0.5365075819312238
-0.1628042056453704
0.3834002849570385
-0.5672593381222556
-0.1771515570867496
0.0910387328197778
-0.2283374644568877
0.0447169327987301
0.4299599436144522
0.2715000512499772
0.1878422079427852
-0.4380996951599946
-0.2924990901475164
0.3439973071739239
-0.4080040547068970
0.1993352757807663
-0.3195540659847586
-0.6349352683739419
-0.1702265817574981
-0.4453104788904418
0.0530388199540373
-0.3525867416571566
0.1696887275175579
-0.1329663418395673
0.1973417183138191
0.2852148801186286
0.2751046573161702
-0.2195973805548793
0.1489856519692819
0.6675426929551066
-0.4264176518775313
-0.2717701029256178
0.2124882789204849
0.1725190650571716
-0.3265555339182782
-0.1199229786849507
-0.1798384895674629
-0.3024532977354499
0.6192888687917368
0.5830138207319870
0.2762094109938265
0.1928010839072733
0.0411331632750039
0.1939235233489474
-0.1091551362575418
-0.1071857884365621
0.0945112733723812
-0.2350050226796960
-0.0281496023829743
-0.1708189969025444
0.2214553923801937
-0.4756550084478735
0.0708900269831789
0.5227347341397467
0.4847246378833178
-0.2399253346085258
0.2621293433830681
