-0.1063340447849053
0.0566485982767966
0.1858527362436820
0.0884884834979724
0.3479813963473463
0.6671776716597402
-0.6139181200997089
0.3614937757560515
0.2836370099983628
0.1552361376963114
0.0441007282225018
0.3747180480921860
-0.5415230653944105
0.5737319217648799
-0.0900994659324175
-0.0120660170578012
-0.1050040187841413
-0.3377585238824722
-0.8738962158269874
0.0212148633157775
0.3201330451433148
0.5772592293994367
0.1334250446032999
-0.0843557372556072
-0.4447703149753454
0.3072148789514915
-0.3832105788331799
-0.4503350824394327
-0.6093660570171635
-0.0478904464558066
0.2319954293159249
-0.2571133368634712
-0.1531163035274028
-0.1074077515718921
-0.6866362493878725
-0.1340843013567029
-0.2570235144865381
0.3043587537176236
0.3606635404070479
0.1660390017496147
-0.7392714018470328
0.3451908415591246
0.0009790647703979
-0.4592222079926879
0.2639516326001122
0.0248382435738637
0.6231188671473342
0.5726858747092788
0.0507973300074712
-0.4664925316904595
0.1819804114129428
-0.1485339879631069
0.4212579939172384
0.0014210334284206
-0.5174841787537243
-0.5309946422735169
-0.3069972800120051
-0.1381271446132565
-0.4762678905711611
-0.0009752966400411
0.5787661855981817
0.5459542600184546
-0.1637228010064951
0.1510935664124682
0.0037193290414851
-0.6940480683899787
0.1082084998963756
0.3624329171963413
-0.3285012662410418
-0.4944435242827437
0.2507555036374148
0.1927816703056475
-0.0207198133016518
0.0673998184250348
0.0454238405423010
-0.9222130780166785
-0.2060208053768345
0.0506294628902021
-0.3182932144741570
0.5684931343671408
0.1918777401085652
0.3010043653840965
-0.0571356375716266
-0.6650236590335813
-0.3446503952252193
0.1088092213429790
0.0817664740375049
0.5516802756026852
0.5240811944862871
0.4891478817546087
0.2107439845335089
0.1343382661864247
0.6204669290347194
-0.1171613788645226
-0.5693715093769499
-0.0537834030599990
-0.4395796577314931
0.2508792257014846
-0.2350485260714932
0.7292338738025628
-0.1011499630836011
-0.0723088998092359
0.3152842202991158
0.0191788845460003
0.5456539988720329
0.2437145776625094
-0.4536658729143855
0.3597489703042415
-0.0022058596960229
0.0584181341332659
-0.1504113608502312
0.7611373312794625
0.2038483223167228
-0.4071592655824267
-0.2332295360546375
0.1881266204425258
-0.7580473652550362
-0.3581111195391677
-0.0004125820529545
0.2964255673954525
0.1143234370132227
-0.3648539682907206
-0.7933349040138734
-0.2675738989819667
0.1605703079804820
0.1979513359849371
0.5835147349065961
-0.3867478922077733
-0.1980818050454133
0.4996039462650991
-0.3694771404486810
0.2733389159470467
-0.0993408129661696
-0.1369317629569437
0.0925768163999562
0.0606898391319906
0.6677794367825248
-0.4945001870915973
-0.5074346640537256
0.1450731514731702
0.0805462240112962
0.4525208873984486
-0.0193331805610542
0.3113689871648175
-0.1514669640537476
0.5579658927001430
0.5976157257056288
0.5308896945739555
-0.0933745984870807
-0.6717958281882955
-0.3101824995503213
0.3163125013360444
0.2434955466079325
0.0507032448143582
-0.1786880217908045
-0.0916126540251336
-0.3304106094369678
0.3736668966310013
0.1876527189223760
-0.2395115367827992
0.7863207188250797
0.2440799650149308
-0.6199902439209199
-0.2963953974342969
-0.1539675735315365
0.0754701451890111
0.6328129132372871
-0.1957878873348705
-0.3195861347233540
-0.3319398834639191
-0.2268622143632707
0.2207986972238019
0.2836458333575939
0.0507014991346349
-0.7774551346935641
-0.6461722248727455
-0.6473660217546321
-0.1136966280970752
0.0040123606216417
0.1727233132164024
0.3280798796774808
0.1138679806817659
-0.6443941220428837
0.4279522137524709
0.4811971145595338
0.0606389583308215
0.1252870825947263
0.2816712744156270
0.2671138558687127
-0.7979308252202202
-0.1917786121879459
0.1652018669062643
-0.2748752132442963
-0.4469659501243791
0.1309641531529504
0.0821532251562485
-0.0615709005127901
-0.0844170533555776
0.2036335170550094
-0.4983661832588074
0.1997896105668819
-0.7737481400219673
0.2462625646555748
-0.2823299331891351
-0.4195790981942799
0.3615190979437469
0.0431050474228180
-0.5633951031934774
-0.3253916833181630
0.4340452695485723
-0.3036488662464333
-0.3310584920212360
-0.0394154116596165
-0.3506344554376520
-0.2406592876557929
0.3031269899105959
0.7238070738285671
0.0582889926601813
0.3250091918807348
-0.3169923777705813
-0.5288283797468912
0.6891944901822286
-0.1845357096601497
0.0422530744444367
0.7903160646285975
-0.1247564863665918
0.2827374874926403
0.2000218430498017
-0.1636275330185142
-0.1994961320186050
-0.4163105046916654
0.1383224218579057
-0.2740127901494410
0.3452412088258409
-0.7018175963263668
-0.3135000663446856
-0.1673228548061784
0.4095915505994031
-0.3078104081902838
0.0872434689022072
-0.6432994146774716
0.4002662342037260
0.0557049010850918
0.4360733300047075
0.3610140571076651
-0.3598753534440933
0.5671467678086120
0.3525444403082410
-0.0578874143144587
-0.3922446552856906
0.3694213266202926
-0.3617564822603483
-0.2332828402307486
0.4588225890998884
0.1163582726310781
-0.5747839972449830
-0.1975017379791810
0.4067475854247585
0.4320816153613489
0.1807240162355984
-0.2175468149772407
-0.0485430151520888
0.3039128557163189
-0.5558047847170658
0.1566309644637546
0.7013134444141219
-0.3433816756650671
-0.2835290310242211
-0.0777776994725329
-0.0840339698084005
0.7414653529320684
0.0144829253891916
0.4884758029221231
0.4352113719786892
0.3384864827910517
0.3856115931823304
-0.5628175286720170
-0.4670322794394806
0.0954307989251478
-0.0577226460685022
-0.2365962420787315
-0.5921399887677918
0.2496770135448036
-0.4063251067341250
0.1967582920890004
0.3086144606579727
-0.4816607080177498
-0.6110322213488155
0.3538590475222634
-0.3418514306100662
0.0979957507593763
0.5755045806414134
-0.1118544463921773
-0.1767509311607056
0.4986064112136953
-0.2932755632014233
0.3458696721763366
0.0800615805982340
0.4911827976301509
-0.5420447120711469
-0.0653635474416690
-0.4664765143063679
-0.3493345878513779
0.6004808859937445
0.2430073896645677
0.2316214759391567
0.0109287010798702
0.4323970129780537
0.0972917822242507
0.8019749959102862
0.5377090415310831
-0.0996363865910070
-0.0590989008681980
0.0902063326603515
0.1915257936500403
0.5999153713530282
-0.2677138554530625
0.0685355178797545
0.4526180045606996
-0.1776762013937286
-0.4673648866741421
0.3299574119664856
-0.4467346984511953
0.0186922291661103
-0.2360029307995340
-0.7160639437156631
-0.2299759267263279
-0.2823795115352152
0.3146532051710634
0.4209254183452054
0.4464340671668334
-0.6128907528189850
0.4047894964141016
0.0187500438288861
0.2879131736060181
0.0279865125750774
-0.5547892672659637
-0.2896066469091508
-0.2643167084185613
-0.5052204870301599
0.4864419887670827
-0.1039131792306792
-0.1892142671016567
0.2387356922217947
-0.3614515522981317
0.7779157776461991
-0.3447172092082859
0.1552356118000839
0.2425597398461136
0.0737686288353748
-0.2690090782227015
-0.6629115727897978
-0.1445886549384387
-0.5419203760845531
-0.3615289331392189
-0.1360438226598764
-0.1561656113294630
-0.2207618714306017
-0.2126670584472245
-0.8270004754742186
-0.1329629790961308
0.3550898664573262
-0.0935998705409653
0.2637768547526385
0.3482943166863042
-0.3475504936293617
-0.4991109997109359
0.4845158136331435
0.4351934422116756
0.2685295632302526
-0.1119415078346420
-0.2541904768229960
0.7145530160982974
-0.1719707537504347
0.1782688401846611
0.1695802012334691
0.5717706884005680
-0.0881379849247996
-0.0781757343735675
-0.2691463571079949
0.4594446886195568
-0.2695373679793707
-0.7383239556611000
-0.0761450904359823
-0.2945991175684730
0.0944681449967625
0.7014496396485487
0.0597164386884349
-0.5759916713860909
0.1313418507592776
0.1658544962614493
-0.3448960979353182
0.4642455104591705
0.1432917029205406
-0.0542719628324673
0.2224587725623257
0.4101620469318347
0.7217976082560184
0.1492834566373293
0.8598876605413840
0.0843155120561105
-0.0810068299011542
-0.1676259620670492
-0.1584271942400392
0.4244442970357428
-0.1164963470024120
0.4532856796897320
0.2053706127991235
-0.6203626895785214
-0.0963742114700293
0.1585255669069789
-0.5255727715625497
0.2384534653932388
0.1693699553938340
0.1942559055703715
0.1894884825511475
-0.0214987025513794
-0.6837680011945307
0.6521267636325457
0.0663504847501106
-0.7795195535312696
0.1659870030586301
-0.0248335862815336
0.3872738386882665
-0.0500660007318772
0.3380706249298835
-0.3120921265721235
-0.2011549658515395
0.2824955620638893
-0.1801345993844937
-0.5885607512251493
-0.5719974949952586
0.0711567537358265
-0.4106534883162168
-0.0690962008647711
-0.2044694271196621
0.2221838042017993
-0.6899510429171262
-0.3687634266545677
0.5350399518409721
-0.0759320026299225
0.3208390374688276
-0.5144830394094145
-0.2107628235012904
-0.2150628978814844
0.6354248845892695
-0.0266969870919146
-0.3704308077166867
-0.7097037513608641
-0.1610683662259197
-0.5591121288369798
-0.0547789292576974
-0.1788786030775334
-0.0923663651258910
-0.3379960990260858
0.0743219632623562
-0.7198822379658804
0.0635701285891646
-0.5205347133740883
0.3190671814842492
0.0938733748409817
0.3010517951407019
-0.3966102521229797
0.3087097095229532
-0.4249119493463469
-0.1023986151578218
0.1831575726383309
-0.6356021290191323
0.3447117915668524
-0.0081429272007347
-0.1900396302047494
-0.4414488849591023
-0.5378044259335388
0.0802720496218580
0.1223164232415643
-0.6769808001397116
-0.6479674641521873
0.6645804900535991
-0.2037304884987975
-0.0997638894094168
-0.2174460078185316
-0.1744568619343682
-0.0964055448303936
0.3240642273340195
-0.0762958845712560
-0.5135401916497616
-0.0108757593092398
-0.3150065880462449
0.6476116874867779
0.3266335189438761
-0.3422507008539991
-0.2730177138482432
-0.5393269934811658
-0.5513093039566530
-0.0636188514113774
0.4543352613117513
0.0551574404527844
0.4709647662920969
-0.1464761424938358
-0.2359375119324096
0.1520888916092838
0.0354655600664007
0.3137395992725195
-0.7604268840600358
-0.1060721035133922
0.0666270878373187
0.2077676016826566
0.5129179938331734
-0.2621463314969609
0.1958158616855663
-0.7556406186215620
-0.4128818037906907
-0.6023069821285607
-0.1933137335251237
-0.1812435491900676
0.0504076658246356
-0.4190903533143622
0.4672877429060723
0.4998549433477675
-0.1186629478577961
0.0305050443864223
-0.2140408536904930
0.7453257696432074
0.1091327941588476
0.3491412693735428
0.3454392460956047
-0.5806933870442756
-0.3716544828187495
-0.3157073346078615
-0.3452540612341218
-0.0187026359487165
0.4314146339490472
0.6010265161442547
0.0138197375578379
0.3586658246224532
-0.1385650175325796
0.4977469517017117
0.2886980172157015
-0.3995449046562858
0.2640011630632199
0.2958496903838457
0.4236414566056250
-0.6846094351021283
0.3153435383881140
0.0379097452087932
0.3061625193101331
-0.1484991622365314
-0.7954949463272675
0.2325326488534933
0.1576121721263343
0.4630026796135123
-0.2185985902672786
-0.0637646814583808
0.2768701282226231
0.5288199453091313
0.4335877242276218
-0.0995603239014375
0.5717584728146237
-0.3063469915212965
-0.1581947988889913
-0.0062375053407697
0.1440202931298028
0.4071611562608393
-0.0325429575964184
0.4220401689833233
0.3383293692160030
0.7209683287964688
0.4675864753786924
0.1743456566104611
-0.3932507828475103
0.5291732950882935
-0.3035808639954516
-0.3986351938502176
-0.2553910077880414
-0.0727404225245394
-0.2133850862010837
0.4195766878279165
-0.4396216544385083
0.7358937601757553
-0.1856368834675807
-0.0621543331461566
0.5367248497208060
-0.4534884796275325
0.1282065327652911
-0.6179747206087289
-0.0328490300651463
0.1051360474695976
-0.3095356472660339
-0.0716783004177718
0.5653014193696042
0.2945702184322779
-0.1712419473048503
-0.2332798744758537
-0.4222599418788203
-0.5713826651666630
-0.0383383524859070
-0.1003805931268943
-0.7778534488248595
-0.3142655334304011
-0.4743918875848344
-0.2441004010808073
0.0015572690913652
-0.0021248103910871
-0.1338031321483486
-0.8420342393571273
0.1117801878325605
-0.1209607473496138
0.3598368543552034
-0.3412648124475334
0.2015397529544639
-0.2808650720671321
0.4206722679271553
0.4694501316006146
-0.0036325714170321
0.5547657506771410
0.4187716830320504
0.0263168841370082
-0.1704189207041134
0.3818154279829433
0.3080916360261226
-0.3641130372117060
-0.5688430462116059
-0.5228772520864540
0.1706582971232110
0.3022280336786501
0.4762436849926879
-0.3077135158159582
0.1061237301628568
0.7391835425824724
-0.0195895442023973
-0.1249787506181317
-0.0176760994488063
0.1772291635142586
-0.9200227561206206
0.0868023889709024
-0.1373052635536607
-0.2825392523028687
-0.3281722576162891
0.3021373166352074
0.3188074293090632
0.3049941467281790
0.6607156853802022
-0.2957583943010434
0.2869462667459527
-0.2012361204540588
0.5084867046294542
-0.7161381476773077
-0.3733569294757483
0.0906490348635610
0.1952479822454907
-0.0485492492300672
0.2666240998558715
-0.2467254549322235
-0.7653541860882355
0.3755156565181039
-0.1849473439191124
-0.0912953093618718
0.3141953966520060
-0.6336314292537157
-0.1845910659347943
0.3472721714729595
0.0986863035832605
0.5744909871924940
0.1412166340224949
-0.2900316716402339
-0.0849513932558519
-0.7894074774077495
0.3351119393214828
-0.0918762753367292
-0.3255284598260269
0.3510964735244509
0.1401439319879988
-0.1666019600315150
0.3406596985370661
0.4546683139307567
0.6794850773396494
-0.1858239494308605
0.3913660516852783
0.0085781170765876
0.5603427090847534
0.6250312159880330
-0.2011583882235169
-0.2593454385463752
0.2721321514316917
0.1958766761880812
0.2742329186134551
