0.4991474221997250
0.0118642777748665
0.7801425863305449
0.0248644153499803
-0.3753665270687236
0.0238823370591658
-0.1795783966303876
-0.2234846847484508
-0.1248469541453420
-0.4340285947731792
-0.3116639703811173
0.7853051519458363
-0.4358358335029382
-0.2720098491877294
-0.4363083357145080
0.6735951013940673
0.2564668458212869
0.1618245986804866
0.2453504209827365
-0.0207727564939782
-0.8189601281241221
-0.4173196385508744
0.2873465003549542
0.1093264838348207
-0.3203103299269815
-0.3582316870443125
-0.4137850148024990
-0.1042531155267463
0.4410880730403524
0.6264390730061985
-0.6031562877875170
0.2391459113554108
0.0229142753082568
-0.3080164754932915
0.2186334973979629
0.6601605154897521
-0.1060326066363004
0.3340010864834363
0.0309011029866972
0.2348242814814767
-0.2257436715504327
0.8775778221751277
-0.4133622058801137
0.1857504354247772
0.6107809593015375
-0.6285828941517047
-0.0017370350024461
0.1626518064252373
-0.0865160002783868
-0.7132573261188176
0.4892271154253786
-0.0585129626057823
0.3985886492297465
-0.2865992321666765
0.8981675251182345
0.2674103996509107
0.0772945524411026
0.1323073778216259
-0.2957318670350550
0.1041621223784421
0.1833395776654535
-0.4292894865329188
0.3934645492862204
0.3783854934860628
-0.6483926788836595
-0.2523769735101203
0.3774627403402899
0.2177320111417135
-0.1719928047262090
0.3610159987525681
-0.7786192508626113
-0.2096488419529844
-0.2183167789924053
-0.2074375127547877
0.3408892308002531
0.2605500551830514
-0.2340513465755930
-0.8188013376559427
-0.4353447711171893
0.3633567523211091
-0.0991932512840001
0.6014542310751217
-0.5185598893473119
0.1948228651499238
-0.5310622508778177
-0.4684445051558032
-0.1052632764234043
-0.2892428818042417
-0.2365124054578228
-0.5897903960803894
-0.2644525849094024
0.6678157260781734
0.4427172633665658
0.3053778272683034
0.0131368328179529
-0.4412031474174223
0.0527794402776337
0.6017229697415036
0.7503497662598131
-0.1196756867354603
0.2163771715117826
0.1047744066852486
-0.1694562676637154
0.6799462195308978
0.2363251824519512
0.5775693043679199
0.1293772996089768
0.3205983983615974
0.2962991104614325
-0.7935778066513800
0.2757612407728273
-0.2235095320657777
-0.3502747455919482
0.1837061014060573
-0.4035501740979265
-0.4300813429552321
-0.3742166893477473
0.2375276214087810
0.3566820171249436
-0.5731472171864198
-0.5463642915303458
0.4424572512355662
0.5157048245121851
0.0720417456324699
-0.2996309851212773
0.3805225819658359
0.0645429282696620
0.2207539584929735
-0.6311042690177071
0.2177657573979846
0.4671007445147523
-0.5321694008737553
0.4919661007145919
-0.1548511708259130
0.4144402729269539
0.4338705025411748
0.5571590448647082
0.2521109211594585
0.7298133891864994
0.1529698191851783
0.4885181877969832
-0.2642136960461505
0.2827347448030704
0.2357431196809262
0.7757391483205057
-0.0996100753345591
-0.1795901422945475
-0.4299326669314413
-0.2532304617504614
-0.3272403132138684
-0.4769544874963129
-0.0660362123112977
0.3385150680871046
0.0588091181916037
0.5612147064817656
-0.5789134002981805
-0.7875912912088496
0.1325519000142475
0.4688574187937386
-0.0468320470225943
-0.1463742009756811
-0.3445054793716167
-0.0289226545644211
0.3981670016151994
-0.0181801344259034
-0.8046198273926534
-0.2463739483611554
0.3635695429013779
0.4596189474091940
0.8259229259388853
0.1636310885610959
-0.1599400845356390
0.0063844140014174
-0.2328197136496756
-0.0352748978942623
0.8323458536246278
0.0455926974285863
-0.2052428906399037
0.1429020845400601
0.4912552468417072
-0.4925384971738108
-0.3394731186631727
0.2965446200516274
0.3791144400461773
-0.5566761403445084
0.3171892730609186
0.3434665555115384
-0.2692058138017107
0.6660652293892780
0.3990638457277513
0.1257894730951165
-0.4368536605665988
-0.3397870485526405
0.3899225802310384
-0.4329487151005393
0.3370439546628630
0.3508617695204283
0.5552998689616800
-0.2967709067600114
-0.2723038329430308
0.3186419412855983
-0.7029728381469409
0.2594526203531435
-0.4180412555461990
-0.6096080787129000
0.5138263238285361
0.3215601105750763
-0.1499001379185436
0.4880860838529316
-0.0161715180757649
-0.1570424278014827
0.2388848258710239
0.2976650986657027
0.1850085737922653
0.6762979866404122
0.5814293299831039
0.3324116566877319
-0.7765710722684623
-0.2003171270019867
0.4195169072417999
0.2021608799216011
0.1716084263991637
-0.7779842708071012
-0.1009640158256859
0.1150618545126346
-0.3552606357866769
-0.4186005155741788
0.2643312326280891
-0.6339390312330460
0.2753533171216665
-0.2449366176337077
-0.1438021890125839
0.0961088421862768
-0.6575651524072451
0.6227503206356377
0.4735238446426080
-0.3564403406108854
-0.4560947105921106
-0.0645517892018028
0.2207219331399460
0.2099529397189856
-0.3460127061258451
0.7466539361426081
-0.5174925508876563
0.0843133346626177
0.0616083705305681
-0.0827972072408812
-0.7375062815771598
-0.2960450353909315
-0.2310065837742561
0.5514225894538727
-0.0644634021802857
-0.3626100064746369
-0.3558806007866667
0.3009863017801331
0.1362089772138403
0.0912542649247037
0.7901835236122777
-0.1562543515987532
-0.0855941877174611
0.2276952401295350
0.9004746695196809
-0.0413249805402232
0.3222587559626056
0.1650605929391166
-0.0028074298419042
0.6280768620221810
-0.1610758615943202
0.7280890412230996
-0.1490217744194291
-0.2479769924935892
-0.5010290760160370
0.2030178274487195
0.4149797205011504
0.6424744367253820
0.2475468998907945
0.2449858997638467
0.0341233714521010
0.3035965443723782
0.4101610850485566
-0.6913030620777947
0.4477885699260831
0.1508207984906826
0.2431611497545442
-0.1984930518229832
0.7989939627055505
0.4849339583052268
0.0719302023713660
-0.1459771021089032
-0.3925182859133916
-0.2643177774193302
0.7220463212439745
-0.4763630406048815
-0.0805205374256812
0.6028333084409728
-0.2334503358168396
0.1640449149396215
0.7261269403332032
-0.1589838668264737
0.0514393374258548
0.2718952436588973
-0.6579682699196333
0.2699068009999165
-0.1725734221864231
0.4455507640963136
0.4381825893354080
0.5711895733169592
-0.1984378241648683
0.0683310346378495
-0.6370747539274689
-0.2129053825758751
0.4224959490438923
-0.0696541566666709
0.5286631063631876
0.2023588958602915
-0.3369155473102498
0.4104462285206087
-0.6266867663909355
-0.0775321233290388
0.0934656398433328
0.8107671890948801
-0.2171061353852723
0.0416016333385856
-0.5282459078777493
-0.4451371103647340
-0.1865101259809112
0.7844035384959079
0.0266681820540300
0.3452067500769836
0.1786032542957658
-0.1583050859932703
0.1874493090634482
0.1570262499362728
-0.5147925800752712
-0.3427425003813321
-0.7298364138922150
0.1090455492214921
0.1253071346060175
0.7151066098288488
0.3526463186517382
0.0177798836130402
0.5799604956124051
-0.3917502326390772
-0.6254519970880099
0.2832726370587369
-0.5202832454655755
0.0685064357404220
0.3157695051926160
-0.0025314203362595
-0.2005094995216614
-0.1974285531808327
-0.8089097517181075
0.3255341646622037
0.4006295297586138
0.1934493444261367
-0.3084831926634846
-0.0141641699884830
0.1954257175071994
0.8010175185536633
-0.4328909460599825
-0.1605115023311312
0.1450742075426040
0.5509291102996352
0.6257978120560385
0.4916612274900298
-0.1277222892004894
-0.6219483232761889
-0.1206889868782932
-0.3759622961127997
0.2062084423651080
-0.2470091842231185
0.5947531796708662
0.0184901926576513
-0.6324277763808939
0.6095510591130355
0.4139605640899084
-0.0401743482717059
0.2348688993691725
0.1658861550931834
-0.2421576905569718
-0.6143966959399182
0.2753385183073867
0.6638768772825205
0.1407633781085404
0.8074187794605778
-0.5122244443347106
0.2381040491043495
0.0208922134193712
0.1418504251238375
-0.0919209840630930
0.3754949802604131
0.5261146517554673
-0.5981841063172529
0.1612446193237295
0.3998427946331345
0.1962360320532276
0.3895823604623007
-0.1379220303095604
0.1716580743760110
-0.2737396367560089
-0.8499337201185770
0.0491516647481597
0.4786203125683478
0.4711726199086529
0.5161248824540593
0.5209347654379706
0.0511422390946919
-0.0924419055171664
0.4156557555009256
0.0106160757257704
-0.0578002476857313
-0.1901123688267581
0.8152597285009680
0.3506930075239803
-0.0791427369484071
-0.0177714684834911
-0.4487932619239692
0.4408697526056937
-0.2539804029109404
-0.7301595896257816
0.2896909703275855
0.5970808709973039
0.1625816144093379
0.1816143819157230
0.7054009517691343
-0.0506607084473332
