-0.3825256498854032
0.8701857389399345
-0.3105654631882148
0.3726402743384757
0.0383301115151953
0.9271839237671123
-0.6666055593879676
0.3166485729534612
0.6748116103325368
-0.5602153934890732
-0.2270210928383596
0.7966304891882809
-0.0560209193342581
0.0591452652205176
-0.9966762233538731
0.6113605873733086
-0.7617506727627765
-0.2144158220654916
-0.4922908789803435
0.0974728853293776
0.8649559104938973
0.3547050642404090
0.3693837662488194
0.8589178951646338
-0.0259734431722937
-0.4402827579194711
-0.8974834111718167
0.9374302226698323
-0.1868074747238118
0.2938154948475332
0.5990390000615075
-0.1678552594530066
0.7829284055897278
0.8215317066225984
-0.0281797285206975
0.5694660287622614
0.9626161815705565
0.0719873092231359
-0.2611281568298107
-0.3804407942354400
0.4153853177113486
0.8262686245473378
0.7654080242711799
0.0055895643137459
-0.6435210277466241
-0.1599222485891568
-0.7281271465463467
0.6665251179576529
-0.2707987233993152
-0.1447302332757148
0.9516938641082323
0.5842182667952027
0.4942683131884362
0.6437296414805421
-0.9694120186998813
0.2281942742580497
0.0903753904338087
0.6074522924078190
-0.6569237848557630
0.4466014479816036
0.0886688429737790
-0.9794866376024056
-0.1809523778346813
-0.7602350872015041
0.3598483008476812
-0.5408805899316025
0.1758007505376214
0.6802355633509830
0.7115993777842837
-0.8276749245758226
-0.2941733525686923
0.4779291347751281
0.4789045633155792
-0.6438576454010161
-0.5967392660904542
-0.1023157489443453
0.9822434410692391
-0.1572555563228778
-0.1804982093671812
0.1811494673443273
0.9667498471146028
-0.4999895837795226
0.4848672695004616
-0.7175751856629009
-0.2985198682867276
0.2914384290087282
-0.9088176551624642
0.7410491847856667
-0.5249800944509113
-0.4186191660194395
0.6407761998378897
-0.7578469899294229
0.1227754111222039
-0.3324289979799310
-0.4768208251713920
0.8137154674607899
0.8366640646689973
-0.5395485995684258
-0.0942366786092467
0.3345144699624641
-0.8616745361898046
-0.3815980386058304
0.8823760546564354
-0.2174033581964399
-0.4173107691084114
0.9092442231385829
0.3776495448437011
0.1750878749898475
-0.2189345537987685
-0.9744119734078659
0.0508818949364369
-0.4266354215298206
-0.7555324720521222
-0.4971447483086607
0.9949649260546418
0.0656179252045707
0.0757567410395189
-0.0280307857131279
-0.3790933517601466
0.9249337844967944
0.1468717337307519
0.9148220007206748
-0.3762039351579737
-0.7667862347715482
-0.6416424881903562
-0.0182698525927554
-0.3831340546462540
0.9233881091873176
0.0237212137503887
-0.6292477034859675
-0.1782956153373431
-0.7564773633157269
-0.1685729009185622
0.6614923282992915
0.7307606151655157
0.5351111298956314
0.8244983087411800
0.1840071127558785
-0.8293865132538994
0.5034232762904673
-0.2422457770973755
-0.8170145708393327
-0.3012251737398593
-0.4916813864095455
-0.1369811076720114
0.8303584800297633
-0.5401305127315158
0.5140279575810743
0.8439692118079564
-0.1532684845142208
-0.6037675216448178
-0.5085769227853815
0.6138520126358034
0.7212012246078824
0.5968206965767512
0.3516729300951843
0.9058323031213275
0.3909698012072280
-0.1631271073914212
-0.4350911019073606
-0.7660860040406234
0.4730834677455013
0.1868028263928804
-0.5969859388066482
0.7802002902580698
0.2298499246837911
0.9306839690351365
0.2845985978599696
0.7142576052271449
0.6246399203574806
-0.3156913734503754
-0.0189501821827586
0.8634667192392437
0.5040497151685115
