0.2300749570550275
0.1207981343140413
-0.4521202334858481
-0.0752416214407800
0.3133484034948789
-0.0754665648140201
-0.0428557995571343
-0.1604558644998669
-0.1866478071084054
0.0842769110418829
0.7407070218338782
0.0186358671702931
-0.0215339332409640
-0.3307171462662377
0.0860413361333628
0.2200014757476340
0.7461552767779576
-0.2614390437525688
0.1913500107146636
0.0965629072453085
0.0652427968227281
0.3447192274031792
-0.1907194737988737
-0.0621250331759003
-0.3360611179876903
0.4001002494713751
-0.6691430909499896
0.0205632548590342
-0.2577029129929969
0.1097396755950033
0.0609774310339913
0.0969384238180513
-0.0937997722053348
0.2729946918844902
-0.2184989377182118
0.2370067805229002
-0.3474028276075564
0.2876490397561808
0.4294405356004196
0.2974749949900582
0.4314379813673787
0.4076183327559343
-0.3095682405055672
-0.0662267288098755
0.1531052297711105
-0.1003462079565673
-0.1936629669636789
0.0115294980442924
-0.2105566054725656
0.2612134902770337
-0.1939913107310790
0.1975562655841880
-0.3326636903917506
0.1213863744752173
-0.3827506036461871
0.1627662983900243
-0.0829460344700793
0.0272865750434692
-0.1545461974631798
-0.6934497223445824
-0.5765593036361164
0.4742043138729204
0.1228528948205299
0.2843181841378785
0.0420532747766365
-0.2038403666470577
0.4156205806328125
0.1168574640722388
-0.0206886373193489
0.1587533482567630
-0.1190529005711955
-0.2779572433257105
-0.1250411915020745
0.4070058820557356
-0.1520074849716517
0.1121388944387405
0.3471587994066608
-0.0220954258468128
0.0984050899103347
-0.4361054005051276
0.4196356121146058
0.5119462762976561
0.0080271194089580
0.1546063127163894
0.3333762482818907
0.1355120179661550
0.0903412177139380
0.2776582438745010
-0.0126258486736226
0.3277799163307815
-0.5840467120659018
-0.3972966293213184
0.0492711426676198
0.3343226435391105
0.1849258680040464
-0.1740402906493380
-0.0104477489849221
0.0806766885310730
-0.0153961832040556
0.7530083776226376
-0.0219265372286878
0.0906014342848065
-0.1196243713041984
0.1678503521081532
-0.0842902101652968
0.4572777211206706
-0.3958984765687255
0.0447992844491595
-0.3905020282398943
0.0469833789154427
-0.0133088949965047
-0.1775005175125136
-0.4417876733168156
-0.0858055255897797
-0.1552496482902452
-0.4434460693130517
-0.1536670872258515
0.4851147784116935
0.2916089170729326
-0.2152804658968437
-0.0920765265710066
-0.2240049230051013
0.3855197663260673
-0.3366277910658535
-0.0194994364171005
0.0544594074850145
-0.3418246579204466
-0.4539132575761946
0.5322941407338816
0.1605274262400915
-0.1524492851432098
0.1443109807065444
-0.6181779674378537
0.1055611793493754
-0.0131880965203884
-0.2736305072376382
-0.1382730660856024
-0.0629185855168348
0.0657567897894604
-0.0019105872542421
0.3504400809050219
0.0590660714718891
0.3402274838052154
0.5120621747525606
0.0635236253226295
-0.0009931816175278
0.3979863221410382
-0.1283525758462123
0.3910377047437358
0.2774615496563680
0.5588986308395100
-0.2267021569444900
-0.2327508288072508
-0.1598985287620562
-0.3685679193708549
-0.1088876562876550
-0.1224289241210513
-0.4401683124446456
-0.0612882368663511
0.1956969748706628
-0.4592137568412175
-0.0486624104964596
-0.0561235949455469
-0.0353592494375783
-0.3175141380853792
-0.0044560894896837
0.1282359125676084
0.6436493519913150
-0.0280171999318026
0.3895314432000641
0.2892974989594552
-0.1738299564603729
0.6534633619545543
-0.0995892036210344
0.0345361449817605
0.3060790506549364
-0.3730713220228300
-0.0558227158656575
0.2222673006985404
0.1002983013919041
-0.1688022478942224
0.4733120715154706
0.2547895608233928
0.1282705720788721
-0.1381583282063986
0.0624070949504570
0.0968259053968035
0.1989371415370772
-0.1807271026417994
-0.3386253342913467
-0.1924538597684330
0.6401631994365060
-0.2425979450390549
0.2079620155810718
-0.1422608476643260
-0.4359810276817992
0.3468004439653264
0.0248416817553994
-0.7272859644296962
-0.0607261782394501
0.0269735318213495
0.0077780559195198
0.1461908832882377
-0.1090888998260089
0.3075483303669341
0.2563686557173606
0.5044923070268678
-0.4888827378913106
0.0012074464631559
0.3306963329894097
-0.2999538133027057
0.2133183410656164
-0.0141210804504084
-0.2262158075297447
-0.2221061256674471
0.0250531977787123
0.3819611426955141
-0.3013957922207913
0.3433390173859623
-0.0938092907421152
-0.4376765824404442
-0.2721125215793466
-0.3560844025080738
0.1223081122921168
-0.0243314984477906
0.4155208833409537
-0.1823725988325489
-0.1507103700484237
0.0223258939954483
0.2582783063458191
-0.0904601551090961
-0.2844594921476645
0.0310529583026241
0.3229591108795829
-0.1952422665535779
-0.4709281900337315
-0.3596838809232514
0.1661325004566176
0.0762442053620586
0.5619147368604945
-0.0297743771539907
-0.2034169751823441
0.0282326304814940
-0.1730080898778970
0.0153425452431327
0.5750988095767382
-0.2227709622634942
-0.4076019289657047
0.0333017101240309
-0.4113404058250817
-0.1211457916087556
-0.4419045545184268
0.2971213755966725
-0.2774186859954983
0.0066976744196616
0.1225485030799400
0.0142992617462698
0.0985770908331408
0.2217093550555830
-0.1667092311847647
-0.2997546466841103
0.7580299087816103
0.2111671094096728
0.1541820672345076
0.0713035125298019
-0.1611359941543831
-0.0383784903039822
0.1880603719755728
0.4162484320573750
0.4114974377108981
-0.2389425289014719
0.4355868363305820
-0.0415499815653604
-0.1622706560126628
0.3826442717980449
-0.4101393183020813
-0.1545882761833933
0.1930438337505910
-0.1097754708263668
-0.6809450921122352
-0.3772571454431506
-0.1952045045124918
-0.0855760775196320
0.3416184753129911
0.2663312656299229
0.1512080583046311
-0.2019697848184805
-0.1551046634824787
-0.1144569203595292
-0.1764203847235887
0.3197140471228875
-0.2845205859344890
-0.0655473042338755
-0.3164740137239776
0.5624717671311616
-0.0357171158806088
0.3421230570460455
0.4318739740686515
0.1578571700603038
-0.1483973452134154
0.0985487296726584
0.8036872999955388
0.2412450318861154
-0.0049878194750916
-0.1740365640795004
-0.3299089598918809
-0.3301521149952775
-0.0294919625972231
0.0246176158038838
0.1781192920811651
-0.0610307472430363
-0.0330866177978228
-0.0200462802942282
-0.0107645321040802
-0.1862216675957397
-0.4277460456922684
-0.1002417448757116
0.4693591268351810
0.2591077015522177
-0.0372917566943200
0.4224435063462223
-0.2659141923320449
-0.3503071702129619
0.3332854957643601
-0.2450166287594866
-0.1540318601152224
-0.0734737709310613
0.4172299087887826
0.1221524649669588
-0.1395085564636750
-0.0023219951044869
-0.2795340508415336
0.4628836175384610
-0.3144163550041824
-0.3087335986280075
0.4645406161267516
0.2236550469061629
-0.1804157128904750
0.2515599629955417
-0.1254562399158482
-0.4653553748268402
-0.3165319831643995
0.0626517781794932
0.2044911723584415
0.5030351767871649
-0.3533209284360579
0.0480483381911362
0.3093997267816214
0.1253376336124918
0.5500655075383561
-0.0719930608273576
0.3920534391433136
-0.2247879925088488
0.2743073848174198
0.2014086664972291
-0.2619719810331042
0.2561145455743196
-0.2413453385453667
-0.3851034314589887
-0.1253542042520425
0.3951265140686305
-0.1107332241662410
0.0130611206984190
-0.2410476603533712
-0.0453887759282764
-0.0208848583673477
0.1536219935642645
0.2409311077116875
-0.5064686191769695
0.1345044400337534
-0.5112796912593540
0.3913897805982899
-0.2475622728128967
0.2325948262405629
-0.1652437016185941
-0.3698568593413446
-0.1766212141351453
-0.4256287818312695
-0.1720979612084517
0.0403508074621261
-0.6698446752272645
-0.1405821709208825
0.0074752732708181
0.0916573293144721
0.2389035699257469
0.1322147135137063
-0.0584779477833121
-0.3345375923309329
-0.1677970539563148
0.3500033901450998
0.0680353552583311
-0.3190779363290448
-0.0077725699228412
0.4794127343375428
-0.5034221158496145
-0.2639710398630481
0.3914760050181432
-0.1344213149006517
-0.3493474112731386
0.2308722758212134
-0.1640498979039077
0.0659123354799339
0.1475952564384348
-0.0608845441489860
0.1925131043674798
-0.6320245680340262
0.3345747987387372
-0.2193788681171866
0.0772493810487190
-0.4154854122796109
0.1992389121003091
-0.0066607829344235
-0.4424902951710735
0.2952451471260004
0.0081280556798509
0.1155726262867822
0.1555541030202143
0.1231534201388835
0.6605616152217966
-0.0978158901480961
-0.0853540280389633
0.1379962348055341
0.4877244694308608
0.1683504991985798
-0.2928630256224680
0.2468287879036969
-0.1961793305530877
-0.1963006724771113
-0.6644910929166791
0.0170248492513367
-0.1795600483665872
-0.0982910236083214
-0.3714623995929165
-0.3272503608331382
0.1758167171081196
-0.3323492558249442
0.2721353951373741
0.0886826466170077
-0.2377971282202825
-0.0829179052215526
-0.2536897537776641
-0.3811571702847046
-0.3519249211747434
0.3670419227995659
-0.4160426064038833
-0.0666460196906746
0.0830452229272464
-0.0885854076535853
0.1187043257716563
-0.8120992159488087
-0.2440714391189853
-0.0543916285378025
0.2411597397718698
0.0318939202827072
-0.0944787239537173
-0.0591297940798659
0.0074831937130520
-0.1055473139889045
-0.4173528116737301
0.0812614290467313
-0.2140460593246650
0.1188550823671777
0.2993769311725079
-0.4865198452876419
-0.5242712788232863
-0.2689592988976235
-0.2729815755877488
0.0053108654769761
-0.2175752519468176
-0.2398188558412086
-0.1158348268519570
-0.0239791456444848
0.4391257325830802
-0.3007942339653015
0.0658349313829729
-0.1139934512174146
-0.3477811518667955
-0.4738390353909483
0.0245452290271204
-0.4841903189341561
-0.2624067718249553
0.0178740318518815
-0.3428940319527289
-0.2385653395025124
-0.3210352117811512
0.3175424602704203
0.5318936269867541
-0.0263227491624367
0.0828702835531504
-0.0381463170895911
0.1707925057137626
-0.4809784012643377
0.2898445730708502
0.0810441083975415
0.1984417795039842
-0.4367115236296291
0.3002454029235753
-0.4395688867928716
-0.0573970376300403
-0.4888757102161126
-0.2473602042107301
0.2807722533756695
0.0256393369158387
-0.1139578367661390
-0.2840037852357375
-0.4252395523842606
-0.0516433191088125
0.0000799988691469
-0.1746050326923540
-0.1313604952413931
0.2592005601071670
0.1697361509473220
-0.4576071630699536
0.3435481297978598
-0.3278861916785486
-0.3964459079465570
-0.1729109651790753
-0.1855220378770092
-0.3579269178416914
0.2364603794017107
0.4154726324072566
0.2839693653384358
-0.2695041309059015
0.1753116200283972
0.0871936355701824
0.2581714162746265
0.1707045607674259
0.5400371980575972
0.2856823317698496
0.0231313993824562
0.1375240823930967
-0.0532073784016779
-0.1974438123777153
0.1886144816610807
0.3657810468864344
-0.7607340666260481
0.1612504549400631
0.0116504889497088
0.2876849644868437
-0.0116184032681763
0.1827095691025614
0.1124105690688194
-0.1916294523019811
-0.3474151949846760
-0.0764841165286722
0.1693561871624783
-0.0091729307417368
0.6640398763495048
-0.0142360491161369
-0.1326062253399505
0.3734099631555857
0.4046917316859069
0.5908687415419721
0.0947818173163640
-0.5297201231818187
0.3348984108030721
0.0343694119709809
-0.0893957604703566
0.0931450668558779
-0.1721327905779222
0.0609358265728289
0.0895678796620322
-0.1225810199463987
0.4181984420023951
-0.3077672199344330
-0.1076813679430904
0.2089709681403274
-0.0435259078991998
-0.0136085271063589
-0.0275770150823213
0.5218411835417194
-0.1610419487093142
-0.5215805770289107
-0.0506075316307227
0.5208161921526455
0.0553656092954970
-0.2009618117706627
0.0829272659818584
0.6799139857638672
0.4405829598750090
-0.2429049357365390
-0.1908240121568353
0.0293915776124241
-0.2235871663887620
0.1812450029122731
0.1224790064528276
0.2185808465438766
0.2333257473786554
0.6169888539083118
0.1722611964191724
0.3285236617559630
0.0772582967574027
-0.2604806655153005
-0.1522499795805649
0.0611964573681586
0.0014960013046773
-0.3688262867193950
-0.0897513971166992
0.3980219705615439
0.2801197667008484
-0.0757740560088933
-0.0976654322934152
0.1210629191586598
0.0521457781435524
-0.1047183398578850
-0.2539000336988111
-0.4695246349645110
-0.6282298796467100
-0.1600954028968724
-0.4104976057841318
0.2693171075825021
0.1005807836683599
-0.3259375988520736
-0.6265274346080835
0.1961160828936038
0.3962494748697739
-0.0189518654206286
0.0001137907942076
-0.5300446655425475
0.0496334585106629
0.1050072114819955
0.0060161567897495
-0.0160450396035593
-0.1032604731110873
0.0516820504869091
0.3245608404324841
-0.5708269053779741
-0.2016915562350844
-0.1377785130140019
-0.3484606329137008
-0.1198458027140176
-0.4660622584171658
0.2086889701706106
-0.1277427690854719
-0.0340340582143108
-0.3040624801323428
-0.0392895341502276
-0.3203783530749458
-0.4440366137788048
-0.0358046546050732
0.0220444085164720
-0.2428124597981799
-0.4711776756476608
-0.3104510749782696
-0.2340046334975624
0.3542698336506353
-0.3501736195559245
0.1290139131630909
0.2940309182289826
-0.4744801555063722
-0.0736035212900552
-0.2806588044716895
0.1141554445708032
-0.3412761952494268
0.1505082100077519
-0.2089486227196972
0.2130207389049943
-0.2178281332094091
-0.5526339108977177
-0.1009120052411290
0.1102005600528136
0.0506016828880726
-0.1418992057038941
0.4785810600383770
-0.4233671625776979
-0.5631287215743077
-0.1354953652040926
0.0212895872601231
-0.1525641473296780
-0.3375473158593711
-0.2891544809272765
-0.0113936553820937
-0.4938466979693408
-0.1118765676867678
0.0936135843038955
0.2144100312951585
-0.1566139641737493
0.5429338962635726
0.3312312139028940
-0.3266260306380604
-0.0172504346712318
0.2876944470208918
-0.1486795670479310
0.2190634414513523
0.2394828148155065
0.2721142279206202
0.1287725214387110
0.2933508145801066
0.2987442340249199
-0.5697516166594555
0.4063323915370207
-0.2535434828601799
0.2136890811669719
-0.2486116265144049
0.1110607960251066
-0.0538903410138940
