0.0310046319613452
0.3395632858535819
0.2624993725464468
0.0893520991573971
-0.8982459404228602
0.4334186367478173
-0.2427390773106428
-0.1191758450826836
0.7836768434652622
0.3533747990890019
-0.0715295252016803
-0.2865192330585185
0.7808031936774494
-0.5469635731937753
0.0629879230819191
-0.8148340515355784
-0.1390163043032334
-0.1627812495777486
-0.1136348568824904
-0.5266016707941478
-0.3577599956800088
-0.2912539756453842
-0.5851148098586522
-0.6520515210562099
-0.1401726804129627
-0.1884361927808485
-0.4151865238628474
0.3598757819583763
-0.3786681970515737
-0.7205635084810373
0.6508610855112472
0.6364219450955344
0.3206858093047645
0.0091656487204207
-0.2615789704124161
-0.3421958912138461
0.4210331144595807
0.0282175559761031
0.8057661678134619
0.2357493179349008
0.0925975407339363
-0.1695731380481730
0.8669964163788023
0.2161504507537002
-0.4052984615413796
-0.1061542424942595
-0.0855972916653670
-0.5382989142196342
0.2505157575631183
-0.7930198702570851
-0.7513952844612828
0.1930694655534057
-0.5526555487145325
0.2748386208222657
0.1310148271754929
0.0715854707991191
0.8351832920235053
0.3341008164173030
0.0788661132669793
0.4236757837576989
0.0238079367844502
-0.8751320004794685
0.1539755639716582
-0.3412371427929694
0.3056565097637733
-0.1748794910205094
-0.1600160941492494
0.0311782797990498
-0.8453344053682804
0.4777548233174147
-0.8336772347479273
-0.1365197666442948
0.3455191474640765
-0.3543453337928432
0.2034711889515885
-0.3698273519965623
-0.3908085592810019
0.1864348251157572
0.5856529990848892
0.5768440173520483
0.4137813620129647
0.4141501775639250
0.3058832604411995
-0.7269000545464827
0.1879264658227981
-0.4853108872146470
-0.7006694106224426
0.4749199332362495
0.1799364813527069
-0.1249385427408792
-0.5820714815618611
0.0691369173356198
0.3923350431024749
0.5482219448262856
-0.4493760008927625
0.1060898870710389
-0.5455427682819882
-0.7441991322063523
0.2879468118217224
0.2332001479877256
-0.2754136899701445
0.6694753165000895
-0.2007914596104204
-0.5613301358262984
0.3471906800806734
-0.3674841456638138
0.5068467973636823
-0.6005529811150533
-0.2794967201059054
-0.4114358115329522
0.5685147798014533
-0.3243073470491324
-0.0636375409431438
-0.0815557365094133
-0.7489423309056418
0.4137254164155278
-0.1345138814010625
-0.8090207496535525
-0.2588025946196864
-0.2987372410168196
-0.7488479909145889
0.6308390130103847
0.1451862259383234
-0.0409376451035776
-0.1360657751913661
