0.2429543894395473
0.1537108306131212
-0.3879969959651551
-0.0388031980616295
0.5751599231876670
-0.3414610078548605
-0.2667618914346159
0.4300737210382635
-0.2485335365106984
-0.4589562140972632
0.3165811770952103
-0.2034396004105685
0.1808162053221600
-0.1324542901607598
0.1805141568516980
0.1303851219753994
-0.0749049831016868
0.7364189326710219
-0.0698633149548210
-0.0102798132265777
-0.7478298692946904
-0.2300720110181548
-0.5342349767717102
0.2289037543582491
-0.1526591872739055
0.0570219135462283
-0.1359063418355617
0.4545796881926468
-0.2153314126178303
0.1795495782898958
0.2200159003395468
0.4224320422452573
0.0645054675736837
-0.4515154343932034
-0.5260243657208606
-0.0562764237196158
0.0808658465504807
0.0170519089316908
-0.5050402691348362
0.4073527494295417
0.1150144858103314
0.1124965758354091
-0.2200508398073799
-0.2351985715082572
-0.6652394002819585
0.3743210791834700
0.1828531542373138
-0.4988435650117339
-0.0031967414120418
0.0860287576242976
0.5755980928754874
0.1754289714643902
0.2402442445790290
0.3877971111450365
-0.0418205780391166
-0.0638017526482506
-0.2581047918776988
0.3015558227615189
-0.1536145076652053
0.6697345517727697
-0.4023970135160655
-0.4081724980873956
0.1896218507842100
-0.2118296259058640
0.1446369106432227
-0.7156825421241605
-0.1369909202126920
0.1579250983669576
-0.3660394504765437
0.4189652406061620
-0.0997631604701305
-0.2425501666121749
0.1635528135395968
-0.0713636893685688
-0.0697894071194050
-0.0971786943050388
-0.4704187708038399
-0.1039707157079716
-0.5053542244381595
-0.1467381748359681
0.6669518178166770
0.2561863994451359
-0.1445864666671010
0.2386940441485287
0.5591693585840227
-0.0642571069874634
0.2006606923554392
0.4295085479178016
0.1433268774943652
0.5425902582088143
-0.3668601145710129
-0.2248549690482887
-0.2406274421438158
-0.3487382279463921
0.4381525417198878
0.2193803878826073
0.5016912095280889
0.1614273768912631
0.3427472969353650
0.1926426551516599
0.2081325729308652
0.0898773340828849
-0.2388282937070481
-0.2764850356274447
0.6322669416314876
-0.2808935722574600
-0.0482875325802788
-0.5449902800052837
-0.1942512609881875
0.3767472762547957
0.3595951276308120
-0.1793740235831782
-0.0833011557490793
0.1102703362179208
-0.4328782363921345
-0.6725095892771891
-0.0096382818162500
0.3337268632349427
-0.3630033978999289
0.0198048568027080
-0.0125578189650578
0.4602035241042834
0.0539391325826498
-0.2743567731684441
0.2626944782369780
0.6303397823372464
0.3412682337591954
0.6721394853558732
0.3328673771365670
0.1904055864085343
-0.0957856829015484
-0.1593658381093357
-0.0217714651622208
-0.1478714269135892
0.4772810532140243
-0.2098611944931679
0.3726151011166044
-0.0599758394195269
0.1106092405882989
0.6607690408728724
-0.1707441019427492
-0.3678814554222030
-0.2333618758080946
0.3817341430886739
0.7741722055599428
-0.0335686714465049
0.0764529611005530
0.0262268683494848
-0.3871125421245157
0.3200537238831754
0.0655608167090167
-0.3428291229738075
0.1373939658906838
0.2639394089871037
0.1120881982691272
-0.1647860530819213
-0.3198120091659361
0.1710162641854116
0.2316610003819331
0.3638789107516002
-0.6462307999308122
-0.3942113259564821
0.0850562746493267
0.3583362491938956
0.0242425476544471
0.3150216064271681
-0.7005910928945628
0.3927298400677148
-0.0664799645218085
0.2981543574932304
0.1617220941178551
-0.2746489703075196
0.2962044196543475
0.1771496794841796
0.0420875628425588
0.1172973697191869
-0.1357868629276548
0.7863291757705018
-0.3683879286633389
0.1321269437295871
-0.1990407538301437
0.3144344151879188
-0.1726781911169422
-0.4677644302859416
0.1029912468530599
0.2025776199296504
-0.4572168034082323
0.4240247285103105
0.4152148747338114
0.2324109021733529
-0.1721119805451008
0.3074414960291778
-0.1723151705004901
-0.0662462384034123
-0.4603200475043980
0.1281798628059549
-0.6709306485864256
0.3305884519458163
-0.2555771984646655
0.4460493535879474
0.3632300495628274
-0.5874532737867528
0.4865136083732481
0.0606317520760058
0.1169334342543820
-0.0132334323240733
-0.0668026925413594
0.0619849571545050
0.5384496069455490
-0.0695327634392844
-0.5673919559454289
-0.3938160156528379
0.3017531538381061
0.1972980898464940
-0.1974284994185079
0.2353951578261889
0.1636482005853662
0.5240150336295150
0.0706677203922389
0.1638860757299806
0.3204253279592772
-0.5309927175750198
0.0803043711759981
-0.3480020450744771
-0.3931857908550557
0.5674029037640913
-0.4660253779892167
-0.6100139645287928
-0.1936850294338963
0.1688131175229472
-0.0129254110053849
-0.0412459733833807
-0.1339664469378909
-0.0541312312825116
0.2249659204213388
0.0804473307919275
-0.2978525103486838
-0.6745108134050873
0.0977530188780688
0.1909363394659782
0.2834142955197297
0.3931918074843736
-0.3439502979934923
-0.0654287995644588
0.4791197036006353
0.0728425550520502
0.1576684049364109
0.4274313295778830
-0.0238792346291278
0.2845581189783072
0.6026735388733253
0.3294564329038525
0.4693654637376443
0.1133322912296564
-0.2056726473101333
-0.4519893779469693
-0.4719242962704032
-0.4953456824311218
0.0256944365248083
-0.1144152815464184
-0.1960236474341637
-0.2306338753296987
-0.0777094519779900
-0.4883532685917634
-0.4531278656743561
0.0997106673966570
0.0220326359604322
-0.1352772892471497
-0.5940602319118513
0.3395884577890685
0.2235170862585463
0.1395681968809350
0.4156326492666658
-0.2855649772476790
0.1502707722145019
-0.5053040409007035
-0.5882267324302014
0.1731510564833275
0.1495243102765331
0.1360474827998367
0.0975117588201499
0.2597290221282388
-0.1359990621971033
0.3614104090054771
0.4883458115674265
0.1699216430924602
-0.4534603531804848
0.5314403610478604
-0.3238082946565797
0.2723586384771216
-0.1801788757984782
0.7692630621483414
-0.0008617084407398
-0.2573496770538000
0.3046521928464672
0.1250776983731012
-0.1484987751836174
0.4805731142872908
-0.4412023379437847
0.2793300299641885
-0.2798235419348926
0.2240012626191230
0.0541625559153692
0.6026802259086921
-0.0061525096584525
0.0411344425229482
0.4837248323949586
0.4223960194674621
-0.2020209193930349
0.1720718718749975
-0.1686644628050320
-0.0174307212771509
0.6442898694536600
0.1130533223701408
-0.2460257865802834
-0.2738918157497088
-0.0214325740265399
0.3250872852091148
-0.4368892863935055
-0.6303294982683333
-0.0282598846284571
-0.3941838151996227
0.2584359882877637
-0.0876697712546339
0.4071648258942794
0.2800548150308942
-0.2314751444832290
-0.4601120832034388
0.3858700887782927
-0.3053574890577574
0.2570413382088363
-0.0540454399402479
0.4235234973944217
0.0887382268097776
0.7773151154524138
0.0729817616434706
-0.1981341505095514
-0.1752177226494324
-0.1457483825566474
-0.1526060405672737
0.4173600710980551
-0.3064333293690570
0.0131740080047506
0.0315068134216701
0.2838268903135198
0.2737867015127290
-0.6553625933129461
-0.5532659974327626
0.2785236489593803
0.0802526313186228
0.1539402615902990
-0.1492259648662205
0.2676788775709521
0.3748265191052038
0.1856433629595591
0.4205135495668607
0.0904125504577158
-0.5299870080042041
0.1046858016012431
-0.5042517545005768
-0.0466529432286749
0.1424726718234493
0.3783245903812046
-0.1346001155848055
-0.0410400108284238
0.6850602077628447
0.4892181343022547
0.3255011277236511
-0.0011027423197814
-0.3221671326687837
-0.2582884338166925
0.1120043982031953
-0.7106170201634212
-0.2208440957685269
-0.1602684851497425
0.3964242079647558
-0.2413805487169269
-0.1486575430118304
-0.2780548652985226
-0.2469041414045714
-0.7411049760199103
0.2950115732949046
0.2963643712286779
0.0539313884125237
-0.2163825833563413
0.1379046649184618
0.2624421246781392
-0.7594033653100202
0.1055135424878435
-0.0724836346992258
-0.3044270590348522
-0.0987129836648733
0.5298579834997240
-0.0587804487251498
-0.1039769531706164
-0.0973839091958843
-0.1784588490653898
-0.3858378552411650
0.5662294313260664
-0.1849650825986293
0.2463066961610788
0.4074220730147788
0.0274366182541078
-0.3388059868086154
-0.3496451617005002
-0.6800268938333410
-0.3213710579163941
-0.3154745370408222
0.1389417876819174
-0.4128639276047389
-0.2889220078797509
0.0634356327783414
-0.2299661158388432
0.0679265751914294
-0.4559473674250423
-0.4989479243821900
0.4149255462997644
0.1641262949554596
-0.0440076717741488
-0.0823982961393876
0.5217661320858077
0.2499360984964195
-0.0250641760259912
-0.0672054744744265
-0.4743803966642196
-0.2623215556251602
-0.5106454156873818
-0.0906258921481824
-0.4628008764646594
-0.1783016104497512
0.3594844761734277
0.2397020397711559
0.3940068707494895
-0.4695766949587631
0.0179587256626112
0.3339263065499764
0.1534452816164928
0.6289576347958620
0.0222987937866831
0.1801729614739621
-0.2456304668628421
0.1036839278690002
0.3130831473802431
-0.4147543359950854
0.3522723586730060
-0.3002642150597165
-0.1296593923807093
0.1631768791649348
-0.6678912763914429
0.1242417166840867
