-0.1778180778024696
-0.0400901536705326
-0.0371873734530257
-0.2997401542338395
-0.3146651781915299
0.1561511083399407
0.1233795779983267
0.6858733258630849
-0.0625012707691373
0.1707370543957845
0.2271497240678812
-0.3383530977196548
0.1422513558526144
-0.2152356881837905
0.0283751898539785
-0.1495889846756835
0.4681126957343595
0.0245111511697009
0.0708479686354232
-0.0938613249237217
-0.1517961410572684
-0.0450251663221103
0.1038237328289587
0.2924848509393861
-0.3963651296187787
0.4226874415797876
-0.2851272744018348
0.2939052886423981
0.0509198266289821
-0.3415064734198511
-0.3310495971982941
-0.4080855021440436
-0.2779067081574421
0.3956173509146163
0.2866804109697592
0.0996545150879400
0.2492331222671775
-0.2463228212015897
0.1616372198012494
0.2046064926071929
0.0671712219724323
-0.1770102450643962
0.2200428053954425
0.3385673033025590
0.0913057272417381
0.1894982147141249
0.1393810235078164
0.3185441363812371
0.0953381146883327
0.2786471359265241
-0.1000091174199458
0.3725119341758431
-0.1779581131226246
0.2092243958390726
0.4393453994394467
0.2905204334086997
0.0391426490948391
0.0318139445405066
0.1455659494392499
-0.4807164269938842
-0.4194415117994861
0.2665183928909473
-0.3471966419820851
0.1805525295079439
0.1300028267930280
-0.4891961594813404
0.1208953701588064
-0.2761305683153394
-0.3136306554710488
-0.1001103422843398
0.1477900224539615
-0.0996273562582971
-0.1001228105785875
-0.1735473443295993
0.2692909470218359
0.1317419980262739
-0.0329041311575520
-0.6082522688990033
-0.0101617754661489
0.0623354980147726
-0.4509977020755936
-0.1721209411568017
0.4385061220163294
-0.0214299176227446
-0.1222328924735435
-0.0407418909917079
0.0318843677295374
-0.0178435036620336
-0.2037620184507405
-0.3498219747839856
0.3182714830454885
-0.0186269675634807
0.3134158172086645
-0.1448317626235668
-0.4096900246941266
-0.2958496698294137
0.2858346021825882
0.2070877384104250
0.0499783550381270
-0.0299652066850422
0.2799855676052195
-0.0404882478176553
-0.1438960078731398
0.4930553783922900
0.2279347657453191
-0.3273979953407228
0.5643479008327235
0.0447388219461536
-0.1422495964050520
0.1543748381796544
0.2012865356735267
0.2230081081288146
0.2487567030377287
-0.0868182656215872
0.1432564466322178
-0.4646966974673906
0.0309301593058245
-0.1241933329342320
-0.0998706419248231
0.3252191118298616
-0.2023039870448865
0.0273463360558004
0.0606362465606040
-0.4002276521623180
-0.1784769646425197
-0.1093405065954088
-0.2436856498349403
-0.5554074518701708
0.2016759823423070
-0.2237344148279700
0.1815795240242242
0.2153177569497138
0.2815284684986200
-0.3390274765922606
0.1361461760911482
-0.1280606579647338
0.2409915894822564
-0.0944308295555773
-0.3074351794948715
0.3276201006702921
0.3747282790038523
-0.0593366699561698
0.1080861856625783
0.1482543180695820
0.2193628899745735
0.3221782013236698
0.2340157055270033
0.5215374945899230
0.2127306013197707
0.1149479968122440
0.0938768626748773
-0.2751285374359005
0.2562445240280778
0.2694443907592123
0.1643987712452050
0.2176790835638021
-0.5182113451317903
0.1194147114411372
-0.2674816370910130
0.3266617289553317
0.1180479330111803
-0.3765496153346549
0.2128764302671632
-0.0855360499432426
0.1827671927663694
0.3271841597666810
0.1248050914054492
-0.5670186625761435
0.1534287650109575
-0.2072058111190591
0.1924597658446724
0.3613226708770055
-0.0591762413004394
-0.3083515245964848
-0.2136759934953875
0.2801748534042890
-0.1202389823167699
0.2196129265377166
0.1880924711224677
0.0314751647917354
0.2091307056634411
0.3346143296799369
0.1465881697851209
-0.1259737426578042
-0.2187547191119979
0.1553270066831010
0.0889242639033511
-0.1793034626030989
-0.0912293917030846
0.2913367547048752
-0.2649228283359801
-0.2507021279059798
0.6048033617318198
-0.2804589361729681
-0.1556369837355124
-0.3932810409121672
-0.0566432549693109
0.1401983964120972
0.3545928590304938
-0.1099866009949764
0.4262500689282079
0.3185702962008479
0.1877561733350424
0.4230478162808448
-0.0705925168017373
0.0025097561683919
0.0327576911976918
-0.2886597760689348
-0.2360310591275973
-0.2052730861483067
-0.3042656170459514
-0.3457654119141512
0.0916376191574342
-0.0284900166124861
0.0880303275169331
-0.3802556675219703
0.0750687280781418
0.0700605424873324
-0.2956762231909834
0.3215895373086824
0.1157257220024044
0.2484841772686860
0.5047085579724822
-0.2536277394784975
-0.1753089497015176
0.4978412355417316
0.0934338358714930
0.0735834985998287
-0.0711146806074547
0.0549945658380285
0.0847736622092599
0.2355446549229109
-0.0008165897717020
0.1761262186775287
-0.2790528700853360
-0.2126510905812787
0.3251161189988973
0.3094434510844847
-0.1010839115333948
0.5490667838524299
0.2555656300413031
-0.1507926691819783
-0.0585860532049365
0.0442459770874483
-0.4039621473157708
-0.2455260073736375
0.0989992655131074
0.0237439697745438
0.4739965820826119
0.4151571742933597
0.0057743246543272
0.3071817181204536
-0.0506384015038934
-0.4226522682382588
0.0101637882065341
0.1282616650926479
-0.1772565421005431
-0.1946778981503516
-0.0517693460128626
0.3010224885159832
-0.0670234748527255
0.6955119467966380
0.0383682967286781
-0.0056576853198249
0.0564816128001397
-0.1373401460606971
-0.2518441984217173
0.0046241791512233
-0.4954401497141624
-0.0155406648195958
-0.0537293941638501
0.2744760363410194
0.1766010685099387
0.0835427252095282
-0.2786741048293706
-0.0822552488245542
0.2268977247396224
-0.1788905750295306
-0.6781627283938682
0.1684982290326201
-0.1446220316791241
0.2825677504295867
-0.0872353384115792
0.2591135959067785
-0.2278000669531614
0.2085801556837904
0.0148645862598635
-0.1795493525146732
0.6995813830619869
-0.2441546101634296
0.0835312725192368
-0.2436836707860808
0.0781216466155694
0.2862191919652742
-0.1419247348197936
-0.3097875524735195
-0.0464298108658636
0.3145400955803023
0.0182826090316524
-0.0555857378854983
0.0296316714575800
0.2019833615026416
-0.5044994414476150
-0.1241172602625859
-0.0697563244394813
0.0718513808555337
-0.1423694781779559
-0.1269204285735143
0.1588535150402488
0.4679040649929139
-0.4263428776667694
0.0419054484114172
-0.0134911652915618
0.4127922523270470
-0.2090957948576109
-0.1492692882917687
-0.3370157422686177
-0.0570809358190187
-0.4270606221741763
0.2434232709122214
-0.2036681216023211
0.1764996554452659
0.3993593339458464
0.1116106325760584
-0.1002290067934557
-0.3943340570546880
0.0185805669085271
0.2021338399313052
0.3933813943961296
0.1147609620059954
0.0924486085610276
-0.2055406075076762
-0.2377621733085667
-0.2535313108870892
-0.3157170208690607
0.0321506345189091
0.0146367201287184
-0.4056412258695295
0.0421976858153199
0.3237772829331320
0.1260558121867817
-0.5869560874403549
-0.1579503552229359
-0.0724449634024248
0.2563414150658905
-0.1740551636454640
0.0381915980051794
-0.0174903846795409
0.4820137467640480
-0.2278704947166089
0.1026213433381821
0.1008728893978951
0.2883555252706521
-0.1628488477192715
0.2378845296665835
0.2614938679744025
0.3815813221360523
0.0820684247488723
0.0293519055324164
0.5245319620721366
0.1064163610712325
0.2013454105814814
0.3260149975960920
0.2213449116294774
0.2975604209005993
-0.3853763774779246
0.1030160606105973
-0.0633406345954747
0.1990153672194565
-0.0244326492882887
-0.2697261854324355
-0.5574329210666166
0.1309326932952119
0.1493193261656303
0.2793695676973935
0.1054567217262358
0.4233252876133077
-0.0868670528880023
-0.0331782557404781
0.1773779686064247
-0.2547903609523930
-0.3003564806363985
0.2604158064236133
0.1738518752884054
0.4712310303583799
0.3374096857412243
-0.1132270328751879
-0.3365394994792814
0.0327072534553710
0.2309523869625866
0.5698442632610851
-0.0117505735104864
-0.0964702728251923
-0.0594132177926920
0.6002098792335772
0.2596475993522325
-0.1110654133099605
0.0598209789665959
-0.1767895390419711
-0.1193973755569105
0.2915399448633167
0.1260289705486703
-0.1900680531519274
-0.1537460176565923
-0.1121040903746195
