0.0545258129598878
-0.5371555787944521
0.2530184601145069
-0.2028857818426182
0.1131379031983001
0.5081535826491533
0.0472801037236770
0.2758992300337386
0.0630928193782931
-0.4303504375038369
0.0655108011908778
-0.2458860065728181
0.0526735679221733
-0.4373165076754236
-0.5887212322561527
0.1533018816705158
0.3533371464541660
0.1392667730644499
0.1297073722010827
0.1275203061114895
-0.3009145492852006
-0.0947591489074668
-0.3900142786177984
-0.0831733569529052
0.1648336406603224
-0.3223940989822449
0.6684681206154139
-0.1626468125934055
0.1840201284737381
-0.3036212824229989
-0.0918875459665591
0.2899602076042790
0.2127441353440075
0.2509368591962219
-0.0716372221640450
-0.2523043835824642
-0.3037917883325176
-0.1677630384323799
-0.0363055290095802
0.2577372296006655
0.0364128253349989
-0.4214023686667924
-0.1400818297993578
0.2245301083220989
0.7405635365432449
-0.0283751235881553
-0.0918839551351861
0.0720752527673603
-0.0660514505207512
-0.0590631678432523
-0.4795010859506894
0.1006587262219759
-0.0623884739990741
-0.6374664701683647
0.0746439191663930
-0.0536640680708375
-0.0392945294101143
-0.5435113473079954
0.0051675655416244
-0.1908207533809772
-0.1614040367204744
0.0616080552353952
-0.5339269749274740
0.3329068964067615
-0.3618214706815564
-0.1224672373250325
-0.2187436441904792
0.2523540460226832
0.1135465839314562
0.2258490185887093
0.4387537134066893
-0.2457608471664626
0.0620231799937545
0.0897931546765053
0.1393388984181995
0.0981435077251777
0.1668921802281403
-0.2008630024897357
-0.3792047707812785
0.1435929588307187
0.0904392800681617
-0.2920851557153791
-0.7559748201361001
-0.2478664276335833
0.2695974233017696
0.0967105663043840
-0.2650680988877792
-0.3563508602225710
-0.3861423718648239
-0.2430789699431320
-0.4369950240314653
-0.0197159947249875
-0.3228332314928372
-0.1447820063327751
0.3826694898833752
0.2226016878396647
-0.0280496433279461
-0.4995172343652480
-0.2877388769467908
-0.4707565766984109
-0.1809683443269158
-0.2784444092868129
0.2078504599875226
0.2231946940878654
-0.2368460443194088
0.1892250103553942
0.1551079025971595
-0.3550087374565782
0.4439036069060395
0.0024267422303886
0.1210558466512708
-0.0124748077962143
0.0781160517851186
-0.1349350347662322
0.5717071976722697
0.2374517191847261
-0.1955249002973752
-0.2524366594873539
-0.2443960045431874
-0.4678759228320256
-0.2355020481408125
0.1003634891041695
0.2281191606328848
0.5244552864616996
-0.4394156493052410
0.1846939681443089
-0.0385285766490734
-0.4516553203283538
-0.3143900296931395
0.2159639175961685
0.1656324311399984
-0.0422338180704950
0.0950336315083867
0.1991699930604215
0.2992333152133405
-0.0277774993329968
0.3996451725177994
-0.6458561783977205
-0.2754738615018779
-0.0035116949443919
-0.0129266228644372
-0.2757671723615222
0.0965621623765109
0.3502916309971941
0.4996193799136867
0.0940523020859022
0.1519881415366468
0.0505851384952290
-0.4480167338613585
-0.1245920757563369
0.0595590764938113
0.1346872802041458
-0.1917788795169961
0.6157873498809414
0.1429562704163065
-0.2038027672198658
0.1595932989684166
-0.0199923225489270
-0.3132895455886608
-0.3163860005937010
0.1020470789333888
-0.3308573468547562
0.4843537526132719
-0.0761360570889542
-0.3724097773540674
-0.0381721549204430
-0.0534250439575831
0.5221149366455506
-0.0395615467108380
-0.5327762523472271
-0.2155482746209823
0.5887886680249240
0.0313221752456942
0.2926911070175827
-0.0545085766057404
-0.2146741484919182
0.2778132109494075
-0.1683199194893016
0.2724630724879861
0.0774464691379204
0.3066339516558744
-0.1008500334954230
0.3293147584766483
0.0397515303083871
0.2513022242225442
0.0979975388273102
0.3632649024090189
0.0623705046731953
0.5896489885837677
-0.0900378922879809
0.3100506612148009
0.3538990493451412
-0.0073091723446344
-0.3369699401287570
-0.1377997107539874
0.3162161872958968
-0.0066683945918612
-0.0362497138319751
-0.3447062009182792
-0.0591043674207080
0.1090627386787386
0.6726337335162668
-0.4155873354731983
-0.0818446319591133
0.1249335351591378
0.1379502148337488
-0.0374536051111260
0.4999040495543156
0.3886548546239286
-0.0210026253089056
-0.0270328152279527
0.5043474897059759
0.1320107821665076
-0.4681539813412756
0.2257906833083770
-0.1410220530133273
0.1777603084511734
-0.6163097605006520
0.2618272920088511
0.2131061530518898
-0.2406240766511913
0.0295214170797696
0.5326710642996892
-0.0867654521077312
-0.1489243166984875
0.1888368338093598
-0.1445309587741916
0.2140808768620122
-0.0916962139822331
0.4057417929072868
-0.0585048637618587
-0.0978886308506726
0.2426386716903540
0.5852281604505306
0.1042852350680839
0.4408278941190839
-0.1530437758801029
-0.2049605842897609
-0.3767410832491767
0.0050148947792256
-0.3141225270266461
0.1426308729479750
-0.3933662878338021
0.0744906557650925
-0.0006406550136985
-0.2417435659744611
-0.2490025893264666
0.5547109706760817
-0.1737025227767355
-0.1099871103794354
-0.1550914192210995
0.4756338782118210
-0.7246896899735736
-0.2851830726511043
-0.3250441606344296
0.2018427415486433
-0.0688144241768318
-0.2133871399295264
0.3223574571882528
-0.1503843882453242
-0.0775808760271837
0.2249307657525770
-0.0320378863165927
0.1125296000133206
0.6076301650297378
0.1292821531680925
0.0091975147952931
0.4613510486008525
-0.0419260958337303
-0.1501293048297146
0.2245123828392304
-0.3076366393736069
-0.2094116127390022
-0.2505283161598993
0.3036196379861139
0.1816509294284192
-0.1696181332083574
-0.1603225518021091
0.1720026606685699
-0.0269321064706164
0.1409292504612096
-0.2712728614572741
-0.1961365635188937
0.0618530026936635
-0.6430252194823352
0.4818345123269532
0.2366639972697783
0.2789533516220826
0.0647400364334342
0.3462078940613473
0.0643908781348957
-0.2628321093112514
0.0986526356470774
0.2136264940295658
0.2853968637425436
0.4038602235938291
0.3611781824866792
0.2582355033954639
0.3011243755347583
-0.4636676645334628
-0.2926983794004380
-0.1282417208687765
-0.0503517207657935
-0.2327419032038248
-0.4518857618306727
0.0597550666352617
0.3560472734272840
0.0184280169776123
-0.1836216087842890
-0.4537378583406134
-0.5140849813410251
0.0491798803464972
0.2664966027688639
-0.2656263220474319
0.4031614669766410
0.5045063897501874
0.3526186533898862
0.2235525799180447
-0.2119967389761558
-0.0168472489610558
-0.4247881163034732
0.0155071899974662
-0.1394816831116970
-0.1472198272521406
0.4840139655510108
0.1189235805030067
-0.3630160346868710
-0.0189083000146239
-0.3272794508605692
0.2217662131196764
0.2893504921229065
0.5194177867303242
0.0783208626184813
-0.1119813244586028
0.1578330353216970
0.2570089874195202
-0.2925204981632897
0.3783966727925765
0.1103217815608011
0.3396670053377810
0.2687586871259106
-0.1848425482290269
0.3011281015702539
-0.1248433410697113
-0.5655006114458695
-0.2705293426739461
-0.1940970524008317
0.0197590668247741
0.0715691780012819
-0.1307194122701849
-0.1675769474847162
-0.2462471940066778
0.1624523864881294
0.5733531168437523
-0.5157132338312849
-0.3784030792042768
-0.0089219318482503
-0.0452234994444473
-0.3293196457696310
-0.1192508905695256
0.3869323611014153
-0.0735784448883097
-0.5192697792066736
-0.1407158193648870
0.2108377468782633
0.2034544124015273
0.0000365599431313
-0.1154135877212389
0.0049884438817221
-0.2473607717162495
0.4881913924214153
-0.3958761073504842
-0.5431296570485233
0.1569527571701794
0.0817559141365453
0.2633064531438345
-0.3345133919253881
0.3735965277620780
0.1933688093839543
0.3104695378445925
0.2876594273145554
-0.2008390181972312
0.2291820593198490
0.2085584112779418
-0.0800473728919627
-0.4629061216736449
0.0948407925527395
0.0647875243683931
0.5851593284139375
-0.2518999500310222
0.3545225687539790
-0.1139176415500174
-0.1987397971818836
-0.1737851901187453
0.3818619621864545
-0.0779248268732721
0.1097256630331392
0.3095496090212637
0.1104288340042572
-0.2969772214690432
0.2811721287070000
-0.0647244162346810
-0.1069395472144167
-0.3004601971560856
0.6106971020500289
0.3548508861390315
-0.3271047150709998
-0.0303695843900495
0.1155874815623155
0.1770686723679771
-0.5896643730945725
-0.3678559971797188
0.1634829073989488
0.2097430900795570
-0.1198183433559337
0.1518488890834304
-0.1441727683729207
0.5773201078085476
0.0185620437417378
0.0984983398712948
-0.4530243855575417
0.4023743465226625
0.0795520505361333
-0.1732427474168716
0.4844740348203669
-0.0098956036195618
0.2671075317224090
0.1226725088565967
0.0873075370773255
0.2628379184262166
0.1563997124671000
0.4173092070666128
0.0635387531638510
-0.0489983639451994
-0.1306868051417758
0.2093368534810285
0.4464148671110334
0.2236784425003183
0.1937574391950208
-0.6373832914594864
-0.1391934308586415
0.3691022327171091
-0.0469984431368743
0.2858727342246200
-0.1019659220348027
-0.5001046648435977
-0.1464690530308204
-0.0103638437624517
0.2620707965975017
-0.2103452872045320
-0.6970078689902590
0.2067879492791643
-0.0676965750727247
-0.1440142594374697
0.1589944211873638
-0.1607110927893669
-0.3016756320830501
0.3598851910227430
-0.0739554103867798
0.3495852511596702
0.1773668024441144
-0.1376896904242094
0.2666018849429787
-0.3933715850216196
0.3383743980573766
-0.1119989779456401
0.4262995171394799
-0.2584332151352091
-0.2602402227034695
0.1551802479934728
-0.2876788220357879
-0.4492718541126616
0.3094198152061780
0.1051423471257848
0.4370900229487216
-0.3455121279657624
-0.0737412710982001
-0.0042546822484594
-0.1993950619192285
-0.4014395241354937
0.2414933230197906
-0.1377215181807770
-0.1248419426064355
-0.0231802765157861
0.4364726971143584
0.3455650542314174
-0.2145621413217451
0.1384913481895355
-0.2529764766572868
-0.1946118451097615
0.3123687450778922
0.5761991266646227
-0.0351817166982086
-0.0674084551407124
0.2242633462546683
-0.7518432690310154
0.3395072598554406
0.0815684238441000
-0.2078170651791824
-0.1643382263910177
-0.0479100384300221
0.0830148481934654
0.4187284773583995
-0.0449672133370106
-0.0904868808983470
-0.1897598389682604
-0.2787617198371927
-0.0778193208107374
-0.0165971187665280
0.3356531533220760
0.1886335484039068
0.0452753494284933
0.3998842654544720
0.1562003765105905
-0.4400596940539044
0.5860971681516138
0.4739639481475190
0.0608074978261541
-0.5550704490247841
0.2202383407407812
0.0961202920315409
-0.1156921716151251
-0.4290578835171727
-0.0762221827699385
0.3174833576602529
-0.1044081876147238
-0.1624640664837583
0.2538442265511470
0.2242210304438967
-0.1192544143553147
0.1904299879320019
-0.1031560888419235
-0.4949472121294664
0.4890441645141419
-0.0341049630593637
-0.3221783838039401
0.0741019521620515
-0.3131501963713274
0.1149957915946704
0.4274592158002031
0.2950984144748831
-0.1343617024080969
-0.4691493721539356
0.1330942952654039
0.0589584659113999
-0.2076156962023897
0.5289275242029782
-0.0861070729867119
0.4107543031456037
0.3656002490020720
-0.0169786144877936
-0.1435917442361831
-0.4866000446471694
0.0174290265252066
-0.1709803859949480
0.1780450046950952
0.3955049787725879
0.4668078430545993
-0.1380454277288483
-0.0030826538143067
-0.3312867001168500
0.1234203348223732
0.3518874626730961
-0.2444877766695884
-0.4745662854084901
-0.2280826002971826
-0.0843784481090011
-0.2170396213742459
-0.3713453272285998
0.1002612510427050
-0.1729041208273449
-0.3374298459062358
0.0131556468483724
-0.3618283550266765
0.3681684850935710
-0.3319547846616341
-0.3258992935195408
-0.4962614323306720
0.2249172032738560
-0.3299415162301515
-0.1569358875311261
-0.2285659742340884
0.0316655138053278
0.1885301777971989
0.0682232419349971
-0.2283080590477677
0.2400126336039070
0.5101592240374248
0.1291701980747183
0.4386206883595082
0.0675739523212633
-0.1745390836217451
-0.2156314073110806
-0.1515089773640551
-0.1350683790887423
-0.6672023348506511
-0.1011592299240951
-0.3843716255650583
-0.2151436527272224
-0.1370437761471931
