0.1516267266307974
-0.1270423623409728
0.0909926922628358
-0.2614174740329034
0.7864134631530005
0.4461375830417850
0.2583910411303192
0.3349582438015925
0.1305736498679345
0.5188384414664408
-0.7262085353542912
-0.0909513214483904
0.2507941502381635
0.0548769809471894
0.2089767237901343
-0.5512768730339586
-0.0120108117598501
-0.2645371293860993
-0.6646020878239914
-0.1406398982100495
0.3475958423806774
-0.3301385551586279
-0.5579247053509790
-0.1927708516148225
-0.0072078427159727
0.5147748913326365
0.1097039649565831
-0.5152551354951758
-0.6103715785636239
-0.4141859802285284
0.0896135589031763
-0.5710932074595411
0.0628335917084712
0.1909372880139837
0.2851549756133349
0.4353712548104801
0.0839587428023314
-0.5542341820173262
-0.0713344164603262
0.2527902811092600
0.4852121429593630
-0.4379553888298827
0.3632517781173075
0.0667034045126038
0.2125905073714126
-0.3814681444704948
-0.1472184214725243
-0.8043390496062628
-0.0652040037764375
-0.2640334658057146
0.0125799876334618
-0.5051425905637908
-0.3005429784529580
-0.0612930403662408
-0.5461028709464206
0.5316462843786566
-0.4669991782703874
0.0685838156815949
0.6375555262308114
-0.2911104691968768
0.1522671810504321
-0.1100881944883897
-0.5006805053395879
0.0919384087049633
-0.1556956652810988
0.2864237322860674
0.7960961661056080
-0.3652015197157805
0.1746496773655708
0.2960132917727394
0.3223253832788001
0.2632249887212929
0.7386950621703240
0.1614159929784910
0.4275490716769484
-0.2107562456112871
0.1669641613844514
-0.8847453705865430
0.4215439050610968
-0.1384742018290408
0.0261546067653757
-0.1378077048099682
-0.0256212152383507
0.0044482725859815
-0.0428703849701702
-0.7602658926263426
0.0256692936835622
0.2538415965031097
0.3113621581056986
-0.1568715190332685
0.4832270344921489
-0.0762993203339887
0.4205012817236939
-0.3858501108466287
-0.4725463464146663
-0.0436017794590179
0.4999280630083386
0.4397130255971893
0.3298379859016151
-0.0014178577831406
-0.3406499415362890
0.0926645016359517
0.7008203181694244
-0.5224730161651941
0.0494836258140804
-0.2270218780586517
0.3637037852875611
-0.0363982630546244
0.4001751839168211
0.3400398819858663
0.0115260436470533
0.7341359826700034
