-0.1260356006630217
0.4025191457533911
-0.0049686532375956
-0.5580337187260347
0.4668494665980449
0.1534075513017169
-0.2237568736648529
-0.1451985501191369
0.2863821028157204
0.3406174956984429
0.0899162510040944
-0.1221289716994415
-0.4413957355468541
0.1711780818320764
0.1529240797905519
-0.0357773703277419
-0.8240559175781605
0.1064384342838377
-0.0596476974496808
-0.1850581346808759
0.7821090433186758
-0.0885696806677219
-0.1970227978370828
0.0595947139633406
-0.2463911157947085
0.3533191067965807
0.2163884907537930
0.2431284639330964
0.1285411946138559
-0.1734649890831450
0.2303918875598011
-0.1370613863297308
0.0475191822999837
0.1180962980703334
0.0844300861430716
-0.1483608379399410
0.5544630837010512
-0.2381401077386880
0.3595713541861297
-0.6239855668899243
-0.2224985607465237
-0.1218560670739380
-0.5624800759997827
0.3375607739038581
-0.0598638866319407
0.3839290829921640
0.5452731028028663
0.0732563434131690
0.2138604350109768
-0.0768350022073348
-0.6050938776158235
-0.0400838917556154
-0.1870816568043619
-0.2197831660259493
-0.0433197746447725
0.0063466526733023
0.0885186759812385
0.4580596359184666
0.4229724488174851
0.3879094393324257
0.3958119768817557
0.2587192602831915
-0.3044347625949053
-0.3272297806127378
0.1056198561438172
-0.1558421284700512
-0.2473625732595857
0.6501743650746215
0.1334428792526300
0.1986783748384769
0.3827600635131337
-0.5239555436240240
-0.4168649506976416
0.4456714598491172
0.1190851479446488
-0.2187299939010340
-0.0035772347061451
-0.1646466125973035
0.3298600341360236
0.0928054760227650
-0.0242754672216716
0.0044737566624048
0.6201809736653024
-0.0903614384786448
-0.0364488716006041
0.2560147223568344
-0.2638016078527798
-0.1388982658901998
0.2198250793370517
-0.6344461499206697
-0.4295279258381374
0.0186508997864009
-0.2520723409284122
0.2473646659323581
0.3055566855808414
0.0888649534595284
-0.2498468209748450
-0.2683801658464843
0.6650658385506379
-0.1113659589586931
-0.0830366948613500
0.6537631552724317
0.2380750116760992
0.0300946933623180
-0.0072122432146292
-0.4248000585374473
0.0962241290154745
0.1928604537525547
0.0550055704173822
0.5273767967711660
-0.2038300357998468
-0.1892079307055007
0.4634002398621061
0.2151996501063118
0.2439535173780840
0.0263638438937628
-0.1979916807460935
0.2266840780287817
-0.6531994572184012
-0.2900667596623401
-0.2403650096767324
-0.0505931254755477
-0.0992113066899475
0.2498378809162099
-0.2982355024301025
-0.7000436190787078
0.3556579165613010
-0.3292296364223725
0.1931271296097030
0.1273376175233557
-0.2750682065365885
-0.3765055210579544
0.1237472968835674
-0.3103941811923786
-0.2715428972362762
0.6288744200417575
0.1708492839070395
-0.0571242737511029
-0.3021293594767609
0.2792306244276251
-0.1130870160983630
0.2064477357435267
-0.1334199543568037
-0.0948031031030074
-0.8605940226136293
0.1445402815997734
0.2493787334207074
0.2991203255565712
0.0073885720021542
0.0676082022741512
0.3669969273748878
-0.5374124358542954
0.7131544751041510
0.0700327715847813
0.0862906515438193
0.1186872309511633
0.0822449127853128
-0.0853690885404378
-0.0270778555227366
0.1633682407260056
0.2213755985182954
-0.1542937386012165
-0.5956222282196809
0.0361590706580009
0.3024723806149434
-0.2283343236862065
0.2269658021970926
0.3216126199603048
-0.2773219656628205
-0.4423022040833594
0.3760926832519773
0.3876999184514542
0.5472206249981137
-0.0342781029974647
0.4587773143990134
-0.0340021754319353
0.2482669487689106
0.2806310459290295
-0.0711051140862344
-0.2248081290520771
-0.0992907488201981
-0.2124762690493036
0.2041942751893732
-0.1801392748144449
-0.0847631180178847
0.3154673305585384
0.4375881786548918
0.5694696531085994
-0.0635306694605327
-0.4942975351352093
0.4027539001862764
0.2152413196979472
-0.3018921442242579
-0.4992598932064636
0.1375561708031321
0.0358271250996848
-0.2247786301922839
-0.1830271175013146
0.2036759963329878
-0.5525826722196923
0.4654015436543461
0.0188782245305404
-0.4598714379181603
-0.0686574369526452
-0.5134387811896539
-0.4850503686381392
-0.1859946346886648
-0.0838794112293324
-0.1525009523410655
-0.0554065913886622
-0.3621121210995861
0.1576354881791829
0.0238769476367267
-0.2501979688120613
0.4934547087254723
-0.1214131043531001
-0.2802021634284483
0.4567737750965370
0.1263739491847096
-0.4684998739409428
-0.3035714234130162
-0.0371094902396803
-0.1375480656329859
0.1813466434536257
-0.1621435315570684
-0.6399636856050542
-0.2413428916954405
0.5563722670599258
-0.2241048284119840
0.0282434489393172
-0.1315957028278857
0.6077004424417594
0.2778921040555208
0.3575078644686163
0.3137355181495567
0.1659023650118367
-0.5266475592841449
-0.0429579121448242
-0.0452997481518271
-0.0337368854002546
-0.4705666280344731
0.3391888847002877
0.3926176333175637
0.4276632634225889
-0.0749723001764555
-0.2233024374724211
0.2589874188199463
0.2087175661761576
0.0886396302205694
-0.3905050092442707
-0.1783944312622388
0.1873156209702512
0.0206365986664668
-0.2441666947413057
-0.4690371556026513
-0.2424931026014181
-0.5743014867392515
0.1174058404003864
0.4762964431292199
-0.1542130088418846
-0.2788318892238569
-0.0887053881175889
-0.1201362079625044
0.0051908233761290
-0.1105550048497694
-0.4577143034252416
-0.2179593231473751
-0.2787250952509378
-0.1782388633634857
-0.7219672071637535
0.1471963018582069
0.2121002379564349
0.2912865958102722
0.6353189881715584
0.2646577776422437
-0.0098736821256672
0.2933120923926804
-0.3128961437993590
0.3627912394943619
0.2432569577229703
0.0478427652553731
0.4546293362289996
-0.1904430245144757
-0.1718413281855780
0.4241539928423360
-0.2589734219778509
-0.0598239756594639
-0.1478419562633032
-0.6701934641950880
0.0604646534233202
0.1518292523910645
-0.1287120633826742
0.0651573716386545
0.6230525625576534
0.3480509453958190
0.2626712768781627
-0.0926148605300108
0.3618136223355709
0.2210254274228461
-0.4352776062650923
0.4535305284775730
0.2177639399855729
0.5149963786151330
0.1619995719329642
-0.5239671989851631
-0.3052593291223332
0.0972007338455073
-0.0145886980775369
0.2604902487608906
-0.1009104988980852
0.4956110018407386
0.0023350965540317
0.1271428623009141
0.4948324774923816
0.2633600049890831
-0.2153430434798798
-0.2346079745253974
0.2667932583697495
-0.3246510434470267
0.3820874650213710
0.0128940623156541
-0.2279948466374266
0.2964261669654110
-0.5981702798771077
0.2907386694908441
-0.0414806257287521
0.2793420541613559
-0.2945020236025257
-0.3521034763112210
-0.3566315149647366
-0.1854006549979921
0.3449999239806436
0.1954075054382852
0.2992999285040051
-0.5314136345532701
-0.2356215266925684
-0.2112381819680490
-0.2573031704013908
-0.5163996629136393
0.0585153953110012
-0.1922532116805586
0.3436226685784122
-0.1292075757187347
0.0939222796665386
0.3056439972998929
0.4133245207854379
0.1976843219209535
-0.1688437442762563
-0.2688579669929620
-0.6444523658879363
0.5988113120741511
0.0130589297152732
0.0236773120513863
-0.2118277005950195
0.2535997805043118
-0.4933572675413346
0.3673600414929167
-0.2948149238034936
0.0136811036284436
0.2570062897173080
0.3824001891620971
-0.4806072657115381
0.1671995223426984
-0.1367582027916958
-0.0346005033367535
-0.3754817968303938
-0.2377060430618217
0.3926638821744762
0.2052055667270268
-0.4256125922729412
0.0078464939711486
0.3010470066008532
0.0008827038349884
-0.4887888478740797
-0.1790104169290111
-0.5676431158751325
0.3578619883010538
0.2669210164749651
0.0410758194931450
-0.3393097763895451
-0.3734658023657949
-0.3675444837158518
0.5420663648829315
-0.2434741742015714
-0.5019831265554735
-0.3033152143651764
0.0380694621336107
0.0700656619585730
-0.1007177499701912
-0.1087612284276595
0.1311773068916401
0.2375868588301308
0.4581606496032062
0.4275763436983747
-0.2645115166129859
0.6028194082333188
0.1911296228901750
0.0697201455657125
-0.2351951199325201
-0.0595527571569763
-0.2997860950872931
0.0597449837188001
-0.3538212149604481
0.7461865039180255
0.2628169814840864
-0.1943029635686931
-0.0311365638954432
-0.1665355234835335
-0.2922644666172684
-0.0602211862972683
0.1318807723218188
0.2793844266670288
-0.3954967232757457
-0.5619190901599361
0.0793702865951326
0.3515665376166577
0.4926240765244195
0.1366083720280539
-0.1965199215234209
0.0502195342321308
0.2066235854048356
-0.3907257157505995
0.1380911640406225
-0.2677420660855677
-0.2654378977004185
-0.2253430175118003
-0.1747405767286814
-0.6653897489491745
0.3287110449895467
-0.1063937692282358
0.1858425432447140
-0.0764592613555212
0.0138463386615488
0.2989993089987417
0.0116313725281176
-0.3190984602383607
0.5288623849279731
0.5976275233463793
0.3398476100439083
0.1253580054822266
-0.2344912660644806
-0.4140762632722501
-0.0221937803114558
-0.1087126294141293
0.2844765129807399
0.0036540971197521
0.2750833947376768
-0.4426271413969130
0.2613546011749475
0.5834445713818542
0.0609538116528361
-0.6030541852160054
-0.2537048703507003
0.1455044131263459
-0.0414874415163679
0.2411648569140400
-0.1198519849035954
0.6421184548507046
-0.1039841788574032
0.2229295252938981
0.0185419371612850
-0.5634440101295034
-0.0628128795686752
0.0380313980581574
0.0415306636839261
-0.4316949670367163
-0.0779546945852613
-0.3520850942139472
-0.5687236659448788
0.1876763228682771
0.2855837128488696
0.5569284783380776
-0.2343437295913437
0.3462692652363409
-0.1817978470815792
-0.1480007606313734
0.5586769836313541
-0.0444683496948692
-0.2282481301823135
-0.1109230718953172
0.4655720293408776
0.6601539004907517
-0.0104023721258559
-0.1978165014052385
-0.3165161306098124
0.2738639087181517
-0.2192868775224734
-0.1590143894948066
-0.0949776182057389
0.2249955010075111
-0.5416925468056955
-0.0282964106805408
-0.2075008763190417
-0.0591387596102645
-0.1601155942051168
-0.1459014948494707
0.4995668849362658
0.0401584166117353
-0.5890680989951110
-0.1187823446728482
-0.1443883158963235
-0.0382857579498945
0.5156856094081694
-0.1966244667261576
0.2525340309046461
-0.4223794193287115
0.0920941254862455
-0.0002354976295491
0.6498000503031192
0.0139315069267661
0.0986450339026931
0.2153759086645859
-0.2359681523256814
0.3420559825659983
-0.5120672928452403
0.2731875004926274
-0.1243763576518623
-0.4080224599467690
0.2556480955851422
-0.4324893447990656
