-0.4364451703833778
-0.0281166667330175
0.5752907231719505
-0.1129345649348704
0.4410790561755688
0.1029405661442654
-0.1255003994593414
-0.1417242930290993
0.0684740722416790
-0.3640576470854502
0.0853089957364937
-0.2560501530269968
-0.1181602307578974
-0.0602903973481939
0.4698876779594112
0.0896738209604116
-0.4242532891548829
-0.2615808024029475
0.5432002987061872
0.2490019304109727
0.0197734863610762
0.1665661268111768
-0.2447166247317369
0.1338160667468389
-0.0759676316947982
-0.2243792235206458
0.0891016748764294
0.1379794249464263
0.1997241563878041
0.4476553968014851
0.0826033959110551
0.0288953477181810
-0.1394967249467544
-0.1721121880886396
0.2438480324208965
-0.3445378489157527
0.0704192262312801
-0.0343699533276379
0.7012053335751505
0.1334897437893790
-0.0581488608786910
0.2496387003228786
-0.2548412437037679
-0.1228226608623818
0.1966811158560390
0.3021560536890074
0.0747751097069783
0.4871625598991804
0.1985568165146311
-0.3580630183672724
0.3629789782139995
0.4051692979760087
-0.3000625598344551
-0.1130602503925928
-0.1618157062486218
-0.1846972861317555
0.6260508669521417
0.0851409519614762
0.3216813394991312
0.0719358025229393
-0.1186860972480736
0.2631104388128186
-0.4297648920590314
-0.1671378803873616
0.1819167114242919
0.2861844515865763
-0.1948258652391621
0.1030528672813777
0.0032859069602368
-0.2108271367365588
0.0132826108481129
0.4516679501450638
0.0644849510970268
0.4152642218583371
0.3519063023434552
0.4292338378488590
-0.3321526203210584
-0.1608552936569724
0.2284667595734859
0.1086258185643073
0.2810933886349098
0.1400505959917677
-0.0558538714828006
-0.0507724747633723
0.0564825348205864
0.3311374890903762
-0.1624615334837116
-0.5042612040249240
-0.3966684649149417
-0.0663230285412415
-0.5257548566070156
-0.3929366281506227
0.0354415204697762
0.3383522339442734
0.2034599222447993
-0.1331774681671885
-0.4028410304292083
0.1195325808796929
-0.4362868974772319
-0.0209513565194843
0.3508017666117643
0.2277259718090552
0.1569244801378120
-0.3222263995731410
-0.0238628864181550
0.6073481368025327
-0.0972551978919898
0.0384514461520752
0.1933101133634059
0.0323031345788996
0.1226068055294505
0.6040720032362787
-0.3960140699352477
0.1528332599386545
0.1065090563441250
0.0981852454623589
-0.0102146668028173
0.1156832898432883
-0.2554371172909996
0.4154757098636937
-0.0221203178174979
0.1171677692965611
-0.2247043014044801
-0.0713044087540754
0.6910315022690426
0.1722362770916744
-0.1651626547508276
0.3045682937748388
0.1506754735521410
0.1703576677834183
0.4739272194336627
0.2060825181517507
0.0826589225299937
-0.1036435250673231
0.4825756103472447
0.2559304184911020
-0.1768430886079098
-0.1002431901345224
0.0233735028980447
-0.0188397103686685
0.6114476367410678
0.0277378607429180
-0.0103864307055984
-0.4933073827359139
0.2542442596577796
0.0434705371218267
-0.4886210513428608
-0.2902703037721346
-0.3444409403324289
-0.3754891878390488
0.2041296431057739
-0.0251855839700596
0.0050691933782985
0.2236091659006504
-0.1030023048036277
0.0673755661765442
0.4145376288410908
-0.1811867650187764
-0.0260851095483589
-0.2735225272365546
0.1506873863468666
-0.3640688667804705
0.0494866420887577
-0.1578887765623270
0.0090919357901442
-0.2435517291766200
-0.0329313461842582
0.6654812978031640
-0.1839954987758007
-0.2537309278254713
-0.1087016305721459
-0.0888659877112997
0.0954074936573401
0.1140442347248144
0.5280876283894345
-0.3026153334636902
0.0972455568404970
0.4124831610121205
0.0447677524268915
-0.4355320343994249
0.0913003220134738
-0.3791029378541197
-0.2537430050077770
-0.1471963155931960
-0.5856453919570943
-0.1441640644978793
-0.2943330459796230
-0.0051386288088623
0.1552985111075132
-0.1508355956163614
-0.0679350415958144
-0.5507531260089390
0.2465938315426575
0.1684145497054916
0.1397870650697612
-0.3391209181036248
-0.2000723908004716
0.1114018812002319
-0.0206762876123000
0.2421474242404025
0.4302553048672320
0.3006447282064908
0.0946761259861871
-0.1184061599316398
0.0447890443996394
0.3092263845698534
0.6077210801416228
-0.0897350773452829
-0.0500735005110502
0.2363475804039891
-0.0015260933739463
0.0112747101949100
0.1384943299446923
-0.3502490863964548
0.6272978230682572
-0.2954384868002034
0.3825762688770968
-0.3510607606805753
-0.1782018420291584
-0.1267052403597641
-0.0379879433594426
-0.2481070749034520
0.0350598412796417
-0.2706240217294837
0.7312535912812169
-0.0441297017234007
-0.1060677202875302
0.1732461817070615
0.3074022990324650
0.3168443994896115
-0.0740742918185825
0.2081309586469802
0.1363999575776687
-0.1540632586148076
-0.0382753677243537
-0.6661335840847153
0.1391228156806669
-0.0506612337552862
-0.0896407753976836
0.1977350527113258
0.2891892894429607
0.1543956639690866
-0.4603034582738997
-0.1944511823516772
0.0621649458614418
-0.3528353602869332
0.0151139699027538
0.0292226534525112
0.2206586529334570
0.4719143222403702
0.2462131301512001
-0.4021266625908919
0.3136105747174776
0.1778338712794838
-0.1340387833668619
-0.5016599764415096
0.0686501008332449
-0.1770143332240388
0.1878167204687686
0.1857371069345319
