0.1107905364689095
-0.5678537719291946
0.0140049039610817
-0.3851935616895498
-0.3861103653305560
-0.4352050546436517
0.3217344647587126
-0.1783434909012128
-0.2071067673186752
-0.2721896457121759
0.3523637123865829
0.7347967463913442
0.1082505830529748
-0.1394941653151337
0.0789585791731667
0.4359309660922210
0.1841821008646860
-0.0213595613853346
-0.1401783619633381
-0.2417163131325665
0.2421684833302558
-0.3718882318346697
0.3366147103650090
0.0490571378020283
0.0991240703186985
0.7360222329993346
0.2402216574706831
-0.6215368409115689
-0.5460916015131166
-0.1085968714880324
0.0097594848505346
-0.2026326638591663
0.1461169534266375
0.3778278755710429
0.1834562072547154
0.2544939017438608
-0.0756643919565524
-0.2005292373915065
-0.4678722131804219
-0.3364696605206111
0.1091670376525498
-0.7422020919675802
0.0609831538556708
-0.0740983303694820
0.2235079179250919
-0.3124027967731998
0.1249360128503828
-0.7322960567036789
0.1072350753840047
0.1871061497512425
-0.0516832496228513
0.0731145533096108
-0.5296918213723601
0.1242560908133542
-0.3806267416548187
0.0329062081734164
0.6604662729686138
0.1502163104860056
-0.3669606681542127
0.0383731945679616
-0.4272491622695487
0.0289573319555840
-0.2752214009997231
0.3486107197172647
-0.0012923502213900
-0.3557450244966653
-0.1552973422825635
0.4289824696133324
-0.4234526119991593
-0.0251697554551053
0.5844349743117861
-0.1492021424846282
0.6118995478904466
-0.3909838167892037
0.2246847619103308
0.4901323236902122
-0.1518680022350620
0.3293901561897237
0.0433411503941367
0.2086261242658833
0.0709406878913244
-0.4481806956124197
-0.0079016469646446
0.2280049160415791
-0.1999187512115700
-0.4294579610061547
0.4054777213970320
0.0678272912407854
0.5758915262654490
-0.1483912563063910
0.4413118719525701
0.2518014949641764
0.3552063754054145
0.3502159739281081
-0.5527575393621140
-0.0656194843097584
-0.1301696383774673
0.0110541170789503
-0.4075584608151390
0.4653419838908133
-0.0538556803615405
0.2128114194905229
-0.4976770665267478
0.3573793616301106
0.1814975876796101
-0.1390389070320044
0.2245532215395497
-0.5071172364296147
-0.2465413255741331
0.5861269359429501
0.0222156863888095
0.0448240528736390
-0.3256855724190540
0.1047256253182546
-0.4362075473005161
-0.2592836920210185
0.4675748617690274
0.4314828614517059
0.5186479444535714
-0.4063048498627523
0.2264591754125879
-0.1827251274133834
-0.1477663838079757
0.2958052574585439
0.4250106426677663
-0.0714232997283364
-0.4122424385761682
-0.1384292993140692
-0.3330654218880485
0.0365156411107019
-0.2055979273995327
0.2045437647474676
-0.6473721845465017
-0.4419831159299363
-0.0088912364328335
0.0323686361829712
0.1980021389549871
0.2250129874464863
0.5167298002714065
-0.3572062460123093
0.1132184561679846
0.0690558232853792
0.6763499836973562
0.1986810639403780
0.3072506253159917
0.1669012038310691
-0.2138821328327711
0.5947153649559296
0.0877678591271354
-0.4891507156052559
-0.0710133326999002
-0.0327101957221726
-0.4745783806124000
0.3723225625490205
-0.0965142782669162
0.2630381010480495
-0.2046735015640144
0.2859248337414091
-0.7491493690480228
0.0799143948577921
-0.0910469378917297
-0.2886641224018980
-0.1728851046561994
-0.0359098041318922
-0.0832011237373562
-0.5315493422103108
0.1396915146445340
-0.1796687970044050
-0.5635329538973004
-0.2634033165827784
0.4905189121370683
0.2977314416265234
-0.4487393922068990
0.5025962081929144
-0.2696658010648360
0.0053133485950592
0.5634943511492811
0.1979001077782958
-0.1413158985145331
-0.0893174255835180
0.1259381885853101
0.4038201155837627
-0.0566280167502528
0.3624277796831476
-0.6404699331576473
0.3125841333643551
0.3867252524487215
-0.1158197603245553
0.1250081823936875
0.1213211253289975
0.7517015675768455
0.1576315242682579
0.1116914340516805
0.3258133524369904
0.1564210993443637
0.3149384105314539
0.1309028689545393
-0.3687269985949310
-0.3642213010853241
-0.1887422502475705
0.0397633196612847
-0.3112794695659598
-0.2122088837916797
-0.2912426103005543
0.2108502138821622
-0.6361944200505009
0.3926667236106322
-0.0223164049066238
0.4109382792453875
-0.1642678454151292
0.0924806256262925
0.3933923492913282
-0.5648456469348788
0.5522888001807981
-0.1090342874196930
0.0661481487936483
0.0069634808155123
0.5418386744978978
0.2223982878148054
-0.3194812665402683
-0.1830005052003808
-0.0008618720613649
-0.3130065581385250
0.4566455853976704
-0.4635136015611739
0.1686193327393446
-0.1477464536729609
-0.1140205449593059
0.1949939131170282
0.2087690582491021
-0.5938902171322494
-0.6256487415930301
0.1094530223853947
0.3146565962668610
-0.0120162317447761
0.5850802367622496
0.5450198503754724
0.3374543607277591
0.2239450901449829
-0.0713613925354659
-0.0813320765932072
-0.4090897278773680
0.1319146692563614
0.6958046117699204
-0.0215532208446266
0.5821392193565944
0.0296952852797097
0.0399371920752919
-0.1990072430216754
0.0434355478833003
-0.1749956452106512
0.3192405605204690
0.3779118851381520
-0.1452436225711371
-0.1784571208140797
-0.2115191859645728
-0.2102624600194097
-0.1718192714875533
0.0885748020654957
-0.0879756304244975
0.8186465757064632
-0.1301306795244274
-0.0917953540001923
0.1548002561880456
0.2929498290866142
0.3310762947535961
-0.1629924115429205
-0.4849994500773995
-0.5753726501456967
-0.4029897086444270
0.3904054499377330
0.3448540297418722
-0.0961904254480515
0.4830092607196021
-0.3760437850895668
-0.3962551847215965
-0.1794400473974604
-0.1114084714707310
0.3782473543757476
-0.2004436120064978
-0.2876867153058250
-0.0375898833369840
0.3168237403274620
0.0545725701820586
-0.6283584147882668
0.2846392614351166
-0.5013656196266612
-0.2122945452255169
0.2521858235938650
0.1878060155572149
0.1683279123812959
-0.1480497701893371
0.0912911804310930
0.4492475232493120
-0.0396089757224469
-0.5655852289707674
-0.5650356195862402
-0.1139844266944151
0.0983913493550015
-0.4434181096823316
-0.6865954983216209
0.2454218554065103
0.1296367075006244
-0.3206946473387632
0.3250812217178539
-0.1540560740295485
-0.0129080105340035
-0.0405874766717973
-0.4093526389491469
0.3221024427034037
0.1389790536774711
0.1825057820761408
-0.4058605932542890
-0.1211099617097912
0.7034575264768731
0.3351730258009120
-0.3532584153803277
-0.3894492389813968
-0.2154738968945210
-0.0120164547976182
0.6474536746149032
-0.0209456439012035
-0.0342962326258481
0.3792258129707615
0.0759766083727759
0.4227765042802692
-0.3760533887649589
-0.2154458098556461
-0.4656440094424630
-0.3964962578617570
0.3560860858189492
-0.2646196849815718
0.2383275686972139
-0.2216445796056187
-0.1172336248067765
-0.1740517501889459
-0.3843931343210067
-0.3542954173450679
-0.4732911629908893
-0.5462729074614872
0.3304074907881387
-0.0443271584564697
0.5530258779754615
-0.2903452814372324
0.1280773362655046
-0.4162966375747096
-0.0570418697239669
-0.2025437933866721
-0.5286079741087355
-0.3005542883867234
-0.0782193557610111
0.1383377273086923
-0.1406455896070584
-0.0652590325432212
0.0665546867947331
-0.4436272265547474
-0.3854949906546050
0.0859029852168124
0.6432560983766629
-0.4310730665861052
0.2682254456535303
-0.4794986834032355
0.3493134017794459
-0.2028544288034685
0.2239516920229817
0.1960239019599223
-0.3922977614643274
0.1142607989414801
0.5286147525811224
0.4701477442049175
-0.0782300267918200
-0.0173123728697194
-0.1865521826661427
-0.4657225042852010
0.4699803728517830
0.1335922263353942
0.3388485381290522
-0.4090177377844062
-0.1792469643305140
0.2690393219206110
0.4926251239175775
-0.3706086366718612
0.5287276156867164
-0.1373572365485413
-0.0556200478287039
-0.2648887396019712
-0.3791814323484325
-0.2259173580733764
-0.1226433989826181
0.1163949348045194
-0.5220576168981491
-0.1149881491502950
0.0756762846541262
-0.4972739071271908
-0.1750245037157779
-0.5924220773089522
-0.3782525282646952
-0.0082756631484881
-0.5791201937210413
-0.3595393441942537
-0.3772155552115598
0.0199088753835919
-0.0649437002507086
0.1026466992917161
0.4845263996639873
-0.1634855741216570
0.6603264806508898
0.2821103777266353
-0.2975053073273708
-0.3678200540796502
-0.0343002771137965
0.0615877350922146
-0.4047158205091042
-0.2551268061551312
0.2861393033232208
0.0861346274151168
-0.5175601535171555
0.7066977858535209
0.1561750994223535
0.3397287022572322
0.0459281225996854
-0.0041003521730665
-0.0385018683228521
-0.2124140287562658
-0.2341927545817522
-0.6082028952605618
0.1165990988439102
-0.5597557634613618
-0.3694524072860540
-0.0278015307634469
-0.1921763770388388
-0.1702986830605696
0.8351948648771642
-0.1510250122392962
-0.2888429350436770
0.0595608204440772
0.1193827122697306
0.1088324492451649
0.1046019502849557
-0.1698987282200668
-0.3560328229988457
-0.3594844542564686
-0.4571004874206577
0.5129098109209609
0.2810702013957990
0.1067002764730300
0.1577190525573647
0.3937325948630100
-0.1328363546946631
-0.3328994403283613
0.2003906432242975
0.0691804300938200
-0.0117226465228849
-0.1892413019703187
0.4100029363856439
0.4257378455418558
-0.7391427071693673
-0.1525070138441970
-0.0127481599636251
-0.3035549085087701
0.3848674312638136
0.0795595632101233
0.8012329783747386
-0.2095663020955200
0.0519498406963288
-0.1420837010967998
-0.0479156560098709
-0.2057351671654613
0.3060688745497298
0.4215112442775296
-0.3646031099105377
-0.5070005533310786
0.2124347590563418
-0.2067825487609834
0.2406331079033164
-0.1053761358867159
-0.4263439388380888
-0.5961239118737591
-0.2865455199601883
-0.0195388729362562
0.4154525623105235
-0.1002330331275573
-0.4383724928222814
-0.4182506653395950
0.0312245059562597
-0.1068627876048337
-0.2804759368733031
0.3618664405189745
0.1684390262057246
-0.5128611146007774
0.3736360321463972
0.0848019680668907
0.5665279190620615
0.1343968604101600
0.1147869425129308
-0.1511075316582668
-0.1966219259378481
-0.6415261126321565
0.3890298268948332
0.1658511776109254
-0.2953517339849073
0.3897273990688895
0.2781692253601319
-0.1777682460638224
0.2365057577893146
0.4105347780473370
0.1780376575950989
-0.5351987932954548
0.2125163941356226
-0.2657535922837633
0.1374248110193737
-0.4664574311334384
0.3242449126012872
0.2462604769629554
0.1103065454277093
0.3165457025548504
0.1854931481122459
-0.1241433418387735
0.5341416297305412
0.0564269757325373
-0.0959288878839032
0.6924407185197784
0.2694410136374243
-0.7735961292334759
0.3162919078740544
0.2478294307232266
0.1878456602188627
-0.2265837455369101
-0.1370406646655700
-0.2399918170835300
-0.0669938015205972
-0.3740792272728334
-0.7340024077539395
-0.3593910852696012
0.0778677697837347
0.2598161208745273
-0.0203010254415320
-0.0382598096619596
-0.1901321589720047
-0.2838120085215483
0.4789374080832636
0.3218678670216907
0.1602416561369738
0.0623713778468682
-0.1524472460814742
-0.1861169264687568
0.5848623782907930
-0.4075148317453245
-0.2672834551426085
-0.1356507517103629
0.3946747678476197
-0.0076836610768834
-0.4005829983693541
-0.1134499068264563
-0.5916341123662346
0.2314619175398710
0.4963940407360223
0.0492082994110842
-0.7167192343791069
-0.1569996740685911
0.1190449117433980
-0.1573688146820424
-0.4038161436884358
-0.1915371582684459
0.1651510124481172
-0.1985510160453856
-0.3953184574247887
0.1197411777255231
-0.2845905519026747
0.4088924891297853
0.1546914204130442
-0.4846293540351140
-0.6492239435413512
-0.2245350460657438
0.0549555071995407
0.0612725922847988
-0.3312740336455188
-0.1496160930203308
-0.4450087953774208
-0.3862802673072922
0.0545548060070089
-0.0859494012564072
0.6540881205966385
-0.1746896157055431
-0.2278508474671822
-0.3671717199575826
0.4020555402453701
0.1960438952536156
-0.0237233936867991
0.2706652762006572
-0.2349274484059451
-0.7278270384136984
0.0654745896865331
-0.0455032400075394
0.5339028715063435
-0.2667328527545669
-0.1503807922900794
-0.0720604820834004
-0.2151058007056656
-0.0178024188992612
-0.4764669750057028
0.5732625425778634
0.1172862339790805
0.4868282002533407
-0.1721187663739075
-0.0033899039502186
-0.1768316302987475
-0.1497079683201085
0.1978819997122607
0.1446657175768818
-0.7586086674947871
0.2100177967416211
-0.2421030816367668
0.1845447578761253
-0.1092513986292508
0.0865963163560543
-0.6214455230010187
0.4208890646854908
-0.1650937626819996
-0.1282647337763564
-0.5299477378539145
-0.0278923553702556
0.0042203308178282
0.3271285161518524
-0.1998725965868254
-0.5324442701983835
-0.0168283186706746
-0.3275838771558315
0.3638695517832107
0.5733670237377473
-0.1291836599736033
0.0291228359358524
0.0319629130941648
0.2290724702535809
0.8169378569804204
0.0075713020345573
0.3224756637022995
0.3816531347732158
-0.1089640410255320
0.1170234493626573
-0.1218863171688426
0.2043537757232453
0.7101865218659799
0.5617885283625150
0.0144172472773520
-0.1435530738431170
-0.1089343379804239
0.2775526866633081
-0.1437916145601899
0.3908672257538465
0.0042390254277308
-0.2249215823115149
0.2450006196833244
0.0441034071258616
-0.0475903897408068
0.2886654008081779
0.7927017868674339
-0.1524553949877175
-0.0684106254780779
-0.4183739703456897
0.3904177312452715
0.5549707851161421
-0.0625905239056614
-0.4747289386030533
0.1925444664406302
-0.2650725791326125
0.0856677972894530
-0.2488403739475452
-0.4180541568598791
-0.0546380489329519
0.1426836725504192
0.5420624651036678
-0.2585050762738165
0.0481681494637978
-0.6079880844008017
-0.0578825837174939
0.1541297700576238
-0.6516620614229098
0.0902802800969134
0.1923881738520719
0.2441266837509916
-0.0407156269242554
0.6065404748684249
0.2718813934880372
0.6980921680825513
0.1022371323078388
0.0021610550883426
-0.4407307020913020
-0.3598922790040044
-0.3467507697336469
0.1497204298154792
0.1888022769205916
-0.0120671472263130
0.5626729313329304
0.2547137209746345
-0.1735905830489722
0.1631657363810278
-0.3328475901923419
0.5222446094622157
-0.3802725256796749
-0.1819909564947347
0.0225497715855300
0.0252252856577768
0.2972770960060552
-0.0136957060491566
-0.1601437417318682
-0.1908391746749486
-0.6952153752476211
-0.4055404193631356
-0.4464766687164789
-0.0400994608058953
0.1355667123049088
0.1418062030982105
-0.7814159941695631
-0.0938941505890369
-0.3414788336786859
0.3600852193923386
0.2456332114347766
-0.0631694705765524
-0.1774553018954246
-0.1988921484114678
0.1583171998314480
-0.2729144661005163
-0.1051450711628719
-0.0661392769501218
0.3272171401946087
0.6108211626665212
-0.2697316179105106
0.5408666069249416
0.3280778050987510
0.2311083173694350
0.3293035064541713
-0.4769563555684812
0.2365238653537467
-0.3253316055441518
-0.4038770659725893
0.3576126543297170
0.2241384562293784
0.1050966463316589
-0.3052790981343669
0.3069495917435291
-0.2562534551415261
0.3333878203673514
-0.1418808122748893
0.6685504432904420
-0.3925568331949897
0.0594753382135421
0.5482404793993160
-0.4003365687467175
-0.2414402398423042
0.2819296575211727
-0.1085502905309380
-0.5525041671741824
0.2450415301694900
0.0703052131513458
0.1391153925478732
-0.0719740134161038
0.1646948951082861
-0.2870378826285411
-0.2405308484122462
0.1071517795806924
0.1875119597613522
0.4407778190216763
0.6118611019663885
-0.4605954461937036
0.0482316119693672
0.4426984745037159
-0.2587887986735293
-0.2032144243022512
0.7842649692224043
-0.1407220795174632
-0.1993357652697709
-0.0448502132544111
0.1296282884163260
0.1401839793279925
-0.5829676829300250
0.4201806764831419
-0.0216616303086699
-0.1557348905139618
-0.1833408097824848
0.3994322379205057
0.2494258027443930
0.4287768103122481
-0.3290590120744284
0.3733769704669824
0.0468895569118695
0.1225578830367989
-0.7705637332003202
-0.3178367797355315
-0.0645867669090507
0.1890678850425161
-0.0195943401308936
-0.3147842544703187
-0.7041314645387271
0.3076520259274820
-0.1640071847577002
-0.1338708194571017
-0.1530117589251043
-0.1396815210893183
0.3800730983627018
-0.2797519364908181
0.2052589843918028
0.4862522095613133
0.1960587125805847
0.4045680395860398
0.3538535917650500
-0.4234036505156943
-0.0855411891983032
0.4254462773494020
0.1628139273986460
-0.0578091822425671
-0.3505960460136292
0.2783418266640500
0.6053103166576919
0.1447162159318366
-0.4263147713049115
0.1945122607723195
0.4233700067905518
-0.1005062655666807
-0.3796069565933508
-0.1299640970070844
0.4124581383714726
0.1714155373002675
0.3881413564152498
0.1534065431622665
0.3983282807637775
-0.0163014600147580
0.5535200563290920
