-0.2259381461161308
0.0780517342600398
0.0866615345035211
0.0636146833091577
-0.7489588197468848
0.0168956821987976
-0.3108242932382563
-0.2075730036153705
0.4799789167901016
0.1958981032135182
-0.2816863874322373
0.2090826504075782
-0.1302174533020890
0.1511492209017536
0.0483245214394267
0.8348917613980323
-0.2841905213275162
0.1364357740202729
0.1474933179888396
0.2487563653837661
-0.3146785043306373
0.3331514958333207
-0.0234873776149697
0.1825975552048462
0.3004548860066008
-0.3790002591580257
0.6622277950409892
-0.3235246250540925
0.7745077121857830
-0.0928555020256517
-0.1704747673996385
0.1168935794847048
-0.2835139657352478
-0.1184580714906475
-0.0625291012434103
0.3818368097455905
-0.0443034267837869
0.0178756738949513
0.4078430321224824
0.3248101471206672
-0.6660689009106781
-0.1486603202007406
0.2263158951325054
0.1110049089818136
-0.4433863443593771
0.2846965191685540
0.3009349853352284
-0.0030838717219650
0.1666555559944004
-0.0677360630908732
0.1294514858562803
0.0337050430418388
0.8298982047188447
-0.2989808027458148
-0.2891921839882127
-0.1717305791284979
-0.3038382068082157
-0.3020283395959383
-0.6013541265001473
0.1836524801892504
0.4266790766621854
-0.3053150064562906
-0.1808601905055091
-0.2208282548804468
0.0182336791693515
0.3894863592285123
-0.1962840342447180
-0.0281306831937817
0.6471963417766580
0.3975945488610406
0.2258592693771841
-0.3632176946024173
-0.4469099885552884
-0.3220049852331213
-0.1032262451626099
0.4550551514290054
-0.1104131157656986
0.6235312236311072
-0.0483523173347559
-0.2573423222681098
0.0964787162233364
-0.4881274324620963
-0.0708472672753397
0.4076568374105627
-0.4611879512959136
-0.1673524174623201
-0.4868349476941632
0.3254807295995463
0.0001136391158891
0.0829520024358150
0.3563053533773484
-0.1739202932789125
0.0054066588952710
-0.3297191879324268
-0.2867716958391945
0.7307312795085165
-0.0431711359191832
-0.1508325132236304
0.3053421842468562
-0.1420000721285179
-0.0346119775766515
-0.4041467314586661
-0.0956157295455168
-0.5602360601350840
-0.5002847998796289
0.0377712785394932
0.4891100375622319
0.0368296055581229
-0.6074625857653251
-0.1004375469026115
0.0955470482608968
-0.5527322334188463
-0.0146007721084341
0.3573194698289193
-0.4054142633684181
-0.0078576148768256
0.1180952694092471
0.2316344987551861
-0.3276506803459334
0.6495906907590914
0.1313190333953009
0.1485552569146886
-0.4869596994147543
-0.0235491683682924
-0.3271271094436408
-0.1816937377226976
0.7023766058959403
-0.1968302514414083
-0.2271508037621317
-0.2885279585606315
0.1596058769707892
-0.0723023380884232
-0.0269953419094416
-0.5184670190951725
-0.1812198186064491
0.0689966625472192
-0.3925117249979325
-0.2200322158854810
-0.7502253596829692
0.0599828372190062
0.0569567421398676
0.2659472359521186
0.3888019739776239
0.0344212353363365
-0.0568610822130803
0.4254845328179548
0.8260995976351525
-0.1573350931670082
-0.1346270021163537
0.0672703711881065
-0.2907592045206766
0.0300474311698801
0.0210085038825801
-0.2544722754038858
-0.4696608071721616
0.0554411724194413
0.5198969155492781
-0.2193283660783757
-0.3993280779195829
0.3139540468971219
-0.0498331670700525
0.3642495391560522
-0.0420452851485786
0.4954370505757040
0.2720743774360857
-0.1546966088864139
0.1001464164931281
-0.1519719336151908
0.3798031933158394
-0.4332961566863650
-0.5382360233765420
-0.0049184090081337
0.1020742586634094
-0.1951880868081256
0.0732420823588779
0.3626652617153990
-0.2745088612640998
0.4605778058937476
0.5427638709426706
0.4821702202136510
0.1620139081893682
0.4746998550840716
0.1636539682099846
-0.2589194195007513
-0.4859428206679151
0.0900823106971272
0.5145554803156445
0.2268868468531092
0.3067399921331659
-0.2916478369043116
0.1204981713036119
-0.3913295919364056
0.2782543563350132
-0.0410880446162104
0.2078811156712096
0.0305791547272781
0.0439559477326513
-0.7887251725975242
-0.2680771212125715
0.0584437409777943
-0.5228936602724407
-0.5330797161145323
0.0985165668482576
-0.3894584109907646
-0.1983181635486951
-0.2338093881449530
-0.3342857022428229
-0.6989660643789991
0.0958855230756112
-0.2272478379854611
-0.0885712540048359
0.4352788354691437
0.1160056720881661
0.4659103941433512
-0.1503296411335552
-0.0130185816368944
0.3033709564733698
0.5758386764616478
-0.4409463716625728
0.0258233623471101
-0.4966112393194260
-0.0842866825264810
-0.0953306877443449
-0.2820253003772616
-0.1972869858496560
