0.1776508016963931
-0.9475314983716611
0.1470716180203819
-0.0240287673513599
-0.2200382006893916
-0.2545035780097039
0.5899235936231426
-0.0562927913605576
-0.0884624109990008
0.7590939374992377
0.4391736457790008
-0.0163334357723594
-0.3038127008032346
-0.4854257779690404
-0.6920400166484936
0.0197803323830039
0.3665453356777204
0.0783526400214820
0.0212807682211975
-0.9266397617463352
0.1588252249597237
-0.0996853808339851
0.5130291510904830
-0.2227024632372138
0.8074912233355435
0.2130486011454663
-0.2570194730372697
0.9381571034332066
-0.0882273376141818
0.0250693080266110
0.6493155911372130
-0.0016499967576156
-0.4790209540013052
0.5110665733663843
-0.2962033487860207
0.7694298400475258
-0.3435403776339944
-0.0116025928269498
-0.1489354234636484
-0.5173406514637403
-0.4768240549133960
0.2722150197201830
0.6332505906949657
0.4274428300510670
-0.3388570791898836
-0.1934275687076076
0.8668979632304757
0.0523534087072271
-0.3587655622350405
-0.2821703190656767
0.3100398469580261
0.5820511881278291
0.5666305362604275
0.2272006605132912
0.4386358431965757
0.3228910174628691
0.8403825884291103
-0.4154464338889904
-0.0907773760482995
-0.0930710721636334
-0.6953625695322695
0.6493519198047344
-0.2657275106075464
-0.1548904892773247
0.0145192140673270
0.0680936886021170
0.5222358191421558
0.4472169615498667
-0.3479999572129901
0.6336608066302835
-0.2227359205947062
-0.0334389606621079
0.8773008163746066
-0.0425169293590721
-0.4216706462311448
-0.0740973866025408
0.6000533241245232
0.3516181786344844
-0.7071477787278140
0.1036931097029608
0.3889325780793164
-0.1836952554284483
0.1695741561271637
-0.7001638394353612
0.5440613075403797
-0.7636157320979517
-0.3814266375417257
0.1332966230559607
0.4309182098667605
0.2606649967932519
0.7286441805956888
0.0006874158358770
-0.6011521849993565
-0.1494913691845151
-0.2921396353686783
0.3164331676756138
0.6133946065034661
-0.1677831513418795
-0.4128774640232429
0.5700860644979482
0.7260076697407957
0.3195359156812321
0.3035855029848724
0.4935509531074750
0.1872243604113028
0.0880941465232706
-0.2811898939146539
-0.2117657347015164
0.5852873724776786
0.7250969798124279
0.2829404378350522
0.1115592428947387
0.3875272362757134
0.8685893401053730
-0.0536138355490625
-0.0661578415603812
-0.1889881514361952
-0.5877373887070811
-0.3423293935055579
0.7051822224607619
-0.5384084744026363
-0.3914215867944545
0.6198147088371367
0.3739874015968627
-0.1812970111135304
0.1454565138320177
-0.1559289636412013
0.4565739578938910
-0.1905469828513005
-0.8424729248949137
0.0979797021363195
-0.7789558330612077
0.2372820839482978
-0.1645900222325667
0.5479371545422288
-0.3474645404924968
0.1715324829464972
-0.6238571833338481
0.6762445904957484
-0.0577967907633549
-0.5356817493248788
-0.3815658105392275
-0.2678792439057229
0.6622767738794826
-0.2389200308305338
-0.6397220080193421
0.4339440356900186
0.2617772427547670
-0.4583454869763665
-0.3519096703542973
-0.4012395888314688
0.3845087362492334
-0.2933531888370602
-0.2778671271646151
-0.7265628605583849
0.4431684082083074
0.1132088313469110
-0.3963794858140074
-0.1161999160805173
0.7875064477195636
0.6035093308696325
0.2335276446316731
0.1967986892639507
-0.1528411518980515
-0.7205214673668922
0.5047717346581888
-0.7051353841449045
0.0774396863254909
-0.4785763884516774
0.1138302302349418
0.1005098334913507
-0.2074191229308789
-0.9305097063041854
-0.2656433225423369
-0.1022760601337998
-0.5809218281307411
-0.5497639562799981
0.2793513722875643
-0.5310881356401678
-0.0140579144935371
-0.3422468349973957
0.0114152125473708
-0.6776457247469041
-0.5077482258439345
-0.4070931192507972
0.3193011869426531
0.7436577442464645
0.2744097537493594
0.0819059123733273
-0.5128456103007821
0.2085180174558806
0.1337738969288138
-0.3684245756711049
-0.7895563694251303
0.4236612472701768
-0.1872899110850934
-0.1011618305670839
-0.0403837434608227
0.9735619658991418
0.0723534730385706
0.0800367526641210
0.2011761121436171
0.1615558483172788
0.2347274992717787
0.9337692429534519
-0.3506395658332832
-0.4749682011343698
-0.6709206340801285
-0.4090331202374234
0.1844302363978954
-0.5181884828568591
0.4524584793323840
-0.5757010338577200
0.2275619103233762
0.3788745403162656
-0.1329076905580399
-0.6134208550634759
-0.7571412344131406
0.1792386956419688
0.0257107273260365
-0.1681676807668414
-0.4063100235748748
0.4411698037443334
-0.6023347094421945
0.4991932471032237
0.5772011508023490
0.1337904756258520
-0.1029045683385176
0.4530184375011118
0.6581214821318074
0.6163739606085259
0.4830305530474266
-0.3279886531796755
0.1274699591216056
-0.5127762459527307
0.4929306414198318
-0.3827021333688608
-0.7556580512210745
0.1976895394285494
0.0214059685520630
-0.4026662906378028
-0.1612096185363752
-0.7810537589549449
0.1255411896309129
0.4313533964207945
0.8860157469746179
-0.1561455227902094
0.1763298254955326
0.1197467939706172
0.3810028474959943
-0.4031598578270899
-0.0228492120361457
0.2682110442122139
-0.8528705340189182
-0.1939451739823582
-0.7899318898150314
-0.0872738599953986
0.5122972152987053
-0.1415863067710018
-0.2930797907514209
0.0922539998229898
-0.0849951396996689
-0.8231286384553289
0.4292210392152992
-0.3499908138704628
-0.2133899014423696
0.6374919450299948
-0.6280485920847579
-0.3305279332279490
-0.2106537949354428
-0.3131493208206469
0.8361323638079087
0.4313888717850357
0.1210881852342184
-0.0454033672681273
0.2947613791954276
0.6962595552139464
-0.0691590494125230
0.2405779018301521
0.6047128741340346
-0.8082383793407060
-0.0528903427198569
0.1563502162555129
0.4139472415682351
-0.3849098919001547
0.0564738476950765
-0.2133912823757750
-0.7116678802845572
0.6008776386690280
0.2893955021270266
-0.0038726818961373
-0.5158715276603583
0.1392780641038369
-0.8446352269304352
-0.0324734287065460
0.2931372240644088
-0.4111562655920801
0.2073040436678295
0.7788711157020639
0.3088784740576406
-0.3456037582555302
0.5034719548394025
0.5826107406494426
0.1652254056827806
0.5102345766083599
-0.5259756573670978
-0.1961022515069031
-0.7324134590378519
0.2267216113259085
-0.3115467072353120
0.8385319773345534
-0.4421589537904862
-0.2859849430076265
-0.1161531596644347
0.0779784485816407
0.8570789544180210
-0.0871880617577558
0.3430565293412691
-0.3731267862754105
-0.0300420841611357
-0.4149870217891991
-0.3810189635795334
0.7975576139697236
-0.1981224891354424
0.0852035963854044
-0.1801099704757546
0.2102273741541927
-0.7835862660942180
-0.4984746671116235
0.2467395783572907
-0.2386836547464494
0.1093563987413441
0.1212755719657672
-0.8593456481826519
0.4217684004345466
0.2777118027904432
-0.6386008536479072
0.2869554149132649
0.5665206714359075
-0.3343292134989267
0.0817162058214511
-0.7106350509719230
0.5778792015486588
-0.3922716997338717
0.0223344586158385
0.1574734094052459
-0.5207130855048404
-0.5000222710961650
-0.6635430650338509
-0.1172533034401713
-0.2036004844695862
0.5484856881046738
0.5682000152841540
-0.1298161482502960
-0.5639209190592566
-0.2311248263021765
-0.6004392326736649
0.2241993905217835
0.3823108738246581
0.6242011467292706
0.2321779312404910
0.1266716367524368
-0.5873965573424493
-0.7371541473603056
-0.2040018434698184
0.0549073535230406
-0.5970747348168873
-0.2167869296751647
-0.6097873565081573
0.4707969313167283
0.9668685246250753
0.1119299409461576
-0.0609369114380968
0.1338291866980783
-0.1761061782596976
-0.5503925625909029
0.4409372314490941
-0.5524613641044744
0.2118403304942664
-0.3905796980316958
-0.7266008907493027
0.2207315813624535
-0.1114128765755859
-0.6284800716955915
0.1262088941644287
-0.5505693270177956
0.4638191958180762
0.1251058117084667
0.2076848380935087
-0.6503542985486324
0.5590493832105128
0.3493853625296248
0.1406631085279260
0.5767507671979190
-0.4614825002292729
-0.7626472164131440
-0.5866623515842503
0.1148837260817060
0.0446346653940356
-0.2429114749402894
0.1776882029724831
0.2509458092287567
-0.7546462363743177
-0.2025624333169987
-0.5430751530770932
0.0940974200300844
0.1828140849029534
0.1793853310292290
0.7943136384138060
0.5427812015408540
-0.2917545657222584
0.6198163173515432
0.0030719624576279
0.5241923852860847
0.5058852759072272
-0.4514576373049862
0.0915419619187196
0.3298360367013647
-0.1708251967835988
0.8061222065940449
0.7580154936947798
0.4751326482884082
0.4215220419356980
-0.0545840592807206
-0.1378449363738163
-0.6524092511435827
0.2083347134128189
0.1815330492583697
0.6917862293518969
0.1394144221933706
0.2186042945206712
0.8686970600217548
0.1650883291487736
0.4112997028605285
0.0339996813571321
-0.3144602500970572
-0.8886031212004195
-0.1979954241498828
0.2429099630963774
-0.1152900947436231
0.2168168679921628
0.3874077352529640
-0.5682544676206910
0.5143456040685387
0.4641563874651877
-0.2605255770360240
-0.6445922883175639
0.2070625239334270
0.6874850445168547
0.0334160186071103
0.0095402605597789
0.1234203761515394
-0.0422171248851691
-0.4687411099945454
0.8735993820662740
0.4258822879796771
-0.0655451387534255
0.3100833514152151
-0.6721368209050557
-0.5161477702458307
-0.0432652500309069
-0.6237007166985378
0.6531098727245859
0.0774145019646508
-0.4202142586404392
-0.5725687195040277
0.1879870474015221
-0.3908701230271557
-0.3150564084911426
0.6203111621179928
0.5722163361610333
-0.6053863907444897
-0.2691643788660323
0.3416657143382216
-0.3418930524699491
0.7178188811043565
-0.1100362640092279
0.6556187215971347
0.2027202745096967
-0.0411904931632667
0.3707589697308556
0.5655415829807663
0.3521332487269871
-0.5362618684235797
-0.3621130871696751
-0.5955502375241900
-0.2940442541321133
-0.2221517564140848
0.1049149673482850
-0.7060448554767718
