-0.2615427934570351
-0.1757943839244701
0.1295558754831280
-0.1429284202275900
-0.3377724742911994
0.0314382938115225
-0.5080726958395438
-0.2682043266478608
-0.4182774926317012
0.0688880942417832
-0.0929999136153090
0.3048062893527369
0.1103692341895341
0.3332448763478076
0.1176324954842980
-0.4318384965863441
-0.0899537893114246
-0.4360123276501582
0.1063124498542138
-0.2267521803870445
0.1789478491160105
0.0552990558216736
0.2142229087987457
0.1868684860223224
-0.2716312737858367
-0.0842422578687886
-0.4081699135409802
0.1818366000339961
0.3712693826356699
0.1353443669418506
-0.1524470290276302
0.4200852514858033
0.1159245052794934
-0.2208961338721037
0.0114619046564188
0.0622884421976833
-0.0827457746418524
-0.1764772476269301
0.6279339992709095
0.1192160684488858
-0.4697185560369825
0.2302363925291888
0.0695007073616617
0.0945314729418130
0.0113110588622792
0.5126101717238211
-0.0063424319959773
0.1346871877718783
0.0430810841644990
-0.5473449654057391
0.0506599019588928
0.0511709276847871
0.1416545981384873
-0.1050656509739230
-0.2152412255427651
-0.5007003558363240
-0.1373163757905830
0.1672497176625421
-0.1823040994053317
0.0650006069415964
-0.1541505310822938
-0.2964931748433141
0.2705689738225968
0.0739531154108546
-0.1298545088664735
0.2309411480837711
-0.1685491957694327
-0.0239404630986053
0.3350175907343755
-0.1819415079967879
0.1921850606103641
0.0294238578526031
-0.2689816446722725
-0.3986552011441772
0.5441115140379199
0.3334978990871684
-0.4019063653112183
0.1002073021942207
-0.3240623230599246
0.4751631740445312
0.1414980400634364
-0.0887310533652513
-0.3181502006818433
0.0892818384668981
-0.2388760610232648
-0.1289298454176163
-0.2835929180502901
0.1554861416965702
0.2565178641584727
0.0723866185274661
0.2482295698083217
-0.2000169886038708
-0.1103746400535997
-0.3246096287425556
-0.4808645190553151
-0.3011006144201566
0.1145608767316136
-0.1543993059416517
0.3440646990790370
0.3026288326722227
0.3544471625989957
-0.1130533427719348
-0.1520682303329876
0.2208618426325299
-0.0410174322583373
0.1876403019718698
-0.0366173502977337
-0.2673232029586313
0.3235330556371484
-0.0602004741279077
-0.0371250383186368
-0.5103294651157065
-0.1579255914378483
0.2921162543513954
-0.3383045474203887
0.1960164074623945
0.1570096211800369
0.1453965843533302
-0.1369628331789068
-0.4406593042683555
0.1059043343279155
0.2600049960278450
0.1345885773741476
0.4252445268003198
0.0465015326717097
-0.3267297170331214
-0.1620058651655708
-0.2035863201402588
-0.0340654304985678
-0.1200849318834648
-0.1270423810373139
-0.2828866690171747
-0.5378646149104804
0.3430426934774704
0.1640261522422231
0.0984616800411749
-0.2798945084520775
-0.1692390832585962
-0.0209650748423267
0.0823823519694984
-0.2226043439783247
0.2388932935149428
0.2815362161620370
0.0710645038669976
-0.3515014274830566
-0.1520300110323261
0.6348744997214779
-0.2366340607323494
0.2643624065384748
0.0977007415126128
-0.2570991664125905
0.0380101115735472
-0.0159640335110591
0.0062929405387824
-0.1275211716432150
-0.2507684612102939
0.4645733243146692
-0.6460761600823131
-0.0970644050731868
-0.3777474840962127
0.0072943569156812
0.0399979301431179
0.1438343422336745
-0.2126601195993185
-0.0095500224846323
-0.1745176808173093
-0.4659831489429353
-0.2346977006468115
0.1689500553915906
0.1232154525398047
-0.4231463640946202
-0.1185675622838422
-0.0373401584373001
0.0587337612178615
0.3832125442313440
-0.4522339361514772
-0.1096963746215924
0.0159099933424123
-0.3032597376705802
0.0043326519697246
-0.3246383269882358
-0.1282243948397214
0.5199825031738148
-0.2540214642388487
-0.0499459095146070
-0.2896418197677775
-0.0820261410353659
0.3072714216907635
0.0577407359355729
-0.2845707806099724
-0.0283899120039704
-0.2025784336537534
-0.1030756508701824
-0.0268875550146732
-0.4671431260493222
