0.1507263765830179
-0.0181231354135224
-0.3283908690886480
0.7329075192780676
-0.2504364815410122
-0.5188840769990607
0.5578324648352783
-0.2160096856463121
-0.0699382275432013
-0.1168236106966246
0.4459261882508470
-0.6517464843225228
-0.2613622112924653
-0.5911647119013299
-0.0357182677618802
-0.3330220831888643
0.6797155508511421
-0.0895619634593758
0.3700294846182086
0.4308269529132152
0.1237815799047259
0.0680738421194562
0.0968311978432076
0.8050677665739278
-0.3110676254440512
-0.2185008706598691
0.4156474480395400
0.3676107843452319
-0.7038748202592986
-0.2283726110936253
-0.2181400636629402
-0.3929365984415562
-0.1878666216102967
0.2622146105858356
0.3581631493681535
0.7521200244276478
-0.6028172540784223
0.5817242642959507
0.0529359022667939
0.4575171438206171
-0.1012855921050833
-0.2753639785956651
-0.7444616396266417
0.2634935441562881
-0.3260914003383262
-0.2088982851793961
0.4191717117151174
0.2250977576180764
0.0960384628082095
-0.4163874208926587
0.6741000895849866
-0.4821203456294603
-0.0075121504674393
-0.3612350184170874
-0.3810177875230555
0.0891893361728191
-0.5750731612331964
-0.0153522485289045
-0.6961027912260678
-0.1771066900083963
-0.1086299645739746
0.4211879102663141
-0.6439292123657264
-0.0579503663204399
0.2410995580935500
-0.5785051448644424
0.6862705111105497
-0.1705430253319358
-0.2867600089396795
0.5148861530313743
0.3260892071310669
0.2151154057077158
0.7249188549331529
0.2275997550382643
-0.5391693702414836
-0.2376114087769923
-0.2493654067956309
-0.1155210274148955
0.1073513066897423
0.1390375418228841
0.4952861511884596
0.8389708729493850
0.0505737915509775
0.1319320025902824
0.2907536287952511
-0.3071817978656678
-0.3825338979899106
0.1812704389549438
-0.5798964735807942
0.5528386701205834
0.5031193883777862
0.7201346831613959
0.0888396932585063
0.2352579835725292
0.3454517923253536
-0.2137783160021644
0.0413253863507174
0.5197569479150494
0.8328780103866941
-0.1300387513603065
-0.1079865463929326
0.0767331499032711
-0.2631248529060841
-0.0272220197919178
-0.2048689468867042
0.6029081437098280
0.7028037455139171
-0.1749904384905400
0.0286247757282872
-0.8274471547477377
0.1578425988860423
0.5130017842344429
0.1002145173597019
-0.1279990709884999
