-0.0532302778396958
-0.0107692477008629
0.0573126302160419
-0.1385537073521730
-0.6100888436551005
0.0485905007694367
-0.4625763301067127
0.1999446176149282
-0.1368812360922533
0.3895308932150160
-0.3492738299743952
0.2314768894471401
-0.4077902886361185
-0.4644764614358542
-0.1759644389312664
0.2338844309350628
-0.0142039865600277
0.0799323377282309
-0.1062280866744660
-0.1389804503456022
-0.3038972750320504
-0.1256352422829421
-0.3219189192207866
-0.5322995624744818
0.1479559734321453
0.0430712532100158
-0.1063493141244787
0.5628425779625617
-0.4496830138166060
-0.3372634427874339
0.4235446913520721
0.0281977524765572
0.0408059235734254
-0.2449102872598745
-0.2401783045224145
0.1807581288613324
-0.2908848169026330
0.3240231197273470
0.3284218316971543
0.1709800785436802
-0.0003369545908000
-0.3476156111863818
-0.4418886699154735
-0.4052346518189299
0.3951463854771921
-0.1485340956634118
-0.0633779443022930
-0.1037434369778956
0.3593949275108390
-0.0688491563262696
0.4924389977611447
-0.2604177906098008
-0.2870057172976291
-0.2793265891679056
-0.0028144644533211
0.0315935458485686
-0.3584857058777846
-0.2546584269010648
0.2095220514161094
-0.3963803518129634
-0.5176364620186148
0.2317538938101396
0.2522526986858480
-0.0739689729992896
0.2036872741684200
-0.1093334205341411
0.1082938893115767
0.2206272159724135
-0.5120695179970053
-0.2718663060535291
-0.0905789136056484
0.3886676424905325
-0.4059230652015384
-0.2880690005276582
0.1066914011505951
-0.0303596299866290
-0.1406721095653446
-0.1917197732422362
0.0923224599323315
0.6077589078924507
0.4413308811715010
0.0177781933596722
0.3059603142015789
-0.1296062828982660
