0.3532068863554871
-0.3570244896162439
0.3736470877251656
0.7322386887248935
-0.1042357506070870
-0.1777671513507891
-0.0893210570001975
0.1467932654676084
-0.5360438332723756
-0.0741711394479061
0.3445639327823573
-0.2631014895224322
-0.7106364886842806
0.0428343902608868
0.0542778039336170
0.0970766155255117
-0.6711220262591769
0.1378941920891899
0.3456422400377776
0.1061518105236264
-0.0819564125479815
-0.6145686695387723
0.1001858220263238
-0.0734503275049719
0.5770678629837719
-0.3794654667912791
-0.4227673347211762
0.3526923624782799
-0.4479063116124833
-0.0413623746278346
0.0755322475681436
-0.1088048194089498
-0.4301807931362742
0.4326720009186324
-0.0358521806175676
-0.3100716645097953
-0.2540091969157612
0.2059337487710682
-0.6151449535932366
0.2120776129601673
0.1943451097365033
0.3620430604541341
0.1046367477859039
-0.5853108897853571
-0.0361413254004934
0.4837920819167102
0.1032157261611589
0.4812511339789119
-0.2718426409374873
-0.5046931435384242
0.1882049552514559
0.3582306010281822
-0.4184569155942957
-0.2762305146241227
0.5042887329101300
0.0438124089832729
0.5825144269496002
-0.2349158378821024
-0.2023010299495198
-0.1080696337566218
-0.0411261458265279
-0.6352546438204808
-0.0716322744565491
0.3775125612995582
0.0885452596542205
-0.0696996592978692
0.0277304131259832
0.0413741420584165
-0.1094978784691194
0.2718595803772048
0.3077778397924056
-0.8967699167255403
0.8669402863324521
0.2968547353846416
-0.0377182994391018
-0.0852154100134253
-0.1846121372348283
-0.1321404485566812
-0.2137243846952119
-0.2332093862276295
-0.2878138443667030
0.0879607151852204
-0.2388494387486499
-0.2805993505355115
-0.3053228914454409
-0.3668806696724377
0.7165001148693244
-0.1801253597798272
0.2341512617670896
0.2370173316096990
0.5303918840303328
0.1938389291401559
-0.0954303366024882
-0.5673106212513818
-0.1565149557336672
-0.4633159489344661
-0.3478466266184662
0.3465221884208783
-0.0422859980020838
0.1882295872238721
0.0621451638761704
-0.1374438205861925
0.5652721347515675
0.6159717547189461
0.5172029573201808
0.5384650010881078
0.0299607277295695
0.2272484559175653
-0.2146996553532086
0.4557088222227260
0.3596526548371451
0.0830694458126631
-0.2190735187064190
-0.1973848553000978
0.1246021975320993
-0.5464378878211356
0.2503310330475212
0.1877865233095335
0.6763236696526378
0.2087650086766553
0.0273102481126108
-0.1666843234800706
-0.0941378991563095
-0.3952211141787419
-0.4590362774783470
-0.1845609918025645
0.3754549653038853
0.6485871713163184
-0.2074498504202280
0.7274631996084168
0.1144800742478765
-0.1637722839531547
-0.1583666662383605
-0.1215317638328794
0.1883808964774756
-0.5590147329289609
0.6424758956655916
-0.1037212525242734
0.5084278927017242
0.1864324067780733
0.1831673466444395
0.3812162324463221
0.0490608742928404
-0.3192610197715979
0.0825103348254149
-0.0358930877502619
-0.0106330609200060
0.7519890617164596
-0.2038210172839212
0.5593174660090302
0.0017476483735791
-0.2681809665669197
-0.0851535025435682
0.6076126449094716
0.4660664720842921
-0.3003950927832587
-0.2865795477239965
-0.3115626732432609
0.1159699970337016
0.3513579511511644
-0.2509129431706634
0.0854833975569144
-0.3405725707592110
0.3559067299003097
-0.7324317300504604
-0.1644516046666955
0.0900652205066961
-0.3397994907921593
-0.2316948332679740
0.1301530970417510
0.5767356912879563
0.3007538651033522
-0.2884080794273677
-0.1941633462175032
-0.5337966837082062
0.3169908606823308
0.2392639560861603
0.1026022002776946
-0.7598768667354611
-0.0448991365186690
-0.0238870483434493
-0.1496760274556334
-0.2749935160228238
-0.5041843161268458
-0.0891594219360229
0.3439559750864374
-0.6104160648515616
0.2508349799588163
0.3128445713979173
0.5524767371618635
-0.0002245296380710
-0.1873942472725434
-0.4442989814699909
-0.1462295722846790
0.3261943936193504
-0.5603299573947426
0.0326719607932163
-0.1342154061173170
0.1924437813887916
-0.5520208713580966
0.2381854608210363
0.2069361270557209
-0.6312620663499338
-0.4380718955981482
-0.2310679223216734
-0.0320733605229233
-0.2964274042695111
0.4095803367644225
-0.0003135980645121
-0.8853006029612392
0.3079398660249015
-0.2361327709530586
0.0548986498186075
0.0671101446379407
0.1950816359353264
-0.1417131592438806
-0.2620036518109020
-0.5160501099346730
-0.2024143678073063
0.0160753553754371
-0.4980764336345719
0.5325769022119722
0.2049929070526277
-0.2237766624900005
0.2419090867346181
-0.2559334862932941
0.4282015437987117
0.1628684653694993
-0.7222909517614026
0.0581457176109228
-0.0505018256737700
-0.3721018239088619
0.3632464295401587
0.3634579798871448
-0.2272052489201867
0.5857224802092141
-0.0339995186697700
-0.2227101630859856
0.2623078380962484
-0.4708461461932922
0.0921007406271026
0.4767095428770445
0.1361112476326761
-0.2144614565970511
0.5472318830843222
0.4382338375751391
0.4066048532034779
-0.2071384568340159
0.4083342055742208
-0.4142931333572341
0.2509444575244290
0.1214310722362306
-0.3469447319775716
0.3983728685635122
0.4636749220602671
0.2997327598750919
-0.4831037541451484
-0.1404083316056455
-0.1828919913606379
-0.1146074282219794
0.4848399003688945
0.4146754150563151
-0.5375383148393761
-0.0658714754416821
0.2494164489710178
0.3530727249531546
0.0000758827514371
0.1146818960958309
-0.8074521466329990
0.0130760916972484
-0.2215655535610350
0.3142258662576874
-0.4601358540378643
0.0826856978128993
0.2457751706596169
0.0448326035130502
-0.3440138762825682
-0.0656383438461668
-0.5041250434209114
-0.5850014322149609
-0.3818788290455377
-0.6113145366480466
0.2663571505704884
0.4099219875753007
-0.0717269432586544
0.2494278750894535
-0.4094008096068279
-0.0807024626903175
0.0622538007557273
0.2054842830306384
-0.8197209222617693
0.2350189168317498
-0.1533942190848523
-0.1284596191375740
0.3909265613890094
0.1840357450587764
-0.4573003798348796
0.4196507314377316
-0.0908700914034147
0.4083356530380201
0.4860720398182334
-0.1308417576727231
0.3467164223712840
-0.2572476941920225
0.2068811947451025
-0.4386700753658397
-0.4215539225401809
-0.5696879387801969
0.4043338266939493
0.0020942303890246
-0.3145982775614336
-0.0073738446016574
-0.1364872876708499
-0.6840103563918806
-0.5913090543471685
-0.1335107144398064
-0.1093517750505853
-0.2393517130291501
0.2613644085240185
0.0920387785116935
0.3755120908700529
0.0710341812280648
-0.2947225640344910
-0.4443701553280874
-0.6234845709080550
0.2129663698003057
0.3288433059689975
-0.1655082635500253
0.0041695756897414
-0.0207562917085466
-0.4606345774511328
-0.0155521239285579
0.3944750685421509
-0.7347471475981159
0.2512133040818964
-0.1689782049205138
0.2507235024150206
-0.4225215870308200
-0.0588208402239810
-0.2391350358808885
-0.2756838763376121
-0.5372825294365225
0.1596771938256330
-0.5547944257659997
-0.2424836452436261
-0.2683266855169297
-0.3760612237724635
-0.5414084391045412
-0.4991694905675971
-0.0695829939049471
-0.3348610451547381
-0.2617507149055944
-0.1803771265932462
-0.3006213834383074
-0.2934924890230426
0.7489273144146177
0.2636427091601527
-0.0164706291029903
0.2977261782943741
0.2676588793114167
-0.6210187263647053
-0.1515814898004725
-0.5160310900670169
-0.0188847795408020
0.0537177893531686
0.0056054778252597
0.1260188674282358
-0.5530970036238073
0.0771763068040461
0.1933672438602556
0.5939042481493160
-0.3088734630615685
-0.3099671272472699
0.3225616944163325
0.5110188815997907
-0.2173980001894325
-0.0087153556780485
0.2229488864512643
-0.1361494607411451
0.5793221311401033
-0.1147896927946169
-0.7027918083470523
0.0046877918360372
0.2982483100921619
0.3132710054466807
0.1930794986464237
0.0215325507946064
-0.3876209599919868
0.4503471724264179
-0.2603107743128760
-0.0154577129670541
-0.6656235491282058
0.0659671976702346
0.3784896482339988
-0.2226139640826737
-0.2494512622842577
-0.4434213499248523
-0.6991318791329069
-0.1928417096521629
-0.1342207241105925
-0.1625074878141629
-0.4471671879056623
0.1630547846495101
0.0187176377811254
0.4050122681633421
-0.5018559985475415
0.3457917303121729
0.4595968976292346
0.6558109912277891
-0.2133159349386936
0.2707422548011932
-0.5583942965068512
0.0674857342769638
-0.1027114705450990
0.3522566830978808
-0.0106749932216271
-0.3636211957675486
0.4757744368630967
-0.3004665208944747
-0.0471899134134895
-0.4939591572129404
0.4423029917626626
0.2782643391880919
0.1784731496031634
-0.1619512267926590
0.0186211755532781
-0.0541465230513472
0.3025885615108368
-0.0320550488825834
0.3878414875482618
0.8445972427325179
-0.1189130791449543
0.0393507294646490
0.2330904878751694
0.4649509262904697
-0.1465897075517018
0.3259555043525341
-0.4473986514590564
0.6180347801377527
-0.1344355039758433
