-0.2039669433979679
-0.5223750501285341
0.4011435415856693
-0.3296302371860148
0.6223180190125684
0.1693217115232781
0.1984516182370115
-0.2185063223523361
-0.1726132459370796
0.5772676555827282
-0.2485100319644886
0.6986282469734982
0.5678808125676564
0.5228928276813449
0.2572736573860524
0.5202049768400543
-0.0487503410852391
0.2547840752618206
0.2530880169879823
-0.0051584041437188
-0.5448258329262636
-0.3456337066162349
-0.2875940839693669
-0.6609929213059147
0.3937524444008383
0.3291450239551115
0.4297934571638647
0.2321890941401220
0.0848063923026092
-0.7005685193470318
0.4344065017772806
-0.2669185909318672
-0.2963185235433802
0.6060633944980872
-0.1439720298127125
-0.5140038969839692
0.1698588510211869
-0.6863957438167991
0.3105869847398452
-0.3265387101983648
-0.3027477720595623
0.4530572102561842
0.7102155997832205
0.5102550812004879
-0.2975443024686616
-0.1631913216025426
0.2845936952695798
-0.1976764102479170
-0.4599695522636660
0.3394792674643296
-0.7575604516243857
-0.3059601350929995
-0.0646641688470479
-0.0386127063036997
0.2237470882723751
0.1453164982228430
-0.8425324844360880
0.3983470791985656
0.1944399691661731
0.1499068757211187
0.3260888587740490
-0.5786204561877024
-0.6382800800672334
-0.3285058392470712
0.1968686156341416
0.0692071167786517
-0.5129589799290399
0.1004008508154859
0.0216776138480840
-0.4747767706923059
-0.7077326238533683
0.0049382454526850
0.1959566471977084
-0.0955095699971852
-0.0544342745309637
-0.9645112595892239
-0.1381047335117677
0.0126860916568325
-0.0373196610213698
0.8844749173594242
0.0202611474082687
-0.4146117884792463
-0.1971997665429348
-0.0714854271753557
-0.6023043394792292
0.3521170139451849
-0.2027424917696719
0.3774361633495946
-0.3980082052018657
0.4138477792060364
-0.4125551496810402
0.1597885680921920
0.0315690544949126
0.1807720930817522
-0.4319337349972573
-0.7642146005613608
0.0683194066606707
0.2646045638381818
0.4112325595991915
-0.0587377647594257
-0.5834833811103991
0.6421072218516781
0.5145636322113564
0.3537258556732134
0.5881183446080895
-0.4433271753207444
0.1511186986878419
0.2117622598532911
-0.0322370628254228
0.1599399780993629
-0.3319766697178597
-0.5682721428540921
0.7315928328797124
0.0707825153838130
0.4360111540595968
0.1872081155568323
0.3134774349127930
-0.3120405515149625
-0.7005859549782406
-0.2973033916779937
0.9190952475529527
-0.2409184013404615
-0.0762018896122551
0.0218989374692877
-0.2451419866104419
0.1756170970579368
0.3562862782721899
0.3433956717654688
-0.5116843522879733
-0.3428034194790450
-0.3055075694363232
0.5314786588019461
-0.0813581364154368
0.6874734323716175
-0.1882943783772655
0.1069918009481587
0.3968688978365102
0.5624537251664502
0.1127876534710731
-0.4102748572033810
-0.4744262922812082
-0.0295180635890821
-0.7618821139103094
0.1119710158436077
