0.7452851850254536
0.0460219428778267
0.2501460860099904
0.2503264904194058
0.3950253633826467
0.0177555364316348
-0.0925611729311137
0.1581040424068390
0.0233426665952626
0.3559858449017311
-0.3225746435631013
0.4843434896821091
-0.0727629568170811
-0.1687418422668088
-0.0671144862108356
-0.2657486470623253
-0.0840927327253949
0.5506175550819453
0.3674197057617419
-0.3274347394487097
0.3107015307651002
-0.3343573208647445
-0.1922828315291308
-0.3230260058431215
-0.3897441733240698
-0.0104630901793860
-0.2175709650640272
-0.2807743216012420
0.3715735310112901
0.4838419397475388
-0.0437350870754335
-0.1242221364129624
0.1998044232156155
-0.3771049361009836
-0.3252594729664558
-0.7428228744091384
0.1328908466494940
-0.1203426485112542
0.2615234651797667
-0.2059363059342031
0.1332194264901803
-0.6074392444308223
0.5318244731843833
-0.1933366772024996
0.1727584452254443
-0.2954696202680139
-0.3658887444638554
-0.0164480287307534
-0.0016241586552061
0.2043484326770095
-0.1364519671386487
-0.4467727978972518
0.0655584586466767
0.0362713873722631
0.3302451234918414
0.5080208731115053
-0.3220691151356351
-0.2398818974108644
0.4930388067107505
0.0682293853222483
0.2968032234847007
0.0255278605226731
-0.3533991561026469
-0.0373411618871968
0.2576530956779022
-0.3909921975760909
0.3173238299858314
0.1149175539630189
0.0897077913998590
-0.6661553028834410
-0.3070027741776539
-0.6404344061512071
0.2036477557803532
0.3163513264250147
-0.4681200401983017
-0.1174695608531076
0.1779402533105355
-0.0660899222102403
0.2238350157540661
0.1870141767189244
-0.4782292452161149
-0.5478942116341287
0.2720175604042232
-0.0035631758991588
0.1078665474599758
0.4035729563438067
-0.0353084294268510
0.2349756744662221
-0.3903257623335689
-0.1173954676013702
0.1638423708242830
-0.1321032669965185
-0.4551148282888353
0.2491483221165008
-0.7021640534394291
-0.2994727443129240
-0.1122887252400384
-0.1754123000422820
-0.0332768738848376
-0.2435079985199132
-0.3059462125664031
0.2716292631684045
-0.3980281130494952
-0.3260383196000820
-0.2058321967260335
0.2119910715270187
-0.2317584924432347
0.3151991493878141
-0.5107023965630508
0.2582644879104210
-0.2283568019510422
-0.1862017739194361
0.5198578989873112
-0.4544752813923619
-0.2584150703460173
0.2419840898847796
-0.0000156535423043
0.3216211584902603
0.4555417259300578
-0.0094324768481765
-0.1947551459144508
-0.2217566668428508
0.1315730957966048
-0.7748744855320933
-0.0033708297810825
0.1076654880569375
0.1928327686271917
-0.2819721010867586
-0.2713611633070395
0.3053188870237977
0.1243359799346231
0.5687473914292980
0.6094472814701553
0.1195846423619876
-0.0771127893393227
0.2751423934405130
-0.3355688730399889
0.2709912539959178
0.0406438018394933
-0.0774346652631633
-0.4731932723509045
0.2491676278502470
-0.2608610715907367
0.2262078729602590
0.3514771670035390
-0.3736778084565461
0.2187549663276862
-0.3495779932484689
0.3868522577424700
-0.1090900469237713
0.0356515048259140
-0.0858581507386587
-0.3668142955672556
-0.2130074075133874
0.5894758600025451
-0.0971995142925390
-0.3642898098699109
-0.1319518539498415
-0.0278907972925056
0.5510051506595887
0.0457690515711333
0.1931281336090807
0.3883689173288960
0.0181226508194736
0.2422122982387773
-0.1372869633120630
-0.2671707424094960
-0.0541059196330898
-0.7749767419971644
0.2388236944231611
0.2333757664339600
0.3045518937351426
-0.1669018847476930
-0.6526426542359701
-0.5522361460022288
0.1324725515967979
0.0505610067019386
0.0303631796733601
0.0793141145593375
-0.2582681120043918
0.6497351047449902
0.0715526443082878
-0.0319359956204505
0.2326598290556343
-0.3074224981000543
0.5051264654989934
-0.0267290666447309
-0.2716826677937264
0.2396789435282467
-0.1895804827571315
0.2813198174782113
-0.1956094549535225
-0.2957519517186125
-0.4941987407275234
-0.0166108105826796
-0.4116953206147579
-0.3642005641301743
-0.0264368166977152
-0.4644795220746860
-0.1790065654770714
0.0953764111283566
0.3989045826712325
0.1847524606914473
0.1164881339190927
-0.0696742764855415
-0.3792081648244999
-0.3485107572878768
-0.3631768384881018
-0.1856332691553271
-0.5895806182350657
-0.3183065270247435
0.4435331610915457
-0.1897891036916258
-0.4292754729810214
0.0316627074099995
0.2555077725441018
0.0142862224877913
-0.1226568654790968
0.4935050379462530
0.3957008720371952
0.2936417964246444
-0.1124305015852542
-0.0656798677226719
0.3003459007318154
-0.0887323686587540
0.0468443470352456
-0.8530615220312652
-0.1867714889207594
-0.1486146919725621
0.1089067049556449
0.2010857548642686
-0.6527899989673493
0.0726686863945009
-0.3565555366010828
-0.1752361130202787
0.1891416489408588
0.0548666487272511
-0.2485156778832837
0.0446785180714633
-0.5174633589267498
-0.1490767212518009
0.3226495021454583
0.2251204129463584
-0.2092530452634094
0.2329029839530697
0.3500103217800683
0.0929852713036145
-0.2400903223809670
0.4034071903111479
-0.6110886863680119
0.4969040373198547
-0.0299357819765660
-0.7747021094796698
-0.0490846739853566
-0.0207896822006831
0.1496199405403041
-0.0819072795762792
0.3307867292024656
0.0493252014227131
0.0907611554986403
-0.3790192599987431
0.1490786559009617
0.2153438713856878
-0.4792243381524025
0.1865033027278711
0.0546398777588198
-0.7048268217094876
-0.1172509595927567
-0.0320429572955702
-0.0936302316301498
0.0188074597077366
0.0733617634852540
-0.5974875524115706
-0.2291320394318961
0.0312851277952632
0.2031642407688916
-0.3286678980851014
-0.6010917870799507
0.1191496104423402
-0.2428712477694948
0.1012262904446734
0.2053114615495194
-0.0541441687095975
0.1720077563366333
-0.6801168196846079
0.1165730557676074
-0.0136099020075488
0.4851697263371231
0.2937776552419287
0.3421312809126819
0.3985961274321289
0.0732293566467360
0.5272910218924737
0.2235894659741170
-0.5287461548548587
-0.2826241202559324
-0.0509317337756321
-0.2688200470099730
-0.1059706548716585
0.2493864249717959
-0.1550718107242073
-0.0313146766343995
-0.1763337342911008
0.0189477707431628
-0.3142452413647407
0.5545428792103875
-0.4906537695220828
0.3159590333461491
0.1319862979872831
-0.4233911063329487
-0.0608694940786885
-0.4338812381236944
-0.2245114422355516
-0.2214693970228331
-0.3679707807020167
-0.1813610290040784
0.2254075654670515
0.6581100088135038
-0.0875372585866699
-0.2207112370938040
0.4671090142398558
-0.0791039181895453
-0.1885477210249567
-0.3969331664910706
0.4331885126287449
0.2337536116426175
0.4060019877696183
-0.2741316191204090
0.3105820706544928
0.0608731259476336
0.4531344397617874
0.1155709727648441
0.6014867261685911
-0.3791356411098681
0.1459794227309196
-0.1203759766703466
0.2908283060259442
0.0147677259816464
-0.2063179761892015
-0.3355827012877288
-0.2933964209833252
-0.4609587584092187
-0.2056674536944747
0.1447973421391844
0.1353592967277610
-0.3883977611727500
-0.4766288538992174
-0.0063287303825342
0.1868432879303113
-0.4548293084921880
-0.1126625528760113
0.2029484070480267
0.1600381794650902
-0.1210997171971207
-0.2723896979667388
0.5773638345522785
-0.0599062591267138
-0.4157029010014129
-0.5098550322787313
-0.2488910848817003
-0.4919852287670199
0.0410727129522245
-0.0251074544835795
0.3265492703457262
-0.1534899103421859
0.0458283685778047
0.4751957754737889
-0.1609220987287265
-0.5288179415462438
0.3032886456164831
-0.3009947864800745
0.2485627509114565
-0.1642448048831238
-0.1140302505385489
-0.2609209517296489
-0.4578916327674784
-0.2742082492768678
-0.5204157705651506
-0.2122670131704013
0.3725787566240235
0.2104765855123643
-0.1379128227114226
-0.2728721646485270
-0.2008288247077276
0.1957131194879390
0.2578588134970169
0.4700895734038520
0.1348459107564132
-0.6727127102908835
-0.1593217345936393
0.0684029623612107
-0.0708287691097734
-0.0503495649984113
0.0627364173256412
0.3513835311593288
-0.0737839276081473
-0.4901779712285367
0.7453467361933011
-0.2342658058187012
-0.0649789281330493
-0.2206964038948217
-0.2832106451890517
-0.2087826031146483
0.5766715852339667
-0.0038226840456185
0.3131981732021286
0.1738558057960576
-0.3999717594202121
-0.0156988415695631
-0.4542984959254478
