-0.0880440915922216
0.2903744300326547
-0.2427140895424834
-0.2823752371547231
0.4878378195866649
0.0871992306954712
0.5220826766712874
0.5011239957985241
-0.4062091857342860
0.1080885943827894
-0.5816837775331192
-0.1299020519327262
0.4199075104282284
0.4166866965434310
-0.2188113987948186
-0.2650506450002604
0.0047003288486230
-0.5485524788255748
-0.5422147564625119
-0.3719017435733564
-0.1564908005708887
0.2530312410148005
0.0095327807152127
0.4220844493504308
-0.3470134048465110
0.6966042897820183
-0.1117187850151161
-0.3884570676723970
0.0137691621152422
-0.3418010783532729
-0.3224149768182558
0.0998759014912913
-0.2829140278434706
-0.1280875631391814
0.0562404628387200
0.5043982525221630
-0.1698024314348269
0.1811522503266943
0.1735639885102323
0.7444455524640742
-0.5032991712505068
-0.3954507351894817
0.0550705439247977
0.1557321046420545
0.2179819896603249
-0.1957454016354601
0.2382445055870962
-0.6484061632280288
-0.3639949000949467
0.0526290982210831
0.4972665452089965
0.0888453620003519
0.3529196514624330
0.6495280329960005
0.2478656770463394
-0.0411586624974877
-0.7539592586695669
-0.3053181511190032
0.1918379507502726
-0.2027839947806248
-0.1386034759013575
0.1101508411429043
-0.4580202707599003
0.1388395304409316
-0.2021933154138617
-0.3004230566742085
0.1333919780361235
-0.6639797875832527
0.0595056084485729
-0.5835577790539465
0.2344791529859208
0.1055471457727808
-0.0474261451678245
0.0582553556138680
0.5436974350268026
-0.0189227710961986
0.5237506281363996
-0.2300676677162341
-0.2998356321567761
0.5303252244270725
-0.3167363792664465
0.3004083409560591
-0.1824349703918507
0.2510267208445535
-0.2575644616067776
-0.5471696506493594
0.5884584178009612
0.0334450860071199
0.3711377452833421
-0.0418913190442020
0.2507196452559350
-0.6174207028663198
-0.1994832611333461
0.4014590736016132
0.4625441201941968
-0.0390282486648852
-0.2722326120901925
0.4458250976487874
0.3314132743276851
0.0139276260307816
-0.7303283334052652
0.2839640426432571
0.0543110457878165
0.0116579702422506
