0.6770166213382212
0.2105433864260761
0.5014383262983186
-0.1854571668949616
-0.2993648074108501
-0.1227076799695146
0.2205258662245291
0.2356075119719323
0.0516352691397628
-0.0071707526747126
-0.5253234463321789
-0.3721997916692593
-0.1576222425321585
-0.3335139053383003
-0.4934847738254307
0.2392331409634938
0.1785388608807167
0.3416709427927255
-0.0355941172075183
0.0433769906668410
-0.1186877230814330
0.5155747124678964
-0.3148931776414897
-0.2297815902827799
-0.0738424024820669
0.4086020157603873
-0.6265635127490937
0.6033797090577389
0.0410526753715557
-0.6449007896543695
-0.1978530377255327
0.1189331707988267
0.1730746791659716
-0.3412744288466553
0.0358507458035211
-0.1317243184238937
-0.1027871220541612
0.6421325235700714
-0.1379828802401347
-0.0646516127690423
0.2572033068646939
-0.6685029503629124
-0.1171277086322999
0.0166801630538481
0.1638128803401764
