0.0958778202490466
-0.3517563447380483
-0.1664701344857658
-0.4526508088683064
-0.2646288746882990
-0.4523396946151356
-0.5540921180509544
0.2298089231219615
0.0172427413760106
-0.3630191070633578
-0.5560853259955353
-0.4619062157781245
0.1853742376267206
-0.2293511824497222
0.0759315287169303
-0.5025936767356617
0.5811475431238837
-0.0111754020586648
-0.3258225390904801
0.3799514686803707
0.0767782603707127
-0.3652655166707238
-0.4767938654704452
-0.2120684061656290
0.0736669280923504
-0.1948975233442905
0.7459231915978159
0.0012083165259428
-0.0794130677640435
0.5479782543672843
-0.0239435878411894
-0.3050006119954153
0.3900666587554924
-0.0572110802425132
0.0639820016287390
0.0276980228229291
-0.2791103355423561
0.4669417841532129
-0.7191231814553501
0.1632135341289901
0.1645821324271159
-0.8839077208834336
0.0217557559160273
0.1771653752938604
-0.1320419564116650
0.0642994984364864
-0.2619581950541837
-0.2637562886864606
-0.2480543295313731
0.5313967004981744
-0.0689539627919492
0.1494939326583484
-0.2052437190775360
-0.2688259394960958
-0.7013428644432073
0.1506961444161142
-0.4384566952744576
-0.2751417331830485
-0.1236153085677534
0.2793128126109167
-0.0336897210752022
-0.6796474617200097
-0.2575864055482108
-0.3306810175641831
-0.5226456757360849
0.2581480144763098
-0.2015211203770509
-0.5111159763382974
-0.4597329033658711
-0.3358436991327798
0.0412466558689758
-0.1802891503259730
-0.4637002227752503
-0.2768208088370483
-0.0184933623209908
0.1084260088332966
-0.3096130796168499
0.1897408685113380
0.3262650421070576
-0.6767151582439583
0.0208444105896403
0.3405533424919719
0.5684838324453751
-0.6074078576373415
-0.2476017719372776
0.0155966869606679
-0.3007232761710147
0.1987117894129408
-0.0042470238542474
-0.3269733565421738
0.5115958207166270
0.6230707313404418
-0.1073947593281131
-0.2765133246868107
0.3805910880604015
-0.1013910129182886
0.2329030364312731
0.3859638008187407
0.2631619831598385
-0.4012036182391602
-0.1675064956093621
0.0236776725019440
0.4739691647718183
-0.5597354017827515
-0.2527899403140955
0.5428422150362799
0.0271523247515753
-0.0363128005954591
-0.4612600786131028
0.5971167683523544
-0.1285052873811451
-0.2313888574874882
0.1910246551952016
0.5604225350973387
0.2614633331002705
-0.0020465899644667
0.4994078818893116
0.3232844819046787
-0.4152406771282016
-0.2339294583860875
0.7377081941154252
-0.2951074344377257
0.4418561381658359
-0.1160840067076827
-0.3123040459000190
-0.1390222937169421
0.0725688287595609
0.1945729397501893
-0.0337492439681374
-0.0279008216836623
-0.1274246124783290
0.2445655854182754
0.2281802300344116
0.0618532694380979
0.5649073103246463
0.7396085867996359
-0.5713975093836773
0.0419108607902788
0.1494714489440536
-0.3420809332938957
0.4024374182428491
-0.4102050378248622
-0.1785994127762642
0.4126323886250304
0.1787188067784203
0.4724433814193731
-0.5186227422831400
0.4694234827703234
0.0871370385060310
0.3943316835348884
-0.1491064137017500
0.2649638121350987
-0.5440350161218647
-0.3002038966365603
0.3375506682073642
0.0437528029570607
-0.5863696855476247
0.0738375165654723
-0.3624870938359008
0.1317971172837118
0.2457310174677919
0.3609119600825278
0.2428411773607911
-0.1055544552133684
-0.0889100962765966
-0.8533355730254005
0.0062497097934553
-0.0558531951034197
-0.2218210348065853
-0.0129344102784412
0.1033109054322164
0.7454699004429490
-0.0143709086732472
0.2791680665920621
-0.4340808915790058
-0.3430190388966344
0.0855129201714704
-0.1963374155201869
0.6308890240699775
0.1554141707816377
0.2253953169404807
-0.3091862172820866
-0.6200560081881731
0.0331061237950218
0.1290235264713957
-0.4678989677532721
0.2139992141653130
-0.5489354279434832
0.4572847537648292
0.2937629448209569
-0.2591581281410699
0.2339418062686038
-0.1099290092824409
0.3364366232438070
0.0603335965095805
0.6177939208966332
0.5560233171231820
-0.3975616079253315
-0.0348562904943868
0.1448599931865214
-0.1676737704425287
-0.1471117214093124
-0.7029713113027193
0.1285258834445524
-0.4958996549661866
0.1205458374955065
-0.3743491453374332
-0.1974108192368525
0.2335805953890607
0.3098377851980005
-0.2072453833152145
-0.1013843105238515
-0.7323448857593263
-0.0269551858189161
0.0097248594909388
0.5089803909414697
-0.5473575505023385
0.4061693583626776
0.6000973181893475
0.1011061258241908
0.0258179653400088
-0.1877411032492834
-0.0218225152314414
-0.3587442165436598
