-0.7037996263550024
0.1425060173884572
-0.6959584189810766
-0.4815016768400568
0.0676330824279402
-0.8738317351535758
-0.8463630389532428
0.4475683728805332
0.2887077378438335
0.7965575061979618
0.5941211771283910
0.1118756729913123
0.2128019374151105
-0.0059719538914499
0.9770771060664015
-0.8862797288443368
0.1893125423741818
-0.4226925638563240
0.3906919950671832
0.2144452030285096
0.8951944034054756
-0.8455536442548133
0.4486282634247546
-0.2894334395744448
0.9579095855796763
0.0733595078089443
0.2775384810591179
-0.0433859921439614
0.6923938681570551
-0.7202141258155069
0.0789424484594484
0.2558641004160909
0.9634841212752248
-0.8822441791425388
-0.3562382203862082
-0.3077978861285036
0.9979908838758907
0.0618198310584900
-0.0138745878684067
-0.2974362517163749
0.5549037933396180
-0.7769256439983275
-0.1144865657390695
-0.9930718903028690
0.0264772913184162
0.2505945216329295
-0.9374409242222750
-0.2416751938467209
-0.5173581167704567
-0.4408453518297464
-0.7334820752968907
-0.4772002800870672
-0.6036769271801999
0.6386345279383948
-0.6141901866918373
-0.1073575078716497
0.7818214502525720
0.8244123119564923
0.5380068576834887
-0.1757639353795020
0.7226088315135670
-0.4138555443637679
-0.5536786658504793
0.2070900232999412
0.8552793423050362
0.4749852301660492
-0.2065830161653994
-0.3061980676659044
0.9292826269707579
0.6406547140615971
0.1487039425013634
0.7532918921873543
0.7084070727406659
0.5865044528081071
0.3926473559407521
0.2145286704199813
0.9245945787476185
-0.3148052009074008
0.3316282007198643
-0.9425061783606217
0.0412897110593123
0.3932662154525470
0.9158445411077503
-0.0810583759198611
0.1024130681213721
-0.9691759577598577
0.2240748231690253
-0.0420334368934297
-0.9653631981113749
-0.2575016231310095
-0.4867333927711427
0.1982429664383762
0.8507586794263138
0.2279773429461393
-0.6857247441148751
-0.6912365054102739
-0.4652077216354326
-0.7924278255763553
0.3945122520063212
0.5862758994223468
0.7989361792320945
0.1340953066685820
0.7440733682473302
-0.6588100563210386
-0.1110141088120928
-0.2476767392368873
-0.4678613703595232
-0.8483878658763880
0.3523656616815835
0.6708240992525302
0.6525591684512075
-0.3285842015618945
-0.9217197985387138
-0.2060704623804326
-0.3313619707265156
0.4474743592708460
0.8306418856230318
0.6937346085924376
0.3710802718243381
-0.6172776722868507
0.6528737336048385
-0.6489061827424139
-0.3907386005599490
0.9506835607225667
0.0594004638451414
-0.3044213400319434
0.2423967948454291
0.7732438592540591
-0.5859502777322935
-0.2824925934158822
0.7727124265861165
-0.5684306821984232
-0.9001845739775408
0.4355083460384459
-0.0004618481684656
0.8351435721748380
0.0734849105787434
0.5451010748221702
0.2127759847406738
0.5680892869972779
-0.7949848692374976
-0.3836778779795058
0.7982427496194769
0.4643272538082173
-0.4824254159648385
-0.7744310419003144
-0.4092948562739900
-0.0460044746498230
0.4523746955271236
-0.8906406251451459
-0.9372973213947995
-0.3480274358732046
-0.0187252552894890
0.0646212752310310
0.7180388596902535
0.6929965993872091
0.8638216343443936
0.3301900547585618
-0.3805084910709858
-0.0776691860662292
-0.0500183240429976
0.9957236889798994
-0.0441735006016739
0.5035914109607145
0.8628119103554326
0.2115464546585453
-0.2089433321063472
-0.9547726334000659
0.8790551203993208
-0.1943778220718405
-0.4352922668579625
-0.4681502315392910
-0.3617978688253135
0.8061871140269916
0.8161567499249153
0.1080005346151997
-0.5676478169383112
0.0982157355620682
-0.8631557495135509
-0.4952936718449998
0.3643938942246774
0.0576886152511235
-0.9294563537478145
0.5268441991785558
-0.3668786293506829
0.7667041548848360
-0.7198319154523406
0.1471956089615888
0.6783623413771149
-0.5243491763930683
0.6073076809287369
-0.5968545232306365
0.0171940171982290
-0.8722963930597371
0.4886751154167356
-0.5869212535183899
0.8045365827509053
-0.0907982884414554
-0.9685178733376542
0.1949354938173349
0.1548330787516010
0.6587509060891646
-0.6698685974120540
0.3425248982598380
0.9721481199998487
-0.1871180145250255
0.1411200957375393
-0.4034301275577691
0.8593042237509796
-0.3143889044200650
0.5212901147053280
-0.8297718970200016
-0.1993369389409147
0.6811960107663215
0.5949876319504510
-0.4265697044353294
-0.2863707214612258
0.2841735803708437
-0.9150066590517213
0.6318551566971783
0.7596197474142481
-0.1540678431519642
-0.5001606611511531
0.5886413730006613
0.6350910541243182
0.7439824832159622
0.3524863081995129
0.5676649251096008
-0.7291180036194672
0.3999158031477067
-0.5553866105612265
