-0.0797042771857453
-0.4987830096111601
-0.2482023155132893
-0.2986066204072080
0.3932280003455473
-0.4012244429179550
-0.4079588396188283
0.0965240067950688
-0.2075915983121074
0.2292707946516716
0.0841216548391543
-0.4571940298485133
0.0968499433999861
0.0307444974145959
0.2338769462635160
0.2478982187386912
-0.2216943336534167
-0.5279450805917668
0.0567473240697292
0.2252770507534748
-0.3789713931573241
0.3728710496320619
0.1501552887985398
-0.0769748593681684
-0.3150568838548507
0.2821624759989008
0.2032478957069169
0.0653291494616069
0.2000733757645194
-0.4597942834255127
0.6841621464005289
-0.1427498709714738
0.0847268875617996
-0.2284229340532156
0.0374844135505707
0.3827959564684243
0.5677513592971011
-0.2128426133116478
-0.3604076300628795
-0.0880930857806948
-0.2633738668832514
0.3974150121711488
0.0791182793873409
-0.2470289745485871
-0.1324823881161216
-0.2171290674632785
0.1408640461748294
0.3733634037657475
-0.2009119083030200
-0.2781362068932515
-0.3870763388431462
-0.3585552090859241
-0.5540646868502846
0.0577231843452076
0.2638665502901819
0.4107201644397219
0.6886430917306501
-0.4485622492829262
-0.1725800390067736
0.0128389858314969
0.0066558305893687
0.1256496971741302
-0.2948929293954979
0.0368439320155282
0.1342144081128447
0.0613014589716381
-0.2349728676588636
0.6084283016303053
0.1434664993281846
0.1572733264857662
0.3560330098788558
-0.2758542420982920
-0.1723398788803598
-0.2763578806932631
-0.3652145468347801
0.0616055706160562
-0.2884068774398368
0.0826571068287330
-0.0411562907405078
0.4678633168471785
0.0469970988587921
-0.0629081811998517
-0.4346789506152755
0.5173873324419448
0.4071248852471697
0.3062923690856330
-0.1860286258198820
0.1249157058079310
0.2569105831876600
-0.3419931294371166
-0.1103163268124950
0.6339895226924986
-0.0882141061192824
-0.0954929582677557
-0.2601876239479007
0.3727739243884428
0.0439667827327826
0.4209440832789972
-0.0154794583396094
-0.3815534600810360
0.2398632992870598
0.1663934842933198
0.0182299354527194
-0.2008023763843607
-0.1803901916820901
-0.0466310763397130
0.2874186575939238
-0.0078303192671040
-0.6021789060953756
-0.4985343780693416
-0.1356534572079403
0.2315028904683587
0.4278156637565780
0.4021497355825293
-0.0105499779391697
0.4871097374969955
-0.5367601592565843
0.1661393863829094
-0.0625100078481603
0.0700621385229368
-0.1460709836360817
0.0139130346878115
0.2630601025643293
-0.1603823913393287
0.0647709330127739
0.5498364551961524
0.0257835075298987
-0.4218988163900235
0.0690870269409571
0.4424950312262935
0.4594686707691086
-0.0895442199430289
-0.0660990619295423
0.1595309739036159
0.2965860343125732
0.0579264579098211
0.1285578116723203
0.5175787021130999
0.2558206981858682
-0.2924248421344138
-0.6192689784937560
0.1319402242595133
0.2063695710590887
0.2711871672042526
-0.2467398663622895
0.2283345693340754
-0.2535350979709229
-0.5110852246796753
-0.4994608289454075
-0.0878616181582464
0.0130886184941291
0.0249657569381422
0.4546214625860839
0.1526305066347052
0.6356866261096341
-0.0836650204676760
0.2463733920371363
0.0456047192583887
0.3241794908319537
0.0329983038765004
-0.3516264281684492
-0.0900243574870123
-0.4541647932266453
0.1631434719174022
-0.2351910434409982
0.2523549635431363
-0.1977808705358519
0.3840608487006959
0.5424800607610439
0.0816799335352697
0.2230280892620848
0.0364225133269384
-0.0349111141782091
0.0812089503624126
-0.2437271840134159
0.5748530146382693
0.0101599655456939
0.0959646095200783
-0.2723662965543671
0.0492013547038701
-0.5495775588504047
0.2451067541065650
-0.1176409400909989
-0.1244019591025372
0.4886365512828716
0.4950293812382180
-0.1970674406464729
0.3778887065554802
0.5112319826863073
0.2189763282841379
0.0859872360626139
-0.1827998170522280
-0.2320159025436009
-0.0701238468837781
0.3897719800306738
0.1126629882940587
0.2666203049999426
-0.4611198431927349
-0.0607727053417567
0.1306308921464231
0.2592511136216706
0.0537891900768536
-0.1447406430330895
0.3683679277427460
0.2913317536147642
0.5244968138220877
0.0776370894649810
0.5627893041470508
0.2641261641478662
0.0807286282473536
0.1691604112380585
0.3545359050948171
-0.2032438115099149
-0.5124186351968398
0.0574573212291177
-0.2763145372932957
-0.4639879618247760
-0.1916794827173623
-0.0258153876443394
-0.4504971441650139
-0.3517948647230182
0.1302845023080366
-0.1411277657457652
-0.2262690950963071
-0.0167502844032899
-0.3599968543594104
-0.1936539848595960
-0.6441762735667437
0.2264903006355874
0.3128337650120740
0.2380031652826083
0.1626466308769641
-0.3658372623360269
0.5175271980782371
-0.0731608778344366
0.1460763035438070
-0.2093610294883197
0.2841531398796154
-0.6471145132318626
-0.0303941295915986
0.0180272931228477
0.0245548870794235
-0.4933056399313860
-0.1490309477406112
0.0713009206464415
-0.1094475390444510
0.5751737041355708
-0.3436725700615255
0.2231882019509716
-0.0871531390419834
0.3347588339744403
-0.0851232702194388
-0.3028580865785487
-0.2828454198424350
0.3874605058749134
-0.2733895042240692
0.6475886003304910
-0.0012516432604149
0.1425570173397718
0.0203496314904663
-0.1666713927433418
0.0075797381795446
0.3074872328753525
0.3641931181210703
0.0544255030677688
-0.2792206936320042
0.0519188550980998
0.2035655256307856
-0.0031702396100791
-0.6308193540891612
0.2241258394360439
0.0785861154335506
-0.3866674838182552
0.0556728878299154
-0.5176646475154411
0.1570244486374495
0.2403177945292383
0.2997641152467072
-0.5336133873675906
0.4479903100284746
-0.2739935415257762
0.2434401954152897
0.0906082958139042
-0.0911944043502698
0.4331884752922883
0.0614773372301870
-0.3962903782315872
-0.0198902706433462
-0.2328845746082701
0.1994133357499012
-0.1348213508507385
0.0728732050329482
0.4339801022083894
-0.5982446186479787
-0.1414029463641323
0.0117253021450784
-0.3983747986852454
-0.2800146941686825
-0.2230138281005768
0.2757765370150809
0.0333175255726528
0.0750517002373166
0.0473070286891528
-0.1059897960554236
-0.1855123397925359
-0.1754190893063263
0.7784995738663426
-0.3230186163195756
0.2086973794692346
0.1097464412907981
0.2382597468071129
0.5204782516372198
0.4983657453166124
0.0601024076060090
0.4757535677078137
-0.0102056974473027
0.0574783037957970
0.2855324445619600
-0.2312508244176912
0.3797417616231863
-0.1294778538701419
-0.5005067371899214
0.4437503990266406
0.1408067466667197
0.0191640529266216
0.2698447163422413
-0.1620166576948175
-0.4782777167359008
-0.1826406062875066
0.1012113367990888
-0.1928183828461776
0.4439568062308989
-0.1920711929147575
-0.0077020889986947
0.0495494064543786
-0.0926509622035145
0.6758472317458877
0.3304051664524272
-0.3815695634986818
-0.0390030161197600
-0.0684090191856051
-0.4088636344214340
-0.1411913495540445
0.0055616694636761
-0.2960402623223536
-0.3062402493205373
0.7076085640256423
0.0830253147290436
0.1448546825239013
-0.0881112182888817
-0.0625630896303704
-0.3019569225600740
-0.2912370680042074
-0.2980097565313535
-0.5145279075946105
-0.0055154089958071
-0.3936798440725110
0.0142162572636891
0.1651345143256097
0.1308874468190322
-0.3891164074926943
0.4251805792881319
0.1726986133778771
-0.0961931856186310
0.2294825144525777
0.0587509732512535
-0.1700961238018751
-0.1362884704628517
-0.2186997680327077
0.1643232313236835
0.0426664198248953
-0.2363052953443549
0.0292493320129983
0.8682038233777166
