-0.2729962786941664
0.0301804354005649
0.1038663149721062
-0.2963238072730197
0.1576599280017748
0.2755013062464676
-0.4022505765718657
0.2614859851503151
0.3140700623397712
0.6295935907503627
-0.0021126899994786
0.6030531615770355
-0.0441875166820654
-0.2805636854137968
0.4012799251913716
-0.2884545734524313
-0.2879896851785420
-0.0364845937585063
-0.3679205774991115
0.3029645980043760
0.3574087682544633
0.2530864771175892
-0.1662194505464977
-0.1518805913772382
0.1634610097256574
-0.3132711557193505
0.3657593681113367
-0.6352023027247201
0.2166289383289898
0.2201392543871958
0.4553174092060547
-0.0270294576363770
0.6786566732571260
-0.2653211337499179
0.2293716731181356
-0.3423575830742236
0.0199036328587128
-0.1555765199964902
-0.0819965193663173
-0.2446253556812495
0.0326886699116785
0.0363666112890951
0.0019647066549624
0.1462792261622800
-0.7917493130108738
0.0886343692800998
0.2978271442405574
0.2342521758235699
-0.4258368992450250
0.1287333205111481
-0.1501787774912603
-0.3309523759960314
0.6306732173703984
0.4214651748989971
0.2887789615302979
-0.1341008288500223
-0.0213368066987034
0.2315696531763929
0.3255458618488110
0.1763492732416047
-0.3273342925499602
0.2527641782496957
0.1583277718839271
0.1787626748405629
0.0112613934170365
-0.2837773781234967
0.3410529177695072
-0.1737280356716716
0.6147909879875909
-0.4084309642083498
0.6209959283151496
-0.1593209382668116
0.1831841580233432
0.2525206456666466
0.0789535809789243
0.1326169807684833
0.2563021483135778
0.6123150231422985
-0.1291798140991153
-0.1026106656397494
0.5247828888660659
-0.0209438497053597
-0.2033866791661281
-0.5424899057773460
-0.0521223917005663
-0.2940770467133666
-0.4488078577447122
0.1091624486714941
0.2779631750909387
0.0932540743352989
-0.4786381486477796
-0.2207032654588661
-0.3730907552984586
-0.1604369465556161
0.2106666534968201
0.1924026405291408
0.0820563768368643
-0.0452768709310076
-0.0213775505865785
-0.6830954597253902
-0.1732111138555221
0.3333231393294432
0.4762536831326620
-0.0170860879054646
-0.2727265829917029
-0.3015681773105749
-0.6223335210224027
0.0904008103088925
0.2402002651406634
-0.1152972238352312
-0.0472210515063798
-0.4798538968436837
-0.2572228719663737
-0.2657820954504682
-0.3704870290249696
-0.2004347505834761
0.1443993500124578
-0.1629214108257862
0.0951267526664579
0.6299430898694998
-0.1415638465997067
-0.1812756367348692
0.1186357501911369
-0.5713437422364225
-0.5547291356098238
-0.3339330810763533
0.1265049921616331
-0.0412809344626720
0.0659810366861680
-0.4065634827680089
-0.2689547705532859
0.5085191503208866
0.0895365488732725
0.2349006708353575
0.0333973643810023
-0.1145593762113310
0.2311826898622543
0.6838887518658864
0.0263890516662091
0.2641810150569500
0.3167805233135728
-0.0948708785325291
-0.2477117273749541
-0.1092127700535179
0.1486974375347977
0.7418678785177889
-0.2953019208479483
0.1701685686471441
0.2866759507700313
-0.2157279383067759
-0.1671672324716598
-0.2151807495830481
0.2297870881327257
0.4394311281535403
-0.3395884235691543
0.3617247699141524
-0.4595167109218138
-0.3570859802994458
-0.0057378750233285
0.3081988065998994
0.0390616824096719
-0.0363858127781693
0.4428534518062145
-0.2245375894426896
-0.1025322252028993
0.0549910969326151
0.7951237897593956
0.0881553224337256
0.1895370481648681
0.2473046223944989
-0.1115993629093383
-0.2753007220040310
-0.0207002654947348
0.2086867003152321
0.5761265456137743
-0.2965643892267064
-0.0030567654178142
0.2268242794371733
-0.6097024868778985
-0.1571893800544462
0.2696193585938763
-0.5566626753411958
0.1469559028942680
0.2423137827846638
-0.3565490799380273
-0.4880144205928800
-0.3450034618626139
0.1133471220457408
-0.1929846509203835
-0.0521220227463005
-0.4813835012678130
-0.2217797260324585
-0.3005833127392672
-0.1264615278451483
0.0680007243297638
-0.5792056603774356
-0.2383088989420527
0.4088551955672600
0.2202251975149776
0.0135903092461974
-0.1825215741187297
-0.4097875727324696
-0.3352488656921923
0.5809439127505186
0.1913643421183051
-0.3240659958412128
0.0444688012444153
-0.4171619558484165
0.1639941804674979
0.0658607963202855
0.2211624856012884
-0.1001734311973937
-0.3266661022584555
0.1282647954607806
0.1938012345034957
-0.0466277823422396
0.2651280639618654
0.2996575553236005
0.7334706727111798
0.2830017693481172
0.1651432570643521
0.2490357730936524
-0.3623958159158643
0.1477862050963566
-0.4336341872514256
-0.1021703308426214
-0.1040524402001091
0.4758673649063937
0.2935778620184246
-0.4853816986003494
0.0295220126017643
-0.7167875723586495
0.1448437269454112
-0.5185884861570481
0.2901886531954158
0.0839967642778532
0.0617646178918098
0.3090223973803591
0.0615364287182974
-0.0326948108435079
