-0.5926264345770776
-0.3726405128614208
0.1165093225219790
0.2588641887593069
0.0640587276998605
-0.1123141540378191
-0.0664835621763694
0.0008838788568095
0.6389123818529774
0.6354314274611390
-0.0335407796641922
0.5119893011633530
0.2633569657521912
-0.4579026732366099
-0.0842642274646766
-0.1444331913359172
-0.0294687064782318
0.1584528686071907
0.2659132207087055
-0.0036478241752579
0.0662360680636725
0.6417812953003844
-0.1915751026242063
0.5694822175990818
0.1029100795757016
0.0992484824635247
0.3627046220611230
0.1317612945896171
-0.4624331820710311
0.2034080277930814
-0.4259916241850977
-0.3176354129563203
-0.3623116573257668
-0.0985970704948387
0.0004784317350596
0.5514229047800201
0.3225089205911681
-0.2285047062759821
-0.1272774439283770
-0.0879252893574534
0.7491220052558436
-0.4205304723893509
-0.2220099768723884
0.1620282953812166
-0.0791955542044230
0.3534979204553318
0.4996212214185176
-0.0656681838061716
0.0206331328440912
-0.1741585305879259
0.3636737386462487
0.6539615729071249
-0.1510529140227163
0.0872199241874300
-0.0871022022224230
0.0945473634064385
-0.1727769068282004
0.0001450757017649
0.4609127535901812
-0.5355802881675805
0.5993603495123730
0.1352249823086171
-0.2771582327067041
0.0499354053629674
0.3260742341326883
0.5491403777162237
-0.1914566908241974
0.2900641418442252
-0.5707639549781844
0.0015901577410290
-0.3639145130317803
0.1030836075396218
0.0933118756909684
-0.1109868890731970
-0.5070003527429722
-0.3002719082199911
0.1601655907639977
-0.0675493111264097
0.3582840919091273
-0.5078680616222460
-0.4639491818419297
0.3024178974698503
-0.0642600094249460
0.3543777884894616
0.1696460671802279
0.0156200258072271
0.6209300159904786
0.3308234533033566
0.2110635212130992
-0.4585418456233152
-0.4240120158162006
-0.3658940432566112
0.3138936895969067
0.5624120466277672
0.1979397341928439
-0.3544188860019302
0.1970004048097944
0.0923611670942322
-0.2436517415956710
0.3591244740477201
0.2640648965682117
0.4954819108330175
-0.3932486373273553
0.5243514538292944
0.1280782070029772
-0.2105036190109546
0.1518308013221529
-0.2060089506040453
-0.3343565162372790
0.0464708294869458
0.5393441807377071
0.0457665244085092
-0.4161902608489276
-0.0564060163358751
0.3309425984979259
0.5257900331870459
-0.1751722797723059
0.1962998190010288
-0.0742969915946310
-0.5412575367738113
-0.5602750645021359
0.0353544317369499
-0.3391530161166673
0.1110014554887807
0.3661050466756973
0.2940230204870141
0.2989863704643094
0.4018632614329813
-0.0764330798514274
0.2393248082528735
-0.5838024460305099
0.2121841003447341
0.0783062801244145
0.5121901723862220
-0.1779793673994692
-0.5142890695203233
-0.1981571011736648
-0.0539093588030298
-0.4578022936788471
-0.0768849008298009
0.2242063084381704
0.1205723823720245
0.6064595234131478
0.2126987247581767
0.2090968623147098
-0.2045529346732480
0.4825216842354432
-0.2411551099645577
-0.3370137934749653
0.4540659509832187
0.2708713961888048
0.2808600806698941
0.3891603181793147
-0.5960042762301392
-0.3649937331084019
0.2451089995256143
-0.0679017188524851
0.1226231588181711
0.3111108787733734
0.3694714063675676
-0.3318959795558952
-0.2972859450043483
-0.2289160271956484
0.3465029993957333
0.4788179714220295
0.1700059711358400
0.1119524159714454
-0.3530465274866347
-0.3071815356211540
0.1481478281639707
-0.5620328950298976
0.2834609635197649
-0.3370210202459443
0.3909967656963356
0.0202994109894016
-0.1899283259667741
0.1673316487843921
-0.4803674442459827
-0.0525745496178395
-0.5959753038112716
0.1488520186317870
-0.5347052775116318
-0.1010484879525200
0.2531264650661943
-0.1603382138146874
-0.0472572279762969
0.1534719593704407
0.5835974583137246
0.4749403272491435
0.3625010425306740
0.3231413944204732
0.4545146536384229
0.2677009496504829
-0.0802636755574959
-0.3063577704612603
0.4962948138686729
0.0427905147535177
-0.3707942192086279
0.4397073078036820
-0.4697761277627387
-0.2100110326314979
0.0923466886417958
0.1066814744964417
0.2004492342410819
-0.6181040622788314
0.3073651036291211
0.0724469272994202
0.3863975037716620
0.6238243732838983
0.0120274355083370
0.2207218509612679
0.5883674260443965
-0.1541689280921709
0.1756727580744064
0.0098695821209076
0.1085113481595222
-0.2972298239901099
0.2337178245469414
0.2564770446259531
0.1548412969641419
-0.1283804547427817
-0.0177774231521644
-0.3207105569266781
-0.6748835669344728
0.4383531001121599
-0.4673519609150113
0.3525424027163823
0.3248952903855189
-0.3870847205800305
-0.3991351467396251
-0.2067691823602494
-0.0762142260014637
0.0883672426463049
0.4315376349056262
-0.2016393499405075
-0.1895072108764141
-0.0433196252528470
0.1715053548150487
0.1025435755668652
0.4251873089660020
0.7660580729093248
0.2758558957548835
0.1946716056107408
0.1134553063034641
0.0491433258349199
-0.0825631066526330
-0.1465132084482122
-0.6342973155417575
-0.2542225381147228
0.5770406520684046
0.2401114858361874
0.3143857773637098
0.1994193979150608
0.3098032429603764
-0.5882272990502677
0.1439717483692053
-0.1312278432520793
0.2446911268198365
-0.5751903662187752
0.0124022143364638
-0.2990357303227826
-0.3125286799177017
-0.4338661235541031
-0.1580715468661686
-0.1177043758951229
-0.2482536311260070
-0.5968682012932955
0.1843655399156521
0.4458043068215090
-0.1569440335156879
0.0509157625697923
0.1059681277755105
0.0718189941364816
-0.2426923813764356
0.6738190033663943
0.3692486881946900
0.5050742502724750
-0.2729062938204122
-0.0465434699444753
0.3049424552434796
-0.2332273318237821
0.4387453651898686
0.4990629994732504
0.5002607835212874
0.0844242071717928
0.2555998421376594
-0.2330835282705644
0.1844077791847181
-0.2259853736602888
-0.0917184929463295
0.1112511141614115
0.1672999564783226
0.7378179756366644
0.2265265696189008
0.1105019421272109
0.5150855394641423
-0.1641304329142704
-0.2478538563341213
-0.2687899443746012
0.7129924047284583
0.0404437264792288
-0.3704904850063828
-0.3508590819039008
-0.2020752622464976
-0.2281963147343671
-0.0552567008276551
-0.1660768939442727
-0.8414444162430399
-0.3167920281283015
-0.1576581226391489
0.2707592583202620
0.1024147200014058
0.1982972189410973
0.1165508564019362
-0.0497116379189664
-0.4714078517846603
0.4707597631841118
-0.0527636774678316
0.1403088247264251
0.1090067467677072
-0.0223679912815918
-0.7042785356706487
0.1036065572128617
0.1206811431327338
-0.2819146627109508
-0.0773881281876764
-0.6262531051698292
0.2542355042901997
0.1445720778977655
-0.2153838890146096
-0.2761255405471812
0.5437704197898420
0.1359546551317906
-0.6497318509756765
0.1449550692218398
-0.0440437981714048
0.5607910923104107
-0.1173925114268897
0.3022695005422863
0.0354953116254447
0.3637900655233087
0.0407315939352949
-0.0483029952429467
-0.3417672445497962
-0.4410367259706035
0.4838189819850743
0.4434218192229890
-0.3236635754803320
0.2121720882084845
-0.1798253461135319
0.2711689514751250
-0.5526362140199821
0.3205304650151693
0.1110360764313518
0.3748426676072702
0.5885284328511000
-0.0460939691791365
0.0891374519278587
-0.2440217393181297
0.1517726436408122
-0.3407779692406794
0.3152250052866977
-0.5762329426958392
-0.1689962301726594
-0.2140642211488110
0.2383850096191709
-0.0079839425601985
-0.5557453377262880
0.1110491527713458
0.4389082255316759
-0.0735286394102859
-0.1306910264467447
0.2981987226659742
-0.0652856596107994
-0.5350430091438827
-0.2087381276538923
0.2384540522215923
-0.5522547475684357
0.3897013414591541
-0.0653695286169408
-0.1985481487044848
0.1958017482897600
-0.4265795772537067
0.5332492871887884
0.0281275650811391
-0.4637816519777623
-0.2896385308623703
-0.0708169994158910
-0.0893148534316888
-0.0251046075953784
0.2097518748240974
-0.2136176640950615
-0.8110336087385726
0.2327253969944276
-0.4142089310752852
-0.1150806210001375
0.0460359175171742
0.1173324517152539
0.1513075264890031
0.5571048301794409
0.2583681108185265
-0.6310636688866545
-0.3727900666578828
0.0537513665227092
0.2097545055842399
-0.0534852135309148
-0.0861555496927313
0.1300318438326110
-0.3667929045250223
-0.5604873862589422
-0.2269622795724851
0.3353072065481191
-0.1800546147127898
-0.5725056020893520
0.0388170130521557
0.0621401251337334
0.0952015503087342
-0.5662681419596021
0.0262299332020247
-0.0499491927312432
-0.6335240168879017
0.4381887326723785
0.2614649573105605
0.3223282896207995
-0.5354012896566711
0.1322309904494207
-0.2325288585144560
0.2581112795114123
0.5564978675504668
-0.1129913732264254
-0.3856774119381250
-0.0083547689802852
-0.1377896809286076
-0.2976342144909896
-0.2278988393405839
0.7690719533092500
-0.0286414190090970
0.0378973197725317
-0.4610201051878777
-0.0703933897855886
-0.1710760749271794
0.1861992097646046
0.0648888087938496
-0.0672866927300117
-0.0650777586596115
0.1198742329295631
-0.1746398721741908
0.4430021663134381
-0.7486260600754744
0.3883244381051167
0.5238312712233145
-0.0984993916882399
0.0693420735263747
0.0808533310474998
0.1543069838268942
-0.6164719734280326
0.3629022556856992
0.0935216264307247
0.4003253723550089
-0.1829430211261854
-0.6368462976708934
0.3778557332898136
0.3252034140209550
0.0607641038663124
0.4649880558184383
-0.1721192645712626
0.2502636860958120
0.0162267158085059
-0.2775915713515212
0.2581298655924993
0.2030596164083638
-0.3965031719857990
0.2134868133747500
0.1379732763484500
0.3392011221869177
0.2443156238198548
-0.6469181934267266
0.1179978298528728
-0.2317532209279836
0.3817611733724653
-0.0389490060905348
0.4690796131162195
-0.2078131209799160
0.1549357385511559
-0.3190795497850465
-0.6293405431920467
-0.2462878925774670
0.2289685041023320
-0.5256560504719708
0.0183250422344456
-0.2860113433094682
0.0579288094500249
0.5850547175576736
0.1901820277255206
-0.3829479675568750
-0.2527996376130592
-0.1869441087895890
-0.3413341387572920
0.3740847422607838
0.3248740978479255
0.6274432578815611
0.0529279143463263
-0.3627843501864844
0.1051369800177869
-0.0326585359096356
0.5153740994969609
-0.4302569143348638
0.6585927175979648
-0.0244709570547411
-0.0222719823367089
-0.0608599823656611
-0.2053128357083048
0.2598180338186503
0.8809297947867410
-0.0075429215756864
0.0342307603434383
-0.0286662466744008
0.2169108145120078
0.3117792674015759
0.1213466192873677
0.1548573992607474
0.1973572222823479
-0.0776107231000209
0.4621039872799800
0.6884350647435319
0.1173554845385336
0.2167648550539072
0.3069548255836996
0.3256137801708455
0.1135338232976967
0.1805513840288406
-0.0290071049043724
-0.5396504252574854
0.2788072243682511
0.2385174385909783
-0.3430383498184094
0.2220173707782566
0.2522503591896425
-0.4894671725356632
0.3211488602467165
0.3012241115806146
0.3532822781574486
0.2479797383235558
-0.1047620831316848
0.0047026514019762
0.0213623393343108
0.0134926572442460
-0.0739764262931088
0.8401509352149709
0.1971336393893583
0.3479331554383386
0.0340185075770107
-0.0937100257013229
0.1504662468547804
0.0703420659966503
0.2711325640489204
0.7731765612988538
0.3622693195292900
0.1682674080507096
0.1009312821583181
-0.1699179320194266
0.7267693214235041
0.1592115543082870
-0.1214422115892278
0.3353356122138842
0.4950461235233693
-0.0825593027484858
0.4427686548211421
0.2932414042018962
0.2443876472552902
0.5205491848771346
0.1858225063078697
0.1967756151042221
-0.4388463103899402
0.2759184382786052
-0.2128400946419624
0.1356777965273479
-0.3231847058564422
0.1328103533953081
-0.4491824868312413
0.5306327587444102
0.1478695942508767
0.0795451054383008
0.2375253356947216
0.5399605860915970
0.5556559555211167
0.0287232869754573
-0.6231550757702790
0.2789273735097777
-0.2638486991079975
-0.2028183966275695
0.3242821449087533
-0.0895889021504522
-0.0190311534387592
0.1452675749963276
-0.4771718561650974
0.1000808523041165
0.5017676540132832
-0.5486258177793929
0.0103680762825866
0.2026993987953424
0.1766734988132852
-0.3406156768733636
-0.0978160220136721
0.1955424620862521
0.3663462528968418
0.5734318670786637
-0.2901883050704195
-0.2747636973608649
0.3418146763925617
-0.0978201734609631
0.4506119029114170
0.3609133907268345
-0.7762534497041413
0.1241690842117504
0.1941390983958826
0.0545753586545261
-0.3818220756953628
-0.1081461838406464
-0.2262654514506066
-0.0490503451211194
