-0.6556708952931828
0.0078053689822752
0.4253134638976698
-0.6238134422308103
0.1350555490924078
0.4198640970638703
-0.6720113707610527
-0.5948738153793123
0.6998562661701121
0.0962435571443943
0.0407720870830802
-0.7065946655088140
-0.2921890349758008
0.4244196880658339
0.5298095844958779
0.6736433035355699
0.9245004101402955
0.3537253665379271
0.1053542413052809
0.0952777023076405
-0.1140466126897743
-0.3633733331894868
-0.6310705944287033
0.6757981175677793
-0.8682100120191898
0.4289400460048301
0.2339067784235576
0.0866569730057855
0.0577562145686695
-0.4192920793532710
0.2918095746998659
-0.8577327928812047
-0.4507541043879288
0.6869938731089624
-0.0817128634154288
-0.5640772674382778
-0.3386907566599571
-0.6208551425830203
-0.6956527486509039
-0.1260742502486753
0.2261099604177472
-0.9444756825024956
0.0171307091932282
-0.2377951003781767
0.3832688123760128
0.8419595512473078
0.0191262764833310
-0.3792668151462714
-0.3034092949414851
0.1053195060853548
0.9466902362676902
-0.0250638771237158
0.5812282359017136
-0.3330332096766727
0.7335151308724276
-0.1149703084463152
0.5070445025090354
0.0956715394337960
0.4209738831442663
0.7460119427517030
0.3596996930625904
0.6773459064574033
-0.6074292165388530
0.2069985524371418
