-0.1206219403803288
-0.2516563030671827
-0.1483195044852128
0.3093597314097739
0.3265280748803353
-0.1099900269024308
-0.0028068402528119
0.0733830508490129
-0.1369904747774079
-0.5540354503647084
-0.0679723816137891
-0.5090083336487298
-0.0552675971276443
0.1723999286145512
0.0174013039087006
0.2404070437958223
0.0344515793109262
0.0045140858592809
-0.2219073571112092
0.1597771950477991
0.1719214033081189
0.2723433737562969
-0.3168346192538196
-0.3100205204960763
-0.0508189036144905
-0.3569153863813727
-0.3599620272033812
0.2686408221950893
0.4190556854858470
0.0645219478975137
0.3265312780489824
-0.0754398572538349
-0.5336007288157892
0.0800094794645579
0.2002724327286644
-0.1548380747269006
-0.4374757668709711
-0.1802916590275016
-0.2430252074377129
-0.2818525557069972
-0.3490764559855474
-0.1669917048519768
0.0935549492849040
-0.2974168228366612
-0.1377759036117662
0.0645620350965638
-0.0586727280415631
0.0940732880338176
0.1439268037571010
-0.4748899802803883
-0.1966734143184256
-0.1337330129431629
-0.4773099878579268
0.2354425451717495
-0.1111453646752881
0.2609256285309524
-0.3094235580022394
0.2536492241756048
0.1828189256611674
0.1376232301535889
0.0078525216857592
0.0420266242725472
-0.0030030715278306
0.3452903719008662
-0.2007341810083757
0.1496476089097194
-0.1128674896125790
0.2635131822757529
-0.4316754082268036
-0.1910501719294067
-0.0764111637421387
0.2359550754352999
0.5722460586404232
-0.2262549805125761
0.1694880340745706
-0.2402037371082492
-0.0241008210193907
0.2927724639975766
0.0633335435929648
-0.1240452522399863
0.1594405925046993
-0.3738568535046218
-0.0420679535053291
-0.1026356564354147
0.0222822600045395
0.0849703696894286
-0.2996078361193015
0.1182656808500919
0.2868122388770031
0.2984975905788063
-0.3350837699393245
-0.4928714404139163
0.2396794116580777
0.2551834011328108
0.2442066357415921
-0.0476522734829804
-0.6128766709558748
-0.2837672451667414
-0.1562520826179168
-0.2778933274810746
0.3920164143714352
0.0743171777836930
-0.1876807460518586
0.3100713280043946
-0.2424800029366790
0.1902820860782309
0.1555241960590643
-0.0429414773535007
0.0038022127414472
0.1226003599353375
0.0760141176128192
-0.0989530077874654
0.1213959842078260
0.0124298172408031
-0.0614120583299159
-0.1840227964840880
0.4068298064217800
-0.0792492664693256
0.1291691345452638
-0.3424110866241783
0.3703096976169488
-0.0546011105973643
0.1315369170778337
0.0575775909181315
-0.2328632012338260
0.0619582944238704
-0.2963905441056272
0.5788890918009182
-0.1549997316196108
-0.4113396464783810
0.1107424991308628
0.1704574586411619
-0.3448934115424764
0.0513007161062615
0.3156573825899687
0.1706272270601145
0.3393761347576461
0.1284464047968983
-0.3210321073031085
0.0623929227325512
0.2451685303927811
-0.2475600901524485
-0.3802369232567733
-0.1025466464719564
0.3004734641194826
-0.2122797244892945
0.4206171706041415
-0.0795187540885847
0.3977557907016974
-0.0854359361720130
-0.1992457852649439
0.2617578727055425
-0.0719839965943452
-0.1225611448480310
0.3267047799153873
-0.2903556600669010
0.0523210911450764
-0.2765490760295073
0.0775490970141848
-0.3334813958120509
0.1730153744828094
0.2249985692820778
0.0484611225931402
0.0421379734716679
0.1020076404154082
-0.5638899674181999
0.0156505727175726
-0.0188504621961591
0.2575060226107294
0.3568725769304557
0.2979363083462349
-0.0949128931295721
0.3836873403551403
-0.0832096150586318
0.3134171443236728
0.2062219432817175
0.2225496333227829
-0.2394271249026419
-0.1911717418973280
0.0777145605965613
-0.0287277049972237
-0.1951288604579053
0.2649066097124293
-0.1040753068953902
-0.0319098027853517
-0.4603725529740436
0.1633894968085433
0.1099325287078822
0.2332395146364024
0.2046215713875930
-0.2420147684999593
-0.5692698584407269
-0.0653400121152787
-0.1961048286356362
0.7447498858234353
-0.0810317824877241
-0.0878809285636142
-0.0965685696889590
0.0905277191368407
-0.2388505170471304
0.0428305325719348
-0.0115824485705740
-0.2684738914840075
0.0990659391017030
0.1820659892747895
-0.0434934512630202
0.4406375209542437
0.0264504282119985
0.2409940928973290
-0.2960096906224984
-0.1618589730260145
0.2268199923700956
-0.0557740181571461
0.2961587174111007
-0.0689760052554647
-0.1056523528501086
0.2884267420579915
0.0065214819848361
0.2158915741732829
-0.2732172404912886
-0.5848027433006272
-0.2551505668458726
0.2391043284120583
0.0340198535176646
-0.2972096551401870
-0.1694748400421905
0.2362729989494504
-0.1941886494478805
0.1032635265724956
0.3808783046734376
0.3282214729562185
-0.4541967354684799
0.1251552852056696
0.0537374416470784
0.4149420664848024
-0.1270150766560060
0.0346451971319477
-0.1394686667621084
-0.1348859838875760
-0.2719329982513452
0.0392550343366731
0.0753290838847903
0.2070050081098133
0.3552223838917855
0.0713059673267123
0.1019621449315881
-0.0491703055872667
0.2626012871959003
-0.0994361022148914
0.2283052106231175
0.5845980826188630
0.2678798667477746
0.1163422951269154
0.4704535623756508
-0.0764237202466036
-0.1437517415566782
-0.1779499297817856
-0.3781896983347983
0.0706586983439748
-0.2935020870733574
-0.0871890784228531
-0.5362429905326248
-0.0490942664583995
0.2655710291057943
0.1415260566668582
-0.4097163599925936
0.1700365675590875
0.2440277838476200
0.0560864766803474
-0.1678867741940716
-0.0086341498865327
0.2414709603387843
-0.3594429679584899
0.0614681879241665
-0.0478420609369583
0.2532756936045697
0.1016094638134154
0.0298223887751245
-0.4927532939295134
-0.2985955443849335
0.2742072072467007
0.2901956338598993
0.0669396673038140
-0.0494311182553539
0.3412605717336991
0.0200667132601345
-0.4126190102805338
0.0629496442027150
-0.2544042567664614
0.2023634754853451
-0.2645318588724220
0.2805659246530414
0.2171079614808890
-0.1769799932255073
0.5179987698239273
0.2688700055910271
-0.2704583675937192
0.2507321298294554
-0.2552521443149390
-0.1438780137198725
0.0457997146333644
-0.3044326256835604
0.0818330010197360
0.0567381535738313
-0.2320326809685904
0.0157188196218129
0.0731514496810979
0.0608090686023742
0.1498393174381582
0.0003879928101123
-0.1423763405397544
0.1218469270347485
0.3033526500176297
-0.0684998676785466
-0.0966166931602553
0.5907469603323475
-0.4995638178436392
0.1863609433051439
0.3630325702593708
-0.0904230814249597
0.1754518981326131
0.5811568863840528
0.1634324487433519
-0.4243226905781053
-0.1797435863958287
0.1837237521829973
-0.2038156156430119
0.3321098651409814
0.0348416403454760
-0.1644413627616455
-0.1597147362052942
-0.3038943640190988
-0.0764941698713789
-0.0221716208983807
-0.1805724037881637
-0.1474741916331541
-0.0543343008155160
-0.0572935623685926
0.4294288719027953
0.6620702401822577
0.0388846402980325
-0.1561407584447701
-0.1861790801792958
0.0030396371292301
-0.2086874672352919
0.1151497072388276
-0.1942365274582067
-0.0107656902491100
-0.3794647191687415
-0.1630254810932120
-0.2016735313052622
-0.0675173678822945
-0.3034040503309245
0.1934098126943087
-0.1753143888312343
-0.0003877420801683
0.0632521820095433
0.2289834002408186
-0.1463911948122439
0.2600194038382238
0.3400393943672353
-0.1377317899729262
0.1637269777738517
0.1089392103673457
0.1507374441381586
-0.6761529863176192
0.1500509056202595
-0.1365196329074832
0.2402675088666681
-0.0944924711501462
-0.2750763862807609
0.0738607238412840
-0.1950904761439316
-0.3416998123511231
-0.4821467469041373
-0.3046227628838523
-0.2487044389458540
0.0043021590903543
0.1833051842685290
0.1384646628098379
0.0045086406615116
-0.4788368403421774
-0.0123768538130202
-0.1674419583988297
-0.1125031607264660
0.1764018696037649
0.0209972970915929
0.3095918039567316
-0.2662696013182956
0.3302890445402445
0.2761590550113639
-0.0824859704141547
-0.1425142035812888
-0.1642318151697481
0.3377246191990440
-0.1475891836709067
0.2343630452643258
-0.0338268288998052
0.5000864257026630
0.3280239896072785
-0.1481339177692478
-0.0138213363375355
-0.3571428755349687
-0.1810216702294261
-0.0983965427855621
-0.3377513789301283
0.1773603518556567
-0.2925593580044315
0.0322704355013604
0.3177202894077662
0.0048735956571012
-0.1646436165739298
-0.2975138076864967
0.1509172422402347
0.3236895685204967
-0.4812022819999765
