0.6724266706451637
-0.6871712650584353
-0.2345797578557839
-0.1435630951441631
0.0830507970780384
0.9672285286772035
-0.2337696478323048
-0.0540674594372147
-0.5063780422796896
0.4637621444524015
-0.5751118827516897
-0.4446934606981597
-0.0838861244032133
-0.5868775774655558
0.5365283986841001
0.6005623236652833
0.2008431543197341
-0.8785757991823593
-0.0187072803095870
-0.4329164239404607
-0.1776139355949000
-0.5601867224207103
-0.0438700596019376
0.8079106038272770
-0.1466985670414170
0.0374620385880643
-0.6813168614626699
-0.7161588234319805
0.4623320321601911
-0.4571098061203151
0.5660013346092279
-0.5068946699343455
0.0807681875171853
-0.4932312810136140
-0.4461804943805600
-0.7423761645885308
0.6103434156178557
-0.0336103760289172
0.2570002842128408
0.7485333069073437
-0.9882102543260437
-0.0843876527036953
0.0790500550925409
-0.1003509148233490
-0.8502468715002560
-0.1822378782878863
-0.0556264800467169
0.4906886058782790
0.4269064775528076
0.0646720583254507
0.3278105135295303
-0.8403027142136990
0.3864190363257667
-0.7007562425867635
-0.4868673432608250
0.3501159906472325
-0.1410686025636933
0.4646780015051046
-0.1632018243267918
0.8588010065343168
-0.4997070201684009
0.7939730670561084
-0.3447852329888689
0.0319813366941611
-0.2342493722298551
-0.1417897927270485
0.9157997861967304
0.2938258632087419
-0.1746918778512189
-0.0991694829190271
0.5548672962360010
-0.8073230115871449
-0.1666167632556559
-0.6893640668184148
0.5098110397039837
-0.4869381289011245
0.8842448809746066
-0.3457641157239435
0.2390615434580869
-0.2034889313630613
0.7839253290674943
0.1935292977022285
-0.5242929656885585
-0.2704151909689971
-0.0819938329885253
-0.4410561147496521
-0.6248138266812047
0.6390259752011501
-0.8314042339890988
-0.0164678695322292
-0.5081527154586571
-0.2242245007800494
-0.3393905077570976
-0.5471205915136816
-0.7591268086193225
0.0959147018008261
0.1859592064250519
0.8712078831776827
0.3067022282253582
-0.3351861289439444
-0.4585858292346494
-0.1878222123883792
0.8073442244131729
-0.3203391282147653
-0.6507519681442818
0.3574691248531028
0.1168112304684927
0.6596156738355580
-0.4778494105178052
-0.1804317465051482
0.3499025211824461
0.7852850128399599
-0.7200747070820155
-0.6092882054801080
0.2226356094591895
-0.2463608822120809
0.3604381475702410
0.0094716518842882
0.9150829684679868
0.1806039601075617
-0.5259343688592084
0.3404868055421005
0.6695604410179726
0.3989368254852142
0.8062289861555654
-0.4530157453754051
0.0140914456805670
0.3802275469809720
-0.1390507437101936
0.0589969039648291
-0.9045758900117249
0.3986561365458992
0.7763920439952899
-0.2570194966416858
-0.5526913563944111
0.1602767510706916
-0.4070588665610783
-0.6358440161832272
0.6506709619083283
0.0814417925102656
0.3632440642662339
0.8685922558058837
0.2185927276587279
0.2565510910990476
-0.1287718957376868
0.7729255100253301
0.5866037248521033
0.2046949555065870
-0.3985252053011551
0.3750175253705713
0.2166410171008080
-0.8084591431322505
0.7791346230514929
0.5379057935614360
0.3170698733748715
-0.0554372781934051
0.4644035208793857
0.4396234204143468
0.5969713700014524
0.4844438062527063
-0.2945598319377135
0.8051692937914789
-0.1014705814496232
-0.5046192969402108
-0.4361807556819083
-0.5206354759865787
-0.0298413186826608
-0.7333447655886471
0.5803876622249694
0.6996931320472292
-0.1418087782564080
-0.3917524127716365
0.6751692497588484
0.1077540250526009
0.6351814718332738
-0.3592771243827714
0.1784380807768416
-0.5457625355897116
0.8184782627864053
-0.0199107865619205
0.2327372692120623
-0.3427737415880714
-0.9047153233157076
0.0991448907164712
0.7181162501405829
0.1096846940049037
-0.3234998607911548
0.6063218281186832
-0.0492872365331848
0.0358791549176252
-0.1290466634642563
-0.9897628065380423
