-0.0463561434715026
0.1067365936801332
-0.2612128276596443
0.0716238978270411
-0.0939649003230863
0.1594243728026066
0.6399739036095451
0.4076854580509085
-0.0269310696571183
0.2251891362499620
-0.1214884567411531
-0.4574086505352321
-0.1658000272904815
0.0130200983583788
-0.4658596821391473
0.1773471010279465
-0.1565536553747416
-0.1188031111092321
0.4451045391881008
-0.5447667125451995
0.1466536686725031
0.0399973464813958
-0.0811471430273148
-0.1360186627207929
-0.0005109146200791
-0.0681570441911704
0.3597792734133970
0.1890262500702244
0.2726560352267130
0.1505490844771591
-0.4479060123921917
-0.2734898095625860
0.1455479049944924
-0.1669515651069881
-0.3566357450280109
0.3661950065148699
-0.0874906948169641
0.2320833254447685
-0.2921843656530099
0.2646615788336075
-0.2870882539215859
0.1337083414236533
-0.1271154579548742
-0.0568062763136021
-0.0793162153372282
-0.0273853727407056
0.2377306507196803
0.3449507155572052
-0.0019961797235765
0.0616717731695571
-0.5391078519538658
-0.4138284031524699
-0.3390572783644580
0.0626240908000271
0.0179198535379442
-0.4616984694202920
0.1072245071362288
0.3671070050846443
0.1245795579357790
-0.3797691777976681
-0.3095383947705542
-0.1218590043831324
0.3915092067068414
-0.4185923568335908
-0.1606558296569643
0.1781167461134624
-0.3178931166410771
0.2840260145993768
0.0974532235168172
-0.0778985885935562
0.3628750413206229
-0.2679508688162405
-0.1637046148634466
0.4648181705881471
-0.0229245961122708
-0.5489554192661737
0.0528132275151557
-0.2581771986044927
-0.2973908534428333
0.0846902654276921
-0.0951234570939883
-0.1719432583968356
-0.0700133074769657
-0.2078894685429441
-0.0419077802436345
-0.4942806572951389
0.3448075471161854
-0.2675705060872584
0.1418394767173575
-0.2058775663062504
0.1694962229180763
0.3464299605551809
0.1341948525544308
0.3275919412274124
-0.0064248937320820
0.2123614371130026
0.0714033060763656
-0.4202804101137890
0.2092505301276053
-0.0249852055045463
0.3357315669816950
0.0989348945841770
0.1012564398412564
-0.1780036988205205
0.2083804101810456
0.1390719126748740
0.3383648294096631
-0.5333996680842842
-0.4479623813858565
0.0690826201936143
-0.2667626516014392
0.2297250563923661
0.3086553333745675
0.0288213781372540
-0.2331164717839298
-0.3763244794836208
-0.3249065025484477
-0.1569200754167460
-0.1076925711715338
0.1512444707179260
0.2308953827932715
-0.3945197236374298
0.0963129201412226
-0.3246609472323835
0.3540673224369902
-0.3070407409365933
-0.0349767233105401
0.2248365889051504
0.0241770086651358
-0.0224783631139500
-0.1337870407390354
-0.2301298749783643
0.1923838312681813
0.1854232372514103
-0.2124452253509956
-0.2841625669248175
0.6042115093289060
0.2918677084446809
-0.4518919329970166
-0.1566439303784682
-0.4290832919058795
0.1111768556119247
0.3325600402815096
0.0291941277242785
-0.4804879928078091
-0.2462296608177786
-0.3784153381608996
0.2101772744385228
-0.1967442707775345
0.0599493248933175
-0.2578498617872149
-0.2785017945780331
-0.1601620441631244
-0.0347049725076820
0.4358634707680540
0.2497559701638996
0.4179368179368556
0.1374507810140920
0.0795057296714041
0.0453192349340410
-0.0184986678938115
0.3786734835334656
-0.3935111994604790
0.0690448476521370
0.1201154404342679
-0.0142067063093947
0.4241356939686930
0.2187038997293515
0.1563433973688172
-0.1709351125876628
0.2265054407185882
-0.5335123065591562
0.2741270211505772
0.0029858071767252
-0.0351848085555736
-0.2465423270447134
-0.2546560514839307
0.0004148019893321
0.1371852934759329
-0.4862022435322607
-0.3372694609151841
0.1985175374256617
