0.5153026585591259
-0.2607077045347222
0.4153145308989758
-0.1167356029152058
-0.1341050688510503
-0.1670871711419886
-0.0869241798245677
-0.0459650275969639
-0.0098649161847121
-0.1728932556928249
0.1414715177955694
0.4406013170352802
0.1771195386537554
-0.3864013159054442
0.1481974506420248
-0.4048137315911600
-0.2134855168964463
-0.0798068426625425
-0.0908796399731568
-0.3004184758566370
0.1363343064779203
-0.0248790062816122
-0.0143990224246791
0.2781347160465751
-0.1492946905223912
-0.3368447410769617
0.1370780359614883
-0.6421774352424341
0.2581917051217200
0.1324974502393724
-0.0385804215987173
-0.0636484899039858
-0.0074413724690133
0.4620954474146486
-0.0531731712588697
-0.5405401522690755
-0.0195574272196136
0.0309787045051604
-0.3673271236578605
-0.4778494405802000
0.1868646120379570
0.0459718503468405
-0.2464465676818898
0.0370864778872587
-0.3172158619977322
-0.1355800668957582
0.0364326399173536
-0.5125193239065136
0.0434176076327489
-0.0768571936695843
-0.0894088944256609
-0.4210977072139401
0.1427705227951184
-0.0119886887620866
0.3347297415676944
0.4787451651373634
0.0956802692918921
-0.0042416536986973
0.4364203160322892
-0.7005982505968298
0.0549928115625936
0.1841664123376033
-0.0873607615632327
-0.0753269550797924
-0.4509389644357406
0.0264837036368465
-0.0722958479306593
-0.0648133215211373
-0.2140174831950323
0.0009424888605128
0.2899748099676540
-0.2250718610814160
0.5253520525570506
0.3668169676880652
0.0396302675292953
-0.1259607255720711
0.1313979305042647
0.0836115410627767
0.2928902076699084
0.0848075115579597
-0.1979364575553579
-0.3665679967131854
0.3723046107532222
0.0887478630472297
-0.1648292804228425
0.0388687955322860
0.1130736681264585
-0.5233740109550308
0.0765375749069565
-0.3465246936265128
-0.2022952724619593
-0.0625887961768298
0.4431409144374512
0.0494515606186388
-0.2799505668298308
-0.4782242228598309
0.0303170978452323
0.0838286134529796
0.0700700685850014
0.2363966377572213
0.0949728108718952
-0.0066523216813812
-0.3420186080052722
0.4387977255466202
-0.5980125726211295
0.1509562605839743
-0.1825647937727344
-0.3546448610157504
0.0325378481243520
-0.0226445193378341
0.1452714461273265
-0.2417386293521001
0.3736338581525860
-0.1756096529345852
0.2386661766613892
-0.1597896640967609
-0.2068549563623545
0.0282362898060529
-0.1441308851939266
-0.3705281069882436
0.3705122069353627
0.3004635436366420
-0.0200034439720325
0.1507785904776955
-0.3130221079795620
0.4435525451298583
-0.2383818263604182
0.0752211889344011
0.1909738276263488
0.0851447578239633
-0.0006740305504117
0.3933481466006908
-0.2897661406947462
-0.0903021232500295
0.5805311154380758
0.2060406854999470
0.4252902315078991
-0.2182660155025554
0.1932414939799061
0.0403718572421396
0.4085608690795649
-0.0905838386840636
-0.6203020769546592
0.0342057980015535
0.4004402261669055
0.2011313519851174
0.0114600844094344
-0.0870688409624292
0.0412544173803971
-0.0877836288886805
-0.1105391601667521
0.1942224690520585
-0.0305902478684384
0.4124614405200621
-0.2625498138236984
-0.0691727335937254
0.3340527100048272
-0.1039281782432641
0.0514417386821548
0.3551349077689259
0.7097898657675789
0.2908649526535674
0.0816907534506407
-0.1191163803056053
0.2029990352940301
0.0834637356956578
0.1197696572139690
0.0577724321661982
0.2033050524115016
0.3412780280288502
-0.0574059260962131
-0.0460955070726840
0.3915378110668005
-0.0709772385768175
-0.2822179139745494
-0.0437139492052985
0.2679451369238802
-0.1271723780269044
-0.1008641456118448
0.1109816060295176
0.6850119542471860
-0.1310700597717896
-0.3227236993459069
-0.1021973273246407
-0.3003800556548077
0.2338964322636624
-0.4116139265537743
0.0504087766847076
-0.1193784443779052
-0.4414214787444306
-0.3026146409646803
0.0329158426547938
0.3677148823495708
-0.2802288654506284
0.2004406669641080
-0.1132263697134444
-0.1646810738546381
0.2239201519215559
-0.2585982279849650
-0.1240872977876849
-0.7265768232110207
0.1638017637147873
-0.0052769292084119
-0.0794908857354836
0.3711931486982712
0.1695101771899164
-0.2791397461873821
-0.0176400914617763
-0.1213249920962343
-0.1411016850393366
0.1506347340484506
0.3083795801599643
0.0891003746084989
0.4463621966665826
-0.1367260310179967
0.2154456737427546
0.2730947264891819
0.2559628745226943
0.0076418958083154
-0.4393413477344287
-0.3212529437175928
-0.2561609516526380
-0.3284544828251732
-0.0064111403193527
0.4311299928312974
0.1172311495873680
-0.0966856067590561
0.4451607089257201
0.1291902718404118
0.0015791568112480
0.0724586502912943
-0.1533170954807552
-0.0461797535284695
0.2913955487548304
0.3976612794459907
-0.4458325917150250
-0.2967880650076682
0.1240577755400055
-0.0350021315246187
0.0476368233377216
0.1978691463113093
0.3273241396882577
0.3106015732017048
0.0681701693889884
0.3478190321168025
-0.5497369849734614
0.1316896577118493
-0.0831842815334929
0.1812665310633359
-0.0050686732358159
0.1330487931083708
-0.5010548199787254
-0.2544416869803708
-0.3209113001813113
0.0483419876826678
0.3010780008805288
0.0105637227588693
-0.1830091588970721
-0.4180001457491059
0.2923557444508824
0.0510254122432456
-0.3588182285227683
0.1642341532393959
-0.5024424602303295
-0.1659929402759215
0.0846253765009581
0.1365165107583268
0.2679912931593974
-0.1721029789690267
-0.2257639644393545
0.0741897455658200
0.3641334427542364
0.0403757626804872
0.1783984493730877
-0.3738185753943013
0.1932564156027042
0.4052236604285564
-0.1812755032904579
0.4504255388810582
0.2834837844035578
0.0714175915580444
0.0138687946822270
-0.2251038091753651
-0.3553845337156543
0.0283220099545420
-0.0705193192865377
0.2349529907107714
-0.1460193573333274
0.6873178502011926
-0.3161585910073521
0.2809426176718678
0.2706935045341020
-0.0491704836054717
-0.0919460444384029
0.3101945059012434
0.3935701506764905
0.3240159262986429
-0.1322875468063324
-0.0339932741545173
-0.6175841813726478
-0.0229698603242814
0.0679462237650007
-0.2023197180489669
0.3367627134436901
0.1085474059968852
0.0181548750263614
0.1194460731924423
0.2407563606198489
0.5213542313874238
0.3972193204781607
-0.4260293732797555
-0.0165122611658663
-0.1363948534596718
-0.0812438505796432
0.0128977721329216
0.4706380777728449
0.0458833038293067
0.0620040264103724
0.1180169359675899
0.0958902600952237
-0.0473847005833890
-0.3323314568879479
0.2345726799325342
0.0407157727803937
0.1338972646004223
0.1205016724888898
-0.6583868318238597
-0.0732793681133380
0.1207871983521387
0.1864881167289888
0.1712460751148492
-0.2375806011154405
0.4918434794140301
-0.0873987793419095
0.0841602422388156
0.2832967358515979
0.0502711104922739
-0.5914468966487562
-0.1911969836483116
0.0290290840797905
-0.4087331749545489
0.1606579971266639
0.2928272583143175
-0.0250630621092405
-0.0393036353555066
0.1940730165056624
-0.1870948899392617
0.1609247368040850
0.3829538751570535
0.2902595359845013
0.3707284868222974
-0.2745574875475651
-0.0969444991928642
-0.3821055534982151
-0.0001723940457588
0.1236152424488994
0.1413046421696291
0.3005164346451953
0.0119555278736811
-0.5536395047775989
-0.1131157630910480
-0.3336938082894909
0.2745234582271888
-0.0069497706134745
-0.0175019922746364
-0.4071288567949415
0.1252375161378131
0.3451523509832337
0.1920428716980886
0.1750358266294743
-0.5572497042220368
0.1840582575226403
0.1392344944908982
0.1250705386975295
-0.1591399081797149
0.4427926647809270
0.1081317375683827
0.1381676592654170
0.0309047644084335
0.2534153858415872
0.1938615200248482
0.3817018065467277
-0.4162597604939934
-0.1706030422655632
-0.0363012159442478
-0.3847490870171822
-0.1390868017400820
-0.2122852449946410
-0.3615774298518102
0.2764527039232212
0.3341876813251580
0.1287006212765288
-0.2504047503691963
0.1121080058304419
-0.0071833604339873
0.0070677375430633
0.0184037053985094
0.0071853282349809
0.0792099405194410
0.5227854339939295
0.1761989776254343
0.6501560222904176
-0.1940055863896321
0.0617002568810298
0.3756192751108944
-0.0915133341729817
