0.0677490792923221
0.1338883233523790
-0.4075890973531933
0.4211435717015140
-0.2714430490143513
0.6441924370521529
-0.3812190630658873
-0.0780714463103282
0.4800903717081797
0.0125458622991179
-0.0360864104475291
0.1242740265061383
0.8622118015113404
-0.0557246108539149
0.2213925936014086
0.1775367148973405
0.4977910957452576
0.4067993499678206
-0.0335552645508990
-0.1201407934994875
-0.7004459880552028
0.1581538554324673
0.1275459120661182
-0.2249585789085291
0.6552507222605658
-0.3558721483434844
-0.4917773445854272
0.3320686442069313
0.0504670649845096
0.3455198217192852
0.0089906675008035
0.1202206722236396
-0.7244880545856832
0.1335314559184916
-0.5664112419981168
0.2618839562067992
-0.1868438969055422
0.5879855552126402
0.0961386109460872
-0.7041929790776201
-0.0098819822553801
-0.2134270382630970
-0.1988392218940565
0.6169489463661737
0.5200356124096507
0.0036138367832021
-0.2003843776367369
0.3735852553093535
0.3600930735771531
-0.4754113480794754
0.3716397559724379
0.1822501213326375
-0.4935037073766169
-0.3382009068139146
-0.1982282526401282
0.4532467677361459
0.5201868146819834
-0.7743745874868497
-0.0619586443071591
-0.2125355032655459
0.0574706432220980
0.2310193706744403
-0.1551342575760983
-0.4236618163789268
-0.3004534477306298
-0.4451366202571824
0.3972972362454529
0.2860731851238215
-0.0017840596237000
0.5407454450583888
-0.1840318891947374
-0.4043752824954232
-0.2598649501313254
0.3508169519597408
0.7597765931596543
-0.1206672020976295
-0.1420898427113009
0.4190035092051120
0.4052803265125123
-0.6502090778272603
-0.0762567083472269
0.2231739780836741
0.4213282558744851
0.0653671329251535
-0.6982707615549800
0.2978590227941508
-0.1145394227776615
0.1081532937255824
-0.2499712359615733
-0.2319242363793137
-0.5316079961356164
0.3852949844415777
-0.0483151896626389
-0.7611919576228596
0.4190491460644329
-0.1919080810963498
-0.1164065812230342
-0.2093294783418190
0.3793571771131440
-0.1140627151475660
-0.2017956674536195
-0.8875095789800083
0.0072732109068523
0.0595237608721981
-0.1052953336873122
0.4231597142389746
0.2533367363484217
0.7807685995632521
-0.2015230130442291
-0.1264981173020643
-0.0886088248913598
0.2875620383178887
0.5737613059513393
0.4500074187162568
0.2549065515266833
-0.0900402144727379
0.4614151143919764
-0.3424697854674164
-0.2549847738833907
-0.2348905100147163
0.5943069162656172
-0.6415376858015838
0.0256929246262878
-0.0247250128255318
0.1605941839066946
-0.3911434401092462
0.2188223847098561
0.1279567535284323
0.4530898955868424
0.5505787235009235
-0.0814510669447327
0.2367287122799814
0.6038556859029981
0.1901295910590051
-0.1869948827666753
0.3108598212068431
0.1470808502072080
-0.0797715680372055
0.6350968980203735
-0.6331709678611078
-0.0073760459118756
-0.6603090492855394
0.1258956120298695
-0.5747198647410672
0.1017378541687658
-0.3801374899420296
-0.2508581732606607
0.1273261771105042
0.0110737650331839
-0.1686013334367855
-0.3997937792938965
0.4965267350405820
0.6161356946700692
0.4113902622754048
-0.1368486351404339
0.0540792112970720
0.9055102272700267
0.3316936302218628
-0.0902700073431056
0.1875692332241363
-0.0710461995274850
0.1509689553111674
0.9417037497346539
0.0330004823496972
-0.1703047462925142
-0.1528368354434259
0.0956693469160092
-0.1667272071834126
0.1068348868860345
-0.3436947036932272
-0.2928253892945809
-0.4874362752866991
0.7182625743795977
-0.0000871257328546
-0.1766869920822665
-0.1590634943816206
0.3827595858333612
-0.7582541674091132
0.2317950337550375
-0.2016472464399062
-0.1001762045002244
0.3857702686783011
-0.2358904815864420
0.4971786125072646
0.6185234109635702
-0.0679053659370037
-0.3966723990771395
-0.3138771801954235
-0.2326346553980643
-0.4654297645635192
0.5105520575146267
-0.2003832066621548
0.0029529263749375
-0.5585658391985421
0.4060240883395542
0.0754865849539322
0.4919951958363019
-0.2378056590684164
0.3840143695840743
-0.4940246277392212
-0.3589383386579347
0.4248526005370898
0.0229208155932332
-0.1741417351266073
0.4205906862325370
0.1005188319342603
0.4534906398817027
0.5324630817688860
-0.1050016272445764
0.5314866503845281
-0.1207326999603323
0.3216361757676810
-0.0078735455404027
-0.1998479045586228
0.1748295258181271
0.2899244351348997
-0.8528487947672195
0.1437763242424141
-0.7071624804753278
0.0529558442226502
-0.2573825941222901
-0.5788410391289898
-0.0122134996963281
0.2738491472437116
-0.4463191246804471
-0.5769496146727929
-0.2115994321357545
-0.0466797009138015
-0.3411850179316471
-0.3848014894771857
-0.3955953287779581
-0.6350359454016679
-0.0067371676222950
-0.0551589905510447
0.3028590287695013
-0.3329026998652067
-0.5633293224639977
0.2715763611751447
-0.8048755421077849
-0.3913914323036994
-0.0041172722809161
0.3868691161053104
0.1624776208278162
-0.0906890346142673
-0.1211609064000578
0.5811848679282761
0.0866580319440425
0.2032088259821332
0.1032557269079537
0.2609276266950817
-0.5410834925757886
0.4918377683583375
-0.3482770157878565
0.5864300074273000
0.3265131688432735
0.3558203504501718
-0.1105822835439550
0.3309825824994703
-0.4240354750352248
-0.2499493336176103
0.6680514011397195
-0.2520029334383886
-0.1794469080968936
0.1773181464112272
0.3001909922867366
0.5234210808474125
0.0633156317022280
0.1427227015134994
-0.5610403181107582
0.6486514174180420
0.4302573994862787
0.2272493416291548
0.0578166784500919
0.3200326011119639
-0.0498556997915020
0.1195142105003187
-0.6371189976414542
-0.3060260504764670
-0.1373430927313415
0.6019752578515247
0.7738753056384010
-0.1027746268300076
0.5140426603057675
0.2520399313565155
0.1834754022447548
0.0933641119368405
-0.1428647023024468
-0.0995478953726932
-0.4895657456161988
-0.6457963411666195
0.1687983569513712
-0.3354569216274776
-0.3444345694634738
0.2714834778824951
-0.5538482185932302
-0.1171515195005726
0.4449860924125822
0.1170962945975847
0.3213149999733440
0.4500964536850813
-0.4024591417311233
0.0385243108606448
-0.1357045006875439
-0.3269970102120852
0.2035725695630055
-0.1976371245018139
-0.1567694779040264
-0.8764098516197107
0.3332947241573793
-0.0636245327429507
0.0448633667431021
0.8012643160011190
-0.4095473101168232
0.0816524003909278
-0.2577463989977453
0.2166083980036780
0.2377763421914466
-0.0531769228001212
-0.1451105997905396
-0.3146429358930352
0.6527727448361927
0.5895302436770401
0.2805621045637508
0.2945350124796848
-0.1949834600937311
-0.4699316882987769
-0.3792013366817523
0.5682704440830915
-0.3300829277155468
0.4343869477185362
0.0957398350740620
-0.1243893314511946
0.1300016939811367
0.8680510535922866
0.0944882278577606
0.0856040920081868
-0.2564828279050568
0.1459554037466503
0.5350543419214417
-0.3230674845159457
-0.4020055048385302
0.5219878000409534
-0.2969480450086409
-0.2862273166324488
0.1272699775871630
-0.5582930732487335
-0.6020656424113519
0.1161042463110331
0.4513640168662956
-0.1024324698301821
-0.3056613460947999
0.0310730253972051
0.2540519275307221
0.4679051608143964
-0.2981713676753530
0.7141165879767545
0.1525100700688511
-0.0431014304274383
-0.4860842681806988
-0.0116585817956516
0.1196056358366301
0.0379643839834808
0.5310683762478786
0.6811372883400009
-0.3764846552742757
0.0292242079791760
-0.4277170701757814
0.5707703666568871
-0.5765605266798457
-0.0045829569950181
-0.1274421516510484
-0.4774546520934683
0.2190616358534651
-0.0105064743774791
0.3244585403474420
-0.2453049805576241
0.1521118974737854
0.7316780450743482
-0.2700717695653290
-0.1434532692538251
0.3919291099867429
-0.2264929646002114
-0.2347895250533337
-0.1970757236192223
-0.7794933910181910
-0.1760878366557521
-0.6832764995875162
-0.5255649760563315
-0.4386459308938691
-0.1063788109981666
0.1464090815518978
-0.0273025924819072
0.2509428336127666
0.4894683704751118
0.1794523824340798
-0.5407393686399808
-0.2328077387806112
-0.5629810364986552
0.0412200862585283
0.8331191922969701
-0.1451820935843262
-0.4419081388322477
-0.1055714239147395
0.2541303913719614
-0.1029559312907295
-0.0567825924781710
0.0060078689812184
-0.4254850106716983
-0.1485068560210462
-0.2180232050602187
-0.0363950263937698
0.8625020583353871
-0.0640594130088700
-0.5967246076820577
0.5806643461348148
0.1821934386500637
-0.3949197012030973
0.1715998672454175
0.2598243439120745
-0.1436573565852425
-0.6423863997150523
0.0927147422987278
-0.1503827513587874
-0.1090336515500885
0.5788343834188266
-0.0828309900430146
-0.4498112544230852
-0.1609352416635257
-0.5134304353505234
0.1625009803269450
0.5461467883536615
-0.5559224848173158
-0.1508335641252550
0.2323910063192027
0.1333612463064970
-0.0522572727625777
0.5915429721688475
-0.0602199342044283
0.1445826930355138
0.7187933244192243
0.2972649132911824
-0.5388523032531306
-0.4913364492913232
0.1275908091451416
-0.2777346458818198
-0.1588306564942001
-0.2538644181270679
0.5339816668592715
0.4069124233431518
0.2572413573271460
-0.2935438081271508
-0.4916125639461156
0.4028344741826159
-0.1815685611725328
0.4951318283990434
0.2042785107584214
0.1467102152180800
0.0795877566810292
0.7201614256857394
0.5227776576872633
-0.3402373280550575
-0.1507375001607915
0.1215489700244133
-0.5334611226239320
0.2555025468453954
0.0227305950638516
0.6715525340336815
0.4286048727357151
-0.0127241596390864
0.2757044080472612
-0.3919582159434137
0.0205272057321460
0.6243939223404453
0.4506688386431671
0.0831937087872172
0.4123628312556264
0.3470731943781459
0.6742759664405219
-0.4397997277782683
0.1306748762904056
0.2399517339017474
-0.3832020725180132
0.0998585599382583
0.4309519225959213
0.4396664487571477
-0.4286277475230343
0.1331814636488608
-0.5991223858457377
0.2262589594753174
0.0968197091376149
-0.1179580017518138
0.1893923818976060
0.0485948961264936
-0.0261993488141256
0.7956349883445525
-0.5604745845689294
0.0013308148975655
0.2112519392400441
0.6353578129528763
0.0672053520403928
0.1010830778268913
-0.2553784203242961
-0.2172325207574167
0.6515754860944922
0.5747301615987340
0.4423640266082645
0.2081011886444018
0.2033631176330156
-0.5076897948776622
-0.3440019376686850
-0.1151103211716948
0.2018095433193018
-0.2215053938148457
-0.4153258728211686
0.5566461693358329
-0.4094629092710281
0.3024053185566651
0.4107905543037844
-0.4421092951751014
0.0445054594999257
0.1271407002644259
-0.3700460469511360
-0.1816186750425179
-0.7592717336959014
-0.1999522241756897
0.0010182010308431
0.2292124004014343
0.3702259999490554
0.5997278472380250
0.4781745203995497
0.4675812682784510
-0.0586237372880259
0.1056841942739363
0.4113545132990492
0.2727038938006094
-0.7401224778430877
-0.0017512274234237
0.3878737838779543
0.2168420636068450
-0.1332888152538900
-0.0095635062234184
-0.7057792833016843
-0.2257299143231838
-0.6054438827704273
0.1757972653085458
-0.1886723785948643
-0.7085434724880602
0.3220479881224931
-0.1022409305787146
0.3693214775790743
0.3111866464775956
0.3813531182818557
0.0716404179549281
0.0723887576703921
-0.6774639571971456
-0.3811688725790445
0.3119842210902414
-0.3887553957805950
0.2176564897307356
-0.3076905678743244
0.7791249691292643
-0.1289356534964121
-0.0982662853146723
0.0705693437734111
-0.3907187185023886
0.2866441777816142
-0.3561987969973727
0.0065428927146083
0.5770784457995036
-0.2079341530946745
0.6339510907507367
-0.1429250719438125
-0.2616042636369716
-0.3646130737070740
0.0898833651763289
0.0011092501084450
0.3235042230265360
-0.0468938806778968
-0.6512503652989680
-0.5720223857539924
0.3656898737482510
-0.5051451234747921
0.2796398037578858
0.5262223116714747
0.3106211331567427
0.3417511095556712
-0.3230116993567647
-0.2685222447313472
0.3474379628489054
-0.5705825986010713
0.3585083717355068
0.3892710908916506
-0.2445425171310504
0.4544229397691935
0.0857955387148146
0.3087520439296069
-0.2420319984045610
-0.6409641603119527
-0.1883849868810181
0.0371760666733495
0.3744426595357910
-0.5081135343773863
0.0539105325423576
0.0016210283904333
0.3132243798859271
0.1170917967785355
0.7426946655754367
0.0017780253483539
-0.5776439197913005
-0.5629103698301086
0.0388437829908550
0.1279412807604275
-0.2863413505291943
-0.0192790984717505
0.6341827595095133
0.4250920836927026
-0.1086029641717429
-0.4824915234227128
0.4594825357515891
0.6129847210655258
0.3263495950274756
-0.0060697946077229
-0.2489818396925224
0.4472606479034153
0.3921685853941429
0.4068126288891926
0.2985488618745923
-0.3424082598158975
0.5156938700585272
-0.0913793823054831
-0.1872325536341933
-0.1850225455954164
0.5576939781510062
-0.0296662931224882
-0.5302339153812256
0.2149032415876623
0.5398856897548749
0.3168416454356180
-0.2034943648196079
-0.2615612037953832
0.1114150414380313
-0.8277632506786458
-0.2767340638607759
-0.1249003568441976
-0.2546958169836798
0.0466675756803042
-0.5910986880310947
0.1437492049140944
0.0176273219641720
0.6745951895298294
0.3278738981212262
-0.7622514786822813
-0.2622269129747501
0.1448213332628012
-0.5309765021888471
-0.0151419616234951
-0.0117956380946318
-0.2166380595228440
-0.4930595768650999
-0.2204271173470395
0.4878196281191807
0.3446729323981382
0.3319014132153920
0.2352071834199662
0.4313418046824212
