0.5367082147882887
-0.2620149709880855
0.2192202182064829
-0.0779955558424724
-0.2028177282629195
-0.1344613377574573
-0.0743317407683101
-0.7241626519092952
0.7338885429427687
-0.2795255206150243
0.0066423862452517
-0.0656951468695115
0.1681943761844301
-0.0536865065395020
-0.3616017148721911
0.4658172676941108
-0.0456137418996856
0.1396994710806482
-0.1299148640962067
-0.2703227225710900
0.3145009761151495
-0.4795059577051705
-0.6465682530270055
0.3762497372806863
0.1231611818217781
-0.1822692234615067
-0.3985950565269191
0.1214657359756962
-0.6360038098171376
-0.1621529691007250
-0.5591762281692569
-0.1857547407941338
0.8274655414705188
0.1377421701294068
0.2223039564199916
-0.0017204460124163
0.2066137742488380
0.0346293208672049
0.4502158735997572
-0.0179746726872420
-0.1369645393359043
0.1753154069677760
-0.1609415989839935
0.1573541398571701
0.6357015293295012
-0.6000550460206426
-0.1053237014429231
-0.3529406815573575
-0.2125310804271361
0.3437190834784669
0.3573782579145123
-0.3783462980636008
-0.0401324500170400
0.6980244864047921
0.1879418598830686
-0.2040873615768586
-0.1548464182057372
0.1658628113770848
-0.5770600482285760
-0.0940048022501081
-0.3545832262409849
-0.5534938922737952
0.2132299629299524
-0.3593398701178668
-0.4374501580415168
0.4863882243718421
-0.1269644049666580
-0.4832354200861474
0.2565547227871016
-0.3996865641434725
0.3003315133972678
0.0816010403537348
0.1641492761638059
-0.8269857971753887
0.1107006624646432
0.1820008866945255
-0.2174960328866982
-0.2535036095958972
0.3522700054848846
-0.0900432441300290
0.0879545382783455
0.0326462660745951
0.3234010638972504
0.2622432618796337
0.3390143565255824
0.4976560045276586
-0.2177133549570914
-0.6386290834881593
0.4818729636483940
-0.3606245837476460
0.0261883176420457
-0.3860114555297730
0.1247430888241537
0.6488163654252916
0.0540279230161755
-0.2204884441459418
0.4134957853653496
-0.3166072902955053
-0.5663086563979040
0.0227424575227050
0.3120038950317342
-0.2182549257210971
0.2852811237072460
-0.4256658112549038
-0.1012715159618378
-0.0701843305644011
-0.0884056969388785
-0.5526413842014650
-0.2569687688144353
0.4434871382587628
-0.6309029653142159
-0.1041049058663133
0.0217221426965731
0.0603612570446018
0.1455985040614529
-0.8448024005557712
0.1266858855629487
-0.0730357225905440
0.0023835941639215
-0.4894950815877609
0.3646286968794819
-0.3506340559984266
0.5013540795962731
0.3384611579010831
0.4451274074307923
-0.3837156380309026
-0.1319527846391205
-0.1241054654757634
0.4159156925391913
0.0471906396413916
0.0349399483348655
-0.4064714723171922
0.1597444332983137
-0.7812743034687506
0.1493062984889653
0.0121297334544318
-0.5115860957939252
-0.1751276661404390
-0.3978370668274557
0.0294226085827660
0.5366489722618739
0.2849944715021255
-0.0542785123168432
-0.4198926295959627
0.5644959419920080
0.1669145541531247
-0.2313616166338836
0.5985557053205391
0.4203802149697080
0.1064720825505769
-0.2167089890858654
-0.0816585427983786
-0.3987422866251281
-0.4097393085410088
-0.1297810532388967
-0.3205160152257606
0.1445318528237866
0.5793508366415537
0.3600160516173104
0.2596078663624041
0.1620904760307441
0.6941621565868911
0.5942737257580540
-0.2504147667892861
0.0589201070508274
-0.1870250311179368
0.1368966707570221
-0.1371354135384779
0.1980961081386337
-0.0277363575688586
-0.3749774590893656
-0.0297070708395683
0.7058949863700824
-0.2442547363826165
0.1978526638731577
0.4705361164636465
0.2274360150808426
-0.4559138201656969
-0.2158162593857978
0.0030874741042785
0.3691408328783193
0.0113404139683389
-0.6614571482992098
-0.3462804337401255
0.5718696747810978
0.4258660775074664
0.2539055743927793
-0.0205696220434871
-0.2165372847988742
0.5061600679739027
-0.3467515282271322
-0.0582149172305594
0.0895814721185419
-0.6630847153938985
0.1619081461154777
-0.4973327650220745
0.4959294444723356
-0.1397999881938650
0.0642249742634308
0.0955237939375963
0.3964948647458563
0.3562600762599444
-0.0369756287034086
-0.4002003838343115
-0.5608214198139286
0.0922594232710550
0.3770651522794435
-0.2985505665483535
0.1143918002052365
-0.5023010952585073
-0.0204990761480930
0.4308564760549104
0.5401045302959772
0.3551765266841989
0.3606731535228609
-0.0245401353034934
0.0748239304014091
-0.0329514375629685
-0.4440465070582141
-0.0886025813751235
0.4432251311150305
0.5905121175605382
-0.3721686888167192
0.3234582717624643
0.3843929231796610
0.2395089698313186
0.2030790451758086
-0.2866873050759851
0.7637634554970063
0.0442829338446662
-0.2789835564320298
-0.0912107754402125
0.2624955884796613
0.0883199311979520
-0.5931118486934567
0.1706186869958189
-0.1876995207592671
0.5248015470801889
-0.0640203548260397
-0.4771340216606735
-0.1351200061288504
-0.3558256179414911
0.4375497820774676
0.4064936275329610
-0.4410915007287999
-0.3559966401879705
-0.3711060193070528
0.1985669537791115
-0.5750207817389454
-0.2603300594214648
0.4520539409807512
0.4377908131757174
0.0112561038820357
0.1047074848445473
0.3964251959387532
0.1931903357844570
-0.4846156258918846
0.1632088725047425
0.6339864410079828
0.1855014693265339
0.1544775785836508
-0.2580271998038230
-0.2884878608669088
-0.3584610893550947
-0.2133031776856238
-0.4994059872930375
0.0803322955128561
-0.2703684706970013
-0.1153949588253591
0.0756798066518351
-0.3813310316559956
0.6790333137885727
-0.5627987974487271
0.0196285031532990
0.2767689544434104
-0.4913606289034719
0.4801741204872094
0.1736492470360021
-0.2987128732158352
0.1220052706542566
-0.1853463435993428
-0.3079513067289850
0.3071373213952229
-0.0389912715119738
0.3780730464259476
-0.1555341692117176
0.4348881639250556
-0.6470712872644174
-0.2218252544793642
-0.5079742266031043
-0.3059245036051521
-0.3208439228634427
-0.3079867968243443
0.1486001803020961
0.1643681585739623
-0.5935236681723410
-0.3617531181941237
-0.6887193684845290
0.4204967627104857
-0.0188644911925715
0.0190037202360597
0.2656807250725436
-0.3011513646822861
-0.2366165314707755
-0.1705106397174170
0.2873563229110108
-0.7833638721185785
0.2996263948725483
0.1214583923203645
-0.1282161408386477
-0.3910102734587607
0.0289305892506367
0.0849161024099735
-0.2065747302534717
-0.1072290747291548
-0.4170349368658457
0.0179594585915077
-0.1394537089156649
0.8630812486197020
0.0045609797252975
-0.3712177624597199
0.4586732334017989
0.0508381548691255
0.6238102423492733
0.4688831937496937
0.1710051629747230
0.0802345642762492
-0.0675329615466243
-0.2084999151774716
-0.2231342946393861
-0.6783228808804732
-0.6243694946684928
0.1743676073841854
-0.0974509975472764
-0.0971246251608477
0.0862886034637093
0.2263344379412425
-0.3367652669847068
0.2021583975964113
0.0995264222307220
0.0404347305047100
0.0641835287165812
0.4765580697291161
0.7427827839283181
-0.2288148268049028
-0.2574854076134848
-0.1228208150577897
0.7225514521166860
-0.0768145157514694
-0.1730931733914027
-0.0755146030096730
-0.5501048214298990
-0.2309437419514114
-0.3927455043983556
0.0717613052962466
-0.2772614131092933
-0.1133753379326739
-0.6509117417129519
-0.3644772994579730
-0.3755111398079484
0.2431225822959492
-0.0470181756806427
0.6609237329156139
-0.3492763039349564
-0.0563278804786878
-0.1577348847334673
-0.5931382961020710
-0.0006493287845996
