-0.4866382298912450
-0.3028788963629903
0.0075219520238310
-0.2660096340383247
-0.2846901619927571
0.1262475817532107
0.0661618778947548
-0.4837639110062658
0.1273535651735804
0.1825513366979373
-0.1624896282272121
0.2656706927767481
-0.0194799683907537
-0.1834535115139333
-0.1453954275652100
-0.2520631636782307
0.2300325491730951
-0.3907308596801892
0.2105014316454918
-0.1793959992526648
0.1451512513098358
-0.3001819366110893
-0.2299043163902049
0.2986071196794426
0.2712608170145047
-0.2299746412741664
-0.1275120769015151
-0.1780769551226715
-0.4274567191341385
0.0729099762506619
-0.2807444559126623
-0.1530565184034972
-0.0814824082148733
-0.0947607887074980
0.2403527556960163
0.2119164846504000
-0.0012124956944564
-0.1682699184554118
0.1932956411260519
0.1847784278962360
0.0569760037325313
0.4488052492604614
0.6330109397023963
0.2349633450772859
0.0096267317947728
0.2502185623468592
0.0055616406256889
0.2420009993957251
0.0614333082486400
0.1926813863192333
0.2249111622273876
-0.1570703381573327
-0.1790519355481365
-0.2139511055284240
-0.0892332946236937
-0.2490219596279419
0.5037954658767743
0.5416782395143221
-0.0709993137526510
-0.3794766891235261
-0.1029818871267994
0.1677896267941988
0.0175264928387235
-0.0264588156139663
0.1143327804874253
-0.1591916562947893
0.2977621462395469
0.2222088004360851
0.0298625909464454
-0.0326664687126424
0.0677789490362947
0.1649701493098375
0.5638238500233922
0.0984657942013848
-0.2297829551005930
0.3868355336279804
0.4110799340740069
0.0540222994620192
-0.0743641809923692
-0.2868955229150709
-0.2998438610321404
0.1956355330120838
0.1661720040753072
0.1360137052549045
0.2244452414027086
0.1989907418197379
-0.0816797855912036
0.2665946854863169
0.2092219066804179
-0.1175860290796412
0.3580974353635396
-0.1813008951727265
0.4170922676256731
-0.4204715476851465
-0.2741541684303651
0.1156000881447935
-0.0997376434582465
-0.4309554039058926
-0.1699557358432998
-0.3728412474772989
0.2894462131100773
-0.1939441022687117
-0.3252884334170461
0.1587402233254386
-0.4053764389715763
0.4174937056230891
0.0009271239214220
0.1714571144488648
0.0908862188326898
0.0094860331732813
-0.0824349044741019
0.0292333647317244
-0.4129055145800966
-0.2072427091379735
0.5493417825896040
0.2556251712351886
-0.1175442871984307
-0.0543738846791733
0.1751366684248038
-0.0495311682692610
-0.2385390279974528
-0.1837662704507629
-0.1626630860776075
0.0609688506788399
0.0809238328442652
0.2428551255851538
0.4260445217886021
-0.0406312881361012
0.1047439046626188
0.1732095236181230
-0.2644605450343949
0.2214066046391177
0.2851381725514986
0.3149095176236248
-0.3986700624344497
-0.2525710138393215
0.3715612145799859
0.0117273129900532
-0.2031756985119213
0.1417871684062883
-0.0018024401711467
0.3822222980873785
0.2285134743893555
0.1974092700284692
-0.3213267012235626
0.2991238995936936
0.3171366931521563
0.0883318566760644
-0.1041846784219690
-0.4494454764464580
-0.2554512442948739
-0.3071074021513364
-0.0798025031949478
-0.2534201695624875
-0.1486396269455638
-0.0416559814304507
-0.1038976998224583
-0.0840573470196853
-0.4301618911922415
0.1707368236383816
0.1403900913754237
0.0468501247722477
0.2437653030374173
0.1893441303964525
0.4477924251644156
0.0349779372505109
0.1161127788263989
-0.4220563678954181
-0.3961409177608209
0.2838303386702871
-0.0618417595434846
-0.2202114847843184
0.0714791544988952
0.3790693805195334
-0.2182552188170064
0.0567864747144929
-0.0688997577134734
0.1116267996941338
-0.3081899020238379
0.0519949870478707
0.1563577169710901
-0.3355421338657134
0.4357689477708837
-0.2408339136229241
0.1841279582828634
0.1645579102344847
0.2506612687579517
0.0412383688460349
-0.3422858558017312
-0.3376880415459886
0.3125491329319374
-0.2139675465987200
-0.2231848884141366
0.1554556571388908
-0.1778464720740638
-0.3924428386917757
-0.0710962830774878
0.3271623206243726
0.4435639886834666
0.0376579537025554
0.0539183354298785
-0.0100346443198269
-0.0271499937484813
-0.4162931771875411
0.2011748492027953
0.3190540580447808
-0.3205943439426570
-0.0896199651283071
0.0273266488281265
0.1536529830384419
0.0146643878988692
-0.2375172004337704
-0.1565902518925793
-0.1868877233780369
0.2122456014052177
0.4122313729672010
-0.0821278895829222
0.2550312261944653
-0.5858235465093767
-0.0649891106142872
0.3072986283950771
-0.0363118723743265
0.2865351647235322
0.2180183330469051
-0.5006060515140746
0.1822805783479209
-0.0075903698213922
-0.3598487247267652
0.3700350542858508
-0.3263695440532431
-0.0786718877129875
0.2025114133059176
0.2397472187500576
-0.1413751856138817
0.1198958114838396
-0.0917107382508621
-0.0569914218825322
0.2808646701213033
0.2813966985048316
0.1854908900032478
0.4436455705453068
0.4003160773649477
0.2845181313174931
-0.3687978692799110
-0.4468425072607093
-0.0573003327337528
-0.0690559904838549
-0.0658160178972464
-0.1213572182344974
-0.0153438840973186
0.2163152749977942
0.2647549128315815
-0.0055147161397442
-0.0428948189868349
0.0560475047764431
0.2775770278689494
-0.0362362441122376
-0.1739469838003828
-0.4264439014977588
0.2583818393523242
-0.1580420090188365
-0.4404052177664269
0.0549604044428283
-0.2092738566964621
0.0370971483670811
-0.3733644252836668
-0.1008853416677594
-0.1573564423041230
0.2507327974593850
0.0436035493679958
0.2706469014876113
0.3746058391127776
0.1075895700230954
0.2390083244564607
-0.1535334740798710
0.2304857210345000
0.0574398907041130
-0.4524689314046133
-0.2184144248811964
-0.0349300379490413
-0.1678511620231561
0.2110486102302524
-0.0394695708015365
-0.2167853075495760
0.4607891741448911
-0.1988959061691242
-0.0175730515101720
-0.4734834366907477
0.1063820903632286
0.0326152500284417
-0.1851624431457584
0.2812129575193397
0.0625803130082174
-0.2579347009270451
0.5687537382027726
0.1792730909538775
0.0323712516350621
-0.0136108103774567
-0.2575252318876983
0.1881610853490461
-0.1973691965274979
0.1176933368741779
-0.4972644697206020
0.2124893215896752
0.2940445361447704
0.1139954668913637
0.2130908545867257
-0.3126426469081462
0.2826763530707773
-0.1177545415553832
0.2562010095885230
-0.1080586633087710
-0.0656042207905818
-0.4150152009618140
0.1636098677846785
0.0733166760060134
0.1388188712131856
0.2143814772738118
0.1705463523038434
-0.5322600989419247
0.3126765772847300
-0.5238789042909495
0.1688982274546837
-0.3187956842481880
0.0319989180282411
0.0117742501624902
0.1120462129940771
-0.3086009461791402
0.2072378044366589
-0.0164671348010486
0.2703235309700808
-0.1648641903451230
0.3907505157429647
-0.0671796250289791
-0.1616929732726215
0.2487129241198344
-0.1411836510617805
0.1619036117523084
-0.3755284472065767
-0.0971784309835221
-0.2320806614345580
-0.2220403276377726
-0.1523328961371210
-0.0173519750447816
0.0029957617619868
-0.1213475452667228
0.1749241239448326
0.4792512423761088
0.2503099392922805
0.4867626184636066
-0.2755412145996580
-0.1618305134977354
-0.0293236076990717
-0.1949998991375654
-0.1295816007127894
0.2958909375089933
-0.5498138218016395
-0.0091647573869157
-0.1402123456212349
0.2385860865002731
-0.0601039702763377
0.0068846691782209
0.2447694168215730
-0.4483493862901744
-0.1023122380089302
0.3544077640428543
0.0524304867426993
-0.2727627807371285
