-0.2598083053778858
0.9319739289971049
0.2528324348780641
0.2216934210271808
-0.8168645494457910
-0.5325263701752151
-0.7655675487503886
-0.5429861464327194
0.3450686498111161
0.0372735750449096
-0.4750747323289400
-0.8791556627275727
-0.1039263761151946
0.3723592981102005
-0.9222515174606341
0.2495791458807106
0.5431961547953175
0.8016534084983589
0.7234521024039368
0.0809089959727047
-0.6856170869355669
-0.5399462375473766
-0.0027517892375172
-0.8416950090231167
-0.3674012848098328
-0.9276436648313786
0.0670337752054387
0.5371529498377395
0.7407207600028474
0.4034841560475693
0.3189697016774559
0.9127350503476289
0.2552901433246224
-0.8217522267408278
-0.5679457529367933
0.0464854769530211
0.8469811415793301
-0.5211550797120211
-0.1049777533543727
-0.0290701087017294
-0.1075426022768572
0.9937753858269943
0.4832852202178952
0.3026866301224631
0.8214719714415386
0.5151705487610511
0.5556964300989388
0.6525341242146135
-0.2828766078105029
0.5685293768815224
-0.7724993025086372
0.0903934585816421
0.8971652561009745
-0.4323465344962556
0.5445826716066871
-0.4664381670525968
-0.6970402786800323
-0.9024226589176259
0.3009276706027811
0.3083437720104407
-0.3831092999280569
-0.8500588913606524
0.3614237755424135
0.5836982532588755
0.8046125181936836
0.1090644062403358
-0.3836259244550649
0.7577186444662642
-0.5279143925999784
0.6660417079484575
0.3865710395178358
-0.6379273271143051
-0.5023495584352657
0.7007097603150932
0.5066070991794904
0.2621718285893815
-0.0222896233716378
0.9647637560481067
0.9204253763567302
0.3585967335407983
0.1556454601086759
0.4123119528140826
0.5055820020889726
-0.7578823739409328
0.9897379028882114
0.0630002948787573
0.1282569547105931
0.9665767170708803
-0.2560097310874379
-0.0137283504113639
0.9390493553095569
-0.1943819026625213
0.2835524364381369
0.0130114311321234
0.7154520483559461
0.6985406710873571
-0.8341366527796943
0.0796496776069716
-0.5457764866193791
-0.8577202524193678
0.4750278910581811
-0.1966328337447054
0.7449462281128713
-0.2506141424218001
-0.6182618125346185
-0.5005621776532609
-0.2244654949218349
0.8360937434836605
-0.8966367597865599
-0.1825512752894695
-0.4033826383096416
-0.2135176418898736
-0.3377003886125964
0.9167162397016260
-0.4805444927741259
0.8403030363527996
-0.2509338509661936
0.4818525553246661
-0.8747102608053727
-0.0519622417615571
0.0608106399902568
0.8926527991958549
0.4466240546049666
0.2938374310144813
0.7546862133360264
0.5866074356290923
0.9414528216919693
0.3049811099738385
-0.1437118891649346
-0.5459376435072217
-0.6519353376251456
0.5262436745058029
0.3362367741696341
-0.3382382418625322
-0.8789423891460360
0.6994333617990747
-0.7097858676631260
0.0836480392367225
-0.2687068656072608
-0.7367389340427029
0.6204936449643489
-0.2022920169296801
-0.2755703554649453
-0.9397547121858159
-0.0881579445761053
0.1910856045118795
0.9776064998538245
0.2778896812531247
-0.6059774056248451
-0.7453648159963139
-0.8598133760206790
-0.2673767747448600
0.4350064582772986
-0.0777365904625975
-0.9869121619318781
0.1412848439649373
-0.6195369141371005
-0.7614809343825356
0.1905801631686247
-0.7494583962456105
-0.4301100824808868
-0.5033064963272799
-0.7928158117198884
0.3778546199249144
-0.4781934492319327
-0.2112561513673054
0.9764023183276144
-0.0448257880458803
0.3147176768811380
0.0108821796308271
-0.9491229435773967
0.0781634352675190
0.5872410202937874
-0.8056292332527984
0.7221709314706286
0.1757019279124106
0.6690276363998029
-0.2005826610021974
0.9174009813895360
-0.3437179591624418
0.9852785927585977
0.0045282622777266
-0.1708964291387665
0.0249634525133899
0.9869694708579462
0.1589593961771291
0.7321850944019955
-0.5073642839354225
-0.4544078244509407
0.6561512273051969
-0.7141797861872521
-0.2437474100527321
-0.0979255348577071
0.7672569777657553
-0.6338196270963777
-0.5548680634842914
0.5317121577406162
-0.6398465546019692
0.6501283043283382
-0.2524999975098930
0.7166428253800241
-0.7599344781700244
-0.5998678655109310
-0.2503160658363994
-0.6700589251319082
0.6385089893220292
-0.3785859313366422
-0.5529483356250471
0.1313179477158228
0.8228023667547359
0.3917013322683242
-0.2833689603505233
0.8753696925351503
-0.8886313380287341
0.0352877236149045
0.4572626396671172
