0.5239033087849129
0.1356713384897907
0.3257170641193488
0.2548455059732935
0.0266148842145431
-0.3127647896522216
-0.0305155081757874
-0.4302431030586064
-0.3320222629662988
0.0920725053328128
-0.3595826110951877
0.0591142957419277
-0.1600060037831504
-0.2536427351384706
0.1829821369078087
-0.0988744845458242
-0.0351357731841459
0.2225066199651397
0.3421138768008316
0.4391511604912002
-0.6764764643850606
-0.1065193167982752
-0.0897518012189787
-0.1707140681288914
-0.2927995934819804
-0.3619990782495013
-0.0884746716236125
-0.0283070050892895
0.4649921485072832
-0.0933308502834039
-0.4424857905916367
-0.1448679220049568
0.1685577332638553
-0.5067506103966446
0.1912186489566945
0.1054268161733087
-0.0181191450748299
-0.6420611262946727
0.1958251028610209
-0.1299037082396574
-0.2648332202630207
-0.1014545025617989
-0.0222297905843966
0.0036512162718827
0.5862430360865060
-0.0774803610731258
0.2569121967357660
0.1886309523907819
0.0134046573874452
0.0295135151814884
0.2458359135660196
-0.4644364164535059
0.1167379910024765
-0.2723485781056892
0.4355959053721446
0.1673019810088657
0.2178167560269590
0.1175168012926937
0.5875166695203548
-0.1041506568991542
-0.2623054464527030
0.3337743907662588
-0.5499561560152352
0.4064137609596463
0.1750988794021200
0.2054454089680772
0.0147212798043217
-0.3096029218041463
0.1241913001020720
-0.2610530559568264
0.2684289489975591
-0.1661390790433958
-0.0200235227108722
-0.1949451736966068
-0.1551789808112495
0.5966909174922714
-0.4316262223833697
0.0107229516709880
0.3433406426373692
-0.1827483422997059
0.2139473501011441
0.3205646756013203
0.2898758621967926
0.1059044111585367
0.2697411257399572
0.3307533078388997
-0.3486531255706852
-0.0781722069021546
0.0404507087844139
0.0812478996003499
0.4126704919128828
-0.5508490572348661
-0.0367831047431131
0.0556551947175059
0.0174831033521075
0.4510507979782403
-0.3134844202167562
0.4193555401446294
0.3343810600164654
-0.1662809823973231
0.2785734008983223
0.3840780940009681
-0.1429861579954693
-0.0532869781843095
0.4276103866298624
0.2150431804646643
0.1133352250428771
-0.3099445756441042
-0.4528272049251707
0.0957856683923209
0.7359297886128039
-0.1609386207327796
0.1014149712439142
-0.1162244628784140
0.2371323582471706
0.1585397864698710
0.0596295115537538
-0.3038228177261815
-0.1204062398706868
0.0525104522420881
-0.1855092013434092
0.3386157535603594
0.2699684504676215
-0.3059576681718398
-0.1679636755827994
0.0585131072179604
-0.3720133951693703
-0.3582119806889518
-0.1364842510605343
0.0357273308137721
-0.2961911326085766
0.5276871226209058
0.1241880949771644
0.3179405713348113
0.4439674350609240
-0.4347946153849913
0.0405461042841092
0.2550771062248749
0.3062074906921205
-0.4152594832435876
-0.3488016909099469
-0.0452303790133047
0.0693686225588208
-0.1894873984397762
-0.1817856224113191
-0.1067693390583523
0.0992072004140876
-0.4749045971493099
-0.4943819911761948
-0.0794394952992334
-0.1672818984932314
0.2763636898521231
-0.1570797095110528
-0.5008644342566436
0.1250071105989499
0.2718962065301831
-0.4630724872211898
-0.1904575566767699
0.0597083838392912
-0.2667735515557287
0.0265820137567284
-0.0704523402840547
0.4142388312130255
0.1258260993969779
0.1693379474752210
0.3100721457274865
-0.2604534795660403
-0.5374051809043696
-0.4365250361823033
0.0587555003853865
0.0294011403437519
0.2181907015877995
-0.1765757232625396
-0.5576229728959238
-0.0680907071657665
-0.0896073162648002
0.3288893662172157
-0.1238949308582944
0.3957668269181095
-0.3501204689505441
0.2343633303110340
-0.0248794504018761
0.0891728971876013
-0.3881586961332718
0.2265391815908795
-0.5083263476414319
0.0218419971894398
-0.0591843909879591
0.1982507101035353
-0.2603258498044155
0.0136573405085016
0.6040537284162850
-0.4387622356161828
-0.2488395276152280
0.2652434767297402
0.1313627833533889
0.3412309607493683
0.1872142553442175
0.2615939300942359
-0.2609229981548980
-0.1388974273118855
-0.0791924314678262
0.4779098638224047
-0.3405797874721542
-0.2504274458686203
0.3190670584422261
-0.1004160588485940
0.4562608954071076
-0.0197365073742860
-0.3749425625113732
0.1685035406728569
-0.0998385673018391
0.0817415559351707
0.2445466422445939
-0.4335500121656181
0.4283012072428068
0.2962861516976360
0.5029917894050718
-0.2253548108036411
-0.1715486012761495
-0.2677326657612830
0.4850665453289648
-0.1477941124467080
0.0040427194784544
0.1442549562385161
-0.2752884196231782
-0.1539471830888795
-0.3603849944495830
0.3930259474214337
-0.1562444298446744
-0.1411172949338934
-0.1582197983802349
-0.0560607457849226
-0.0372844768272134
-0.0840508617510771
0.1395313464415458
-0.2938355297837553
0.1235720935666704
-0.5583921098090454
-0.5759280117056108
0.3181404982478660
-0.1879347981172578
0.5281391715869079
0.1523424312493025
-0.4814731794120108
-0.0775854265273621
0.3633129931891192
0.0492004616511565
-0.1109739936267756
-0.2496566545406121
0.2963589647728301
-0.1631033057279795
0.0684859503415371
0.0212038179061866
0.2889172770183837
0.1195529881945901
0.1296750186720862
-0.3674552862709568
0.0594305095724896
0.1155888164634979
-0.4486908064169612
0.4702460187193595
0.2379319318049403
-0.4992953463367629
0.1495775551531634
-0.1881963752666193
0.0395113694850926
0.0296790529853707
-0.2364031457383662
0.1283768779061333
0.1609473818438856
-0.5070714377121200
0.4417247590068742
-0.0480784767677208
0.0575936521168044
-0.6193745075899686
0.1061169954995440
0.3648013482166191
-0.2862018542609014
-0.0027194706679913
0.0594340124454861
-0.0326630060115862
-0.2401994202781724
0.5831773081637703
0.1837420941190156
0.4341246227446925
0.0346202412061360
-0.3846109050983429
0.0639517940879431
-0.2588036065942159
0.0017290456643863
-0.2544706899262212
-0.0241427721336851
0.3375896935214054
-0.7365587528931974
0.2661629673645309
0.1356637316893679
0.1224980723549171
0.0298826478678664
0.3193085418026319
-0.1425008704922827
-0.1139753158694084
-0.3324632233442836
-0.4076092148212836
-0.1659886748978532
-0.2403011226307565
-0.3693332893220246
0.0401545550818158
0.4595766815409570
-0.2262556478750074
-0.2909401549371443
-0.3459208111752413
0.2589425480851399
0.1920528713758551
-0.5228325584568183
-0.0324743405829203
-0.2700772205960871
-0.2311579810247328
0.2293794212765651
0.2095705217131589
0.3486122879596421
-0.2822831797716979
0.4070199830418856
0.1785103839056330
-0.3014990070901661
0.1543122773116630
0.2378661619916848
0.0452253334729087
0.1378840915935599
0.6583238690903224
-0.2261015276295963
0.0420110269367002
-0.2767532425349032
-0.4507137047990065
0.1034847768129902
0.1758606308914319
0.2662617895645392
-0.3944780936926454
-0.2013052439959191
0.0164061525951489
-0.5753739107075243
0.4150199957312928
0.0642770593678046
0.4534570153628917
0.0713472668480394
-0.0417485491247534
-0.1003844047582043
-0.0523143214563741
0.4318440117155114
-0.1242325988181257
-0.1533066383423833
0.2953349699098669
0.0590544134481859
0.3631145820175175
0.2142920857233634
-0.2886231396305406
-0.4273769808178622
-0.3985955135541286
0.0053019008388773
-0.2850082905084380
-0.1228996489502626
0.1023238498523720
-0.0908801735713270
-0.1000561636845963
-0.0106303502600824
-0.6697280662125142
0.1930707097471208
0.5625128093185837
-0.0840664086839159
-0.2924845897226210
-0.2006155988150238
-0.1447356306801425
-0.2294623920459244
-0.3625549810135445
-0.2429364229799765
0.0113873897649371
-0.2673486883903961
0.0026879454499422
-0.1776464957341637
0.1932777415228149
-0.4017824067017303
0.6183802149833225
-0.2466790746500089
0.1080844604243909
0.0687245158298491
0.0514964821646908
0.3475019666176816
0.2706166330573067
0.5480028061569145
0.1963276592632721
-0.2112502891428885
-0.0431278379990883
0.3122748274683267
0.0080747339823374
-0.2656105266530585
0.4951424369501503
-0.0469292554237519
-0.2819157322384523
0.3039559917180598
0.1362323822648285
0.1906256114841067
0.3115593050862043
0.1943158163456258
0.4884947090611709
0.2925976443733226
0.5385402882407977
0.1280790212920848
0.0744067011378664
-0.4314415610529730
0.4836741542248546
-0.0793322431250808
-0.4320749930755201
-0.3497480942922084
-0.0441557045044085
0.3274193429309581
-0.2193440077016329
0.2866228495791687
-0.1561453868196855
0.0280395251247981
0.0051144163044451
-0.2131447413451854
-0.2278313505299335
-0.3272575508038224
0.0142112421306251
0.4164726310032619
-0.1720690542952699
0.4867133681284409
-0.1910429717453155
0.5463121831309717
-0.0535063020040856
-0.0094523335430571
0.1323213021460971
-0.1242153722098796
-0.0087452232382383
0.2946317583711182
0.4562834193575100
0.1417338416874255
-0.3407134080815348
-0.1228405598662458
0.0347026944843756
-0.5323719332432958
-0.4841329480685496
0.1365930782664198
-0.0236893717952103
-0.8132980656441947
0.1707301991230296
-0.0419798409306527
-0.1883969870839629
-0.0236549322349872
-0.1234684618317472
-0.2338130989810414
0.0548106207694024
-0.4174644266895897
-0.0253470319232070
-0.0020531372726482
-0.1540834270722020
0.4988227763113763
-0.0793068859195241
0.0398328574767842
-0.4507119018248949
-0.5322614552815568
-0.0576487159572125
-0.1557736271969795
-0.4184803337898346
0.0110287923798787
0.0779896029736241
0.1889694683535751
0.1105805786080574
0.3966826512223665
0.1217603676550435
-0.4014112916056605
0.2801977195073608
0.5196475258069962
-0.2676600688748169
-0.0252804452599844
0.0436366840567397
0.0496543186620682
-0.3699300723428480
-0.3199029211355803
0.0480113179383933
-0.3441413111602622
0.2470488706318290
0.1402764118975831
-0.1265994337121088
-0.2028509425522233
0.3998577391879989
-0.0843602499424379
0.4748607352623678
0.0224251405831835
0.1208385740781933
-0.5793586596015979
0.0205750966809276
-0.2186826763280970
-0.1620463094467948
0.1964106889746883
-0.0025252217913984
-0.6938571972718551
-0.3930164627350491
0.0497507388515195
-0.2394635236812296
0.0080819690436812
-0.0420873769225312
-0.4313536292944328
-0.0609512984102772
0.0105950928049469
-0.0048529336574558
0.5163240465487406
-0.0451419388172012
-0.0188430019750462
-0.1006315856888462
0.3781068344996582
-0.4513914844293441
0.3900223761320425
0.4182859923188835
-0.0857044392677049
0.1990205414581568
0.1405441638584854
0.0202333774780797
0.0897767775523792
0.4470910684181230
-0.1249230328285692
0.3780960119365711
-0.3163944497101646
0.2187759346897655
0.4644977480023531
-0.1436148989522917
0.4578950279550746
-0.1389449016253632
0.2900187819226255
-0.1996689153791150
0.0219299307281598
-0.5533142461787144
-0.1221745376164557
0.0018834269104976
0.5186376441716799
0.0302373195902804
0.1779797530247437
-0.4012748825033813
-0.2727813193420838
-0.1320848783693579
0.3185933740006571
0.2616141436218952
-0.1838156616320861
0.5856346091390040
-0.4255736038209947
-0.2912043091812093
-0.0889508214251274
0.1353735185012346
-0.0588873632618542
-0.1468675943562714
-0.0727353752834671
-0.3616916950624697
0.2540802786095994
0.2646295504045296
0.2155853744132087
0.4449576975442651
0.2594092974008839
-0.4662033423253552
0.0497305221735590
0.3757281617440333
0.2257874469077421
0.1034225594562155
0.3145212472291042
0.1790717133689406
0.2313243217901574
-0.5131274945481820
-0.0569653741970756
-0.2130755347612509
-0.0039901571115979
0.1621560789306745
0.5086592381035699
-0.2436375634181762
-0.2398592147774161
0.4417017123192609
0.1591110204956184
-0.1104075839282073
-0.1175328519173724
-0.4636949663122344
-0.0320194288591664
0.2603349785464313
-0.4478297663032944
0.0500232352602107
-0.4451891272293293
-0.3323744281318441
-0.1976520838727736
-0.1762847648102062
0.3049408238432971
-0.1658974029803194
0.1977718572386165
-0.4298110952041619
-0.4496790829541738
-0.4690704046729154
0.3115306441157293
-0.1324904224862666
0.0358808515035051
0.4570485674594137
-0.0290718131466956
0.1331737903184958
-0.0400657738562095
0.0945453063883692
-0.0540388853352191
0.3562592219165711
0.1603467835735457
-0.0573769431482285
-0.3679171903576423
-0.5597829095542658
0.1533364850638843
-0.1047746572447351
-0.3675453583709645
0.0974581090271922
0.3308127973205590
0.3223684374675357
-0.0307874853607575
0.1556787596386875
0.1242254198249865
0.2243159217431343
-0.2655722760335941
-0.1109411029281481
0.2876532385814341
0.2971512138017860
0.7509828882273241
-0.0712566375944025
-0.2701310500957146
-0.1147313565691117
-0.3050482443502430
-0.3823596503108979
-0.4316992780212729
0.2837257898421225
0.2147277705698942
-0.3675559761968134
-0.0326151054660692
-0.2735279357763914
-0.2107371247645723
0.0020515637613127
-0.2251452250458199
-0.3764182130183571
-0.1213015195345537
0.1223705208639024
-0.7193373547393610
0.0035068599337502
-0.1521851611175482
0.0769741169786759
0.4110362319190561
0.1369659540859663
-0.0033273439091309
-0.0722260795651594
-0.4739505759673902
-0.0787416552246017
-0.3681227769661499
0.2280955911321988
-0.4145480560396091
0.0359750849104875
0.1797566103115129
-0.0596399076728316
0.4124275947087573
0.1009712357973819
-0.1742801050444387
0.5341468788891313
0.3239104576386895
0.0504799782253403
0.1812699798908775
-0.2912430428224585
0.1757142745369548
0.0864395062571175
0.2428672095917123
0.1111026872461271
0.1430886733855555
0.5984624418060661
0.1138513486507175
-0.5526335382512394
0.0653222130994763
0.2671675314368809
0.2451056982149860
-0.1148058045275347
0.2727323321177514
0.2805279313036472
-0.3218957912930009
0.0464297581184355
-0.4074956056597129
-0.0284316935953747
0.3133501277448211
0.5290486552281785
-0.2898046304288823
-0.1973900200800854
-0.1296450581596585
-0.3872267399275144
-0.1489300465569253
-0.1584263677415226
0.2815974939677706
-0.0754939993536966
-0.3471758838501337
-0.1201646158911727
0.2571326404046881
0.5073257401542922
0.3675808487960330
-0.3277028142139300
-0.2116825745075993
-0.4896051866829015
-0.4296777031660164
0.2998138677127054
0.2022773440665278
0.4382383297122741
0.1573701094969587
0.0016352453554118
-0.2000894766552562
-0.0381113149237837
0.0924499681254611
0.3649571405114561
-0.2112951758245113
0.3495101566819274
-0.3900187442822991
0.0886814464981245
-0.5540144156956273
0.3905424439980275
-0.0772698338747238
0.0415829631305477
-0.2115590056504298
0.0888461166505952
0.1625855495004847
0.3563396267195023
-0.3596299847344627
-0.2506057357231174
-0.5294572023582319
-0.3001629334592141
-0.2026718321824540
-0.3080144938524523
-0.1016307464421565
-0.3179445991593336
0.0063401977915297
0.0697567155814345
0.2453963861151091
0.3534803573259253
-0.2233129042509222
0.5610602234753870
0.1272434637567449
0.1559150507368797
-0.1618655150180536
0.0785270552211893
0.2288317857908949
0.4499452836169885
-0.1505653332819784
-0.2105555561896304
0.4288073114615871
-0.2382885023053427
-0.7173505425070502
-0.2475353242736845
-0.0044195444684836
0.2418573246965314
-0.0994524872863744
0.1888910056973714
-0.1678367377814358
-0.2964989035292623
0.3882699086890362
0.1357746539818764
-0.1826040885107690
0.0378952914854961
0.0686604666293493
-0.1313393227216637
-0.0168541384984988
-0.0896955908383772
-0.0068644747405177
-0.6793578554761940
-0.6641567960684447
0.0247728752596740
-0.2309836671483612
0.1042204966555920
-0.0336781352278609
0.0326284615145122
-0.0913002517579026
0.2557030081446288
0.1049278735955725
-0.0599615537576585
0.1953842701597977
0.0227766346941729
0.0997685626458749
-0.4267803335865228
0.2731414712540193
-0.2068077232798487
-0.7299619441985618
-0.1751166583188067
-0.1438076404363449
-0.1569168553546215
-0.0647060908544604
-0.1929344589665201
-0.3002332289240666
-0.0028454390134614
0.5803922961628664
0.2481921821081569
0.0784523804069421
0.1463363230549168
-0.0526298543964113
0.6279683251714845
-0.0473176738363714
0.4784413504860311
-0.1656102885883042
-0.4274665844723516
-0.0245983429464998
-0.0517105268296007
-0.4777034536962235
-0.0142670567930548
-0.0059034564315373
-0.0332784764261158
0.5708271871114272
0.0055930654284161
-0.3842937343668043
-0.2043563825366503
-0.0447661832043748
0.2022066531543613
-0.2247570669172015
0.1264700045266197
0.1715340482541609
0.0540868649322125
0.0862285544044426
-0.7250801625697653
-0.1517601322627634
-0.3355559410444750
0.1907868798974535
0.2365650009923166
-0.4465093394792703
-0.4487954024241207
0.3945163032792548
-0.1167062145496403
0.1782319447281561
-0.2584918729522174
0.0483726923058359
0.0196960483071666
0.0740069043986742
-0.4804128028427092
