0.1211148814802595
0.3690439387334068
-0.0014804752236009
-0.2008031397149203
0.0563319435884210
0.0844258172124432
0.0716437890267138
-0.7989650659651448
0.0877031296592959
-0.3838525882036398
-0.4284950968178839
0.0760566401530686
-0.3718615211468074
-0.1116943048136738
0.4791580234917340
0.1158656405635134
-0.3578898946827331
0.1334363824497232
0.3508019755656134
0.3845529895560679
-0.1584326772721614
-0.5069276694627564
0.3514615219882318
-0.0994951847699626
0.3371774346726457
0.4338038777906293
-0.2907535059853018
0.2671469774223147
-0.0750607982304047
-0.3479730915121421
-0.7539328870191329
-0.2132708772717641
0.2932736759798964
-0.2954548832402947
0.0020775485357881
0.3080798682062809
0.2946183424111862
-0.0654396353017494
0.0952193783906138
-0.1331582995869073
-0.2328946216828264
0.4939715737801090
-0.3176275417199750
-0.1403716302175001
0.5722201104690964
-0.1240899730013264
0.3663511174402172
-0.1954529690852130
0.2480984300221048
-0.0660205883140535
0.0181551395306315
0.0755377635113317
0.4669182155110232
0.3290597519304608
0.3180474844885919
0.0709507002075347
0.5134764333783288
-0.4525919576084548
-0.2040717809154212
-0.2265843620675529
-0.2777791214048477
-0.0223962092063946
-0.0003999199946765
-0.1136041495712415
0.2730428034660732
-0.4402369163316318
-0.6083062288768586
-0.3060827000204130
0.1400281361885394
-0.3971639780953493
-0.1189539228703212
-0.1516343292601974
0.1200485568904994
-0.4304857868363365
-0.5089726674840319
-0.2047619387612134
0.2372235727203304
0.6102809274611042
0.1631707766963897
-0.0824873425940762
-0.0912908333907622
0.4471915219841334
0.3255887920395021
0.1494244679819789
-0.4405331275671936
0.2508742394103427
0.4049945644187570
-0.4436261805469102
0.1420925654670565
0.1591464430977194
0.0007361423937849
0.0949115162988352
-0.0567099510850083
0.5377682274871207
0.1332350925268595
0.4178239168504001
-0.4092916433517736
-0.0156403352315060
0.5792896309541404
-0.0539575371374933
0.2981976235370437
0.5445353260607296
0.0854140814269728
0.4816720606194665
-0.4127076978772048
0.0159062639239576
-0.2211560161085698
-0.1915873667196125
0.0768399825055947
-0.3363854606299564
0.2212114219892001
0.2578939456344606
0.0918907426382748
0.0163868547511651
-0.6384920791424816
0.0086496094228221
-0.2443995941529248
-0.0179673097020266
0.5096556742842721
0.3850895207017472
-0.2817249924964572
0.4818287627850231
-0.2848632084506816
0.0787662910972489
-0.6589198752387549
0.1124703316022151
0.2493888763530092
0.2785555062144274
0.0824451610789171
-0.0878107741806347
0.0808553797741983
0.3472807236470983
-0.5159806436036656
-0.1716864922571948
-0.0081430116446398
0.1168223503773661
0.0279501236318097
0.2473014945676389
-0.2704896593487817
0.6544681548556104
-0.3515895921033794
-0.1256126134834656
0.5039739070693369
0.1072852556626197
0.2532573524878298
-0.1105150520582993
0.4406627837347100
0.3156648852515357
-0.4094817942894827
0.2392701256828560
-0.1546185466651912
-0.2320218040103864
-0.0398581208671996
0.2517820307858086
0.0500836526102774
-0.7144773382398077
0.0883589865508891
0.0289644885187188
-0.2202221017886387
0.5358599269702257
0.3569250803442942
-0.7115908174914675
0.0467619715924314
0.1576400378856570
0.0662386141148654
-0.0261159910042813
0.2882848877478500
0.0845842330011956
-0.3694640150777732
0.3276736265732533
0.1888151784271408
-0.2969011360520993
0.3308718512672300
0.2669165478301909
0.1336772841757308
-0.3954091051903666
-0.2049682553054924
0.1866209198493739
-0.6147207260388405
-0.2579515790564980
0.4302660412417847
-0.3935846192195049
-0.3504483505085911
-0.2111003591707948
-0.2363754337678471
-0.1096112978727418
-0.1817113919225535
-0.1393468550906692
-0.5766025641824243
-0.1994738026448739
0.3183978989616286
0.1706092175321516
0.5499832425022277
0.1098465254473540
-0.2311270058977786
-0.5726816662266875
-0.2531793806487257
0.2277866508863766
-0.0094901950387926
0.2398058423949291
0.3682022047857487
0.0751086543092757
-0.0662622062739838
-0.0740212589703478
0.5856034272086063
-0.3129752176590452
0.1173225171531322
0.2155989561333488
-0.5040867022611365
0.3060722995278661
0.5116722306754113
-0.0776681021967163
0.2964552038867925
-0.6040937592600956
-0.1062679518046856
0.2901400819587558
-0.3707566724739119
-0.2005786414458290
-0.0149527403832011
0.0771634991126598
0.1089428116924592
-0.0270522240968764
-0.4078687353977253
-0.4723139563443718
0.4654629434431451
0.1988849743314142
-0.4434030884403928
-0.3280910865383491
-0.1601180588868332
-0.1089193502537390
-0.0843180938163878
0.3128262759605632
-0.0173675987637771
0.5479100929658678
0.0794988703116525
0.0272161803955558
0.3496973223230486
-0.1708669067596215
-0.4351792495141646
0.4965859336849523
-0.1055586586361650
0.2291911033206719
-0.2238465761793188
0.4951671042254533
-0.2397106295396126
-0.5260233658371543
-0.4024575479795580
0.2000645572344997
0.3161715659222852
0.0700494508581744
0.2202223838554040
-0.0998823924616463
0.0743370321088800
0.4726433895541208
-0.1242192981252487
-0.6763210437324157
0.2588721016894607
-0.2997287698590238
0.2335377351746741
-0.1684496328471627
0.2686992702490978
0.1200948677201535
0.1362044285466152
-0.0011360993420922
0.1728657063070163
-0.1816174155790244
-0.3960868142395462
-0.3086765846289889
-0.1648273158457068
0.7433865128029146
-0.1782317219725395
0.0747471815697060
0.6661260152605430
0.1967999530832672
-0.2919530634295300
0.4960549484503992
-0.1071341593552654
-0.0604040682432258
-0.2207485813008282
-0.2915969882460860
0.0310990873161236
-0.1419943558903092
-0.4915602982747008
0.3364184655253561
-0.6504495429619258
-0.0913368936487679
0.1258953705300710
-0.3611689490059613
-0.0343606847276428
-0.2125116281391234
0.0701012189847776
0.2376680071033472
-0.5643760886635993
-0.0657378919902045
0.2012111915413095
-0.1030316509886024
0.2535461561522223
-0.4238628592748078
-0.5660750160626159
-0.0164357022499481
0.2712518887726885
0.5920055379777247
0.0955575959083206
-0.5671784718689711
0.1252169702066606
-0.3092904606866613
-0.1038973541455340
-0.2165653513449011
0.1968362193371850
0.1932604336368731
0.6826588695756791
-0.1052072047036886
-0.0195859481433985
-0.1665671096296710
0.0964710219840254
-0.2980668798729209
0.2630406850626955
-0.5466359283945991
-0.1120014569605053
0.1268227541171522
-0.2018921853640226
0.3621042894280829
-0.0691476354753180
0.1176888257114245
0.6407741918181767
0.3722628724035484
-0.3245624236069360
0.1568154692404290
-0.0642514123665474
-0.3553261327363675
0.4174054593996674
-0.0587101334666930
-0.1716825014129506
0.6681083786391876
0.1519575264452086
-0.0532108575885756
0.3912304063397052
0.1145334340021116
-0.3065235182691273
-0.2458125810095873
0.1799675152399894
0.1167253276797528
0.1339446267763016
-0.3501035618011500
-0.1508585446453646
-0.0890593792386366
-0.4428081245257008
0.3211264089030648
-0.6403051252993750
0.2712775177927947
0.0764297805209603
0.0054124045487414
-0.4797547301468033
-0.6782741423231887
-0.3236387047816852
-0.0609949846391215
0.0360674298839894
-0.3835354467586553
-0.0411850861210529
0.2129550942394660
0.6901816122729214
-0.0914746512192883
0.3034506773584781
-0.0174345967398584
0.1119311724989386
0.1992673459152978
-0.1490824049176943
0.5776999120353595
-0.0840170804936760
0.0873943210418126
-0.4559300425902879
0.1082239598170516
-0.0552667318408618
-0.2098683932363165
-0.2182427662088862
-0.1338562378673976
0.6462143336860713
0.0798468675073048
0.0687084997583107
0.4889575380209952
0.6747568191002912
-0.3208821249425030
-0.3705197704738811
-0.1930265422119768
-0.2256629802912361
0.1951311843985287
0.0262102834924142
0.0823590845872515
0.2248773819213974
0.3466323068993873
0.0068113526207552
-0.0876447954751082
-0.4737346142725291
0.1591956981470727
-0.4573248525534699
0.6858710607949108
-0.2181323656809332
0.1127649911182705
0.0042412057595607
0.0512196000411781
-0.6440690965571529
-0.2492422639571242
-0.1317236681942279
0.1888714606013716
0.2179358304640890
0.2613007338316564
-0.4599276464252861
-0.2625516441189661
-0.2647968594240785
-0.0605925497695625
0.2443657221130233
0.1365865413600431
0.4941029400299795
0.0398739773662720
0.0632058520842513
0.6772446732346128
-0.0077764990980275
-0.0067021996660517
0.2837419997382833
0.3641862410385484
-0.1008159528739313
-0.0046296646595345
0.4079211748853179
-0.2788461455290210
0.1396873600460671
0.0177462983803859
-0.3807947498923008
-0.4538823225250385
-0.5818460875981452
-0.1904565265163545
-0.3303772619766908
0.4369197153521994
-0.1498147382616497
-0.0505276669799224
-0.3827035869045291
0.3853182692469064
-0.1948276354644198
-0.3974665690138697
-0.4129262804100749
-0.1165192175216597
0.1452679148333495
0.6504927440905741
-0.1469985909408039
-0.4162753178772088
-0.0568978930556257
0.3350571592475450
0.4640329465435451
-0.0292150822631672
-0.1677819538418343
-0.0321114629286331
0.2680473870696577
-0.1413987847420416
0.2792220091202616
0.0030497108914983
-0.4476515009661852
-0.2958438196674033
-0.3979376029637915
-0.6091366681026308
0.0229937859616003
-0.1110710962386600
0.0596758414831929
0.0199027906147715
-0.2877461641202871
0.5963776989346969
-0.1877073499727412
0.0838765083585865
-0.4277896983047296
-0.0564159802625945
-0.5704080947987880
-0.0612940193786715
0.4898489083820188
0.1537199925149937
-0.0548830655416095
0.0977276534659712
-0.5449828684567470
0.2073046855925656
-0.0361299503624437
-0.3460205851021341
-0.3730310238974898
0.3516902653263573
-0.4881225490600453
-0.1430470763400138
-0.0566415641611618
0.2765883102946879
0.0261869890198580
0.5670420189309584
0.1632629949319913
0.0414901255542449
0.0820130281800018
0.5515793400919370
-0.4181721537801080
0.5197215716606790
0.4295812047873304
-0.3608764078114852
-0.2253036979615676
0.0633258423867068
0.0684972333428193
0.3377019953975832
-0.2278720229997050
0.1217278044070145
-0.1700431595357323
-0.2923638169493631
-0.1511995969329356
-0.2265549089332999
-0.0518728091796303
0.2522263249655050
-0.0507267950992428
-0.2914053694796167
-0.6441736910327716
0.4926066675353459
0.3081880755195865
-0.1339622268542153
-0.1613062496540270
-0.2773423949861495
-0.3604641264442267
0.2727607492003106
0.5883835453325137
-0.2977444480904513
0.2652557315737027
-0.2731214985546411
-0.0361350999803183
-0.3815155752005573
-0.2202454622910467
-0.4087214897394251
0.3797845345814898
-0.3013159756038907
0.2345274230472309
-0.4446349763507497
0.1983278474533868
-0.3324362815663853
-0.2090286795179541
-0.4853100174466609
-0.0572181238587249
-0.0708180294696754
-0.0694704654903414
-0.0937585034028075
0.0134325140866363
-0.0490058408562374
0.6567656831329766
0.5147350009076544
-0.1864653199108091
0.1394798096755955
0.1055161529167754
0.0977895837380182
-0.3456925376008325
0.1253352009160071
-0.8867229075980652
-0.0326886638563724
0.0408306788069764
-0.0292259280798571
0.3502751419890866
0.3157759063064481
-0.6497413978184047
-0.0058390938538898
-0.1123751884704632
-0.1548454685714728
0.3152589182041283
0.1328882179716571
0.0640525864744088
-0.4445665562173397
-0.3122275868211004
-0.0544891262727785
0.1434609451811541
0.3604654148120076
-0.5498647643751796
-0.2567709831211190
-0.1982467317467979
0.1865185112089873
-0.1887336114202707
-0.5206098505138367
0.1610416329973391
-0.3563576980081974
0.0396508620620048
0.3407868912344102
0.5865629165544899
0.5237013573012987
0.3137219022978621
0.0175430230745531
0.1064622061862840
0.0313740292313293
0.3533310062309122
0.6346189279284898
-0.1019608578927551
-0.0466065782574552
0.0793530145579190
0.4216538156212388
-0.4817527856087897
-0.0919882707414117
-0.0803491753328238
0.1695741936492187
-0.0442510641645602
-0.5489916176772187
0.4346545760681388
0.2089379969080392
-0.2373639496124716
0.3295456764447236
0.3867368152231636
-0.2868285294454206
0.2265748381204333
0.1263179944838283
-0.4995877395214151
-0.0481354605821359
0.4619995812819388
0.0448459347332620
-0.2581217488133059
-0.5341676351439998
-0.0914247848886564
-0.1893497580793237
0.3591152209379160
0.0866188966446993
0.1269851191008684
0.4950249696243227
0.0300247997969864
-0.2421446465859678
-0.0543787482031820
0.3003446317809507
-0.0839153801291521
0.6244009533584165
0.4257841475918315
0.0889669179464060
-0.4908158990536492
-0.2150242250908361
0.1010297336137718
0.2606415708160770
0.6163469181836893
-0.1433665841361808
0.1922233681922818
-0.3269889812033319
0.1082331688207180
0.2805347810998510
-0.1507093701063420
0.3039665592439850
0.2177795677018598
-0.6225669035775213
0.3503936710800177
-0.0175245587441864
0.0933130223429961
-0.0078427780797310
-0.0961906778819448
-0.5556700607147379
-0.1980849631889851
-0.1402723289768640
0.3643802174519917
-0.4200485034357470
-0.0579720136460378
-0.1225103910400801
0.2594144502863021
-0.6866334027880575
-0.0300020413423196
0.2717376922098337
-0.2396900078448949
-0.1958958177691576
0.0318207748241346
-0.4419357805612049
-0.4389998244283711
-0.1050405255652605
0.0631846519550239
-0.3629561836488835
-0.1814960982208297
-0.5791623691582751
-0.0107025160936040
-0.2652100695533128
-0.4189815513885903
0.1042646147609870
-0.0345711590631980
0.0965509732954633
0.4712402201020258
-0.5546182128190353
0.0733053862232490
0.4444916002542071
-0.0439274706835669
-0.4304843472905474
-0.0620807250095641
-0.2714488554924588
-0.0670248706160165
0.5966560165164533
0.2532019917446682
0.3829283910653594
0.4038629333277337
0.0295584326625681
0.0731379180052717
0.0970297948847925
0.0043745535977101
0.0268956614724742
0.1933169568989627
-0.4597390709602878
0.3551860976173647
0.6674677865298618
-0.1747031142422756
-0.3654729856165424
0.6069514876687711
0.3624010319479586
0.2175646840205277
-0.0520914505164220
0.5997319477712290
0.0708923453540528
0.0848079279673902
-0.0972791727604064
0.0486679138759580
-0.2578742929461645
-0.3686237931987678
0.4416513934944561
0.2680899984208667
-0.1423172649787279
0.3856360653137034
0.4111760053091638
0.1143478169229201
-0.3561445848911212
-0.1857422448027952
0.2910990248154516
0.2721632752097752
-0.2999314626617137
-0.0421771043545836
0.2453687600381282
-0.1340818215783638
0.5659873356844456
0.0349675464705495
-0.4943630963417766
-0.2709666513995551
-0.3415016943792095
-0.4360899648740927
0.1666076428524177
-0.1179900447904931
-0.4242596445577236
0.3617535308370829
-0.4115390498370194
-0.1650097008035870
-0.2541503532040733
-0.3096789538130069
0.3165404788771087
0.5369326070134415
-0.1926259502658416
0.2807899231598406
-0.0421966352719963
-0.0156156736941744
0.0230599960909367
-0.0072704861406013
-0.2965118414638299
0.7092113163127775
-0.0473987960375812
-0.1399613345858607
-0.8404613057669711
-0.1934503425585303
-0.2314450934734490
-0.1401978784684717
0.2271062520479100
-0.1739733968964750
-0.2724523112811018
0.0434609129872072
-0.0736695421892452
0.1984632316564044
0.0322387148589485
0.3699523355227808
0.1912226525021850
0.1239615029802713
-0.2314514570223206
0.4551311700865151
-0.2189846163559614
0.3138561720602600
0.6029938685027550
-0.1197744353448242
-0.2219089088125120
-0.5488290204893036
0.0800818690439905
-0.1221909714043454
-0.3136498633470182
-0.5207536575136408
-0.3976559260843663
-0.0636292607543280
0.2865553365203822
-0.1774460914942490
0.4909729353728687
-0.7221177909907385
0.3722552909316264
0.0377524742298012
0.1392641915802358
-0.1437994327765825
-0.1318648851615416
0.0786506851273306
0.0485596150039281
-0.3598210479272118
-0.0190528992813118
0.2238249872436905
0.7794386863742293
-0.1795303619897505
0.0216157194125558
-0.0792161971877262
-0.4141306780677252
0.0445143229923626
-0.0091744318100360
0.3141470142500992
0.1145296733610896
0.0822833505947392
-0.0783327376556023
0.3024174237470449
-0.2279473797750347
-0.6391474819048871
0.2258834031955177
0.5072875339208478
0.1224674492087032
-0.5511049335928736
-0.3344842325016768
0.2426055839714294
-0.3619663721453183
-0.0398492391588294
-0.3341172540940431
-0.2737115976284770
0.2759051669171547
-0.3208122530794875
-0.1653542365966564
0.2160149890733578
0.0764565552605004
-0.2154424973280850
0.2278949257814098
-0.5076897405244104
-0.3426846475344063
0.1908776543705397
0.3976251620986589
-0.5068354244490912
0.1501216725308541
0.1219716267965737
0.1144252624974253
-0.1881715550869875
0.4423172812994468
0.6734411676732007
-0.4720610707565734
-0.1313095095011740
0.0530875497758381
0.1310398474792744
-0.1654693094929834
0.2643062986380584
-0.0207801374185664
-0.4394743513601224
-0.1293423809784311
0.5011697646715009
0.2324209918071536
-0.0116728322090542
0.2019030515154712
0.5527456785711182
-0.2611966242372804
0.1002789864900027
0.0025645663079254
0.3094942982890590
0.2491831790214203
0.3692531118320668
0.4594058633706628
-0.1759047636161685
0.1161083944393995
-0.6359786605188327
0.1891149407980215
0.3787363358487926
0.3365628212831971
0.6087388529469874
-0.2133280516262017
0.0346483651212114
0.0207747197392604
0.2453816574637549
-0.1161808469654892
-0.4084490244152386
0.2916154244669245
-0.1881915756362661
0.4191422521823212
0.0925231384234764
-0.0807147328465072
-0.1882002464291168
-0.3971575822787609
0.6292253859210510
-0.1373513029828745
-0.0159389842168784
-0.4069776507363916
0.0278379017695958
0.4579956717316781
0.6570196199446583
0.1474089093237072
0.2249532530859275
-0.0103354369749386
-0.4182455428179806
-0.2923033790305094
0.1579088007726218
-0.0066537348364967
0.1226456990741908
0.2986310927675351
0.5996844078892191
-0.3715890206402848
-0.4290191253227710
-0.0644773288176942
-0.0016427465630153
-0.0685212272913431
0.3050385489317805
-0.3348381761998663
-0.0614681582698488
0.2430943537477989
-0.0983173519666929
0.1579430843829902
0.1893071652877186
-0.3026945337645495
-0.2042578633596987
-0.5555091642627810
0.5988488162857855
0.2571413743476521
0.5300653324524713
-0.4742679543265210
0.0153927408875251
-0.1346919635941558
0.2237200093129685
0.0784653777031351
0.2495746433589312
0.1424086812182291
-0.0394404764585114
-0.5791295580089919
0.5698530481831088
-0.1516489940833183
0.4815626833020637
0.5600705929345670
0.0274341876706592
0.0561579393573007
-0.1117716267143441
-0.2429794033344242
-0.0823389527007279
0.1564303683106088
0.1886490645616772
-0.3573435708174924
0.0508594295740019
-0.5330977061169063
-0.0288140709002259
-0.5965133163122636
-0.3603533454328633
-0.0567308936491233
0.0312121159242801
0.2433757295472468
0.1585624491499672
-0.0811108371982706
0.2909833146053434
-0.4501608292981214
-0.1459155624025353
0.0266716155072005
0.0551900911013742
0.3216471974339869
0.0929281569923369
0.7374426659988929
