0.9399885022434480
0.0308975156867251
-0.3398042954032629
0.8807709649206747
0.1894982618551689
0.4339734048378697
-0.7786785965542075
-0.3572897129593945
0.5157554694637405
-0.2885414104967058
0.6781510242642916
0.6759105286336822
0.7578060908573068
0.6185079195463272
-0.2077928827415446
-0.8189023761491793
0.3332467621654150
0.4672745379790079
0.7461393854677919
-0.1214734170276370
0.6546145632426580
-0.6495559294876143
-0.5763899004386298
-0.4958344251257953
-0.5971951078649471
-0.7931198767951658
-0.1196614565120920
0.1493495120492142
-0.3517431456065220
0.9241057746651574
0.5030671017180535
0.3079864430866930
-0.8075071777042017
0.3439953846654913
0.8335146872754750
0.4323429673591417
-0.2020262581005643
0.9180832121145179
-0.3410404765880047
-0.0348509827975501
-0.0287772703502650
-0.9989781167319095
0.0548225626754009
-0.9002649329545626
-0.4318767614887594
-0.4414749685053060
0.8324474089861720
0.3348599161671162
0.7574111001739128
-0.6238067208441180
-0.1928564242203288
0.5043067867284862
-0.4318782126483132
0.7477672594459372
-0.8583022759630009
-0.4871647042343997
-0.1612071773369372
-0.1866038641782008
0.9807129231027357
0.0581477457263057
0.2173561513512938
0.9732344987613999
0.0746385549860139
-0.7274054847598862
0.0058039072214169
0.6861833394962313
0.5302692475741131
-0.7131869580748079
0.4584527106574747
-0.9339820779886563
0.1893571783597092
-0.3030203574013483
-0.8037564156920893
0.5590412101403214
-0.2035891686673197
0.5411513901283586
-0.8376990980192688
0.0735893615942445
0.5003367761462625
0.6437786589486713
-0.5789750847124729
0.1127452064247269
0.6786962829009607
0.7257133552613353
0.6235891706951820
0.2544827966669644
0.7391718693188044
0.1823201468981600
0.5541796144249825
-0.8121849044342127
-0.1380148085320218
0.3863725201341434
0.9119584356268986
0.9912770684849431
0.1215628663178311
0.0509140749546790
-0.5387564185598697
0.3708730656719166
0.7564355164980402
0.4389486195221396
0.8642993569199866
-0.2455824322855887
0.4305796063321891
-0.0621577565271760
0.9004096933698156
-0.1935234925377966
0.6922482663142763
-0.6952272978104731
-0.3630389396208188
0.0509082562913942
0.9303822213264618
0.2642251478581913
0.3467362150643619
0.8999772599361374
0.9540611299788826
-0.2860572495088743
-0.0890988791558878
0.1485752745960242
0.8375779048187825
-0.5257267742260180
