0.5109205266415058
0.1961193585218474
-0.0684492623759160
-0.0758813443732642
0.7248377141276366
-0.2463518714012903
0.2407746484233905
-0.1263172331308472
0.1733398443858454
-0.2307937476929286
0.3784925634646474
0.3354954920878913
-0.0027069887068003
-0.4351100211740245
-0.0445114814483555
0.0439081201629459
-0.7015575496288726
0.0741630060364233
-0.3721540987846689
-0.2675391930059511
-0.1055561888340788
0.1302096473317579
-0.0129906167392425
-0.3123587081904720
-0.5509618859754759
0.3416215465681340
0.4937878553803399
0.1089400455301441
-0.0143629050466933
0.1316827109210516
-0.2327649519555896
0.4068985681860007
0.5153662723772179
-0.2562668800204608
-0.6377665689614390
0.1132173328074428
0.2137406964984966
-0.2387627333841569
0.1386470152000892
-0.5201196796462300
-0.1675278780452155
0.6921586956674876
-0.0338012374684553
0.2808853502462035
-0.1427285615435526
-0.1121942607479518
0.5531346569805815
-0.4009990657680736
0.2428250816880317
-0.0441378281295277
0.2137309779087967
-0.5263182602380605
-0.2134458139760615
0.3024749951727640
-0.3328684015033909
0.2846578080000712
0.3329799660084204
0.7182897485691307
0.0570868314135049
0.1651728778046134
-0.1123782058777815
0.3701933976811995
0.0337600390483607
0.2640188143713790
-0.5630176076927970
0.4241958614419296
0.3089689893358718
0.2490277015261452
-0.2708880255381378
-0.1894153127261000
-0.3099800770992486
0.2655943268392468
0.1816058312424069
-0.0910385724548521
0.0818014419424923
-0.2461343320318459
0.2085902254480062
-0.7718063839368704
-0.3697852074277323
0.1651848377890022
-0.2970447918573823
-0.3002218778377025
-0.1622056488639259
-0.4126456631102845
-0.3743198649253305
0.1560884943733361
0.1583463400823683
-0.6287146104017052
0.0001970438949518
-0.3583923343637696
0.2613069706666626
-0.3501685623449046
-0.1351642349734621
0.5111674948000111
-0.0477134370896362
0.5380793136014665
-0.4576852150861909
-0.0233592973208932
-0.1664684179827615
-0.4905695184854492
0.3699834555889115
0.4237888698554317
-0.4157187080003665
0.0524676932935591
0.2488676752324588
-0.3675373808780403
0.1482339163945341
0.2197492680331329
-0.3321834505043650
-0.4579815107319506
-0.4424505125713777
0.1669156346964135
-0.1489561815047015
0.0227427370982767
-0.1121329188606956
-0.6123515425782137
0.2145470264734351
0.2606530873133328
-0.1673228362850410
-0.6119608592530182
-0.0477994954251301
-0.5337056326276198
0.1768186396876680
-0.0674928494447882
0.2557277888221451
0.3757973272516481
-0.1631722782736766
-0.4021932334926904
0.3047383608077652
-0.3605794561926523
-0.3643092894654587
0.0538643203553167
0.1787600248426288
-0.0833517494152499
0.6435892430340895
0.3270117800992330
-0.0625813573924653
0.2043343529950978
-0.2719692408148404
-0.4213075498774739
-0.0141033542249857
-0.7347146715282805
-0.1789444352492233
0.1546006402645012
-0.3023700493612665
0.0132409778202213
-0.4887163062582929
-0.3902904827340450
0.4027637498936475
0.2035974939617924
0.1069345128331048
0.0452171419216389
0.5477924635350293
0.5472601316761010
0.5858065043703283
-0.2232530960130590
-0.0607875031082945
-0.3573208273045441
-0.4078768052518675
0.0195107384861587
-0.0934218704754081
-0.0254959921211812
0.3873524412196948
0.0721054786045047
0.2105637114844968
0.0922988369936570
0.1948281289692915
0.3784350100183702
-0.2197956273643640
0.2950180382225775
0.6894823543799935
