-0.4300254903302367
0.0796175328575228
0.0218879814444765
-0.2225425642433316
-0.4306806461444503
0.2266413832979710
-0.2958927427006090
-0.5384631026749850
-0.2676745691307568
-0.1680376009861272
-0.2017910333165847
0.0614959702163192
0.4532239693628113
0.4940155746152601
0.0156932653973369
0.2132635166937460
0.0634490092940420
-0.4042125620119018
-0.2719222685452717
-0.1095282842329347
0.2902087081898133
0.2801676826185318
0.0204719143133523
0.2971921571744904
0.1150864005676589
0.3505648577012556
-0.2079739763183825
0.0191311688042373
-0.3157011373131383
0.4212697328620361
-0.2365884958284626
-0.0212835755410225
0.3866981543501908
0.2324987663012564
-0.5304478272008594
-0.0413725191349918
0.3818944256998194
0.3437603515754151
-0.0343620019788330
0.3192959621358865
-0.2429673809260718
0.2863121538519686
0.0193248424239230
0.1455281436729179
0.1257547657684396
0.4330532440902465
0.3837044230469295
-0.3460009599965231
-0.1412899054296753
-0.0848287008635438
0.2860245034374985
0.4477971114265434
0.2125276946241147
0.2639252308389076
-0.1445761959538965
0.3944990896313437
0.1796218995661502
0.4991666039064799
-0.2801792591066779
-0.1980426354599821
-0.1749412796156357
-0.2429631780164794
-0.3668827624342063
-0.6525665425611473
-0.2791653117746676
-0.0382545452367839
0.0501778917803821
0.0265993956568564
0.2203316865931700
0.2773216551618708
-0.3183405194693242
0.2012518817202684
0.4026317098089240
0.1080441546191080
-0.1794857794147748
0.3136925261103017
0.5156972829485321
0.5114393356523459
-0.2927754709741257
0.0044837196642220
0.2272227840747196
0.0195892532966002
0.0160272218359409
0.1734178619204790
-0.3539691194727226
-0.0367125035272230
-0.4431948466962284
-0.1389661501435097
0.4530415357401810
0.3330896553962862
-0.0963538267359645
-0.4068312515222048
0.0426136407567473
-0.3528402012688821
0.2002735129428054
0.0145637476144916
-0.5917062932608310
-0.1853951823974514
-0.4088960496917586
0.0050863587970776
0.2974865847430753
-0.2579135163535837
0.0586504836153822
0.4164202883224032
0.1966997364320414
0.1320522669551416
0.1024589348249421
0.2231605514855091
0.2221387917438412
-0.3217517901761997
-0.4824741530102619
0.4169999002341915
-0.0437774164058457
-0.0236632356004472
-0.1071799096724328
-0.1752598646690230
0.1896736159000864
0.5849612855246608
-0.1257904953028311
0.0424372319484310
0.0388642182299136
0.3465219788563119
0.1480021167041555
0.1865123092600907
-0.2321819909208972
-0.5235767934077995
-0.2291768502139975
-0.0607153028682453
-0.4295508451551437
-0.3229277568848364
-0.3725936724208874
0.0992411255912110
-0.2698678755786261
0.4557066823747224
0.4039618372674488
0.1987646294339286
0.1228460161118809
-0.3019537008843529
0.2759830000445331
0.3083571700329470
0.0175794839788096
0.1625709490302935
0.3202264943066411
0.3316759025450665
0.0260015568282308
0.3965613900534128
-0.0581728378113694
0.3318106102835963
-0.0409995496568209
-0.0055286346383233
-0.4683676720061102
0.5637902143754704
0.3254844181785624
-0.2502319763286998
0.0285292213071750
-0.1423774806766376
-0.2092733643812322
0.4932768002395342
-0.1168967537494513
-0.1335409356030217
0.0988940812520875
-0.2655424165949093
0.1568932489269657
0.1084482685995783
0.2241001683223036
0.6297473512255666
-0.1792287470904591
-0.2928988500266516
0.1883495829883900
0.0682284981295513
-0.0313963954690805
-0.6087965498886165
0.0320549387562700
0.6692197216951951
0.0295819451448290
-0.0445898699362395
-0.2946174735251012
-0.0663979293310261
-0.0671625618673152
0.2019541542035332
-0.2598888392952877
-0.0023224089608986
0.2164203986714130
0.1588123166241506
-0.1749834165239746
0.2246558874852397
0.3003415228651707
0.1224469838965243
-0.6031462930998750
-0.0183404989144737
-0.3127489938977948
0.4606210380851050
-0.3446225855372534
0.3781629573347827
-0.1106462862803549
-0.3400051277050540
0.0129176195024522
-0.2860248021213730
-0.5073541437348508
-0.0417872094243771
0.0994148682496166
0.0197944396939410
0.4522579803378370
0.2333197306151788
0.0450481573939461
-0.3044315957925426
-0.2205436567858123
-0.4056175849954682
0.2069125458021734
0.2308266854278985
-0.1887810525530470
0.5130781694795801
0.3036072757700550
-0.4461635911237264
-0.0587507542966576
0.0495449694895703
0.2233775488495606
0.1812928635538287
-0.0006490152348137
-0.4975026531285249
-0.5527354413214028
-0.1320795164739000
-0.4783617760782503
0.1909157534699677
-0.0107947330017155
-0.1295345782921590
-0.0845982927946293
-0.2396521903208031
0.7862768500477525
-0.0548499941397561
-0.2757552225192771
-0.1408165340477256
-0.2498423810823652
0.1490020553704535
0.1364193703075674
0.0592878771654149
0.3467855158197177
-0.1436236137723106
0.1047511593009652
0.1558238991948949
-0.0369810036354929
0.2649560152695980
-0.0476155376390721
0.0335206956950589
-0.0238844319078340
-0.3785525713867278
-0.1218818734310280
0.3880152958048351
-0.4389976496818145
0.0626674647212105
0.3051424194815270
-0.5709625372208005
-0.0054351724767233
0.4410047715151225
-0.2357343282231921
0.0250693623275767
0.6414537976638890
-0.3994660314394442
-0.0070848085515152
0.1385278322651773
-0.1056894743194131
-0.3751297061090639
0.0547146449357549
0.0642153453401499
-0.1484409892386181
-0.3526683767679613
-0.1238219175501288
0.2241728902583678
-0.1926640351405833
-0.0351658098335710
0.4388837955946260
0.3339913018559146
-0.3468465322114396
0.5007624308966179
0.2608133964390987
-0.0799408500929544
0.1596147307468259
0.1217685426896797
-0.2021888599476195
-0.2098358127639289
-0.3460998047019211
0.0677836857309688
0.1495255601888920
-0.0362446293832719
-0.5469772249632544
0.3841164483550439
-0.4457605517246941
-0.2851331042871358
-0.0165240922703656
0.1079475372454324
0.1275167494869704
0.0080020626942655
-0.6446647133010350
-0.2499424109461631
0.0456698731643659
-0.1982494833550309
0.5451385500881174
-0.0755918181410687
0.3337097056764358
0.1950512840640323
-0.4155326987910877
0.2182087351884799
0.0706725491802672
0.1461258437178824
0.3785016871835976
0.1216126162849828
0.3222999979023163
0.2739171290734637
0.3003703044105615
-0.1796077799959201
0.1641917897451007
-0.5166903294994918
0.0003952664719124
0.0955479726905695
0.1900423180000818
-0.3799990283600272
0.0560720422082281
-0.6555780710545019
-0.0039107580811960
0.3390988757263735
0.4674732350089281
-0.1240691543999377
-0.1389592986125761
0.0958696750124847
0.1546690024666346
-0.5777935251777939
0.4686587529331852
-0.2317379335839248
0.0991961502922239
0.1200924547357650
0.2469126566210108
0.3627602320039623
-0.0082140913663325
0.1093375577741367
0.0030017523395655
0.3742118947620324
-0.1245598444759026
0.5015418014267626
-0.3789431747413398
-0.2871037297039922
0.0582505560070395
0.1271392182464079
0.2910449579126927
0.1015572354133506
0.5501071361976467
-0.1539471599660371
0.0703492122445544
0.2471215016332924
-0.5763761648183212
0.0452904799507537
-0.1756102769219419
0.3275126270042444
-0.2115998605179202
-0.1536632266585620
0.0936773962841454
0.0114796076632962
-0.1257961335566165
-0.6220319613498840
0.1939736805431904
0.0998371563110557
-0.1112731787260187
0.0182684154129190
0.0679084601483643
-0.4168962941825172
0.1468774318378674
-0.3858921863713574
-0.1056707671757357
0.3414015245143253
-0.4956567558303748
0.4105311290909260
-0.0730543271663911
0.3018526658802375
0.1338615301703354
-0.0483026066487910
-0.0712924785032674
0.2123110035739321
-0.1537317997174884
-0.5239949719045947
0.5350190658926104
-0.1195854128535210
0.0314489407253108
0.0248121084908405
-0.1908066504954018
0.5411351458427704
-0.0777497598960388
0.1252730480430380
0.4512619763950056
0.0083174314331904
0.3039839377337458
0.0807371529453264
-0.1724749940399984
-0.4967362763017369
-0.2510812924526886
-0.0442826933082016
0.2216147935070910
0.5338725729871947
0.4066185185715596
-0.1651133538453074
0.2252777609346679
-0.2445595298789767
0.5834317129831429
0.1929209168467899
0.2922854044932360
-0.1777453647536862
0.0974516713410046
-0.3938041532234456
0.0934622863299710
-0.1699722711456180
-0.1865071506795410
-0.4861824343309456
0.1734471317373502
-0.3182302354261935
0.2922668391075225
-0.2862899880716387
0.0203860356875201
0.2207620756526616
0.0670132664441141
0.3277454126778238
-0.0085585164902390
-0.5186259773876009
-0.4610846779567229
0.4289194285110341
-0.2951428246877966
-0.2363161741395117
-0.0693874870093046
0.1309091772336776
0.3513947192170060
-0.1328649565100071
-0.4144516308214375
0.1697525185358851
0.3109470227276537
0.0108221205038242
-0.2931118483147929
0.2856152900040524
-0.3940628060215609
0.0384253661913557
0.2669469001480857
-0.0862532597792247
-0.0780816988671581
-0.3433482162376378
-0.0890484420067791
0.2894408730603859
-0.3738806785830432
0.4914976288697508
0.4079431551250737
0.1866225538235171
-0.0239117468602867
-0.1205961898366142
0.2265730453283152
-0.0006561620066373
-0.0005860761759129
0.3177575117001323
-0.0663647146012519
-0.1325961215136827
-0.5997091781170073
0.4996960393104460
-0.0974639786302717
0.3508047295644887
0.6836091676859865
-0.0095041908780166
-0.0827292622934590
-0.2282844665943120
-0.3446886895967294
-0.1045237864822692
0.2351737537233319
0.1064997229514283
0.1114386008153011
-0.3636813171047898
-0.1770694069410224
-0.2383816914730176
0.2510568519823740
0.2392611318446111
0.1195753956103840
-0.2591326046576141
0.0950133892169832
0.6617197669150077
-0.1881592332745822
-0.3513342141764603
-0.2932437778117627
-0.1355176952497382
-0.2726432515265135
0.2663918630144644
0.2599400358132983
0.3542914803131832
-0.4893121726479499
0.2866481364657439
0.0522472306471891
0.1476118043871124
-0.1970968518642977
-0.1300103379283169
-0.1830429176216363
-0.4756496782881852
-0.1027402859972123
0.5130056283884844
0.1158992898215781
0.0781049808311838
0.2798443305487420
0.3100582749011888
0.3899280066133937
-0.3573646523949749
-0.1469889655418259
-0.2069023916388427
-0.4187227173598270
-0.1130983088962167
-0.1532403857014531
-0.0466445608160011
-0.5237596789432302
-0.1148598688364265
-0.5241641001048674
0.4456010015346307
-0.1726829920969364
0.0951824011497534
0.1063999081586193
-0.1597203100053926
0.3702874373422350
0.0263251322325348
0.1227626626002484
0.2090319312553312
-0.2671450884192431
-0.0979100748484239
-0.3630829148738119
-0.2388093269956852
0.1784132181434505
0.6486747090258705
-0.1828599539825057
-0.2399714657140299
0.1722785967930638
0.3132233469135206
0.2874681041029418
-0.1980874128451234
-0.2708257081473343
0.4009749359213312
-0.6552062991879617
-0.1902947057125496
0.1434081220484490
-0.1647942230927305
-0.2434315179445698
-0.1800875195896565
0.0900517605805966
-0.1759712175008682
0.0542206987583772
-0.0441809907118989
0.1016569488927175
0.0409398373376495
-0.2607105428461131
0.3024198217030805
0.7516113193505187
-0.0333927579421401
-0.0055958930132322
-0.2453462376081379
0.3951783052359809
0.2030851538673975
-0.0642039266322078
0.1794666191118772
0.0542972700319528
-0.5237522950503957
-0.2606815627411815
0.2841990518527627
0.3109242285419547
-0.2275723156612895
0.2784353162419530
-0.0022121996905279
-0.0578782023853048
-0.5552809287914113
0.0380587303804678
-0.0763578604869111
-0.6035349267941450
0.0910140910388493
-0.1764870376105404
-0.3870583347339091
-0.3310180768500874
-0.0071512746764303
0.3107469597863496
-0.3167696108520047
-0.2087120602365486
0.2985460052137912
-0.0419720255820677
0.0002972047706951
-0.0275368066244747
0.1269615513970856
0.5184044217746923
-0.0298372937517149
-0.2832833112739619
-0.0495738231904058
-0.1759202831186202
0.6010841264454578
0.4799969601498286
-0.0798322469262285
0.2193877003813528
-0.0455414603022560
0.0251579490511123
-0.0917768191985932
-0.2940502048894617
-0.4714080384381635
0.0056746228729965
-0.4629828154690307
0.2932489726468596
0.1798852242941866
-0.4835234071951589
-0.2559574490511923
0.4041685934901271
-0.2029272210003766
-0.1087446535708121
0.1302622248007171
-0.2437027176033505
0.4310905877759639
-0.3272085021275758
0.5500731641435885
-0.3004274989645501
0.0737001127257450
-0.1257938454128961
0.0169164008455385
-0.5592651687456360
0.3116446788989427
0.1624433985462653
0.2453247138962942
-0.0612786635823966
0.5331592728664887
-0.0414909647316788
-0.1649789017071553
0.3024661542795642
0.1678750589602812
0.1807309899899596
0.1850488273325738
-0.0261727509874631
-0.3846678243795922
0.3741299966137572
-0.6167893041766971
-0.0609509511786507
0.0364816333760488
-0.2891612534483908
-0.3216138092944644
0.1907964512333510
-0.1218809081009487
0.2957218163825749
-0.0117523097460316
0.1256824139623865
0.1616944326360353
-0.1306877220737173
-0.0278798597804481
-0.1128001467717573
0.3203519716744125
0.1200297799197158
0.2741387732088154
0.0500644978826191
0.5555294197792415
0.1119561152718935
0.6415919561108968
0.0745542481378264
0.1336459229626400
-0.5230321141391590
0.3362917565137118
0.0216055970385813
-0.2147123741169872
0.1830840518399252
-0.0795794578765296
0.0950104853877377
0.0337678844624743
0.6648872494549626
0.2264122589906475
0.4540726952349714
-0.3741266850144104
0.3278594827952773
0.2642003624360180
0.0246193802470319
-0.0380330499033812
0.1263097976200672
-0.3673985983644960
0.1810883229044839
0.2186402576457270
0.4864177977506468
0.0797884721247993
0.0081320871825929
-0.1033972314669006
-0.3235061679006035
0.0260769129706041
0.5426704151311114
-0.0812708819390098
0.1553310003711513
-0.0344021391007162
0.4898633611628940
-0.0347313255931135
-0.5443060841279241
-0.1416255000222863
-0.5369770608632581
-0.2640026912643800
0.0427109622908642
-0.0286196761613683
-0.2063663887990915
-0.0046847991617369
-0.3444954072997374
0.0082221815550206
0.6097617487582537
-0.1020644730609230
-0.2087520467008841
-0.2283795423136522
0.0291330274596019
-0.0489335440789621
0.0507336781301703
0.4276265753350435
-0.2224541092627835
0.1007082837781763
-0.7508750971360338
-0.3270652125052262
0.1097002260561620
0.0135977261197640
0.2520528995898147
0.0718026818573080
-0.0422885334665999
-0.5103499245320284
-0.3559979658029254
0.4613588455978447
0.2786657553544007
0.0991323123207900
-0.1940592907549077
0.2170719546927241
-0.0019014387077840
-0.1924184138898376
0.2434550958584433
-0.3600113787534959
-0.1880036740606937
0.0117345208611106
0.4367649567373214
-0.0582754022449779
-0.3014793914629269
0.0119553991874130
-0.4447672047654122
0.2573517003302553
0.1201699357356536
-0.2187112564977953
-0.1379852052371713
0.5778939404744386
0.4058405017989721
-0.0657455305592934
-0.2280246390855638
0.3430560705158275
0.2988161666560732
-0.2277200085884708
-0.0559657487367353
-0.6405980221591545
-0.1563306100782297
-0.2359739095015833
-0.1389404139502841
0.0849436856344067
0.0120220224761738
-0.6795735261400022
-0.2012769868657555
-0.1063167697918744
-0.0864332695375961
-0.2608783933998542
0.3652636117123592
-0.1371372799519119
0.3973227263012070
-0.2876448390898682
0.1044907346077587
-0.0833307316393382
0.4821189713973391
0.0822028383245027
0.3337485700969567
-0.2282778595841426
0.3074472446009439
-0.0731294069932185
-0.4886362360567242
0.3042592393827279
-0.1498702191328514
-0.1273754251110947
0.3360385938221080
0.1203611615582657
-0.0858247361817922
-0.3297884667756482
-0.1063926847038117
0.5396828810064158
-0.3464358612170471
0.1449595695788846
0.1565664737224154
0.4105427013247369
0.3699963622360749
-0.0788820811078379
-0.0339426276306278
0.3208355039866113
0.2579964623212354
0.2130283863244554
-0.3494500906636185
0.0271587453816161
0.0073575888667234
0.3050773711388474
0.1153773208863311
0.1591370706881191
-0.3462922916357836
-0.6193916464688594
0.0483945203124134
-0.3571197365578544
0.2302117771982735
0.1252862116654238
0.0833328815917105
-0.5223684481231635
-0.0865353642036251
-0.2656503878527135
0.3056399360584680
0.0886177255583499
0.0612708079084537
0.3298785995559187
0.5955861330753427
-0.0697748104782790
0.3028947081724353
0.3159195069986801
-0.6855385744651126
-0.3223488970371403
0.1574879591869796
0.0560811422732436
-0.2447626960158585
0.2369530157711365
-0.1261040027025224
0.2439312736256324
0.1082466680791769
-0.0587590385057717
-0.2761017082054821
-0.3119536864314995
-0.5591798186964132
-0.0579879013560638
-0.0127199005500051
-0.3780368505891375
-0.2039685566541352
-0.2581032232281414
-0.4756007931344525
0.1093982009954721
0.0888972060588053
-0.1142242602640422
0.3362730083159092
0.5208937632020266
0.0843857037699022
0.1162873876397094
-0.1400754094102480
-0.3752002379315201
0.4827274625840430
0.0013210185748039
0.1662037696621686
-0.2470788880619446
0.0470955265121941
-0.3326152463869710
