-0.1547056678297427
-0.0385093634385488
0.5037571271496770
-0.2553151278575519
0.0228559270708869
0.0588700204995972
0.5073042751848229
0.2090401029747183
-0.5068606150544174
-0.2853328356632644
-0.1107255725320194
-0.3332104014122966
-0.5205791716575390
0.4337474161430093
-0.2812432962975148
0.2744719994544388
0.2668699570612837
-0.3414599276630930
-0.0043183702139905
-0.0706684518153193
-0.1526588790963078
0.2434477259447378
0.0090967581052578
-0.1355755496974800
-0.1769979065757031
0.0875903687739880
-0.2130005142828255
0.2960646091404956
-0.3192182255264679
-0.3430355463518825
0.1817832343557430
-0.6673351455208308
0.3340025651135762
-0.0326661805458768
-0.1935783480466092
-0.5290317401065824
0.4518614038821699
0.1087152265384814
-0.3114191728155403
0.1168805496929114
0.3128206246921829
0.2400756681702807
-0.4372544095418872
0.0908877359083267
-0.4129419654325130
0.3055313542065390
0.0830690323265870
0.1600584611838829
0.3907402949381898
0.4848331295461975
-0.1454993911055881
-0.3843031564258357
0.2405894826126810
0.1902204520550487
0.2300936758897523
0.6919681995117736
0.2826033998308349
-0.1299658682151657
-0.3100263937932400
-0.4131793486038207
0.2782386452726384
-0.2397927359295829
0.0780349712684849
-0.0262512760859722
-0.0386184728703370
0.1200141274802555
-0.2827542266151918
-0.0690552803935496
0.2994805240156629
0.0158544387420430
-0.0203107996667482
0.1425050762414276
-0.2142797219428726
-0.5426332653751327
0.1477851127269634
-0.2788740180713167
-0.6038571232702796
0.2800662491153533
-0.4653957495795090
0.3468781180097489
0.0764122467849570
-0.5180557907708628
-0.0788607603189242
-0.4681227994761573
-0.2114208476076338
0.1133170026725705
0.1613268517616904
-0.0387399523904182
-0.2012034939982552
0.6604030149747238
-0.1238150781908718
-0.4134638909995759
-0.1020562013211168
-0.0459738500180014
-0.1459748790431571
0.2088706579532067
0.3102574131421883
0.3759630516143926
0.1484246957191933
-0.0565295008899940
0.1382929588948926
0.4187863771956793
-0.5628792867279910
-0.3613978208682365
-0.2914046810655668
-0.2081354356784978
0.0166251633341100
0.1449928984855066
-0.4355365342823733
0.1250100390968749
-0.3320871054927832
0.4704352264133647
-0.1910997720316958
0.0804515510356915
0.1120492983205441
-0.5570728286246005
-0.1564067662557635
-0.4006583121863281
0.1166006237280296
-0.2925530460751095
0.1354951868447898
0.2919131667368133
-0.2329744780741089
-0.0212367577942667
0.3368616134823706
0.1448639447387384
-0.7200992240033369
0.1132148840093596
-0.2500941722764408
-0.0157958898077393
0.3047219103154851
0.1964299786379871
-0.5246805948441911
-0.2147453448599894
-0.0362421726027456
0.0888818982628619
-0.1607003271589237
0.2616493659329788
-0.3851044694822546
0.1394118491473783
0.0641721336388333
0.5354071958922890
-0.3414325603279713
-0.0468131140454419
0.3031833614304227
0.4011204225269200
0.1382565265568547
-0.7023144658921165
0.0561962842990526
0.0568523279132885
0.4107785901494919
-0.0573348342796884
0.1616335113674886
-0.1675958749426744
-0.4576666100091833
0.2966285787761724
-0.5279389329072247
0.3387715194464218
-0.3509175520251417
0.1851354929435650
-0.0626696772061026
0.0642690289945455
-0.1973475123769878
0.0481718241277161
0.3198816346583579
-0.2495020097707628
-0.2101698390844555
0.0864513506333254
-0.3150703205148293
0.0354314712170036
-0.5457417290505684
-0.3971691278386939
-0.1848015794862875
-0.4477778852844108
0.1505103921597490
-0.2696135501001015
-0.0478744822390690
0.3717064234917842
-0.5363791520606929
-0.2240699799051180
0.1263825248916870
0.2153926956333910
-0.2530378226219877
-0.3699112027300138
-0.2758100418535713
0.1461558360285077
-0.4012115612991984
0.4215500718719973
0.3037287374094637
-0.2348901270942044
-0.1791320970134598
0.4358152184068103
-0.4374194700525260
-0.4010453495338740
0.2854070400973627
-0.0277177412934010
-0.0470206519837094
-0.1274293835750680
-0.3526046952336058
-0.3640431775910309
-0.1827782394472427
-0.2109761789724301
-0.1607709316146781
-0.3481925964094361
0.2280070889761366
-0.1073115054428134
-0.2843068033714810
-0.2711768787308332
0.5479671836593165
0.5260321467425717
-0.0340695778178356
-0.0165289461562338
0.1044776185417422
-0.0195044920112219
0.2309163039392394
0.2171179150334897
-0.7445190085530757
0.1685090532811876
0.1492975406378885
-0.0714429925630429
-0.0908740593243668
0.3830404849710065
0.1864232641164950
0.1313459828425887
-0.0968047718645162
0.1016707289548987
-0.8446915700405421
0.0087301701544987
-0.2270751680859412
-0.0695123466626916
0.0577341142834719
-0.0806564532297974
-0.2211222312221844
-0.0298546891857606
-0.0966091664095947
0.5195276565420454
0.1122532410229068
-0.0151745520107817
0.4392792807526839
0.5884001195102007
0.3183639210058676
0.1053482107754531
-0.1077897626105989
-0.3137463832772343
-0.3173349936278571
-0.2246817411280556
-0.5878509319160089
0.1241893020771445
-0.0193745884742755
0.3623972215549239
0.4624264062190098
-0.0024027027259499
0.1794948889424332
-0.1908482406936756
-0.1996832741849281
0.3256283710230043
0.4001619646703143
-0.0567176174362402
-0.0256399475387106
-0.0854296796883726
0.1383567462715020
-0.6354401407947051
0.3586724254979916
0.3078878192739710
0.0973410658325550
-0.4852294692166091
-0.5004814820639553
-0.0011708113760655
-0.0154260985763773
0.1182831976769277
-0.5236087690374911
0.2425683199693707
-0.3791416195573034
-0.0323690384567460
0.1120868406696453
0.0739374911462078
-0.2443261150014907
-0.3577334269700070
-0.1733506313459208
-0.4694074652418793
-0.0508088940256973
0.1770538636708811
-0.2190660302650563
-0.3247369395340273
0.6066620060203032
0.0325357177767013
-0.0858443820458962
-0.2773680097468649
-0.2433040286930764
-0.0818746789478654
0.3539099330954166
0.0739075673534911
0.0277395479958706
0.3503389971188858
-0.0638876696255326
-0.1703833063521486
-0.7499758967556609
0.3208294103467028
0.2582109178980250
-0.0686664299590997
0.4231671881248332
0.0493340064279489
0.2120527319803358
-0.0041621153668043
0.4833589523633639
-0.4953897746325546
-0.3222805909217727
-0.1275964347698168
-0.1266964092198912
-0.0047189442217287
0.1558593002891622
0.1188434999221151
-0.1240383248907399
-0.5988736843589617
-0.1814896633693020
0.2258772413998351
0.5554751680541571
0.0607330279743160
-0.4186579361871098
-0.5784893382995218
0.1432123539465124
-0.2332129194171087
-0.3062489249842231
-0.3909036161708491
-0.2057966493937192
0.3453681573498825
-0.0235023757414913
-0.0140397016232995
-0.0698527289285824
-0.4202352871184435
0.0734429790729682
-0.1642233335153333
-0.2123380249951640
-0.9067759924536248
0.1494564264346784
0.0491034472853383
0.0781061226975520
0.1959648978410441
-0.1620345717700268
0.0607487146398043
0.0333151602005363
