0.2415406495596052
-0.0503541343676736
0.2187136075478748
-0.1671909617602862
-0.4096219517943947
0.3067327930608797
-0.1919436805400786
-0.4259195170503796
0.1718337626325285
-0.4326204599600370
0.1260712810625258
-0.2132437531532679
-0.1090945622914768
0.1331550480254914
0.2640103701131284
-0.0762995302695755
-0.1545515417336291
0.2135462395087145
0.3013837628721406
-0.2257331281349205
-0.0760622809268678
-0.2671371358828620
0.2162111125679517
0.4148318391747625
0.5031215946113140
0.2958863559175150
-0.2633788520957955
-0.1340697751008686
0.1337312488770206
0.2020815929609456
0.0231755079163713
-0.0739085023804248
-0.1466298165108833
0.2686739269476854
-0.2640030693894441
-0.2444084402192970
-0.2408190510334344
-0.3516821812284490
0.0754026341381542
0.2393018413757845
0.1096632005588633
-0.0256157517490966
0.3724011464565460
0.4141781340347792
0.3574321966624266
0.1355124169869574
0.0471930904161917
0.2469795701979995
-0.1612493151390669
-0.3898145288854820
-0.2119583651614396
-0.5076879435760877
0.1086847869182451
-0.0720815478972147
0.0839596332253885
0.2881715284171147
-0.0231867037181401
0.0330200016479821
-0.2590826126799459
0.0094184571337767
-0.0182811676001881
0.3077585745757131
-0.0046032524239823
0.4983558267479681
0.0732350306512413
-0.1042412343725344
-0.6101301466834368
-0.0730822034407177
-0.2756878375695934
-0.2556923750225373
-0.2827608642449413
0.1962709952658309
-0.0668627965881848
-0.1595853198446916
0.1873012666114990
-0.4059264649624074
-0.0739723237440248
-0.1824693627452089
-0.1018745544548005
0.2595585511129959
0.0303710757781938
-0.2406962059020455
0.0511957020468516
-0.6415543246290338
0.0439343492866254
-0.3113871677128766
-0.3454269348626392
-0.0944906047948310
-0.3157645963183963
-0.2879154277671528
0.2171568695513412
0.0681668881560464
0.1707916745247658
-0.0338948456095387
0.1296481071363906
-0.1351142223342009
0.3676301898069511
-0.0626264928055951
-0.0306269646241080
-0.2194090648378342
0.2702940767349040
0.1426047236166073
0.2860520091048321
0.1351092803427190
0.2276854185496932
0.3143863310644365
-0.0740094479770962
-0.4805548222249938
0.0719888754697147
-0.3506084460455243
-0.0187044667914733
0.3206619159507628
-0.1813295695022491
-0.1738886014243742
-0.2930755080028811
0.1312480348636012
-0.3660723135153495
-0.0008172736740178
0.1343750666456329
-0.0891101250334590
-0.1668962721460797
-0.1334437266117565
0.2534969558632112
-0.1875610208941901
0.4335447375342880
-0.0949665096398857
0.4987396357816455
-0.2879823313648289
0.0750415716737463
0.0549669055943790
0.1779172556419768
0.0345241420937051
0.1768139207351346
-0.3414905189560625
0.5871225443769810
-0.0600649839662527
0.1087905646951998
0.2231046939935346
0.1437043674704578
-0.0867280822791272
-0.4944764845340345
-0.1840077486764526
-0.1125296811933881
-0.2854623313789549
0.5531075932237088
-0.1380200347828797
-0.2820419137848521
-0.3291065899158764
-0.2208102535001487
-0.2262283419869120
-0.1514923642538883
-0.0602770436340761
0.2942256449074159
0.0464819041900749
0.0314340324079151
0.2015633397521674
-0.1783457997595756
0.4059786117427130
-0.1689756219461831
-0.0715554911489935
0.1451211746015106
-0.0151692077689913
-0.1848054419378866
-0.1766282705750194
0.1375205634972512
-0.2881595491204417
0.3709605400226716
-0.3859438447784039
-0.0309105403454307
-0.1995693143018384
0.4120660534955223
-0.2103709701254069
-0.0735708657013493
0.1169207566074124
0.3369269114246230
0.3706835689554489
-0.0994168635924240
-0.0554692110210200
-0.2176206845143402
-0.3614660433750211
0.5703152431666404
-0.0640652711116218
-0.1068099666476698
0.1288144883478352
0.3096283171419619
0.2008496957798280
0.5014058225964348
-0.0738500891074155
-0.1591930088151619
0.1321564431280642
-0.0975359577044424
-0.0791497432658256
-0.1088088426417134
-0.3517409499292193
0.2246061836567603
0.4524126236062199
0.0821225584290480
0.2462009719217813
-0.1259384734421116
0.1233682187609441
-0.4495666753188379
0.3266078796784416
0.0315614540106407
0.1095526106464235
-0.0075360444256053
0.3749704244736001
-0.0386258994063201
0.2166614794903956
0.1451329975787572
-0.2791942416788434
-0.0982806665750448
-0.2462036112923983
0.1895399365571902
0.1359014774509812
0.0933053491754005
-0.1405502827024840
0.5448611060755794
0.0189256897223141
0.0013763765728281
0.2138749399209741
0.4519435365851115
0.0952453622243633
0.4362759264291596
0.0349184372989789
0.1276442140852727
-0.1740117034574021
0.1597519055161805
0.3315896311995203
0.1489320484472255
-0.1004934099612475
0.1195612604594215
0.0806041190686449
-0.2282428306188352
-0.2647114522541949
0.1803528999509908
0.3999055954675718
0.6359116577415076
-0.1033119323688618
-0.1608618590421537
-0.0965960729804846
0.1202989628607631
-0.3762378353908704
-0.1239098358413312
-0.1400999014024681
-0.3862211442904682
-0.1459106943538751
0.3492646935751487
0.1108444579294087
-0.5490429964352346
0.0582395896486563
0.0592412387003697
0.2570569702837223
-0.3098737858894658
0.0944650300360227
0.1128908318273497
-0.1102042687243159
0.3903419249683120
-0.2708989712925657
-0.0539694775452524
0.1097302764763445
-0.3191565284417237
0.4492994211094551
-0.2100276335005734
0.3087379362482350
0.0505922062467815
0.0286819122769552
-0.1033628719112485
0.1102103568302624
-0.3861209082752832
-0.1776800889360999
0.0991935672489602
0.3153102412723485
-0.2891110068448958
-0.2556097492802985
0.0795158531884233
0.1582842613917896
-0.1033658439035017
-0.3578243264669935
-0.1277674126147147
-0.0986717114482596
-0.1909944387744970
0.3105476908054587
0.6494295136413873
0.1266371251719010
-0.0204883143958614
-0.2647754652954663
-0.1037385734086492
-0.0540049126263694
-0.2862991545804295
-0.2154953968440234
-0.3146871928991335
-0.1264436456877471
-0.3396759596126973
0.3002039218945275
0.1391160611273730
0.0579672988078456
0.2323651602160901
0.5721220887378338
0.1528591244904037
0.1787295962214816
0.0265248804852722
0.2359405856181299
-0.0703123134090130
-0.1744135356235836
0.2635782059523037
-0.3080603716042811
0.2303101624828683
-0.3391799197094386
-0.3152785569798236
-0.0628711038347929
0.0944795446351011
-0.3730134762755285
0.0545977767755172
0.3896703228052905
-0.1619821759688758
-0.0208632518475362
0.1325050316098823
-0.3164344830173897
0.0163974486682489
-0.3415642630753324
0.1792857150409100
0.0170245780233923
0.1217222702726707
0.1636891973648034
0.0628058733307778
-0.1555856902395262
-0.8633663866491600
-0.1120688561522548
-0.0208573213067109
0.1040928840477946
0.1400518436295251
-0.1139861927612021
-0.2848402987683257
0.1090939116680971
0.0507398349409387
-0.0188723406885383
-0.0254742174376285
-0.4402820603714219
0.1837016422688128
-0.0492142503773755
0.3995683314725548
0.0778402476966734
-0.3957750355350452
-0.0333466076166587
-0.0280753322984432
0.1800887443287005
-0.1277179596857847
0.2439278621142389
0.1395816169028803
-0.5004214839840503
0.0081825586085226
0.2585848064835618
-0.3422625757325926
-0.0229399496862898
-0.3399092792987885
0.2743037158955204
0.2318842967948569
-0.0581191519676292
-0.2339991361290636
0.0645455458167633
0.1660199564975164
-0.0675137225962810
-0.0132443485110870
0.0460720801698227
-0.4930849670039674
-0.4926183101476502
0.0358173015464203
-0.2323189915468735
-0.3171143880735487
0.2757080822078639
0.0398261546218289
0.2647941699601954
0.0524746894290678
-0.0880378748465241
-0.0355119472917117
-0.0833359838998682
0.2945062173718621
0.2765554470171099
0.3254943891707822
0.0903541132789437
-0.1251122093402997
0.2319907881590378
0.6210686552167405
-0.0220191387424325
0.3288502883703623
0.1267343203040395
-0.3306496389562986
0.5890203948362639
-0.1245996439830031
-0.4791536033334081
-0.0083395383398188
-0.1068596114754924
-0.2190273946225731
0.1578271248255382
0.0845094470676983
0.1516134541584201
0.0237717788634749
0.1925975812324269
0.0928945564269901
0.1167077883272712
-0.0513490422904249
-0.0416299844435369
-0.1440861461703017
0.1091930268396724
-0.1930971136330138
-0.3289140124066282
-0.2077762915363587
-0.1165631190215126
0.3939159360695680
-0.3791856724271082
-0.2616478138420166
0.2299752994486750
-0.1962537936964333
0.0316823415476418
0.3262682881945905
0.4409618360300879
0.0831351248888302
-0.4446263517545898
-0.0913469701002397
-0.2033702058722663
-0.1013978415617764
-0.1273204268155707
0.0868555028695432
0.6047264931525733
0.2512754362503334
-0.0037170216650261
0.1705375414766490
0.1479799447732233
0.1065999715799564
-0.3935012755545426
-0.0388117446386978
-0.2532089807811818
0.0368410309089911
0.1639353334136214
-0.1874101426757066
0.1550467662159497
-0.0121063843061544
-0.2435830044643045
0.2991420694781065
0.4705044245826493
-0.1125359778384079
-0.0455417120935370
-0.2428357465389512
-0.2441338021319873
-0.2271016593185695
-0.1626910374329753
0.5715899927586854
0.0647972498097656
0.0002866012509612
0.1834629910113292
0.1920292079072967
-0.3615720788403575
-0.1541336544846210
0.1937247873234623
-0.2579297794438835
0.5760325873770213
-0.2052363958459860
0.0932444412668680
0.2436773598932347
0.0692716790762843
-0.2059477756418982
0.4067948511126936
0.0996384883200485
-0.0792829338380145
0.2267792290761939
0.3521565701231803
0.1293267845262563
0.0512795789545703
-0.2616513364858339
0.3060713940408128
0.1062394515406207
0.4555738715713684
0.0699879130552689
-0.3724229130565428
0.2404747060438483
-0.2113076047815366
0.3247109637176416
-0.2340368624310228
0.0642377252772161
0.1175302292834160
-0.1797263909021387
0.2241981272005942
-0.1220964409454782
0.0597532809664028
-0.4060263142345122
-0.0007583305381246
-0.1805092845297866
0.0924172121482771
0.2641754082966486
0.3871199345834907
-0.1199918094562731
-0.0051565248265025
0.1897335570551682
-0.5713228099679744
0.2314596398374528
0.2071615021058598
0.0050770762247617
0.1526948181974026
-0.1011172482293465
-0.1016871036631233
-0.2734314369872097
0.3986778549279245
0.2180677135891260
-0.3129137979964438
0.0337478513780670
-0.1084340329667174
-0.2067872856245012
0.3533675764721750
-0.4631114725677222
-0.1669811650102860
-0.2952575782897925
-0.2585686172315002
-0.3832892919729012
-0.4630802535492106
-0.1642096547953716
0.1963864204636415
0.0514162987982007
0.3700178696740208
-0.0727453792463088
-0.1607352161552229
0.3000303154170983
-0.0840730033624826
0.1993544103307865
-0.3271329016071972
-0.0890068296734980
0.0266105438487512
0.1164511186430451
0.3693145338125626
-0.2657460916956044
0.2526662284506558
-0.4025496116125393
-0.0419555972538854
-0.2176920743756579
-0.1619912863164336
-0.0749362684038340
-0.1404918773929411
0.2073076383090826
0.0592244699107740
-0.4450824869032338
0.0157614487923717
0.1224355023981869
0.1833253886240149
-0.5359727438777362
0.1484979160783294
-0.2749601289005609
-0.0967380209146055
-0.0043080848520389
0.1046652266290050
-0.2814760886333202
-0.2844696194730288
0.3682850197754333
-0.1660264417163080
-0.2285856434092882
0.4808104764016686
-0.1321057069087647
-0.4604653054448483
0.0729349442946660
0.0713211957785322
0.0070215683589167
0.2394766755933076
0.4112144531710692
0.1159102055440409
-0.1119006420781339
0.2848042851132670
0.2590987731459773
-0.1894267793470428
-0.0933938135080147
0.4731396351596774
0.1764409947768268
-0.0472447161491069
-0.0466338840679301
-0.3793036362681088
-0.0800948410499539
0.1036241841834966
-0.2939208507603508
-0.3244718607274210
0.2094607267419518
0.1331694978464879
-0.2169075115177624
-0.3171601500751720
-0.1440929801620568
0.0958975433514507
-0.2744558248386318
-0.1144165853417905
-0.4595549448517078
0.5612613959347886
-0.0526244041280552
0.0967518066059097
-0.0231426227023241
-0.0229445883426210
-0.1910579313518283
0.3106056483029569
-0.1513055560021724
-0.0231415296734963
0.5126459572699613
0.0090324051210335
-0.1596172964222793
0.1440642464581872
0.4149419677277449
0.1168584585537873
-0.0582126219109485
-0.2286211186961086
-0.0125436383709664
-0.1094862836754053
-0.4344952097643666
0.2101201896626806
0.0971338142506592
0.4140606699681728
0.1378446689617213
-0.1535210050069914
-0.1470217933347404
-0.0978030905489943
0.3928066162141152
-0.0056351019258625
0.1886693044829693
-0.1684196126738741
-0.5776519710589236
0.0887507068066115
-0.3885004732512194
-0.0662264801567087
0.3380477197736544
0.0045547665607692
0.3099342616106350
-0.0269430184195271
0.4564225226477164
0.0975634342383848
0.2298218108306479
0.1758004845184328
0.0471370442723838
0.0657112236291052
-0.1430897179599720
0.2517177129226961
0.2595502814842525
0.5633064506451010
0.3110842461107129
0.2814894829060561
0.2103434008318937
0.0069883320435021
-0.0381158289226246
0.0402914283189837
-0.4026212722929419
-0.0169348444836033
0.3854531473438555
-0.0900745549871028
-0.1140137815673704
-0.4139205621324005
0.1196497678043072
0.0221644084131584
0.0707717269107491
-0.2280785604355172
-0.2164025995557999
0.3319926129419051
-0.0265308523955256
-0.4012480622680383
-0.3239560506704396
0.0324961880141320
0.0022096287766531
-0.3117559651118507
0.2565967663256934
-0.2032215506260143
0.0486944503824996
-0.4277076598386292
-0.1016089604655905
-0.2285189416512773
0.3283395044585501
-0.1384634636840194
-0.0048905033339835
-0.5375848772743225
-0.1058683531895906
0.0751284750958769
-0.3306639656082477
0.0749714940343711
0.4197107991483406
0.4709461146451386
-0.3324472018711648
0.0462201529421735
0.2770530703108695
0.1638244755771258
0.2725583293495231
-0.1887689844603332
0.0232718843682684
-0.0855455811886455
0.1990514731027760
0.1122494685709459
0.1666216506075640
0.0138728567902596
-0.4192505977027369
0.1098597704691918
-0.0093653877304015
0.1795287666795296
-0.1218707160577968
-0.4002120836414396
0.1995237395957659
0.0475858960575985
0.1744500562863596
0.2728924580652352
-0.2885882264519449
-0.1851765323867385
0.2348449726280896
0.1984977137602295
-0.3194475867375934
-0.4735765711825156
-0.0471951246548743
0.3240468280699689
-0.0111305510162374
0.2754901496969554
0.0888568362625183
-0.2088146387423109
-0.1827026388232985
-0.0618054964618620
-0.3228295297105002
0.0551090965260438
-0.2131942100361492
0.0127694235612047
-0.3229510451780113
-0.6435066477266109
0.2670517270494574
-0.0977442954234870
0.0769639659524990
-0.2778831935678053
0.4632794869040699
-0.4894231907850362
0.3192921887655392
0.2020484775588272
0.1138461245819792
-0.3226883175664773
0.2320897175168101
0.1586160231813585
0.1140545156617782
0.0498928779741237
-0.3784587712133688
0.1112890884307883
-0.0237170241568285
0.1000413889146139
0.1038282746056227
0.1203639323725022
0.4896107974667386
0.2402613184262088
-0.0749480687885811
-0.0228691938087224
0.2760712381483908
-0.0065080355440525
-0.0516777203789957
-0.3751324182097552
0.0880972045853544
0.2110768163390662
-0.1546667549768876
0.2537977389278974
-0.3105137204357769
-0.2686796764030078
0.4066444141878311
0.0463259741823968
0.4208219230720717
-0.3925507143653780
-0.0313889709888813
0.3164374526183990
-0.3290396073790980
0.0899467234788888
0.3394299465839640
-0.0808666824173342
0.1084784821856666
-0.0007946006280378
0.4078090042525163
-0.2466571268551409
0.0579175996626196
0.0035144431452310
-0.2935803177597735
-0.0333615682976575
0.0116236944815616
0.0618426573724001
0.1667776125508024
0.2633329480463556
-0.1419853749538519
-0.0921966560032176
-0.0814085155846942
-0.0946254213697786
-0.0196977979086572
-0.0261703518070409
0.1702349133311892
-0.0071027506234988
0.1980179373307145
-0.1402060418506210
-0.3574555343010238
0.7986822979162023
-0.0161637759380586
-0.4591896606796110
-0.5892597881365818
0.3723150068145791
0.0333716973125614
0.1400296774324407
0.1018530521149945
0.2090994727445633
-0.0184223254193342
-0.1948351546346132
-0.3214257430333127
0.1379845111516584
0.0757827563863774
0.1814661413491507
-0.0677791789600354
-0.1558783317460062
