0.0404929209839691
0.6770276756187834
0.0321606824614066
-0.1820883486237490
0.0058904563043150
0.1097308968259191
0.0985858449869714
-0.4813880955310124
-0.1098120991866954
-0.4665441721928770
-0.1501731577750062
0.0914630751630229
-0.3207747609036052
0.2502604502482565
-0.0040166442458196
0.5857791260228699
-0.0503809539980327
0.2962868459285121
0.0413236448389663
-0.4456399681993112
-0.3855814419743439
0.2089369256615290
0.1556444233750100
0.3958285651023858
0.1313906245242547
-0.1684364930751630
0.1018530276556781
0.4108317165973114
-0.2772388836059861
0.4560223533348284
-0.4536311321719575
0.3075603235819009
0.0954522470267096
0.3009149887883383
-0.0015139604604901
-0.4883133714612949
-0.2417302859468108
-0.2166226108661982
-0.5888270191980860
-0.0989297247343063
0.0078761872951670
-0.4501487124194906
-0.0054695635038675
0.0800554763777040
-0.0679092463896434
0.2957318897482072
0.2357910655086382
-0.0480839299627323
0.3643331216435392
-0.5548342277765966
0.0541897524330028
0.3335362556406750
0.1777217983826132
0.1186650746866518
-0.4995922820071546
-0.4263317284172194
-0.3019131881281198
-0.2497840058021437
-0.5066269591804290
0.2546286794475554
0.1825511123062873
-0.3709917726825047
-0.1343268792343096
-0.0900543565785808
-0.0448851976920292
-0.3795563355565128
-0.4808811441884034
0.2117965822366160
-0.1044037508712078
-0.4248854095219914
0.0159786628177348
-0.1224725254363093
0.2424018325676864
0.2420432749014305
0.2278670710888065
-0.0458112409406357
0.5880878115586212
0.3024527908897960
0.1290491217139953
-0.3097715181951426
0.0365198904294523
0.6100105338563645
0.0022761169045364
-0.1400810448684499
-0.3441299897197467
0.2902386689778788
0.3561517516667898
0.2707910658066547
0.2790899167093632
-0.0376096017576056
0.1054414807566419
-0.0487379242373060
0.0132575455393438
-0.0634998276755170
-0.6090144789301325
0.2611383048380516
0.3515793786779230
-0.5562673573058052
0.1756694975781553
