-0.0532489835306421
0.2614147620189950
0.4431360230984778
0.1018012022278781
-0.2013859289945185
0.2184603157107228
-0.0176404960327817
-0.3011647315129347
-0.0840181891679815
0.2473406966502683
-0.1761256183645931
0.4453522887907252
0.2333991581103837
0.0611928193548603
0.4238405458596879
0.0857050540875513
-0.2568674221062010
-0.2641312453693302
-0.1402387837327989
-0.0578356706289827
-0.1497357573421532
-0.1034112138564825
0.2591547122208172
0.1697338018121902
0.3623525668088234
0.1986339908690324
0.0595190170645244
0.6464707735982765
0.2850428493864477
-0.0308577077670238
0.0151246466164901
0.1936603427069984
0.0163301002867740
-0.2521371364874179
0.2298268837376694
-0.2314566747242807
-0.2170926072818998
-0.1517754769925774
-0.0313034024929394
-0.0148063510257484
0.4258159554997851
-0.4808866799746978
-0.0433016805358631
0.1940214299221821
0.0263524605683623
0.2670671230937419
-0.4292805975394640
-0.2236331086701488
0.1900437203226688
0.5822801249912387
-0.1908181092767332
-0.0605439093099688
-0.4333511788828172
0.0903028114372506
0.1783790755398330
0.1997791547406257
-0.0030697996137721
0.0254789400277797
0.4335507779071096
0.1876317586805821
0.2173322919660631
0.0792350523968531
0.0431602303810598
0.1946088365968158
0.3786576420901938
0.5503507213168306
-0.0146115487389869
0.0738158802703489
-0.0661246220812552
-0.1872164064869765
-0.2452253793153729
-0.3950604872690192
0.1934701920792224
0.0970448723166221
-0.1199625679720938
0.2021552699509577
-0.0249936182395995
0.2062183093178268
-0.2587062246559172
-0.2832908262816846
0.0370842935214203
0.2385534321494733
-0.2820989907300693
-0.0288904268434048
0.0669245783220621
-0.4295128734679478
0.3453652953074656
-0.4468902894315893
-0.2430731253576627
-0.0422080959614299
-0.1096515885610352
0.2401888760081886
0.0420741340839584
0.1796073613765498
0.1576952830914096
0.4048173887119428
0.2076950942828157
-0.2487941850658748
-0.1216552969624586
0.0331239201787193
0.1507601159208501
0.0162828378398969
0.4788965442124106
-0.0295363761386790
0.3284966777840833
0.2734815206743753
-0.3191914141752422
-0.0961472159631827
-0.3102000548451802
-0.0674199629929091
-0.1758115328950392
0.4476048245557839
0.3930818407667022
0.0614789440405829
-0.0813408506632882
-0.6671348376979200
0.3664439246550804
-0.0426725915121512
0.2043844709792688
-0.1379713265804005
0.0188949664559488
-0.0467695579349371
0.2377039251491726
0.3043632737620752
-0.0547946542444961
-0.0625068257618055
-0.1564798285331178
-0.1001524709221363
0.1316718313952101
-0.3877188590730386
-0.0300190655297416
-0.0747823811715591
0.0713030912627294
0.2259116020044055
0.0201610885690211
0.1441315991059885
-0.3660612026395389
0.0961950233084134
-0.1242000338060515
0.4849255994767123
0.0879548726581404
-0.2826061135958829
0.2232231919777305
-0.4661318007762608
0.3767098857302073
0.1238681837329216
0.0324395651756862
0.5064953003978433
-0.1076613691231047
0.1474449669001120
0.0519939203741377
0.0693324024243180
-0.0027549546423623
-0.0250842112916947
0.2507987150305819
-0.1137762926000535
-0.1856527799857334
-0.5573986018708872
-0.3139923825212292
0.1551836391991607
-0.0521806060548042
0.1899945868147492
-0.4111504056108398
0.2225764740366090
0.0588826753328176
0.3904955669896750
0.0305869222239793
0.1205384839362572
0.1919220994728920
-0.4345940715672684
0.1396949677222095
-0.3447278598400704
0.2299836082728346
-0.2158135568337924
0.3059657327847745
-0.1184660018752289
0.0959952453754824
-0.0752210083023479
0.0462095734215151
-0.2471029291557430
0.1319286452976423
-0.3514925377941247
0.5275090468054664
0.1819063539698040
-0.2807811968969188
0.1909086976451080
-0.1571833962615777
-0.2983318996218493
-0.2570511728986176
-0.0065406263899289
0.2544122133196455
-0.3313415602106937
0.2599770049184622
-0.5214200333675520
-0.0537858972122036
0.1130588604069984
-0.2404734426598235
-0.0925215979722353
-0.2277846738047860
0.2761467240946887
-0.1497318550705086
-0.0802072381501923
-0.3719639368005077
0.0771047453820328
0.2223395711248252
-0.1676340951144045
-0.3366029160358258
0.2938274054012941
-0.0401860758942377
-0.1301343191331207
-0.0431821275712299
0.3837645670776597
0.3570810934407633
0.1074476250202027
-0.2226184790794358
0.0207057730910409
0.1572639683949754
-0.1671798816499531
0.1846577723581501
-0.1775419634254032
0.0874676151816227
0.6778194537607920
-0.0596916933639739
-0.2330600339139695
-0.2271438128112480
0.0160292104521594
0.1910818398924951
0.1961999071595469
-0.3737374722177575
-0.2054700355523487
0.6792161495216243
-0.1105484464043380
0.1648389899509176
-0.3244909548717778
0.1890442127478272
-0.0933870300066181
0.0639845965333336
-0.1602215514227510
0.0941043897387286
-0.0462944352406581
-0.2991024724209790
0.0879029380871060
-0.3696356952070476
0.0844725790700033
0.2638286910188784
-0.3244385068957782
-0.2553867026164392
0.3038803027672696
-0.0882383945655881
-0.0053813996977519
0.0435857892204683
-0.0813053589074948
0.5619813623682353
0.0742134145793657
-0.0196449442131837
0.2976091882040309
-0.0179804387319419
0.2347896789982422
0.3574258994531095
-0.0834011825292882
0.2424441569140160
0.2978318935076849
0.3270812897900523
0.5383767543946356
-0.0168636205219745
0.2836782333268151
0.0752946168982863
0.3162270089387529
-0.2543750608558779
-0.0838383342817113
0.0102959987197351
0.0851980401738915
-0.1182364964455944
-0.0224020606020251
0.4842592472861748
0.0264322548792370
-0.2521868174594964
0.1448071572359876
-0.0057872865527753
-0.4001369224304423
0.0024125588019165
0.0671283257699687
-0.2192984039143683
-0.2707538190764434
0.3046364254700566
-0.2717129660490384
-0.4609491589755197
-0.0241945236967969
-0.0287969303898090
0.1861026738230149
0.2297858815228682
0.2278215318131451
0.7111189128133039
0.0263920904664882
0.0155440338490479
-0.3411000560694167
-0.0157387269418545
0.1999902514715838
0.1178856485911310
0.0900912301877634
0.0462543847281870
-0.0369472752497257
-0.3329626465828674
0.2454156813815090
-0.0000444727198717
0.2110349827863892
0.2069166915922457
0.2815611113991465
-0.2889147083610938
-0.3263975842169092
-0.0064102311526392
0.3722772604181064
-0.0274229984077373
-0.0259011006442187
0.2825538458687060
-0.0316259603812803
-0.4918147201731806
0.2615779217520046
-0.1676244076838526
-0.2899518593713443
-0.2721226261368961
-0.2575795609400710
0.1415261066894854
0.1002531501457456
-0.0867258919257483
-0.0055020680259831
-0.0851662571185068
-0.5666249674087577
0.1684849429750995
0.1709314663777887
0.2767931469491178
-0.0769185560864546
-0.2529676351993829
-0.3004526577762952
0.2445834125406466
0.3734056676417484
0.1780863657779753
-0.0859788990921923
0.5531835353321396
-0.1707025301307449
0.2990270497975456
0.2513717161260019
0.2531194487062602
0.0295706715995801
0.0101874815240084
-0.3736475223528737
-0.0035127694074666
-0.1270493918949954
0.3234730620381849
0.1009736076448498
0.2891668766841340
-0.2321089925484262
-0.0757148908508159
0.2446551203912910
-0.2599538741944001
-0.0642475617919739
0.2433667920941693
0.2720254678264846
0.1259674800810590
-0.0530615668023623
-0.0182976014979339
0.2897671567178934
-0.3183851735090477
-0.0951092254381345
-0.2176813260566657
-0.3905751651008166
-0.3750889786542290
-0.4188773363324801
0.1677919852266135
0.2023801820496754
0.1249610746216122
-0.1026308369898739
0.3521347753646537
-0.1540445335879090
-0.3938138297285687
0.0842322235026404
0.1601769314739243
-0.4108342503366693
-0.2104509844119056
0.0048501077630635
0.2089098412486949
-0.5218789740506408
-0.1726688167383405
-0.1012751589109493
-0.3279319290469260
-0.1017894963524946
0.0657811599718922
0.0674188877716639
-0.2781760668535956
-0.3405960159390246
-0.0564396424210082
-0.2036913131389313
0.2205024574183211
0.4262363612723935
-0.0260294021427214
0.0450164836383510
0.0224011263689072
-0.1421039681528725
0.1040305952417905
-0.6088049198492388
0.5111458682414439
-0.0226388895894725
-0.5240260635353601
0.0352808638464066
-0.0284283666498196
-0.2761408462322136
0.0931312744454856
0.0945478702536160
0.2094387890981034
0.2730898734682904
-0.0285655608390506
-0.0080810578524584
0.3230500200341859
-0.3223571408836157
0.0993138914012099
-0.1738734698633422
-0.0330116927981455
0.2585606209964899
-0.2094431671301065
-0.1703995947615818
-0.2008698389902536
-0.0895897436034035
-0.1378984429682852
-0.2130884374290995
-0.0141289931029218
-0.6286302284997609
0.2395659527595344
0.1102332927562014
-0.4851091573397429
-0.1944000536552768
0.0138883063177792
0.0901250049127017
-0.0137695609828235
-0.2370489663528700
-0.4763363413945523
-0.2496546190529120
-0.0297336721635137
0.3274630386016677
-0.1285139185821009
-0.2237088421642760
0.5954852671403044
0.1463314228960177
0.1082323786471620
0.0119871682335178
-0.1906466685409045
0.1431574704458616
0.0407770085440884
-0.1825933592921153
0.2692942195375783
-0.0070055618988100
-0.3084508734968792
0.2520642522392301
0.0284636103586069
0.2229850295919754
0.1215245428946718
-0.2042835253792122
-0.0326223298935559
0.0258368529954452
-0.6115356931746214
-0.0541261636434866
-0.0711692004342507
0.2968466395566811
0.3800021841286749
-0.2133044668015492
-0.0959341768989881
0.1084717614957770
-0.2905332595634311
0.5562269382606368
-0.0754332540854461
0.1419652488678103
0.2285143668987744
-0.3060944894640741
-0.2582663108340534
0.1095990300375031
0.1119807258781480
0.2024164805182045
0.4187698172037367
-0.0043874558462603
-0.1817845874553900
-0.2698462039336053
-0.2995115235941593
0.3259956381778999
0.1027812849473356
-0.3711258556494078
-0.2935186085900302
0.0558932279509824
-0.1348649998076811
0.3159703091898248
-0.2754217367110187
0.4283801121566171
-0.0944365094378929
-0.3707815944084167
-0.0039327381150552
0.1278573786442539
-0.1619302132615985
0.0083665162052565
-0.0513300061436913
0.1756985998775994
0.1751801544177058
0.2857039320240189
0.2335676325064389
-0.2181798924357106
-0.1222480122264766
0.2183041398877179
0.2717308766516236
-0.1768921470869371
-0.5010972027600253
0.3723111333480407
-0.1048906978065392
0.3037245956864256
0.0123407051306774
0.3019558935028800
0.4612073850880873
-0.0567081850681818
0.0865833868434666
-0.0254430300445866
-0.3816925201350098
0.4037651288094276
-0.2102655338258294
-0.0630081305395084
0.1431162564620003
0.2840065642834520
-0.0327011700526694
-0.3833823128397905
0.0867695718487729
0.0644142189788945
0.1904482456344602
0.3491257372652168
-0.3622718093921449
0.1157839534209574
-0.1673609685717907
-0.1635146163671115
-0.0664144712430548
-0.0451005300900576
0.1967260171229522
0.0357365301970486
-0.1354674343301930
-0.4575718409712179
-0.6321248800728705
-0.2924244890084792
0.0139233516375473
-0.0726106225051872
-0.1201779327354137
0.1464823011278951
0.0923403075462157
0.0199852248596593
-0.1646746010465230
-0.3551661860875062
-0.3954763133608781
0.3457251704924775
-0.0671408356665734
-0.3108528872693304
-0.4579404645289095
-0.1191228647920192
-0.1780983097567770
0.2564567267109426
0.0658819691852012
0.2474704167303693
-0.2713758192093191
0.0115166959618964
-0.0124529968447060
0.3841670221229657
0.1483109663028482
-0.2071913123533663
-0.1789757644215876
0.1179701111901917
0.1880364443356382
0.1800766778500983
0.6711810566938317
0.0880500339140136
-0.3595592022205563
-0.0895715362900841
0.2188952942665419
-0.0924066696177688
0.0895936647991774
-0.1165237619034914
-0.1666473404948541
-0.1866000105644809
-0.3021519490092239
0.3286208326271729
-0.1495479779070397
0.4386459338140757
0.1815258608421260
0.2899774311351540
0.0314449999754375
-0.2962976711329490
-0.1387427603858024
0.3077421708651208
-0.3567072121190585
0.0791267655537455
-0.2576795415667817
-0.0606013596334677
-0.3364084869073913
0.0373509649039016
-0.0945021867478787
-0.2546971411810090
0.1526387733138022
0.4000374907355489
0.4540947609509937
0.0463758024850300
0.1384913825339403
-0.0308855341649210
0.1757765237562268
-0.1332879377764763
0.3083325612646532
0.2493141075670469
-0.4397633937279612
0.0231604682823662
0.5861933863024837
-0.1393622911861609
0.1145356802000897
0.0976863046205478
-0.0740486469623272
-0.1935836073885882
0.3737885054581671
-0.1738170231152123
-0.1538206663657992
-0.0209817808796121
0.1824746999654637
-0.2634104627389829
0.1980424337182441
0.3317207890674430
-0.3536722933013362
0.0167245615156949
