0.1279333092127672
-0.3759970189681847
-0.2575262501254378
-0.4319645803319602
0.3233907672115070
-0.0042520399805117
-0.3686741117766481
0.2266247018857907
-0.0813465338639434
0.2829566228330264
-0.2613824186000681
-0.2905749891117705
0.1985524105451802
-0.1364102482752972
-0.1051888457732659
-0.5298623820713176
0.4718354462835608
0.1174627803704065
-0.0898524679700316
0.3235162396865541
0.3297893995121561
0.0107784522697730
-0.0382609422303552
0.0043971585083626
-0.1113867826394798
0.1099870840132772
-0.2241782327216605
0.4170110724159043
0.1380535696660798
-0.2537247901183097
-0.0728238876454597
0.1544180050881054
0.0555734898641535
0.4194293822683522
-0.0133692985976221
-0.2486105346696566
-0.0760858738028315
0.3839608542460971
-0.0871922184686943
-0.4937302674780252
-0.4722246851461459
-0.1372520938373684
0.2434135913537873
0.0561196985965562
0.1677554856669400
-0.3887082502760263
-0.1689175677828514
-0.1112479617330168
0.1892607462228758
-0.0366666510450363
0.2814738549698989
0.2457537557840164
0.1309041636660149
-0.1249020634602054
-0.2629271650908479
-0.6624209461789140
-0.0430359700599185
0.1895716802126595
0.0317890105272755
0.2423128349081405
0.0116674597643751
-0.0438599018291192
-0.2296453828745569
-0.1045017011797669
-0.1680591365473127
-0.1040308420088085
-0.3998097615570959
-0.7478509885734999
0.2802027878060372
0.0076266541077802
0.1463721250993196
-0.2202113653054219
-0.4383251141050095
-0.1769976529435489
-0.3116067783479964
-0.1744025974665121
0.1214142234811666
-0.1882099146873051
-0.0974464785872504
-0.4025283843065928
-0.3421456905152662
-0.3064719595953646
-0.2755427672158454
-0.2655337574264858
0.5138952607564899
0.3566898576276325
0.3001714616232797
0.0397471468029735
-0.3197837775436765
-0.3867867065782264
-0.0504964385421628
0.1642955368265665
0.2140588777757099
-0.0693203162961313
0.2064918054096379
-0.3211697862962631
0.1196789663278236
0.1576523649522941
-0.3406894969004325
-0.4944767213955261
-0.0079604640865868
-0.0097753517528141
0.2738893753019908
0.2417904166500144
-0.0361351559562106
0.0468432970167251
0.1433961730719487
-0.3631792737610166
0.2698379152118561
-0.5224902360904060
0.0597544004962453
0.0211113650719969
-0.1942192008905002
0.0734216986391718
0.3159614580835057
0.1127973580234601
-0.1334324480545410
0.5829559212838483
-0.2871888525740620
-0.4342806077170236
0.3011646871936641
-0.1891114641533261
-0.0909024263693014
-0.0192476071247792
0.2545378450017138
0.1254105691033263
0.1758410506703568
-0.2782327986625306
-0.1921926430156425
0.2683304816456412
0.3021849383034067
-0.0553053852915084
-0.3453122538396851
0.1328750737917976
0.1115027150818780
-0.2023641698316299
0.0398191970213268
0.1771769857302309
-0.4933345113419222
-0.4708674009360003
0.0853785753452163
-0.1630074151800345
-0.1611731363085415
-0.3653052640061806
-0.2334875320786896
0.0902688112679286
0.3069875378888794
0.4134491182772779
0.3476797700442314
0.1379508023186649
-0.0317260484290807
-0.4385291181193542
-0.2245353371627956
0.3085868830042607
-0.3677424696809828
-0.0470130018280305
-0.2560919150456943
-0.1340481650839252
-0.2241795917057388
-0.1940333153231368
0.1152126214174758
0.3128193792155169
0.2953509724008673
0.5497410595120997
0.0134240544550381
0.1452855687484053
0.3528581316607565
-0.2114794386773812
0.4361667039830451
-0.1220259432297156
0.0987175279472055
-0.1012570068381245
0.0544289537812658
0.4534505612739559
0.2796742241158180
-0.0153426459668569
0.3082076910029992
0.4608006251994877
-0.2573630379496802
0.1120193819959815
0.3177717316981413
-0.0272948185317128
-0.1339377961068878
0.1913860361005347
0.1128742922614070
0.2899080977364257
0.3628463310390180
-0.1481283789356619
0.3646521689668998
0.0553716444243124
-0.1218748801602344
0.1250360493057862
0.2246808096632736
-0.4665443670655131
-0.2536496047806461
0.4427610036159856
0.0760908683283891
0.1050802596278885
-0.0323579981071655
-0.3500682155976900
-0.0530335661502186
-0.3533575343543323
-0.1303439602450250
-0.3826025762547708
0.5192598956148586
0.1253798779632102
-0.4935392383196330
-0.0859700331739907
0.1411194865470211
0.1108496675105859
0.4089636234415064
-0.2214125123553870
0.1392212303424296
-0.1474396710393131
0.3335781807844118
-0.0556258930383940
-0.0977400416369430
0.0799116400506261
0.0149269944942673
-0.1427199527114197
0.5651550875441045
0.0832229341372676
0.4026147749147299
-0.3213717957190383
-0.0040665998686079
0.0821836021651322
0.1566651260411014
-0.0741742930123292
0.0744756464868454
-0.2148186606257314
-0.2086024273011882
-0.7105561659501591
0.0486561544833447
0.0918659614911861
0.4604437297011025
-0.3725991909248063
-0.0137591175503685
-0.0353573112165016
-0.3301646237304628
0.3802210249912111
-0.4442819740255202
0.0474977876063049
0.0867081838193148
0.5651088035301394
-0.0492060825124368
0.1640483833241589
0.0596229493117910
0.2103441635345958
0.1444056043508935
-0.3011812375928932
0.1237635255758002
0.1261004028441500
0.3706106581722694
0.1520133181930667
-0.3077448854194743
0.5164467312578489
0.0063824985931118
0.0046320358635191
0.1483982042461898
0.0257417209272708
0.2344678171036305
0.4157705818031059
0.4533987839748724
0.0546994550779138
-0.0769428267012671
-0.1142176646637284
-0.1617248907181751
-0.1083469214171369
0.1600696502062869
-0.2349510735119040
-0.7806145136337607
-0.1097771225952841
0.1439634370957597
0.2592351633558223
-0.3440528077924402
0.0243533380777959
0.0673175187410269
0.1156241751384973
-0.1690254216093239
-0.0806704209548799
-0.1588046614297554
0.2678567990127197
0.3110996059421529
-0.2617395761135388
0.1779711362284946
-0.0132109197785739
0.1477332520243706
0.6523606159782778
-0.1361348744711711
-0.0182745764988898
0.0580037366967391
-0.3457109425446374
0.2593697365151885
-0.2224313147129495
-0.0379722475823545
-0.0815791763596144
0.4974778788203452
0.4673578547379028
-0.3730597051316746
-0.1320295995916431
0.0511867165015398
-0.1976233513617277
0.0319700748380768
0.5017761063276700
-0.0955272637834536
-0.1202132943582767
0.1469227191885150
-0.1724835880298038
-0.3511914923006100
-0.5465007625730154
-0.1246944342581205
-0.0159214645998331
-0.0685700745536658
-0.4972527770732693
0.0943496578586565
-0.2536794850425896
-0.1884947940956033
0.2122077280404421
-0.1092392681753329
-0.2330036933575201
0.0829415175794762
0.2886456259197253
-0.0448403903696028
0.2223434017357909
-0.3526201170777416
-0.1748733010043870
-0.0595143640968173
-0.3491535317829612
-0.2477603001160460
0.0251613661174869
0.1305398513815085
0.2937724164173406
0.3147795168469273
0.1136196184456171
-0.0976547603961578
0.6174850801262964
-0.0152198523848930
-0.1475184047994524
-0.4820546023192775
0.4241097458196578
-0.2979258681459467
-0.0398847284265096
-0.3130387987447093
0.1069580926947353
-0.4500509265413177
0.2853261896130397
-0.2002667041384440
0.0293067511585118
0.0507306493363434
-0.1961655281795790
0.0449061165647841
-0.0276938509382106
0.1538641450107972
-0.0640373275679390
-0.3126440968367205
0.0014131450900270
-0.3631327768167500
0.2149959310663653
0.4196782147193587
-0.4207934361592768
-0.1020674820397869
0.2416255321578869
-0.3971128399147322
0.3375031088794245
0.4141221359425356
-0.2097085791083543
0.0351200962194021
0.3564645259154401
0.1300312515354343
-0.2427667697646383
-0.1723846510589169
0.2103492051423141
0.1223928462521084
0.3315233393766575
-0.4123889584443671
-0.0561877326803897
-0.1959982530810242
0.4121807117601246
-0.4088670888164848
0.0787337570420086
-0.4321302359706934
-0.0232443467998158
0.1456828270249265
-0.1597576587583165
0.2627689212183907
-0.2355722585570927
0.5335940102066318
-0.0425128262224400
0.1691090449454589
-0.0725622300788239
-0.3669716452510964
-0.1140299313696950
-0.3500934894693327
-0.1102084539106839
0.3220933367549046
0.0023569231146965
0.2818121588731500
0.1856397347186318
-0.1393251909254045
0.2629297131881041
0.5338301683431038
0.2221009324345765
-0.3748906487751789
-0.0905858052384393
-0.2220463353662619
-0.1635799230642477
-0.3558664434635404
0.2735265848135074
0.0206820571493532
0.0806735362834329
-0.2973317032655942
0.1365408527771550
-0.4812987318404384
-0.1093322548694260
0.1338128676526913
0.3266652710372187
0.2436211745330227
0.2368408509148008
-0.3670613776325173
-0.2572153849575351
-0.2810941750640064
-0.3320975553553186
0.0511333598459948
0.5855636192195457
0.3194097161437025
-0.2534752156984644
0.3591924844764764
0.1600381162709575
0.1903904796496868
-0.0711948118494581
0.0436914776086809
0.2361784411852677
0.1846824651152601
-0.1057362961912814
0.0590373538443104
0.4343188555738302
0.0879979068392774
0.1809265110760573
0.2716438228683429
-0.3895439536360724
0.2105770812176231
0.1605620477868596
0.1798655485006936
-0.3943985218330152
-0.4462978868171606
-0.0489545752741454
-0.2512524548714178
-0.1383401316577601
-0.1553990975706568
-0.2368143641631174
0.0482907736165028
0.2687682452593022
-0.0081580297938666
-0.3254605580264803
-0.6970883342080919
0.0449125575810187
0.3349703493512484
0.0117305703191822
0.1083105701547607
-0.0535178326318520
0.3515393085605555
0.0272641233288090
0.0451642914934050
-0.2989227998900729
0.4489175729825201
-0.1777031038333476
0.0592474195480965
-0.1649072903790491
-0.3516185153622835
0.3014800789096975
-0.0809617417805220
0.2226031048027617
0.3861961947544535
-0.2172607555767819
-0.4143237829612484
0.0784129886123193
-0.5397245775127444
0.1861323205067597
0.3870483204915000
-0.1716783590350988
0.1683736578848835
-0.3671451857609385
0.3023440811972403
-0.1024135835349766
-0.1709512692504671
0.2590847110106503
-0.0327148274557397
0.2374127806903012
-0.2158999378227087
-0.1712583465134102
-0.0861310459442238
0.3729533061017525
0.0171066115959074
0.0082659851531733
0.4389588510385469
0.0949628986401830
-0.3752543348208616
0.2710856891009011
-0.4680742355279066
0.1772434317596748
-0.2367230376667317
0.0666912339907608
-0.3512507164860774
0.0524300763756604
-0.2043717618890790
0.0728872615210037
-0.1044014502060729
0.4396643210378730
-0.4269692095541546
0.0317502450515157
-0.0039508921406063
0.4295425971076308
0.3247833598880664
-0.2244674651017342
0.0507292476883498
-0.3154274860801782
-0.0760332307505005
-0.3422910082533081
