-0.0702930087417291
-0.1241754765330806
0.4238454492262360
-0.3245029269180025
0.0828276768972465
-0.0592202227678322
0.0688601010677719
-0.0952599268393144
-0.3609707191540356
-0.4706611177093655
0.5639475240989800
0.0254959951548352
0.1753414387201953
0.5993342827195697
0.1552410605576273
0.0218080026437629
-0.3172911563256561
0.0264599832390348
0.2247345404950230
0.3751996720835385
-0.1893880587274068
-0.1898358903128597
0.4639313550323066
0.0754082298033445
-0.6080927445457969
0.1014693444525668
0.1972711856434337
0.0006015755341268
-0.3816353122762299
0.3823522841376588
-0.2992744927675636
-0.1531196560493560
-0.0009286071577370
0.3721870461592713
-0.1811883594449929
-0.0693396747831746
0.1709603255524010
-0.1808715744867142
-0.1199339049875277
-0.4430884112022794
-0.1877351155672525
0.3614422121136390
0.0519201608432938
-0.2490241400426970
-0.1128969879139783
0.5603015079523054
-0.3411546881320521
0.2316956112091760
0.1671543891239870
0.1098124474182342
0.4426772222074153
0.1423346211765218
-0.2371023638156408
0.2372205922015338
-0.2209700557415639
0.5636917723426000
0.1113282467534469
0.4595782153678886
-0.1442764375312587
0.1424403177356882
-0.1295660180315703
0.2757891126127657
-0.3957416459353341
-0.5121972351859642
-0.0635085697134444
-0.3639714360368244
-0.1021181536150615
0.3030649828929062
0.0432281584727625
0.0076104990680734
0.3507081384807564
-0.3528281687548793
-0.0366636543620653
0.1281314393948693
-0.4963708287637539
-0.1373063688220038
0.4957297774818369
0.0124729635376368
0.0501957169574221
0.2367664305391635
-0.3633701359387596
0.3512290906599295
-0.2502336198547622
-0.3074133017037778
-0.0040725563531370
-0.0575882000407983
-0.1288408541593381
0.4794624629580033
-0.1798900123834394
0.2103184917113534
-0.2473692619033333
-0.3700820259160768
-0.3872199113914656
-0.0045235007507165
-0.3541376254981189
-0.4472841072878030
-0.3330936971362746
0.1656076541896114
-0.4382528396124907
-0.1239334394160594
-0.1191276652977590
-0.0326280734723021
0.2826298167096292
-0.3916052259660491
-0.0542995496426113
0.5506341832583930
0.3067707888884174
-0.0738418924032885
-0.0570479467766382
-0.0613955054919089
0.1991284435639751
0.0143230141503986
-0.2435001651352754
-0.2383366421283928
0.1729559688587237
0.0300921140972699
-0.3288975589936841
0.6568438636645387
-0.3055102133431826
-0.4162317791855787
0.1176586603067210
-0.4118051893375836
-0.5243520809994638
0.2585468392340153
0.2113845680394320
0.2973321049613385
0.5519299489971140
-0.0204671323809965
-0.1350747880635901
-0.0446917488073920
-0.1163874209734201
0.0534544840640145
0.4537948656874493
0.4109652936766859
0.5037513204438175
-0.0369090568968047
0.3884174675420186
0.0433755918994942
-0.1064517527636109
-0.1325686289211293
-0.0271217382261171
-0.0917098163397191
0.1862197201166799
0.3802236507325377
-0.3003259084889062
-0.6026188519857911
0.2581956053194189
0.1194247410536024
-0.0392728314270777
-0.1949500011603287
0.4449015828162039
0.0515477999476519
0.0903472350505776
-0.4522016992116376
-0.0589670735347610
-0.0972577031124533
-0.5965488333670719
-0.0025333701009641
0.2130084192976441
-0.1123627828016702
0.1678151784510483
-0.0206406200536601
-0.3037218831684917
-0.2339814161492696
0.0076286284296279
-0.5408850030470884
-0.3343411439531975
-0.0783840036449570
0.0738585104005150
-0.1080331225827378
-0.3958376708414060
0.4439623211578581
-0.1161468750441595
-0.2695258128507779
0.0193874041609677
-0.0189837047806362
0.1284272666143483
-0.5518675388043904
-0.4697244835928021
0.0228213508835410
-0.4826018909154587
0.1995123233676578
-0.1070558965676518
0.1620642774322331
0.1796280445668215
0.0483092806071219
0.3520417929232672
-0.3272199074499842
-0.2136405494838255
0.1657379180090996
-0.5782824667437868
0.1282036923135382
0.1381423072553794
-0.3473316529126009
0.0037735971346801
0.1877134870868439
-0.2740711843344813
0.0414990564790601
0.4079197868542848
-0.3267897405729701
-0.2377837926557811
0.0177433321190373
0.4672207850108034
-0.4470440022065013
0.0540631245791412
0.2894170697196636
0.3851868053293391
0.2259251845021917
0.1917596437780796
0.0478034151093597
0.3929039799177007
-0.3677001721793509
-0.2554838487929537
-0.4522858487343004
-0.1390421946168149
-0.3100044756875581
-0.0353579389590304
0.4113289145478100
0.1661711117979981
-0.3381929988985419
0.3912601688243615
0.3323331223462889
-0.1998653339849169
0.3609734501307507
-0.1130042279720272
-0.3427734352149348
0.0593747885116501
-0.3464162828517343
0.1595960986489594
0.1490431411389691
0.2122829037786880
-0.3915585921561967
-0.3371043289498765
0.5860761116465522
-0.3391094406854639
0.0650367997310363
-0.1351516771711794
-0.1860844116068674
0.0997475907537143
0.3387337653382488
-0.0104666178581637
-0.1778214924723475
0.0972962348040487
-0.4166119622632521
0.4123163034845542
0.1350227679710954
0.3684934730805470
-0.1159216338495935
-0.1461738349404995
-0.3934869324800630
-0.3230332547356572
0.4089345861035426
0.1295620577355601
-0.1936041701194022
0.4837953112850298
0.3746996487152656
0.1977281496332064
-0.4519116295254052
0.0407792783795660
0.2243048351291415
0.0391345831234532
0.3026736610983091
0.3861826696598056
0.1835682510930457
0.4681609389917599
0.1892786350069202
-0.1669050175866308
-0.0187369691291468
-0.3476866308869303
0.1247285865265979
0.3368227146689440
-0.3528821208426094
-0.1442815976370794
-0.4402593411523371
-0.0441239860677267
0.3546542480609324
0.0986244891760367
-0.3391031681331604
0.1417535752756102
0.1249814409752985
0.2495766639196893
-0.4551737383893460
-0.2794399882786767
-0.3776877081942481
-0.0966150781110117
-0.3189245774073804
-0.0082412986620480
0.4881046825690205
0.1706780541243518
-0.1444402966240700
-0.2209305729042952
0.2962042785768454
-0.5564260591236228
0.6297523636168812
0.0083080521336082
-0.1732051859541179
0.2331473076109430
0.1244496261194085
0.0838429068179872
0.0177944211677410
0.3790211523793109
0.0982636350102395
0.1113157422697083
-0.5196392885759222
-0.1953761459844489
-0.3225542526483230
-0.1364453980884581
0.3359343031167179
-0.4031432029030152
0.2337760037821943
-0.0387574899445267
0.2681621661710040
0.2452323319980306
-0.2249697905347510
-0.4645447285674562
0.1601727729665239
0.0370037354474402
0.3265704704308885
-0.4611543892337741
-0.0597244415972383
-0.2146553849744019
-0.0756933578384410
-0.2626176246417042
0.4503001342770731
0.1354914288342223
0.3657311500441503
-0.1264116294971497
0.0786614100024789
0.0948666455907081
0.5669084066505587
0.3410660455611745
0.1828194673963113
0.1239599924844699
0.1658357002781083
-0.1348958022875361
0.5334013660793780
0.3383633158847072
-0.4739348005362631
0.0785826347250006
-0.1200636201125539
0.0076462389725437
0.3782979022634734
-0.2010748250624257
-0.4563607865787619
-0.0299868308464946
-0.4672807639146436
0.0001713914081588
-0.1708537257345558
-0.0746654240785591
0.5894636046709486
0.1418635046684651
0.3357463047673347
-0.2450531908329322
0.3433109032763513
-0.1652959675429846
0.0221545408047058
0.2544468921758508
-0.4221747724499324
-0.2539006835854375
0.0306522157020160
-0.0391551511915777
0.2611915225073980
-0.0544530251617476
0.2046961235339158
0.6019971705196130
0.1052818465833817
0.4654954669093022
0.1204237881431577
0.0271033588317537
0.1386053381422381
0.5087651862303675
-0.0438109829536211
-0.1597967462892710
-0.5085164097133895
-0.3827173372092164
-0.3164498096397282
0.2897320845467425
-0.0929790534041744
-0.2817234351938215
0.3313482114704786
-0.1058066801592185
-0.4176820234458609
-0.0195551731220822
-0.0384417905959820
0.0080257239490034
0.4028296898842817
-0.1751474783412976
0.2426839267702853
0.2831567821587971
0.0167819138289242
0.0574280274370699
0.2585439008108331
-0.5609167600804218
-0.3843895190755776
-0.2244921335886361
0.2910493878491027
0.3162620018373370
0.3014161454826887
-0.1504576386254537
0.0709429019845335
-0.1100721541962042
-0.1634442294757414
-0.5949881086051396
-0.1939037611659024
-0.2827402129606363
-0.4973267566476756
0.1267752934927895
-0.0875724721384648
0.2322022986025356
-0.0012090537232923
0.2427499533961625
0.0267569762294709
-0.0595758269314688
0.5312665724378947
0.3327041380077060
0.1233787349988196
-0.6714212038520436
0.1367964876476632
-0.0364240375577595
-0.0623131341957616
0.4036139971396129
-0.0985835364498597
0.3427077111881465
0.0861027178724227
-0.0104986565299227
0.3794862210217546
0.5318664972532026
0.2407277572330146
0.3475238326059923
-0.2252237853124911
0.1859748048652097
-0.1071342188087293
0.0247683343399758
-0.1894321494715108
0.1223818349940476
-0.0981047486715640
0.0920892396457772
-0.1193243799644981
0.2828779659532817
0.8211140813345690
-0.2608113767123703
-0.0078691796197553
0.1457366443776737
-0.2694614137256443
0.0817035024844446
-0.0559812258857423
-0.0160274908708446
0.0088134881650173
0.0345490601711176
0.3945140383040679
-0.7428009297454941
0.0293435127861986
0.4677513928394866
0.0315421597130971
-0.1215885557959921
-0.2140953170869403
-0.3833330020594506
-0.4411152014209023
0.0790314219016854
0.5673059867318879
-0.1908944154428149
-0.0349414124008961
-0.5024096012419816
0.1085151845672097
0.0344720760077341
-0.1407757133944689
0.0098500466212132
0.0862291053171271
0.5791330127098075
-0.2514780704767912
-0.0595830722760259
-0.1300039063168712
-0.0584419012467134
-0.0371221570478016
-0.0523630996001342
-0.0927864982916079
0.5921369492031916
-0.0607340817582581
-0.2969398561867873
0.3496852344299939
0.3868706551043631
-0.7654108255791787
0.0939472744505208
0.2109973792568977
-0.1985896077917299
0.0890634594176064
-0.0051204201900927
0.2503544884297465
0.0005009093378337
0.1767782734611928
-0.1795285813240313
-0.1938461729797837
0.0552149151470937
0.1146996736070930
-0.6695748331120249
-0.2313646036889363
0.1039789743262046
-0.3039516998983519
0.2185418175073630
-0.0566230707376054
0.0407479094295571
0.0699316698832428
-0.1816148750269218
0.5368756900100841
-0.0493333627503403
0.2954924300213221
-0.3482067827235610
0.1058275411089341
-0.6422065546616109
0.0789585735039998
0.0347320097425674
0.1189048197354755
-0.4574786580442767
0.2017186499076237
-0.2448099033280536
0.1840804232848688
0.1422844715065719
-0.4516506832034056
-0.1845057306151498
-0.5959249084168630
-0.4123981540543728
0.1408403855512160
0.3449127048960007
0.1003565957200119
0.0581943841340983
-0.2039417359628373
0.1497664507543041
0.0156412490497670
0.2377567321070476
0.5153030953761901
0.0568759574619042
-0.0502272060617640
-0.1131196469872797
-0.5223832470363569
-0.0257827618182050
-0.2743445339095361
-0.0726169086201278
-0.0337324660689451
-0.5439061132681657
0.0912242803238656
-0.2715581895870077
0.1201412955653353
-0.0721760514304572
-0.2027136028458849
-0.3416521504604401
-0.4362567080837453
-0.1112376847410741
0.2343129851053797
-0.1111495352347777
-0.5412952559011730
0.0440643406652600
0.4288369007782714
-0.2178015560018079
-0.1919940514096882
-0.1514824136802777
0.4557180463759746
0.1009020862752204
0.2168904142533717
-0.0521707050638338
0.1231681614986606
-0.3595959109377614
0.6478739626096650
0.0585993985237369
0.2397420814078896
0.2789461904332552
-0.1884835164989318
-0.1415833583057784
-0.2624066034722010
-0.0773328090926908
-0.2189346280658990
0.1926213582497361
0.0039175778318409
-0.5583497818389052
-0.3140023478717581
-0.4240313123707327
-0.3414298418973869
0.2565235535141814
0.2255844737002017
0.0005183953760731
-0.1393119141018209
-0.1666777029726997
-0.5751757006919155
0.0362522912185764
-0.3801813043050042
0.0639467380139715
0.0348069408373008
0.5709013438888249
0.1679570915141536
0.3595336187081423
0.2148377780237750
-0.2063265059379311
0.0402517828605748
0.6248744372701637
0.1597316563314055
-0.1445244696903521
-0.2577131752055015
0.1573762417732068
-0.2577888415074132
-0.4168673636970832
-0.1100138103985992
-0.3911159875503740
-0.0487694967324992
0.2089647183889168
-0.1514835132953572
-0.2887828773060535
0.1040142207235398
-0.1029772878327633
0.5482643209578607
0.5085286478985397
-0.2895102945894664
0.0647101533341689
-0.1613031803942437
0.3546914797811619
0.1549459136550389
0.3033447863975113
0.2193441727377347
0.4220038520064195
-0.1130598434049466
0.4096568512989743
0.2845728622365677
-0.0757099012502686
0.2187076214775043
-0.4655813939986664
0.0073835052365700
-0.6967004088824736
-0.2313662706329657
-0.1616886253493137
0.0790219473103608
0.3052730319467646
-0.2762673221772141
0.1001661248230453
0.0228967565360574
-0.0259481429918805
0.0015072635593592
0.3266472045331195
0.3758241128453213
-0.0099991331290777
-0.1752856973600467
-0.4063160971217958
0.2457693023250007
0.4396917490731806
-0.0474687147376188
-0.4021883958523625
-0.3014108657984617
0.0611285359293350
0.2108234298690737
0.4831793571683450
-0.1176774589727128
-0.1149794628822692
-0.0077907997967352
0.0762907266886627
0.7327625472910441
-0.3224778751700688
0.0548380891996861
0.4050258523950605
0.3604727672596520
-0.0049686853850875
0.0524952019405070
-0.1422255658262110
-0.1412922580377994
-0.4414340380550616
0.1680416019331912
0.6204747385490065
0.2012008727274811
0.2893811885746345
0.1820493735954302
0.1676629369268559
0.3383081327325197
-0.0395252301211648
-0.1421323179044361
-0.0063463932026472
0.2649084777190239
-0.4236057870617818
-0.1542154622492762
0.0711358807859460
-0.5697559325621350
-0.1668060564868811
-0.4447590020437382
0.2248558005488861
-0.3341356519460658
0.0998776248123540
0.0779820106113513
-0.2182785829838013
0.1246985289326152
0.2093059265074067
-0.3732806048307863
0.0719630503510599
0.1414440268110526
-0.1153643943707767
0.1206958021390101
0.2045320683559146
0.3888917673953791
-0.2443724215338438
-0.2036504982380991
0.2183553791371743
0.6495001574566696
0.0400299606314103
-0.2038754365883692
-0.4735227972278874
0.3637243964937401
-0.1223311574861048
-0.4457821626909088
-0.0858000546684934
0.2546395026432402
-0.4770910042673026
-0.0516742501194201
0.2893728766249477
-0.0200210377183417
-0.5241644485744084
0.0474275255811479
-0.1480132867302668
-0.5622011683979908
-0.0443184128691638
0.2295972566196530
0.0995109198968335
0.4074211763087260
-0.2800133185276698
0.1052544127609975
-0.0869388528627975
0.2395963266110762
0.3384538629905634
0.5311662402733639
0.0787976230635065
0.0638409887591986
0.1894591880146315
-0.1322009028342759
-0.0553444160946480
0.3345984644462899
0.6057241793130576
0.0756432251733629
0.0679774705676730
-0.2176948683696878
-0.3781013411497199
-0.1607110039071647
0.4729003295404099
0.1526885436658615
0.1976145493329311
-0.1246127583230929
0.0471057016746247
-0.6414804776886739
-0.1067437306402461
0.2689633110426420
0.1593383004878386
-0.0827203436068669
0.1071927720121929
-0.0433644588816665
-0.0948551813696422
-0.0082690203910383
-0.2758433804821939
0.0067896473566419
0.6069664009549999
-0.3719569357660174
0.3614225990698918
-0.0091545304069683
-0.3990262789540467
-0.3236285456232871
-0.3363046416466271
0.2562294292205317
-0.2942782084891662
-0.1239055810912272
0.2152033992785695
-0.0751857756955626
0.5442736668871844
0.3235678614933228
0.1717814165479555
-0.3928503998043154
-0.2169932910553708
-0.1883391651894378
0.1496839377491755
0.0926945892405569
-0.5249336902421816
-0.2812643632828942
0.0989373865146476
0.3146257248735082
0.0657148931931031
0.0107369815015255
-0.4503889539923295
-0.1001356548488572
0.5177521973671102
0.1420599535786196
0.1011517934231990
0.0248099469798702
0.4492647178423505
-0.2272044279738034
0.2860632066929326
0.1045953662596173
-0.4138946217272835
-0.1155948750657281
-0.3927583390510405
0.1687460699302374
-0.5169284798975013
-0.0911013621545957
-0.3267132036742245
-0.3077675964645761
0.1198937606695173
-0.4769285312105486
0.2387055855637552
0.2830531758812725
0.2553493968773967
-0.1791814357874508
-0.1600188373034516
-0.0138164887412798
-0.0551439228593747
-0.5417155315546091
-0.0349232502957800
-0.2750860045132860
-0.1767724177359376
0.3829446997611792
0.3852583449987595
-0.0310045717500430
0.0489940893918376
0.5581051381529766
0.4754455853411383
-0.0608322706764750
-0.0517567149471442
0.2225265304530629
0.2124110058865494
0.3835987727123936
0.0379083752009257
-0.0601457287504741
0.0207940595129474
0.3992450128590133
-0.0604178304278397
-0.3906868346256946
0.2438996763566222
-0.1163193309066840
0.5576872598291384
-0.3202049089599653
-0.4709698892807499
0.2760759621824998
-0.6040578777596344
0.2513439837882515
0.0791358782918103
0.2777680406720978
-0.3004146790525883
0.2935745358045040
0.0498606730978206
-0.0569523242316361
0.0842885515922032
0.0349704964829811
-0.3094412704981756
0.0710505491598895
0.0231887821280205
-0.0207182241786493
0.5140332831926171
0.6438560723742411
-0.1951069996744234
-0.3087204445805461
-0.2029108336128564
0.0194201625722062
0.0698824718751870
0.1991018176028115
-0.0968953583426360
0.1268674073927446
0.0094376920072162
0.5713750228525261
-0.0263957967231070
0.1030730734401907
0.0159965277536454
-0.3443396113289518
-0.3134375365980378
-0.2043404185345367
0.5177611902076026
0.3312646438104097
-0.4765560182473818
0.2603529189623285
-0.0086146446946813
0.3173637743170263
-0.5038970205665506
-0.3575963535470993
0.1052538909467192
-0.3887825538515912
0.0163322942465730
-0.1786867629235230
-0.0062372147877606
-0.1675246866448703
0.4474892831852970
0.2640694207239558
0.1927386303933743
0.0118978718592661
0.2349556884737710
-0.2511422397903149
-0.0632540492019374
0.0475240292062260
-0.3756194404910145
0.1752843253935984
0.3403028664335921
-0.5296924914704987
-0.0331387393478492
-0.0131618715145933
-0.4988187335842298
-0.3167719386557912
0.3318423127334217
0.3175827030801462
0.1251461677466662
-0.0211226420295574
0.6189146891535291
0.1423080251735480
0.1097445370533274
-0.0844236103382687
-0.4211295233537579
0.1584297596581865
0.1382001805698646
-0.1058943271977484
-0.2945255393236101
0.4791301076222395
0.5462825919080940
-0.2224883693894884
-0.0228454479145327
-0.1888561096767268
0.2425907663143218
0.0892273205878391
0.2236014275197318
0.5916682071123742
-0.5149300587739387
0.3606507604349575
-0.0286173085038074
-0.0670335377486890
0.2621382028421758
-0.1324234293299039
-0.0673569793243757
-0.0440511202184585
0.0183453218253039
-0.3260833262056153
-0.2213969789627500
0.2975391787519630
-0.0473367468664234
0.1203181310266062
-0.1773028554428958
-0.2703092771565763
-0.3134086189824062
0.4662804026296384
-0.1791612639874651
-0.1337295464377731
-0.4302870137655849
-0.4364190028433323
0.0047039883285826
-0.4330832550976043
0.1741822687308957
0.3748091275240327
0.5735876881382610
-0.0037749875118676
-0.0373308043100020
0.0606761665672577
-0.5031488375727797
-0.1272800454994436
0.0072394665339981
-0.1951711468664967
0.2457339425550164
-0.1762533007614848
-0.2644558836487935
0.0632770872129602
0.1575094534101406
0.0610551301102300
0.0363102124478870
0.1919782825460906
0.2185315161429830
-0.2701594488320267
0.0202227395391431
-0.8042055330730382
-0.0288288006552354
0.2263126726126976
0.1247358592221979
0.2959855296155336
0.2263950929796198
-0.2570145930146612
0.4732839909360994
-0.2360378957282496
0.4485613351471943
-0.2181964094495944
-0.0959653094287904
0.4355867968689297
0.1188370025794221
0.1296793585728501
0.0962630485705569
-0.1673503938796214
0.3761578381261340
-0.3333478337178597
0.0062277549162905
-0.2692984698003147
0.3588924392617303
0.6505123655889763
-0.1104512700642843
0.2060163826686884
