0.5077730050389910
0.0293399336402855
-0.8609911402840662
-0.3933148825343817
0.2007845384406161
-0.8972117767284123
0.7141910202679732
0.2131337533858413
0.6667122240789163
0.9356380641658433
0.2961783783742071
-0.1919890128825564
0.1085648841911293
0.8485446311407395
0.5178664643349609
-0.3149680656001949
-0.3656302738774397
-0.8758479436959248
-0.6425163324359898
-0.7158564175886306
0.2733538950704321
-0.3454745910652560
-0.6829854039063248
0.6435668146969736
0.9814740814700000
-0.1679163157910939
-0.0922645018073869
0.8233010164754506
-0.2262990977158785
0.5205421737414455
-0.8396614212669041
0.0781315891497903
0.5374608380272660
-0.7811633170372060
0.5409964695519439
0.3116194667342888
-0.2213151325993341
-0.9392378922111260
0.2623962536267252
-0.5589327713436330
0.4204934498519819
0.7146883346954146
-0.9537307666138366
-0.1501656693295787
-0.2604762879207690
0.4259201423650970
0.8897204823877046
0.1642848001109224
0.5341087978437649
0.6387953516138831
0.5537763906328832
0.5601360016400655
-0.6217663797516122
0.5474068219133323
-0.0788185367683900
0.9913943253256635
0.1045223898203755
0.1228645995208796
-0.6754731632859725
0.7270765405822252
-0.8265604344442254
0.5390330870964357
-0.1619912936754930
0.3641624568105429
-0.7926805320666273
-0.4889205243516356
0.7941104273126759
0.5866776499408972
0.1587386666603497
0.0737448199989170
-0.1163574734665876
-0.9904658701297081
-0.5295671935605252
0.8470126189473876
0.0461325356805487
-0.7057431902030865
-0.3751446237620956
0.6009933949257396
-0.1592389053753127
-0.3469771448989005
0.9242563669960190
0.2483596552605631
-0.9098201969827592
0.3324826172916526
-0.1163215706539866
0.5589078427674701
0.8210306422379148
