0.2670113648171442
0.6273427464373309
-0.4949734621725137
-0.4419130320223854
-0.3079937554962601
0.6090202881824180
-0.7675046144107086
0.1634886947075304
0.1128296053850554
-0.0239140605492817
0.0347967551029683
-0.7657216093607317
-0.5327752862209486
0.3081469934353649
-0.1834544292767190
0.3843138558566986
-0.2468278824937676
0.4206250835837039
0.7823207544803731
-0.0492710136861582
0.4587056269066283
-0.5534100403583263
0.4879048556688892
-0.1365972328920715
-0.4760425641218888
-0.2129600622022482
-0.0297901670887838
-0.0536538246231352
-0.1808915257454319
-0.9582067004923502
0.0830323369455281
-0.8533121220494820
0.4546923026385425
-0.2392190809885699
-0.0315149900367804
-0.6449280434088921
-0.4972059367674313
-0.1084808706604430
-0.4045389273055890
0.4017887906141670
0.0594671161487067
-0.1346623636125815
0.7382581617837898
0.4436248057959772
0.4863143306189223
0.3151817647295068
0.0632797620574420
0.1325185418720432
0.7395950363199625
-0.5762761015406836
-0.1376161277318734
-0.7120136149567095
-0.4079214245276037
-0.2166802545288026
0.5106350871347046
-0.6282464717984169
-0.4967119888976040
-0.0508536457590759
-0.5085020730777940
-0.3121267677512195
0.4297729586338923
-0.5115216821360331
-0.1566540269282313
-0.4455162954304668
0.5749917556668754
-0.4121699386020303
-0.3535613364157663
-0.6037388177580870
-0.5750106804982796
0.0998623069514659
0.0581926641708364
-0.5977239585173374
0.4903037078299808
-0.0372871445589236
0.6305169515483937
-0.2526391187073318
-0.2467448173700122
-0.7437155468230285
0.4962295118715336
-0.2755611143853305
0.5045872048989584
0.6953864011772595
-0.4310653909158735
0.1644203827923040
-0.2213099007884053
0.2955147124083442
0.1041338658655033
-0.4352230287878339
-0.1268671391294292
-0.8344536158181458
0.4022629990369375
-0.2632841872796924
0.0666896647976580
-0.8060605582066636
-0.3386514158349536
0.2414582836690300
-0.4547193858058180
-0.5898479031181413
-0.6058825836041555
0.1411167016772692
-0.7530296436087350
-0.0915187538207999
-0.3371521945242931
0.4971190389070491
-0.2525306564145716
-0.6545092339264632
-0.0006763569269591
-0.4799676762128600
-0.4415488237324130
-0.3824694383838416
-0.4279807693504634
-0.3672606866499257
0.4077025110868343
-0.1027197923586570
-0.7107597032885973
-0.4141762265986148
-0.6056580930141537
0.0527462604661566
0.1241858732102953
0.6659069218658299
0.8178555745880371
0.1688528206829835
0.0557196757646950
0.0168949117040905
0.5470017036114787
0.5366487675584244
-0.5441950611377765
-0.2776637628029676
0.5732836950937140
0.1005409144431801
0.0740855315412233
0.6598034307921450
-0.1951596669119439
0.4915117590515229
0.5286772757137066
0.2220801027434778
0.1291998439124692
-0.4172882097605659
-0.8523192703842578
-0.1827846810455092
-0.1958868112095046
0.0693453095271373
0.0808827665473770
-0.9387592185093119
-0.2626950570151372
0.8244065746354676
0.2426377582392515
-0.4587435143498187
0.1609969105324563
0.1584774457625681
0.2235142080223793
0.6356899175794455
-0.6491119703619582
-0.2019418143802547
0.2895045440707166
0.0556263347985959
-0.2667711821237393
0.4852230205771920
-0.8298114014946700
0.0413582581424163
-0.8420108142584055
0.3586876387696611
0.0077225817184191
0.1418602439590273
0.3770636542829736
0.3562402642574257
0.5633628755399863
0.1971186782075325
-0.5674687589458203
0.4414052320796881
0.7533758125141424
-0.2561599539376129
-0.2270257354816929
-0.5568545911290445
0.0719669568957661
-0.8569945754236900
0.0716027934809092
-0.1386279096312797
-0.4696652720536984
0.1436320735702404
0.0291992807015172
-0.9026459561886403
0.1011181237632668
0.2097228764691489
-0.3607895784455424
-0.2503292235851319
-0.6121835502386627
-0.1988952954969993
-0.0287872599826840
-0.7226192190416074
-0.6271625850155644
0.2968512302765474
0.7078404141908659
0.1298172270711244
0.0256100494642821
-0.5818448664554358
-0.1227672498134411
0.5827909969364764
0.3789732245121309
-0.4038795646543243
-0.0827501167071018
-0.6472987382989789
-0.6093756998418759
-0.3149808613224281
-0.3218774223587548
0.6777056771378973
0.3982416883572030
-0.1863427293688917
-0.5892867625039434
0.0116649722863607
-0.4083258567039028
-0.1103052049521448
0.0826318337007280
0.4130566943727216
-0.8022835557336474
-0.0485848181005642
0.4736216444586532
0.8604455821162400
0.0330540367439781
-0.1785017765233417
0.3624569174502888
-0.5382154631842633
0.7168597384501217
0.2550652990828552
-0.0017049266201744
-0.3452999756154635
0.5537878359226517
-0.3166822168024986
-0.5112422259973314
-0.4609020715319205
-0.1074726932145306
-0.3732115206462132
0.3725518142341414
0.7022163446559332
-0.4661117163074387
0.5764179284741521
0.3829023822258488
0.6274183080830158
-0.0419904323100029
-0.3545577635534188
0.6755162054349414
0.1758210306550758
0.1905462824574055
-0.4533379762880785
-0.5205205230064009
-0.0369546274454136
0.9343099246458012
-0.0678837914720673
-0.1750260067357926
-0.3007607155867059
0.4608501092323439
0.7542618815764441
0.2499713514638354
-0.3656557382066087
-0.1500546413318254
0.3530435872381407
-0.7837898865623983
-0.1395587596353615
-0.4616170580784449
-0.1687207264463066
0.3729091464764102
0.2710375486037073
-0.8676230639043959
-0.0598608505937861
-0.1764208413665044
-0.3931088513867995
-0.0899934278952929
-0.9014543289595919
-0.0944635774186841
-0.1257908551456836
0.0649225955906136
0.0765369649377065
-0.4708906438525149
0.6046987661634571
0.6344513797860785
-0.5799339058141251
0.1382237414786840
0.1234767162256584
-0.5215979081730205
-0.5977122927617142
-0.6119146835789215
0.0076978373001066
-0.0364882972692666
-0.1903143192623231
0.7667791255423676
0.1226676883986386
0.2879167329061035
-0.0445888535982257
-0.6263080246364819
-0.7126055609847246
-0.7089511750334109
0.2303734180100221
0.4253007945242667
-0.3395001481336779
0.3849353235120987
0.2589156444170270
0.9132301105254678
0.1081144360676055
0.2941893563933242
0.0271541084262226
0.2510442270491550
-0.5627880918408332
-0.1595176433862691
0.1660310659321403
0.7531494980024713
0.9392834443824121
0.3108044145932579
0.1021303553805171
-0.0616674853671928
-0.0831488949823799
-0.8146971607577349
0.1952333282622599
-0.5414819534524405
0.0344882607300243
0.0613215928207441
0.4240202747978828
-0.7751034487399456
-0.4074511356573203
-0.0102201050170257
0.2308691660156710
-0.6240722284885353
-0.5259170183354795
-0.5046679922843574
0.0311590818240599
-0.2797936250846857
-0.6100979460704460
-0.7165487634026007
0.1276129654553414
0.0912019377200571
-0.2995588480927042
-0.1123448989240804
-0.5152775628885429
-0.1268472531511242
-0.8373935782484568
-0.0674494354731170
0.0109520721951125
-0.6931972342503594
0.0569941400650771
0.7183710447445327
0.0072357869769926
-0.6662394269068196
0.4034488960903994
-0.3469199416895798
0.0485272634450084
-0.5202361704446820
0.5758621672436212
0.1895032118664498
-0.3383570582249253
0.7159547496385023
-0.0734479043215202
-0.8872225157196063
0.3495580663580130
0.1894108151267360
-0.0668950374830940
-0.2242631555057159
0.2075937021571751
-0.2707515345251540
-0.7998866834893327
0.0725848678381997
-0.4883760763124048
-0.3033644839806675
-0.4434909358303222
0.6933416050011514
-0.4234095457467595
-0.2264675584723753
0.1271840491646176
-0.3707379657247012
0.2951378808470977
0.2160711725867491
-0.8441471779698573
-0.2341791330674420
-0.2040598610740573
-0.4176675807918778
0.1299285592715143
0.8439147280236948
-0.1663984546791293
0.3733826568596677
-0.8344185791505156
0.3106953302564752
-0.2002772886826362
0.0180387381437103
-0.5312126173933860
-0.5480702103822180
0.5025805121618352
0.4056101975234220
-0.0862887191448303
0.2612032079728702
0.3327848919681836
-0.3930202876721215
0.8118598464321742
-0.3882610402719130
0.6490566303328748
0.2977806790356104
-0.0124940865450353
0.5823653666062241
0.3192867579336096
0.2440476355259565
-0.5987331375123361
0.4290656886122848
-0.5439834397320698
-0.0365896714283134
0.1725063306341209
-0.8207760446322717
0.0541380932416348
0.5406463846673558
0.3619136876965705
0.0985689521869550
0.6029737279649025
-0.0350148534242948
0.7032064332373660
-0.4711087781820322
0.5343922685376834
-0.0755453892810191
-0.5274153396949226
0.4567355646978349
0.4112393080113522
-0.2971498472545825
-0.5030278448174266
-0.5020754034061106
-0.4873063476457584
0.5686395879539897
-0.5185242571829122
0.3731545331709893
-0.5131846568707402
0.0719639913486443
-0.1756174409843674
0.2752825622091424
0.3474805231768065
-0.8212549225389032
0.3133299596017990
-0.3426736613060852
0.1705172538891584
0.7840010042241898
-0.4886931366271621
-0.0044801297024254
0.0807415163116335
0.6842655978589841
-0.1799838700890550
0.5606853281146436
-0.4224916194140731
0.4571382819752016
-0.2252564766851646
-0.6493903616038529
0.1498375672144654
0.5441736603065376
0.3484059246474557
-0.2867216909902136
0.0483037541157156
-0.3520260785523941
-0.8186259041489075
-0.4328327084793475
0.0731039155618732
-0.6999091167432209
0.4899474973033730
0.2781911971753250
0.2730512965671544
-0.1400917747658480
-0.0748186734853274
-0.8956020443591466
0.3132354199696517
-0.7790212200711967
-0.1508263891985692
0.4241837600770337
0.1990857746776132
0.3883430584007266
-0.5071255773060511
0.1250424671640244
-0.5990022478934025
-0.3552007366698118
0.4921552335751518
-0.0346163217999022
-0.1086478959874940
0.8483838174900120
0.4919227597310310
-0.1589158319432538
0.1749325343180241
0.2495883485762977
0.2775421571176325
0.6611496026156604
0.6268618816578942
-0.3006581612127309
0.2292707514680280
-0.4163614623059303
0.5677712149166464
-0.6010978063809651
0.3448120862643598
0.2989014131913533
0.3153609173368124
-0.8264529434035855
-0.0963617897004087
-0.0548801533287927
0.1607180655468236
0.5609674568214653
0.4270338829755665
-0.6885604166342726
-0.0657853697925369
-0.3198843717072465
0.0361001776118020
-0.3061644307240778
0.8934799339629946
