-0.1405634459175190
-0.0629182012458615
0.1146237937492999
-0.7991202424840415
-0.1830159066571364
0.1201927992855757
0.5259375537959868
0.4028529043194282
-0.2962061445426107
0.1059600074697333
-0.0105228237671068
-0.0208869030151647
-0.1684828741887626
-0.8425025001749924
0.0909288550453030
-0.1078711752865707
0.3850439854270755
-0.7393553616962192
-0.3667758247430254
-0.0715105700722927
-0.3815131243246296
0.3761716915208160
-0.6209059170945387
-0.6413999897355149
0.1496384262489749
0.1485157638522684
-0.1308745351988430
-0.0001381891221013
-0.7982911736276057
0.0008697622725318
0.2181039018699638
-0.3488206556484031
0.2544176195709689
0.3162187680002449
0.1695955465813111
0.3586707233709538
0.6807043824286406
-0.5055673762962498
0.3598415715009735
0.0631752615658865
0.0858026118161576
-0.1075143037704434
-0.3111193147623386
-0.5273793022008161
0.4405630280213462
0.4732497167729959
0.0117548184026437
-0.1535895289059831
-0.4281201330954830
0.2911315947919363
-0.4434513259600113
-0.1901997869727670
-0.1832486501195845
0.3118165823235044
0.6844335749232008
-0.2883719642909352
0.3243546628446387
-0.3129700004128732
-0.2467949664760499
-0.6968816704041518
0.3453529187287583
-0.1651084586320624
-0.3221219829862342
0.2706177403353277
0.5734776666207374
0.3391550598778550
0.5632697912214946
0.2577714105859665
-0.2851232085113246
0.1336003293869703
-0.0476188068894016
0.0582136012343906
-0.5594542043495605
0.6380172225137162
-0.5139425067829300
-0.0996933121336707
-0.0145940436731381
0.4391190256665927
-0.5602799944830460
0.3766910122947229
-0.0499237303346907
-0.3745961234826242
-0.4554007582894530
-0.0340617836692100
-0.2874521432870343
0.0725714866009081
-0.7804334365641855
0.2530987639265304
0.2913172133153670
-0.2557959496848802
-0.2977784827597217
0.2152378145630806
-0.1840057473288882
-0.2817248600769009
-0.1155795237221881
-0.8145071225976089
-0.0931046876153527
-0.3936962146435503
-0.1781782522522728
0.5479099592030173
0.0614371737819753
-0.6816088786022725
-0.0150792622639782
-0.4464960073238134
0.0097943152990321
0.4541628526917255
-0.1377306018246071
-0.0548677950960390
0.2499431014598972
0.5885869971465745
-0.4284543671731256
0.4234106253864056
0.2032979604223700
0.0413867982344964
-0.8415433078954158
-0.2142364937360926
-0.1537067762694942
0.3305564925042941
-0.2645208689313691
-0.1040251071501009
-0.1204874913466049
-0.1023245136130217
0.2926131072250756
-0.3099112934737481
-0.7593748761637591
-0.4537329528853518
-0.3860346178386763
-0.6591360824784515
-0.2490572303289388
-0.1304726087247165
0.2432324151359904
-0.4287517196096491
-0.3073666347498284
-0.2572585909989065
-0.0771005078266485
0.5821039565726571
0.1386416001635996
-0.7305749036486103
-0.1699790974221549
-0.0847020430393421
0.3056018754117156
-0.7498557968638256
0.0279500192546398
-0.1472577163996705
-0.0806757401234485
0.3115892252077146
0.4671844589976948
-0.0367753298076202
0.2055606925437245
-0.2901525939691998
0.3632495441409990
-0.3249263590662708
0.7941594650783532
-0.0631444605898826
-0.1536941967912651
0.2833050640679557
-0.1592935909582473
-0.7702141313837035
0.1513301218468692
0.4402392579572078
-0.2465779151053712
0.5749156718243914
0.4673572457782069
-0.1453587345708147
-0.3880127100559419
-0.2128945176265451
-0.0173571886918894
-0.4834674783205247
-0.2621146488787774
-0.3642016912258502
-0.3911326148847181
0.2885726892008860
-0.2098802893305376
0.2678543369352184
-0.6682802091246768
0.4050298778243248
-0.1491373402421546
0.1190968493017172
0.3837925216650098
-0.7239138823096584
0.2284499106002554
0.2756581614275529
-0.1713778395139710
-0.4595708495792703
-0.1675220592180743
-0.3922525402069499
0.5521895685107630
-0.1298844237955422
0.5056829951661810
-0.1223803385615525
0.5867196824172245
-0.3560266369663361
0.0247257715648653
0.4422995753609998
-0.4371408072386664
0.3559434467313035
0.2399332280803978
0.7544207102593626
0.1655612813448765
-0.2569963082564619
0.5096063757850756
0.1139711941621948
-0.0844731100239281
-0.3426182621677898
-0.3500165326746840
-0.1622953690728800
0.3314675671606862
0.7004069296068310
0.2617244347441448
-0.2545998263907088
0.8880520821948702
-0.0111866550180725
0.2529615048051465
-0.2653773408149043
0.2749451348983443
0.0097760925039708
0.0336645650302138
-0.5506648191859043
0.1113604158197644
-0.6183199139086700
-0.4854225450919077
0.0523783247423131
-0.0963955561249694
0.2331886775476481
0.6997640794186706
-0.0309385166742749
-0.3853381062955402
0.1791290428206041
0.0157810130827768
0.4749157383770579
0.3209460581841322
0.5063554703206757
-0.2403252098222844
-0.2470148336585722
-0.4505972223661868
-0.0912578480658940
-0.4225387984966499
0.4846923924305982
-0.2972058725966358
-0.2715118837088593
-0.1284353208733128
-0.4799176206410150
-0.4872383620364463
-0.5888436235750194
0.0836383738750167
-0.2861714593350384
0.0881015487593943
-0.3667378086537381
-0.4428981812606413
-0.1483818654833793
-0.2743556565913729
-0.6945504944927402
0.0173678181071141
0.1299835553549761
0.5554544617039552
0.1664199647832986
0.6145385738357474
-0.0971927486094869
-0.5093851994432426
-0.3892633718858188
-0.2608021160351825
0.2182699892969104
0.0132692171363247
-0.4541598157395230
0.5955368426556606
0.4143828592446109
0.3743915509674633
0.3293509361476001
-0.2509457309242366
0.3315258028449612
-0.2330825960403056
-0.2617295480117672
0.6750155233196116
0.1791178190551173
0.3299277497553048
-0.6483453188747257
-0.1511711878274104
-0.3179896117365228
-0.5607072891243446
-0.0187095978819356
0.2489922019379310
0.2605702924549984
0.5044463465046667
-0.1946715326733301
-0.0017316015450368
0.5772697529268396
-0.4944689250505056
0.3727236842636580
0.0371690354239718
-0.0571013266304993
-0.4585586723327859
-0.5177392563707922
0.6133790205325653
0.0432566769775031
-0.3021498185299445
0.7114061014716150
-0.3109212948663580
0.0121285994870072
-0.5249326876806970
0.0854022818586610
0.1514589551068035
0.0708605702205773
0.2836659219077594
-0.2823686308450002
-0.0060022334615326
0.4195503421283222
0.2882545810795271
-0.7587036053368291
-0.2806760608123430
-0.3402229652043781
-0.5728390945333527
0.0571341363806743
0.1713192961360955
0.5522989405320718
0.3737324231682788
