-0.3399222087804487
-0.0650923275703604
-0.3140381454128570
0.2790718992327146
-0.1983585122042686
0.1343094072990771
-0.2593384465596542
0.0663300606623543
-0.1082067039560042
-0.4499366105351073
0.5951734094149126
-0.0793129531275441
-0.0718060571489401
0.2479770794683203
0.0025901981429220
0.4067115308130265
0.3455773273774893
-0.0119888378134222
-0.5979931958044711
0.0588312972828402
-0.2426274392050171
0.0542472626213431
-0.3073340373187496
0.3619956137064974
0.2505481657365732
0.1002301655845491
-0.1332931664672670
-0.0790236389041454
0.6015101192680861
0.1422715341863139
0.2829179948317957
-0.3563653570423935
0.0254543710691234
-0.5135044313459165
0.0954308973130205
0.2015724984187882
