-0.4610460258004713
0.8577148822590094
-0.2275120718665382
-0.9830737928306995
0.0313955341790470
0.1804999675431419
0.2124223187317956
-0.5971332708516591
-0.7735041146281038
0.6530095054542444
-0.1030682117745223
-0.7503036248799584
0.7074810587191649
0.2332096328953010
0.6671460250038581
0.6036876703884554
0.7510501842251075
0.2673664477760664
-0.7104317888759401
0.6176976410770471
0.3372481246239678
0.3079014770517242
0.4559236506236461
-0.8350630546440037
0.8538840201645583
-0.3486245962278324
0.3864491829627707
-0.1466287482181760
-0.0825523790580109
-0.9857408964367023
-0.1836938824571817
-0.9107626132182793
0.3698216055230117
-0.7475333509398401
-0.5636268566198041
0.3514522097377292
-0.0227320887391435
0.9661067379471251
0.2571400844573260
0.3498386573801345
-0.5143888541983775
0.7829540347165633
