0.1444532245355796
-0.6232166319527962
0.5097151395606739
0.2539029034447324
0.2332695368681221
-0.2228704228893621
-0.0611684597557493
-0.3462872867648241
-0.1967631063748448
0.3565579368732588
-0.2580439370434280
-0.1444482865692108
0.0982260939278565
-0.4022915807195748
-0.2187809348201408
-0.0106123709888220
-0.6963838106856823
0.2846040119621684
0.1036168082811922
-0.4918512702801386
0.3236413157058565
-0.2060030559250705
-0.1755605243670798
-0.2488871874740146
-0.7020084075173206
0.1099328491761456
-0.0499755872940807
-0.0259976091411049
-0.1644589016484166
-0.5146375386597937
-0.6527294031136082
0.0765224255568075
0.3997297514810285
0.1458409360333312
0.2540054256479019
-0.1730376646480553
-0.2297166536620410
-0.3489811764017522
0.2175687474193518
0.2902202246670342
-0.3670013396454652
-0.0688287289259534
0.6104699424316843
0.3915829394937534
0.1686426178221648
0.1875080532564233
-0.0622119065466981
-0.4066529954161645
-0.0165712368870817
-0.5833140100884194
0.3945588093563968
0.5416516051131736
-0.0172524195306748
0.0755853713849067
0.0711627985046877
-0.0015878444850078
0.2016088853269421
0.2614499918633026
0.3580983083458583
0.7466230570364190
-0.2739639489724707
0.2874414353831327
0.2063295473762799
-0.1268812087264946
0.1595477326438802
-0.5524199974492693
0.6347133092367434
0.1686380602413757
-0.3409870964364574
0.1040547003547059
0.2523214871795394
-0.1766701234494686
0.2321932756361590
-0.3259231608315490
0.0082133226148841
0.2718791108531983
0.3978035441027075
0.3630893739102800
0.5533058602633245
-0.4117613519062330
0.0099160134933960
0.5510601647834575
-0.1959818881590828
0.0533997140060912
0.2561349795446841
0.4454351529656068
-0.0158215264234347
-0.5672242505387119
-0.0649285145413434
0.2546473610790647
0.4830743173092771
0.3085794891990723
0.2836164538393979
0.1342876867064326
-0.1060835170403839
-0.4000723336397197
0.0427073761514730
0.5753386811617801
-0.2622905342594481
0.0597309175420669
-0.0919650699578444
0.1310685888010158
-0.2106094661915237
0.7086600728301544
-0.2773796446338379
0.2469925675904422
0.1356399051715584
-0.5175879082598055
-0.4649033667166105
-0.1089435206251109
0.3066564815463488
0.3842273143255903
-0.2433287357640475
0.4473224679881629
-0.4775132646644951
-0.0030442534317536
-0.2073472757382483
-0.2036576752733414
-0.3894514931675915
0.5903721409798532
0.3099701355266573
0.1467902568054114
-0.0413006080144652
-0.1708107062761138
0.5565933313035922
-0.0021868842455057
-0.1086249065509738
-0.2059659921108433
-0.1280230001735371
0.2043783715999777
-0.0019867487406134
0.4095301191262831
0.3733206616557007
0.0156527315793464
0.7617650834425305
-0.2852261823743656
-0.1198370975513006
0.3875087168358409
-0.3766165190682544
0.1621358990634040
0.4773202063891171
0.1945960618165971
-0.0468161682704195
-0.5640036141739482
-0.5057963358358671
-0.4166058750856108
-0.1155106113553166
-0.2724012786464357
-0.2068723505062560
0.0674201926474314
-0.1353712085665085
0.6433072486839315
0.0596089041723159
0.3541899218026661
0.2881592136795600
-0.2305715623781757
-0.4156201169314677
-0.5996750908272543
-0.1001186251402070
0.0675202852663975
0.1944142848399371
-0.3919446174632815
-0.4918040011093842
0.3627552778993414
-0.5057049781141671
0.3030282695963361
-0.1245026521580017
-0.1458374604815461
-0.0711998614727396
-0.3897107873485325
0.2919938055187798
0.2395333479218048
0.0773834927996621
-0.0790492799659402
-0.1843943617840134
0.0243060981689800
0.0722689365912095
0.7281298572861415
0.4818520704893280
-0.3580745850294541
0.4048512397126456
-0.0326645070244256
-0.0173954263606057
0.2419888199047229
0.3050888773423636
-0.7962596279120008
-0.0614128980259853
-0.1337391338916648
-0.1655324613730278
-0.2158843386075180
-0.0194683612304940
-0.1213734547297463
0.2044838083103627
-0.3503535987383316
-0.1028636195937972
0.0605059968728665
0.5668084443304522
-0.6619731378795719
-0.0159318373759838
-0.6525141314230668
-0.3421230716588443
-0.1085170494060360
-0.0940881124959113
-0.0781039052565373
-0.3193728364561904
-0.0221366323412376
0.5724556808968725
-0.1247315898025094
-0.3024835570402680
0.3189695653221229
-0.1611400639598341
0.5051415899764699
0.2074921897151329
0.5433181157187856
0.3501348292651107
0.2218738744453377
0.0106703538160541
0.2676299312151616
0.8450110345672955
-0.0423400257889274
-0.1873998086656338
-0.0083038799327722
-0.3574266772133053
0.0892986484865259
-0.2037358982305070
0.1154331591317222
-0.1534209163256570
0.2926682990279198
-0.3653589111892690
0.2027419419613431
-0.5479976091105785
-0.0878134975320267
0.5406353084681930
0.3202997334261923
0.1137604564075617
0.8008041167990173
-0.2473977787106535
0.0219807243281885
0.0006856478369046
-0.5233117786879049
0.0191738361108391
-0.0139202743601519
-0.0983128377517901
0.3089286089250636
0.2233644099846068
-0.0455119418462287
-0.3223878566694506
0.2188526141222766
0.7706560673684353
0.1116950391361703
-0.3018691177099216
-0.0570806542252555
-0.5513074631809027
-0.3706978943142749
-0.3919513224427732
0.3328186288154086
-0.5159795101623228
0.1058186639423585
0.0732250038719688
-0.0348992049071442
-0.1011769395647832
0.7848417859569058
0.0606721634160356
0.2586137975866026
-0.1194229418607428
-0.2741728462802642
0.0358530093286989
-0.3901454517225623
-0.1765669402429223
-0.1983778678574268
-0.3419985778933811
0.5172012769814646
-0.0595560810321581
-0.3059985671553722
-0.2880818583381609
0.3284047823990486
-0.2759896367527502
-0.1287155698026402
-0.4845399118833553
0.2588704795863870
-0.6668863430260707
0.1275745361634240
-0.5081267611027909
-0.1204963048008561
-0.3367120602301425
0.2456200282392413
-0.1222672402889747
0.1029940064406024
-0.2993963412502259
-0.1386314140047941
0.1172122541042535
-0.8505919434312303
0.0639984207535201
-0.2324189593537211
-0.2098535687062030
0.0766305671704316
-0.2141790384353473
0.4935883759240828
0.0411824436256853
0.6195347246318272
0.2512693942794235
-0.0839491571968527
0.1213999245102782
0.0351560554241496
0.2780912628892102
0.4553667056010975
0.1585743465583413
0.1939121499790602
0.4137677554697203
-0.3024728109742564
-0.0484288701549224
-0.5322962253191498
-0.2804842445825025
-0.5504898617448972
0.0846378849129910
-0.0353461553579767
0.3167733533499031
-0.1439353964297427
0.4609486399600655
-0.6962476761495904
-0.3036584010448105
0.2896157017739368
0.0462007237097909
-0.0472570865408763
0.1956476561344595
-0.3997884909354809
-0.3091146561628317
-0.2118258903800879
0.4515131121376360
-0.2171207951508730
-0.0182882429603209
-0.6274967808992492
-0.1279721793437294
-0.1620847323171139
-0.0009357044249424
-0.3952248862764968
-0.3022659188879142
0.2008708689019484
-0.6506816055596543
-0.4477008587694616
-0.1495383806169724
0.1990648727071675
0.4453639320142170
0.1632339833860751
-0.3258403294092848
-0.5361067484740455
-0.2259058101366318
-0.0724455084535508
-0.3565366460095875
0.0353506669544185
0.4435915151908525
0.3004140089484025
0.3824844873584449
0.1745888216407529
-0.4382262946616777
-0.0854311735117466
0.4453165615036732
-0.3408075562976098
0.4611770398436851
-0.0805861049890451
0.1443593898528706
0.4447218087451169
-0.2388702169812995
-0.0115091557480941
0.4321036908493435
-0.1274121071135310
-0.4866421115417192
0.4981328483906570
0.1904917691259769
-0.4808392334897086
0.3187759223245740
0.3294434109385034
0.4376896385864052
-0.2354235350176830
0.3049193196252924
0.2798613673301523
-0.2622266093580280
0.2675540136984859
0.4107230080479416
-0.3128513405707622
-0.0926857217377315
0.0864157905107197
-0.0551414211761353
0.1428282277372857
-0.3206853141200480
0.7416176004159596
0.2027217368527440
0.1915366445894986
0.3358761499671185
0.1577110995486157
0.1026654148160062
-0.2259941387041765
-0.2488842631285542
0.5081039558423048
-0.2579762069317694
0.6142880976344066
-0.2785515017520817
0.1570621639122632
-0.4150868156830028
-0.3461322246485595
0.1126938488256480
-0.5010932837355656
0.1986441884791756
0.5270157979800967
-0.1569598946854358
0.0552326443237811
0.0946521678028864
0.7976748286698953
-0.0021108974786945
0.1820103807745702
0.0443419367377838
0.4535799703761114
-0.3287948528649556
0.0525918538298594
-0.0216006860355789
-0.5070289727222206
-0.4373376060771521
0.5277979425392806
0.2018691936468442
0.3326216757719789
-0.3143538076667192
-0.1460600937519519
-0.0328627970001020
0.3757598553070342
-0.4390919732260196
-0.0311318805030963
0.5312511808551851
0.2232534417919074
-0.0277436010347427
0.1509814956914953
0.3429547859541719
-0.4379275683534995
0.2135793756013019
0.4401986218616505
0.2989733489146907
-0.1142974154253623
-0.5878692519990149
0.2801694511816619
0.2118503169927602
-0.4294647700335041
-0.0689516987716767
-0.7062808571055071
0.0513400755876103
0.5868795429839373
-0.2861175504253466
-0.0032908302852815
0.0467191569455843
0.0888790397244379
0.1791593806110699
0.1733482631513219
0.0527908629615034
-0.5602824088788874
-0.3069685930580205
0.1818896465205164
-0.2056922751517063
-0.3931737693771836
-0.2546556778282184
-0.1750514537499542
-0.5134157533225898
-0.0966326552206409
-0.2302978566937254
0.1922660615907923
-0.2097906065431477
-0.1254562646882758
0.1350921589113701
-0.3953934714650696
-0.6787763298319878
-0.4534139622328112
0.1494716215581900
0.2960051523178051
0.3355494364899014
0.5489023604271865
0.6098860465116306
-0.0456738695564922
0.1066052447754280
0.3012255961133581
0.0018244126517384
-0.2074772313871709
-0.2817836251388651
0.5648766445756530
-0.1798592503019048
-0.1986087068799741
-0.4267620314474180
0.2585390112580509
0.1422191608623304
-0.4663434931045610
-0.3620826034252100
-0.0232119550992241
-0.3203502859225683
-0.1904636138883012
-0.4631524856235839
-0.3436299097517274
0.2351844915596785
0.1670930277618908
0.5600295837892190
0.3374386098137716
-0.3413672347400313
-0.4507741176550130
0.0730451820906078
-0.3591908326521269
-0.4131068619345894
0.2945635506902515
0.4169503913631665
-0.0279292675641483
0.0954743761471980
0.0290712167097272
0.0277281623689896
0.5525523666812707
-0.0173698222088085
-0.2063135364529060
-0.6632770019030142
0.3322171002983379
-0.3013054428873265
0.6760312102312795
-0.1732945187592926
0.2617581626705785
0.1743193645926061
-0.2355737665358044
-0.1922296052514589
0.5434657048264088
-0.1104624346261570
-0.1184993399288326
-0.2782295702291517
-0.6833301056422909
-0.2145512189847833
-0.1037645415075388
0.1099899928054268
-0.0375584464490655
0.4607242666696958
0.1488205402226588
-0.3884921219579269
-0.1856362197379303
-0.4200304203676183
0.5256408193493439
0.0386766774058718
-0.2192418352881156
-0.1504759988060265
0.0494916613109751
-0.2624469274360646
0.6076854949138425
-0.1539905071562751
0.2364403655615135
0.1662301657051463
0.2080954823059071
0.1846098993697984
-0.5906881860757224
0.6679819770971155
0.1187483132473705
-0.0784362655407659
0.1286305264756995
0.0083150332225433
-0.2950675426729037
0.2283008624074731
0.0888180961717623
-0.1842359131655798
0.5121301945104477
-0.3104066844414294
-0.6661364256541666
0.1803010785742458
-0.1056377761871330
0.1402009233106669
-0.4925109827549793
-0.3259340838134248
0.2020331852484484
0.3316825622270696
0.5157752154666793
0.4135468345515636
-0.3374183906425521
0.0559257885806748
-0.2727124605034472
0.1203759053536723
0.6744267745050837
0.4852912274693183
0.0717819955945807
-0.1168421372962558
-0.2915388508531125
0.7157428129048498
0.5318742411105081
-0.1218401271802256
0.0154192620921151
-0.1081392886750140
0.2226573678593601
0.2829898605624161
0.1588756087161361
0.1521319090137265
0.0169947779718621
-0.3139500164034281
0.3378335111826863
-0.1654583329050556
-0.7391553547032264
0.2775933754864182
-0.0887310604788297
0.2584842692571736
-0.2480777790708459
0.1711566509295142
-0.0132198792951554
0.3309144137508722
0.4696571083705018
-0.4293521690514745
0.0045100906012107
-0.0431503678689607
-0.2239777543686892
-0.6356546800561484
0.4039688734733610
0.0806323410383677
0.1676897750516741
-0.5834050876552069
0.0481521608972494
-0.0683763161560508
0.2986495078867440
-0.4091337754211093
-0.4452530650349343
-0.3838900679374816
0.4378940122980584
0.1702733876910679
0.0987758072388423
0.1783778530545672
-0.4550265087272294
-0.0963933447392522
0.1416965701628939
0.5948867001960877
-0.3348147081428736
-0.1736772131611815
0.2435297122873978
-0.3472440800473684
0.4833004776857809
-0.4870628349414757
0.2421242409044256
-0.2797351179878739
0.2648862468367824
-0.1928429183609945
0.5633705323667797
-0.1484505106998125
-0.5877378435732437
0.4593188127191337
0.0467684321809067
0.1957237456113261
-0.0822750586987749
-0.1404061870333201
-0.7110105204903927
0.4122474377897395
0.0847914107895367
0.1279836477854364
0.0656776221264849
-0.3792994802898851
-0.0892858600819025
0.0795778595791547
-0.3721027358156590
0.4848127973172487
-0.0438838285800928
-0.3287463192569899
0.0082942523665961
0.6697429403852327
0.2675130751716567
0.1823464528206666
0.3115705041118906
0.0666525665429843
