0.2745814107403051
0.0981454904109944
0.2849506548292725
-0.1796385595791850
-0.0807302595412708
-0.2172922820194019
0.1566068696637140
0.1632685481032436
-0.1244158737197405
0.6732999627484964
-0.3616323494325333
-0.3114480327911193
-0.0268416492991057
-0.0781190237261486
-0.4554662257551733
-0.3855943660085462
0.3714555447893356
0.5000223216090689
0.0890882846567145
-0.1667440965482548
0.2226778615278049
-0.2181536226069196
0.0385763844731641
-0.3385823615086994
0.5513809895799928
-0.0264349120725539
0.1272903521247808
-0.0292823059983815
-0.2758313790868802
0.1909769508577179
0.3232716051368185
0.3799359758012949
-0.2920682205054122
0.2494508601814186
0.1211369823032332
0.3931986077864349
0.2111576197302956
-0.0804283149646780
0.2666730693467363
-0.1553045552823457
0.0925110548793915
-0.6005871245805215
0.0178878774225801
-0.0088908352904076
0.0141912928090444
-0.2122290062422904
-0.6460488544496484
0.1463756679233048
0.1228089410894822
0.4433697701410199
-0.2841667204075098
-0.0625402521515335
-0.2767902658326257
0.4403783080232312
0.3633641173404432
-0.1123458560715909
0.4158759691339919
-0.2155560876012403
0.1183482847598174
0.2346372926292903
-0.3878411973618663
0.4702501864184824
0.4553651728640308
0.0647126075870645
0.2026836415126349
-0.1113775143272101
-0.1755421311724562
0.4667879915516024
-0.1788349701034890
0.0463505758328777
-0.0383070707966014
-0.2812638856505444
0.1207596799967803
-0.3079082668777472
0.0349353395513279
-0.3840480944554174
0.6020375073572978
-0.2691030496312057
0.2248980594691757
-0.3592512253844398
0.0463198768060623
0.1440281438816892
0.0189336138324404
0.3227101973007644
0.5406490571876791
0.2935298260628407
-0.0219216130048956
0.0745596329050246
-0.6335161287623650
-0.3368559185934821
0.2107360414479126
-0.0959119748759647
0.0737881674230892
0.0330616456847412
0.0636614533201653
-0.1910110313798420
0.1058958469456021
0.2775960574183534
0.4530545238434610
0.0873752900929319
0.5475537681083540
0.1557922497437366
0.2654978053252708
-0.0779691092131107
0.2990369120433481
-0.0950876913237071
-0.3397118480594877
-0.2903621039668082
-0.4313133237991367
-0.1776432292669755
-0.3216853777500805
0.0878910868199425
0.3105819353450981
-0.0431997704469809
0.1340778851336105
0.3469173845014134
-0.2105506521167314
0.0002443281716146
0.1740180469866104
-0.5999462869688313
-0.0497288980025240
-0.1228789299496222
0.3100915385467005
-0.2761704639274319
0.4677618097991342
0.0369266007489807
-0.1408785971644081
-0.1317367845690762
0.1963928167890249
0.3706477723088644
0.3750769888157158
-0.4858005934679116
0.4861384670416995
-0.3565010793407061
0.0891513933911121
0.0418347001459860
-0.2227482830336813
0.5297641631907108
0.0862278258176185
-0.0543280529157932
0.1804312312883954
0.1494072614097313
0.0272315033090475
-0.4802136014090417
-0.1143732042976788
-0.4815692977156775
-0.2315618532050590
-0.0868646459456877
0.0828454578410162
-0.3355699304343600
-0.1415149656092255
0.3239769272978513
0.3558174714337167
-0.0546070360738255
-0.0877460855987360
0.5586572859524709
-0.3234009619937284
0.0455115557574193
-0.1797347708765080
0.0292709456527134
-0.1288779926122315
0.5432625543566463
-0.2119378342014749
-0.3232738456239060
0.1837165358827662
-0.0249502601080868
-0.5336597604712658
0.2825681407976040
-0.2883820142762991
-0.3233489678706097
-0.1856112828349119
-0.0495064287411276
-0.1223195033703078
0.0559108516408656
0.7507772460677227
0.1912435753835589
0.1717145465853399
-0.2131840803871410
0.2825677496768483
0.0476685498540649
0.0508477098625618
-0.2908906601366599
0.2457550747995874
-0.2234130102584395
0.4139442770903784
-0.0307829619451580
0.4968582084447287
0.4675192557445346
-0.3154459198849315
-0.0308408916027960
-0.2467762101168583
-0.0582462735729490
-0.3866707580878865
-0.3272109617975674
-0.0606166944956813
0.1604351603964589
0.1688156374252335
-0.2970268565145684
0.1672416323808826
-0.3508904086257476
-0.4211153839987561
-0.0369927935955583
0.5096007598350836
0.0882485339035813
-0.4186486419986962
0.1490614812009171
-0.3450583610420581
0.0247809981152147
-0.2433232996538640
-0.2398312259671005
-0.1199724208149491
0.2005556860384519
-0.3909314257434080
0.2310922939114508
-0.5254902052878357
-0.1706529376478969
-0.3646519950669887
-0.2125342998248557
0.0020975154589494
0.2945538902895569
-0.1725230149796342
-0.3649877724093563
0.2025001287075280
-0.5131697663056709
0.2566603916757946
-0.1087962434392724
-0.2536695611212847
0.3545454818100011
-0.1715971961141846
0.0985060586878796
0.4635902767958536
0.5025406545087188
-0.0024227180931915
0.3581153420052529
0.2540619733030553
0.0139002498702920
0.1693315227884205
-0.2626746377128298
-0.0538766678826118
0.4470133200439114
0.3481228352776184
0.0211667365509369
0.1180570602696915
0.1594421752700589
0.3301533480656330
0.6282640609370252
-0.0771121188151430
-0.2977604422257458
-0.2517812345433901
0.3520695683190930
0.0562719596515993
0.2239762405109228
-0.0341077564994668
-0.0573280140710400
0.7733910472758830
-0.1970869139166996
-0.3351097863022932
-0.1579083258590085
0.1078609918512455
-0.2293299811154932
0.3033706317494997
-0.0277129948201121
-0.1085780164535930
-0.2291776998440971
0.5582446452061347
0.2379975335608676
-0.3589827945999179
0.0211438165424428
0.2888055954483839
0.0671498397473532
0.4539575328251634
-0.0287134555893601
0.1255466205846011
0.3181733798641098
0.2052750370572221
-0.2201149945066952
-0.1917035426158910
0.7306180359261489
0.1755278440937173
0.0943813747660755
-0.2807417871761836
-0.1607937400451437
-0.0030379962761449
-0.2405183785420732
0.1196501358028604
-0.1306200759389202
-0.4420149563097959
-0.0211019144407180
0.2683659733851500
0.0252409285294860
-0.1463033246268434
0.0408360601144940
0.1218113404098829
-0.4237624734662171
0.4244958494716399
-0.3066306288895938
0.1477102327164508
-0.6328655063991002
0.1053284215529157
-0.0469841405706903
0.1791986001489234
0.1944215920501652
-0.6653515010197100
-0.0386587674119842
0.0550913663736833
-0.2610208594769177
-0.2194942525926979
-0.1701809039498562
0.3244720779180127
-0.1328483364802172
-0.4588665039921221
0.0640741209927920
-0.0088961921621185
-0.3831432794732827
0.3141029285701141
-0.0523033789992758
-0.2742442977644544
-0.0701540760949993
-0.3603517516816315
0.5328573012572361
0.2841605454444450
0.0831572637264678
0.2534598007167176
-0.3254224294652509
0.3306521910213635
-0.1546850471618092
0.3927839983598801
0.3987701370699947
0.1374497681652559
-0.1669067152827265
0.5505455919641391
-0.3432927920364005
-0.1909582617724477
0.2219491810364076
-0.0027200732465406
0.0031933368327663
0.3265671452589760
0.3900458194484177
0.4456666181759756
0.3417784177757218
-0.0784100313390202
0.1385677728159352
-0.0867587199105439
0.1980836329748939
0.2812288064710382
0.4042968009071815
0.3125266606587545
-0.1159961926457381
0.2313511886806543
-0.1302037896671752
-0.0171580762608254
0.5178465744448514
-0.1368743170294192
-0.0983012297104538
0.4431183319414874
0.5490808323625944
0.1562786636916359
0.1339941103938772
-0.1355959423885115
-0.2721380118137366
0.6925411432831767
-0.0215641307819760
0.1907762445274193
-0.3858691636841423
0.2110525070390414
0.1117349299878642
0.0669190810642610
-0.2585822323552436
-0.2919463007037080
-0.2747036005023267
-0.1566878920883280
-0.1449640314270887
0.2240525631515896
-0.2828939824780418
-0.1855246311262960
0.4249235776263084
-0.2347074491540324
0.4739287871695254
-0.3380742594675666
0.2492034231108377
0.1923973751868693
0.0223048080181864
0.0692201552444773
0.3954664217262436
0.3321546363537987
0.6134985982605163
0.0350880988447546
-0.3603051924613872
0.1406462473288612
-0.1425048159518659
-0.1790748411719274
-0.1460769340293328
0.3652183388939111
-0.2014884946830417
0.2366834129950839
-0.2423745359799299
0.1637427697734107
-0.5100632257400839
0.3229527909328990
-0.4859041593170714
-0.2547784445041710
0.0635507366053155
-0.1255495907647406
-0.2303882987945060
-0.2947848097900858
0.3445926119049718
-0.0251528503143040
0.1689834780992179
0.0104989039174730
0.3209050082267293
0.5861088323820115
0.2027679894718205
0.2352971910364929
-0.2830000092734302
-0.1547325308438622
-0.3783525419184333
-0.1813479037654228
-0.3509663762374310
0.2251608211272149
0.0544325041215692
0.1345486747010659
0.1516973938707172
-0.2018080440251945
-0.3706244868241323
0.2071704502340312
0.0035380595803614
-0.0618408300875404
0.2103891307472584
-0.1577311947522255
0.3723425933293477
-0.4897787101157317
0.5351394664533782
-0.1142473079987350
-0.3173662766694013
0.2602813599998564
-0.4214186230785125
0.2523188243348054
-0.0745602390770163
-0.1729095553694508
0.1150118072968125
-0.1597212114793298
-0.5948801905127642
0.2783122653547754
-0.2677418248589197
-0.1083020899107751
-0.0706598212678724
0.1650962005452503
0.1690106160086626
-0.7378954672663867
0.3527886111290559
0.2471081055209065
-0.3948010930319093
-0.1198378418278467
0.1126075583337041
0.0697276848625778
0.0983521175631070
0.0171076253875728
-0.3412356853926181
0.0235713680075065
-0.1682568153780903
-0.5492192677032770
-0.0589513140558004
0.2687055372028193
0.2587540465132350
-0.4541734931510149
-0.0578892384098587
-0.0214067213835805
-0.4472619071376248
-0.2719484127207736
-0.3506397972064247
-0.0393893071822050
0.1831833471333064
0.0051925918180882
0.3104416643514299
0.0067311574329689
0.3537525229743720
0.3660152653883602
-0.4974101054954196
-0.3073685144028209
-0.2655966868915431
0.0224254526150569
0.6682108853901658
0.0646330009992399
0.0594899530223913
-0.0573182405626893
0.3286640406812819
-0.2733611957559765
0.2372478554375393
-0.2302650566398257
-0.0212228869612607
0.1290133829475016
0.4825346117942804
0.0857461951124453
-0.0233523780307876
-0.0492612052978254
-0.2436418475218713
-0.5610491070333918
0.1132754764108413
-0.1509174604326440
-0.2733330197101132
0.1197440502818121
-0.6505883000554631
-0.1723847893996639
-0.1946779322447884
0.1234092040520097
-0.0045434660234213
-0.0944877290704953
-0.5141374141295809
-0.2417940205511317
0.0471813571667472
0.2841306388343203
-0.3663123843247273
-0.1405292415236728
-0.1389787738885283
0.5967511048761414
-0.2017509691696079
-0.3646756840094001
0.3464322080772550
0.2547164746290526
0.1282480594603364
0.0609358088508696
0.0343747879704450
0.3918642775472526
-0.4652273680172377
0.3098353465452164
0.2430411471639836
0.3682588476812354
-0.0098938667319111
0.1684175660014973
-0.2767479695911437
0.1137764589331360
-0.1873472246435881
-0.1710312303297725
-0.6761828432992846
-0.3230828093044250
-0.3512552180342286
0.1831386909490307
-0.0718995408237641
0.2910591733688496
0.0966416262291146
-0.0413978364709378
-0.2828238455825401
0.0155843643081948
-0.4225868130449451
-0.1546378480565870
0.6461690007503067
0.0630074231231494
0.2201087209854145
-0.1576464585696763
-0.3500291462224157
-0.0165541532153668
0.3129896634666184
-0.0818043217548653
-0.0160046290503088
0.3671535231501371
-0.2791698301492035
-0.1976630323668291
-0.1909410390065976
0.4908707465731846
-0.1751444774105597
-0.3661406864689991
-0.2968476847485947
0.0126439545558057
0.4591493752566720
-0.0757414774163973
0.3572302231956205
-0.3037611187697726
0.0504524224669704
-0.1280795678903600
-0.3195033286930921
-0.2107308960047070
-0.0242331725321340
-0.4604624688654895
-0.4386062365452357
0.3501619762337097
-0.2851972940202955
-0.3796943626676360
0.1058098956305808
0.4990319059798766
-0.0237084908787499
0.2114858062432589
-0.0412655116796039
0.0186004564323152
-0.3491398907879502
-0.2627599001293650
0.3837839752605033
-0.3825953855091260
0.2523007300986840
-0.2957689288453381
-0.1414297164707678
0.2000760098772989
-0.5936471870512561
0.0388797882763574
0.2169934455448398
-0.1232270898901145
0.0597591234300313
-0.0259114953658900
0.0145351517944092
-0.5527155130375798
-0.3554433951594311
-0.3933677645488458
-0.2662175291323828
0.4610126151671416
0.2049424442303540
0.3859013263682356
-0.3775251203822951
0.1810594627320048
0.1775174978345862
0.3367294220992348
-0.1211253659980565
0.1898890791851660
-0.0001747060720713
-0.2837864408237639
0.1437908725573289
0.2289304789737561
-0.4426989854400739
0.1376293234894628
0.0000613443802404
0.0882938866801515
-0.0106831366161500
0.4934068187858948
-0.5125533062040396
-0.1825714562640551
0.2899182533286320
-0.2715685091372343
-0.0743895210979961
-0.1498355385517522
-0.0646958844801221
0.0202307629596554
0.2540307745886097
0.2201429490796611
-0.1372529600803231
0.0062632368756592
0.2647313173963888
0.2795541164016334
0.7833044644849320
-0.2250136200379867
-0.2074048421367971
-0.1100024364858299
-0.2369057088710774
0.1400330006381751
0.2638988732594413
0.5350730098480063
-0.2598818141422855
-0.2778028606662299
0.5233738664684754
0.0153899519370151
-0.2090507771928492
0.3035051564722415
-0.6163774905882583
0.3244676035875138
0.2495046530412763
-0.3225229873761379
-0.1491339458626254
0.1260209902346709
0.0870241656738317
0.0636757571932430
-0.4257884025987286
-0.0182241612111857
0.1582169995440150
-0.4263707786973180
-0.0885985984139175
-0.0066148574154062
-0.6253441728165775
0.0787894606214483
-0.1425318920402922
0.0667742222080499
0.3886749015623048
-0.1758652107463957
0.2690007079111061
0.3469408369260718
0.1164094664268372
-0.0763390332249175
0.3302428343474223
-0.0391223606423530
-0.0480003851998263
0.3360963369228375
0.2198524062970692
-0.2846297239177556
0.0102983203682802
-0.2645257136982804
-0.6249864334227575
-0.4168178992382479
-0.0673973783167248
-0.2939808638158039
0.1591879015511917
0.2092605615241080
-0.3287225632845303
0.0526787885107645
-0.3859223108049870
-0.3895234207482259
0.0839378428533230
0.4728023946052372
0.4047351856734248
-0.1872129192091189
0.0591562675670587
-0.3336088501946498
0.0070709480430694
0.2068840670390135
0.4343001485507400
-0.0108475952459213
-0.2356929443827447
0.3696425973742782
0.0306279124784151
-0.3465396317385555
-0.4370321243546025
-0.3108024495889117
-0.2372972621314975
-0.2358245448091371
0.4406237557914904
-0.0784329605720694
0.2098595840719464
-0.2416757388816821
-0.1291699497341963
0.5194904746897283
0.2404811351946460
-0.4089636869824413
0.2393059300939553
0.2691996073286338
-0.0162509438590993
0.4559320960034129
-0.0322272659705290
0.2700524708434944
0.0773933824085247
-0.3956617638509000
0.1799296177460540
-0.4268206681348499
-0.1017124751953300
-0.3198846743567606
-0.1805922476873802
0.4420890118518834
-0.0185090849616842
0.3371890173602403
-0.0624978214740790
-0.3202247853926855
0.1529277226190565
0.4380736994922801
-0.0797021236585183
-0.3230315579676057
-0.5534010226858164
-0.0816057676398454
-0.0910883214503741
0.3072485568562489
-0.1955644497223060
-0.4334281348066982
0.0958016666250022
0.1963876445664089
-0.0828889913606298
-0.4111645842991644
-0.2553419364818722
-0.2378200442484252
-0.1857105604426043
-0.2187386812343210
0.3727204656779287
0.3165112541522661
-0.3811486127220530
-0.1847990121265264
0.1894394746392924
0.4704755832952756
-0.0713722804756510
0.0078415248553921
0.6014979258994091
-0.4231532913802935
-0.0517707576946883
0.2397759029119985
-0.2232537241744443
0.1348883327400936
-0.1854481023146170
0.1347229717080069
-0.2757372178580066
0.0156715016984458
0.2668806646309314
0.2729692123245184
-0.1078968131526127
-0.3378795770973781
-0.2509290159425644
-0.3638788426065777
-0.2123226350657573
-0.1884842023749377
0.5983735636146597
0.4096876484998638
-0.2580702489944652
0.0705456489074514
-0.6395141003665440
-0.1632025591610488
-0.1938854679021766
0.2917016521956465
0.2604109433383724
0.3647421326343884
-0.0358737911841960
-0.0078385761988766
0.0092328397222312
0.7179149046935610
-0.2806175883585105
0.0344014705610970
0.2397351533057438
0.2074466498830085
-0.2955547370849507
-0.1996463696678689
0.1307315193073598
0.1821668782520407
0.3155107409413059
-0.0662522470445615
0.1507921621720017
-0.0735818787447229
-0.3911712786064538
0.4801699834074273
0.4478191037377121
-0.0085267302412556
0.0608421892673638
-0.3668672279460324
-0.3727582194815185
0.1689937650292386
0.2539410649039469
0.1705410341075945
0.1049840161299116
-0.3782508323471845
-0.0700675002444286
0.1870050737491290
0.3882391179078498
-0.1484975014284685
0.2064400358393524
0.0979687038533749
-0.1478546724636225
0.1726745387701080
0.3514530164159831
-0.4005638519375027
-0.5063608959606951
-0.0979379096564669
-0.3408981505831041
-0.2576438881199663
0.5596295527667730
0.4202329888522705
0.2779561120255972
0.2830672657472119
-0.2219367057233146
0.3048253810931911
0.0976657841331685
0.0910707059691966
-0.0253312477767430
0.0859448079652564
0.3877593002771013
0.4222677736744833
-0.6078474874677601
0.0495537438920607
0.3777080087901579
0.2692777605650138
-0.0355511077983718
0.0241126363231293
0.2377872162181664
0.0386160255181335
0.1302263046966881
0.4968762551033905
0.4458344073696125
-0.0097509924471136
0.3643966262190255
0.2145291954621427
-0.2378244713229993
0.0929521982809225
0.2247683888407644
-0.4580142590359575
-0.0864097565654647
-0.2060978202073129
0.0012130989703051
0.2266619466727777
0.1267322737214285
-0.0200246535962204
-0.2148888297338598
0.0522800860851413
0.1089329623833431
-0.0025086549116104
-0.7128570141676670
0.3049108785014622
0.3736732864212062
-0.2846258139926774
-0.2227102609565336
0.2040801254626118
-0.0748869312117856
0.5532533212394870
0.1803853011735003
-0.2325383401521806
0.3371815904083315
-0.0876885449018417
0.1165760630311033
-0.4001007696004516
-0.0431035558031479
-0.5092478840722843
-0.0616315005753071
0.1874209061264670
-0.1876832528507475
-0.2895626315980532
0.1500757937349066
0.4645741624899953
0.0970969227419627
0.0190484323682350
-0.1399408216389206
-0.2723565684347506
0.1527503884229250
-0.6010627924806052
-0.3453818695727258
0.1613556043387507
-0.0961680497017364
0.6400823304717147
-0.2258149829999351
0.2963987962735792
0.0084221570861692
-0.3457480386618529
0.3660592921453910
-0.0079643122559091
0.0058530340917972
-0.0172520302746546
0.4026892936773683
0.2754585904456067
0.2862558992961074
0.4178714526249367
-0.0617970902608810
-0.1775890457259514
0.1420092098261080
0.3516276423424716
0.3650655964434333
0.0163630659092394
-0.5523906338765058
0.1287893959214728
-0.1820314521142984
-0.1122749507934594
0.0359694497451389
0.0040589139875132
-0.1994683937465402
0.1266436972593475
0.1728225582523902
-0.0659355310270162
0.0317963381655901
-0.9398923628027086
0.0382148191541620
-0.0033208623171193
0.1008097265616230
0.1789271887245792
-0.0597507378230358
-0.0087359403393606
-0.1004652221127724
-0.2369008536775739
0.1622854415013347
0.6651212882372689
-0.1570335926501156
0.0631372108121902
-0.1156821060985135
-0.6082380802208529
-0.1319797612598537
-0.1843148043013197
-0.3554677182112976
0.3238147472012471
-0.0288749764319175
0.1745705568738634
0.3624963255820225
0.2096653957363315
-0.6273023318452700
-0.0784184025794986
-0.3342145680807179
-0.0992865862009110
-0.0832351535147984
-0.2209152362554816
0.1826369706600788
-0.2704346410874185
-0.5178408270965406
-0.4822354162206992
-0.2210263211044795
0.2748314674095727
-0.2448569783534989
0.1183916518287728
0.2763834114005730
-0.1513621310052676
0.2152682127071447
0.1084873698400737
-0.0818522310895419
-0.0050054706864111
0.0674050566607555
-0.2759782626399612
-0.3199008296286368
-0.0879086561297418
-0.6336959054440030
-0.5228917446218321
-0.0417073948538733
-0.2861931807995858
-0.1791686682692517
0.1140154056709906
-0.3318276520014759
-0.0419132611380637
0.0966456310666646
-0.6065542197643095
-0.1902547117748296
-0.3541946966354321
-0.0676364652001320
0.2404253288266648
0.2286927644696297
-0.4706705518450171
-0.0049857919384119
-0.1933309295247606
-0.4504290803541667
-0.2097993205331389
-0.0110294000155574
-0.1074299587104795
0.3622251654090048
-0.5096461209409776
-0.2097028684216886
-0.3285434154310614
-0.0792860419619043
0.0152915073432239
-0.3932884210487468
