-0.5485048893675405
0.2214521416406382
-0.6662757415114284
0.4540682455050927
-0.7550860911712498
-0.4136905515907072
-0.0913800218963119
0.5003546882387824
-0.3669978989549585
0.7369001003360741
0.5414292021674861
0.1707196629788418
0.0761232171344631
-0.7805577098424993
0.3284533403128171
0.5263585476230863
-0.3212900493565485
-0.4250772491264818
-0.5172522697852810
-0.6697254107927403
-0.0654879236106739
-0.3001860429380739
0.3661752236108346
0.8783594805658437
0.2648901700387143
-0.7213960833819535
-0.2109556515646832
-0.6040849292698491
-0.0122678121670127
-0.5150335189840862
0.0810100978989858
-0.8532451811442598
-0.2774930439589243
0.1265744335245871
-0.2466188838833871
0.9198671911990627
-0.5685516595158049
0.3416952479829398
0.7482879831042745
-0.0076460649643311
0.1375810900091770
-0.2008557496826291
0.9337001581756714
0.2625498545306055
0.9582576547452917
-0.1607134405199684
-0.0044894275172444
0.2364176435862081
-0.8967316502690904
0.1405279889841773
0.4133887845064694
0.0723460058469061
-0.2091023575143042
-0.0288065174531624
0.1132403616068111
-0.9708877428093010
0.1768156998713310
-0.4426358864253097
-0.6366996289315451
-0.6061544876068515
-0.8421967125200441
-0.0200113266844492
-0.5273950808398707
-0.1102663726195106
0.8395775058087492
0.2455791788523675
-0.2936524745264502
0.3854461088902691
0.2951994781619132
0.4101734843721182
-0.8613334348221183
-0.0521506938448714
0.6063333528772701
0.6035173063934522
-0.4888522061681913
0.1707344329556642
-0.4906514670646582
-0.3845976191705597
-0.0438609497993116
-0.7806548701432267
0.4099943062390471
-0.0371511805918255
0.3771368868290038
0.8296337910338051
0.6399054197631517
0.2979578878964899
-0.6247447848385353
-0.3338204676395077
0.7493796627656906
-0.6077489134639883
-0.2626562656702084
-0.0091140178133696
0.8116832826330447
0.0371027992222803
-0.2567242850927461
-0.5233414491778141
-0.0515439586516769
0.0048655016328440
-0.7270070037849029
-0.6846753710102864
-0.4873551329823165
0.5148197627279316
-0.2792555252161637
0.6476588128766483
0.3886112764371214
0.7079132484603292
0.3054795098815281
-0.5045021085414776
-0.1026965092435251
0.8233499321666929
-0.2562815419861306
0.4958508721657228
-0.2863711051191066
-0.2888106285537537
0.7974616892846423
-0.4456847149168700
-0.2507861229137541
-0.7746341646651680
-0.1557031520603084
-0.5592895135132335
-0.1265384934922395
0.0328334284021016
0.9851591967174245
-0.1112264930992507
-0.5239423060716596
0.7106616129300948
-0.3748525758670382
-0.2827190799747230
-0.8364907590970421
0.4380188659561753
-0.3285619011874584
0.0216739497970164
-0.4829537701518569
-0.1193259343923937
-0.8670411840354498
0.0275056805750147
-0.7391146345686305
0.2858646070341948
-0.3728848175118446
-0.4826467613905887
-0.6751650624933722
0.1193311160007415
0.0459711927064205
-0.7264976755527079
-0.5147508406043129
-0.0170978217225988
-0.7249657998701987
-0.4573443184385902
0.3088600817621800
0.7739040970177721
-0.5093692571236706
-0.2149903681801734
-0.3535405733143795
-0.6263784225063991
0.3517521290041958
-0.5991073147441538
-0.6408700427669514
0.3907187068609420
0.4972544191182657
0.4351580437727833
-0.0661694245518345
0.9658955763299598
0.1516204202655933
0.1991948569596585
-0.7127704477528868
0.0509598203640364
-0.2523208328257918
0.6524535100991590
-0.3226513694829703
0.0917403748525523
0.8746906168910578
0.3498515715491611
-0.0106409390688935
-0.5416131317694760
-0.6230299114038644
0.5642479201615948
-0.9637032949594441
-0.0261649126641085
-0.1492651834108048
0.2197982294080852
-0.4277929437435795
0.6657313514274691
-0.5598881797199746
0.2456016922165072
-0.2112296380812880
-0.1237806261012615
-0.8500461981219214
0.4663495016149318
0.1503018776973301
-0.6603754629272518
0.7136175297552688
0.1790631585510065
-0.4314775236953302
-0.0300250079336207
0.5485910986028665
0.7155232015651428
-0.4854518605312357
-0.2039046049202075
0.0832549208776474
0.8460662038804957
-0.1182439166796979
-0.7162437761943049
0.6398250491877656
-0.2522640197551773
-0.8196029660729626
0.4033475763915513
0.0137158181678675
0.4066615139836199
-0.5894917948054330
-0.4665404949974654
-0.6137841777106986
-0.2410567849627778
-0.3955578255398502
-0.2782938045547373
-0.4786959638211199
0.7327596735779093
-0.4962638711499606
-0.1564349577510701
0.4443005535879555
-0.7292786108656365
-0.6847743994070612
0.5630912614101409
0.0588018703710431
-0.4588622813885468
0.3555920989226459
-0.2214476420575827
-0.7728135677392756
0.4767330390575171
-0.1230306521739524
0.7705298304069536
0.1811310575459191
-0.5986140485078683
-0.3818229211622266
0.3929242914836664
0.3704213984588600
-0.7500731601657171
0.4307281902163174
-0.6485307909774500
-0.5313351631768227
0.3340119514014406
0.3981077194292627
-0.8924026335746993
-0.1019221733956571
0.1863857663290797
0.6752022510717195
0.6460220242203751
-0.0135232183493480
0.3557732240281267
-0.8433464123236619
-0.4763804018112239
-0.2478300321035739
0.0202192180493339
-0.5298085642196398
0.7999297812213172
-0.0724504700543136
0.2723346466824382
0.6243163181253241
0.7515274809347822
-0.1020135268906710
-0.1871598799251226
-0.6736631448879675
-0.1419634077973774
0.7096010821933914
-0.1499688708238378
-0.4618743815425355
-0.8209671209774388
-0.3348069779830580
-0.0242761084724867
0.1642775349385127
0.9525931235351447
-0.0024418729284391
-0.2560727821629697
-0.0665706972307216
0.4315672341310723
-0.5615526530177509
0.7028347477063134
-0.7243550688800060
-0.2365636181724876
-0.5492593592113878
0.3430182867773657
-0.8274641968449362
-0.2235267381734486
-0.2155681858362564
-0.4678345407476543
-0.4964982315611316
0.3036026667741762
0.1681027162602919
0.7956484170600664
0.3143702165801681
-0.4233656816158169
0.6073373039064948
0.5942005266245589
-0.3472856299900168
0.4870548685954153
-0.1346349146331353
-0.7899643573868813
0.4012212251146702
0.6341725875767263
-0.2336292272864385
-0.6182750535491984
0.1462828320086270
0.3102454252228869
0.8841933339547930
0.3170981825518934
0.3057958872302088
0.9093697048046827
-0.2021685465231441
0.1966303489628522
0.1665879252487483
-0.3644330596032148
0.8875785392785364
-0.2272473208681166
-0.9007785161551544
-0.3437753309795875
0.2391834789901263
0.1149254106861194
-0.1892634917241438
-0.4345173115208998
0.7022028768766210
0.5313051443334906
0.0672567704690894
0.4013166453664577
0.1396928490933531
-0.9027222080408031
-0.0307649925279426
0.2121776914898148
0.3298179320928538
0.9193771120377113
-0.1006864970907515
0.5268277747582979
0.8402815992544054
-0.0790035379035215
0.5608438025565800
-0.3574595047489132
0.7396062657793392
0.1032448701799724
-0.3784473474912488
-0.5615664600605049
-0.7047357311365761
0.2115851255909710
-0.0540161573905559
0.0584722111427038
0.5794274560797722
-0.8111270420875915
0.1587381756737036
-0.9358845803460530
0.3145146138791745
0.0016737714033605
0.1275754495075108
0.7341204850268238
0.5897896647647789
0.3113515207664602
0.0111286343760444
0.8605035828490331
0.4762063283500527
-0.1806578817551664
-0.7543928351712244
0.2379981255019219
0.4513418188506145
-0.4129635638364632
