-0.2786556806672539
0.5627083154391866
0.2902090729893717
0.0500779430793738
0.2698074294404080
-0.2061535258028673
-0.4208952656071024
0.3894250998664976
0.1144764342750262
0.0998769359039788
0.2275982038823242
0.0518544178337141
0.1225604083363014
0.1182541978709573
-0.1265478319854739
0.2835299724131109
0.3694248607448999
-0.5878298548918230
-0.1326042650980541
0.1886139779954175
0.0875815667902936
-0.5736323653798094
-0.1464343357727373
-0.2151385028839125
-0.4230325148276355
0.0639148837959125
0.1831648800254502
0.2133678527451303
-0.4117425516419471
0.4672203130492457
0.3069231548538223
-0.4203010696442753
0.1071168201722776
-0.2953936259955623
-0.2596544689566479
0.5601329970885210
-0.0919939723747741
-0.3423299486663310
-0.0679244605918739
-0.3181694391891551
-0.2002285150244002
-0.0976089649477164
0.0437278877742561
0.4985417560451731
0.2379127597195242
-0.1411988207231389
0.0873899227959019
-0.6262324695666801
-0.0968075118338427
-0.2594545434378814
-0.3082350212371261
-0.1446690543676532
-0.4861270421979076
-0.2135813673541135
-0.2215705024129737
-0.0449103274559015
0.0012111165865634
0.2276178163493006
-0.2307629969724087
0.8704698511088675
-0.0388124911776548
0.1717593547777790
-0.0464944804549365
-0.3031197576794954
0.0770947616046622
-0.0648674880289585
0.0280264470168466
-0.1348739818048158
0.1653099112923333
0.2981171835435075
0.2565059148056847
0.3928820206519394
0.1429570790959747
-0.2690473087602407
-0.1294391271052025
-0.6031610278103565
0.4138717736361083
0.1031688487882564
0.1359818302068962
0.0147705915110827
0.1812982373209067
0.3706271259322145
-0.1685752034401407
-0.2732257781228370
-0.6749842198925118
0.2899202333697766
0.2207102135728105
0.3301107095280332
0.3388252599386527
-0.2276412640032539
-0.0843130195654267
-0.4550019879071342
0.2196457585011769
-0.1638420184847029
-0.1729941164606306
0.2778685247636742
0.1096069395801252
0.3071885927027793
0.5750100377897349
0.1435319552539940
0.1420742610525392
0.2633870293444288
-0.1556591512187980
0.2169368246616667
-0.5043692623036694
0.4208183706361844
0.0621619113555967
0.6167045621299651
-0.0476681065826042
-0.0247401557373829
0.6789343389995652
-0.1110191923010457
-0.0126531646185282
0.4181485547026061
-0.0735297644041947
0.1739236824861488
-0.1447131727628408
0.0389937904225683
-0.0093432111551309
0.5366333841217417
-0.0743868919849227
-0.4596275332646055
-0.2775874381932511
-0.6760385480476383
-0.0622902972377297
0.2698563519702896
-0.1004090230334404
0.1055167657854741
-0.1423234854392158
-0.0485515615836872
0.3476720389803309
0.1151184583396032
-0.0563781163566955
0.6526376024391901
-0.4788968319345864
0.0035462400951135
-0.1938085458676316
-0.3304327610751966
-0.1019451865511760
-0.2551262373389279
-0.3293977755049876
-0.0628171126624109
0.0827783316396750
0.3426958622076152
0.2753552846037560
-0.2472591021660838
-0.5106332089850294
-0.0751470520343214
0.2800543845846912
-0.0193840355547699
-0.2850649413254356
0.3968941583705743
-0.3758790257247867
0.1425845757924540
0.4500814637282307
-0.0305941350721599
-0.0548746598657856
0.3571901700340487
0.3325914472965489
-0.5732745523740632
-0.1965517998274538
0.1561431317471581
-0.1848748727588675
-0.3449934144913599
0.1020851781669092
0.2390317558691187
0.5229420441240945
0.0112261546514700
-0.0915232542864229
0.0631751259189701
0.4841270890632167
0.3037389774749460
0.2620242722051264
-0.3259268035790188
0.1681477888369712
0.3565203006928934
