-0.0288305152028464
0.2168059761242710
-0.0569744097504956
-0.2878061747194353
0.1406601206657822
-0.4120290588389999
0.2830631136998379
-0.0740526269656701
-0.5785841102099815
-0.0516402944377734
0.3874935406769348
-0.2582495570677951
0.0007509807564189
-0.1914492763219767
-0.2464455447068593
-0.0259389853417351
0.7049180480612310
-0.0718369666062473
0.4523735863672380
0.0202290099895815
0.0049271934939118
0.2187629608804584
0.1163320628611217
0.2339475610994541
-0.0088724239251881
-0.3121598333610782
-0.0431136712154837
-0.1262667541089218
0.3499977415498204
0.4941161180157102
0.0864001648243790
-0.1769924560971006
0.1504016266235326
0.0257886209775523
-0.0920751526347444
0.4361869009826558
0.1125791330921015
-0.3030007831680862
-0.3747027006593278
0.0518028717455309
-0.3320972677517092
-0.1211577227698760
0.5894354595128840
-0.1354456238678499
0.0815242645314477
-0.2214623802800236
-0.2563929741240034
-0.3702891488417733
0.0073592562892006
-0.1372088662897675
-0.2940511321172924
0.0508892640679093
-0.0991189767984342
0.0882994589852696
-0.5000829839247102
-0.0060452922915332
-0.0876069396776405
0.1859681959339402
0.3998847978012757
-0.3506547702382365
0.0399830982077290
-0.2499028147196341
0.1536488242887517
0.0536240784008311
0.1805242032038520
0.0513219388534170
0.5128895651656558
0.2655926073243224
0.4036858360783553
0.2292604286826888
-0.1343200434034155
-0.1466891314144173
-0.2802194813200345
-0.1872890524395871
0.6195172064630160
-0.0953105305038428
0.3194443033269003
0.5661042548845560
0.0126171635686673
-0.1639063790848085
0.0231529742373220
-0.0445819601586371
-0.0180508137792099
-0.0395219426142846
0.3358097945879100
0.0065765445748329
0.0759516910741463
0.0629616770069703
0.0481594298706011
0.2679013503853016
0.0851420825048621
0.4632339883239146
0.0028601279121699
-0.0377930860173353
-0.0733968054543417
-0.3927061704278065
0.4546515048868948
-0.4623641600242950
-0.1733777071737957
-0.3701144903831638
-0.2423934337668325
0.1698032826870542
-0.3865607890061758
-0.1524001465348185
-0.3698473694637279
0.4576355998874233
0.0013401378599882
-0.1552263238819029
-0.0060248408115126
-0.1221075375673213
0.4196791020705428
0.1064007994652834
-0.1023020421579512
0.2026118038874004
0.0026343467952502
-0.0380741068865268
0.0184235383814784
0.6607597920931574
0.2406075145407998
0.3532654318352861
0.0823410917746141
0.0304988493489905
0.2708981060930486
-0.2766551196862478
-0.4097042061309910
-0.0436255640618797
-0.1766019824703078
-0.4356616090600377
0.0245078037666849
-0.5802425083562331
0.2165772188060360
-0.3239652774833309
0.1650279686090452
-0.1990396168547456
0.0952881144524748
0.3277230604163722
-0.0209491650857380
0.1322615936735561
-0.1290945923187815
-0.2682142231106762
-0.1401081499066211
0.0215558528916492
0.2121555070979045
-0.4488298066561164
0.2176480196428565
0.1776766116306790
-0.1688323745568037
0.2641382324144514
-0.5411268725737001
0.1184710200584616
0.0523281541860021
0.3147653085207496
-0.3781185168654161
0.0677580912077752
-0.2952968489806075
-0.1490940474099600
0.1647496006354603
-0.1050004301833178
-0.3368122976782729
0.4990401509505664
-0.1070351841257506
0.1643944452230489
-0.2413416346867740
0.4936639697193494
-0.2789429490718543
-0.1804934752491185
0.1975893774092347
0.0076830482218460
-0.2270935843785177
0.1550709894252845
-0.0881950543807637
-0.5007700562396723
-0.4783593040324279
0.2236495905708411
0.0801595672906928
-0.1853672466549881
0.0474275345130397
-0.0946711655408298
-0.3180989443776044
0.0630194372299375
-0.4283693524615269
-0.2152404451436054
0.3681895565824644
-0.0407598984634643
0.5422750765273219
-0.1605604589181509
-0.0328896662021878
0.0870242690077017
-0.4788169154765292
0.2167516750291633
-0.1405791177866606
-0.0764846956055530
-0.1744313347748230
0.0573736062583342
0.3386808903023419
0.2898208361635942
-0.4232984135745669
-0.1238568552859047
-0.1925043053230348
0.0162284474733500
0.3567008365140354
-0.5030321355797174
-0.4113732217667380
-0.0782742972496796
0.0903175252423353
-0.0326536395082664
0.1410238632213094
-0.4206061147121115
-0.0795720372856331
0.0131375267215333
-0.3515964003920320
0.2204278999008299
0.0885360189347266
-0.5370351927620316
0.0080326499287382
-0.2630748034395686
-0.1081833439522037
0.2706130403457702
-0.1046521213182350
-0.0891290764519387
-0.3767894792302671
-0.1013094518894421
0.4118228068102509
-0.1913378122692816
0.0105707421494267
0.3133915871593650
0.1178684169275969
0.1456562836768456
0.4855521583723551
0.2373412643149197
0.1875078307613482
0.1182500173336310
-0.4123855005691304
0.1150277816429419
-0.4869391533146893
0.0530182967502583
0.2812480956732174
0.1517131062611423
-0.2502300554021329
-0.0234138618456778
0.4296464159229785
0.0431582824033867
-0.4097791570995010
-0.1011755911779677
0.3903911075852194
0.0409733418748732
-0.1258105076922804
0.3985602218063088
0.2780730334158537
0.1378171617431126
-0.3669442613800156
-0.1117753717337447
0.1738134603621380
-0.3600521892191967
-0.1296239163666368
-0.3945180872176049
-0.2192174637326523
0.1213235887789622
-0.3736665496871504
-0.2775740158808479
-0.3479506548623218
-0.1233184305052357
0.0010489143285120
-0.1595971166587692
0.2209065025981787
-0.4215513855674335
0.0014044371233286
0.3287527150578474
0.1463016263814177
0.1166185627350286
-0.0531297865587109
-0.1714065019294579
-0.5682232678524053
-0.0001965361912116
0.2056603177327231
-0.2676996864110995
0.2681483844779104
0.0666657889408831
0.3434771484673342
-0.4399445618898137
-0.1731518634804112
0.6838349408575344
-0.2343941982034129
0.1376154248571703
0.0167728930601680
-0.2573927673926083
-0.1215088251597045
-0.4098652047634284
-0.1071190772448812
-0.1560561044368272
-0.3526204975931067
-0.1099872949995443
-0.0502689378515204
-0.0665576612559494
-0.0606932752194375
0.0098130848585705
0.1969437132080573
-0.1520010270215350
0.0627199695145212
0.1500350166134580
0.3384294665262038
0.0874984263906288
0.6619079494752930
-0.2389691852755013
0.0579639305098240
0.2478413863537340
-0.0155270166289812
-0.4748046427065117
0.2722361694326080
-0.0448645665437536
-0.2194137969744918
-0.2056326626398881
0.0885604656589306
-0.1438212506676266
0.5531386590586360
-0.2115756907109537
-0.0917463054322120
-0.3062695420267888
-0.4843471483971635
-0.0257747773750297
0.1365821869790376
-0.3131511857954645
0.4099439961703660
-0.0239142346326487
-0.4008923986076156
0.0527216948353373
0.1073926783835213
-0.0033074215719341
-0.4031689985185140
0.3974594435044741
-0.2143486481367863
-0.0674216893484896
0.4254760126161040
-0.1114288353341598
-0.2463616471252221
-0.1765928906565274
0.4020934647513895
-0.1595460591924974
0.2340443172398819
0.0572808022570845
0.4025222388862614
0.1519960039762291
0.1257902151312449
-0.0098222838359871
-0.3042504481849237
-0.4279167396016221
0.0100736530986679
-0.4544841577736485
-0.2300076752954499
0.1360865322315117
-0.3327543325767523
0.2459282209820234
0.3243720774001167
0.2132068219388458
-0.0386904845072774
0.0144693044532016
0.1438523323895017
-0.3998778606927242
0.1042852110427124
-0.3334708954419509
0.4621021945594950
-0.3525045892989110
-0.1330849424842633
0.1350170005236962
-0.0670806376297997
-0.0654891978951873
-0.1211738636862535
-0.3699317178178128
-0.0528320902010888
0.3803970484738516
0.1994229091620403
0.1698062121927716
-0.4012966718517536
-0.3374339988017940
0.1684021846141896
-0.0813587777328596
0.4311038405784479
0.3575642474300565
0.2124521575649839
0.0636900043332379
0.3332448512635849
-0.4021621587875305
0.0377520894862646
-0.2325995399655654
-0.1966367866583306
-0.4150431189528366
0.4001720341487726
-0.2417735904403751
-0.2208898134795482
-0.3706763210259076
-0.0483635064958918
-0.0666494497455900
-0.3723930175066695
-0.4990272652891439
0.0125541503263597
-0.1740905213934781
-0.1034341311249474
0.1393067259931788
0.2692739896388802
0.0220759678642081
0.1716542212376417
-0.2658637499065665
-0.1062626750360008
-0.5880875344595099
0.0100801355267639
-0.1460831298657061
0.4352072019698827
-0.4183665144761451
0.2745782338629068
0.1236761135340355
0.2092067486219981
0.1641563747758036
0.0611171321532049
-0.3812506838153550
0.0239641186494377
0.4053673026604845
-0.3105354556867236
-0.1259381218398067
0.1891276825630454
-0.1100641059382764
-0.2106413829279170
-0.2406404573521288
-0.0309733571442847
0.3021627174202721
0.0401042852447141
-0.4403172867873001
0.2890997514413845
0.2136063695629609
-0.2605792222587436
0.3863270398700828
-0.3213785150556396
-0.2711694106615629
0.1326384492833866
-0.2630715435731579
0.3862105404305489
-0.1785587497071779
-0.1280046174959251
0.1663803047257532
-0.0979195414469054
-0.2320692141616881
0.2466570610941956
-0.0661970033536312
-0.0454613613817423
0.2182323337949985
0.3515629321081489
0.3210635163157178
0.1987213902579825
-0.5747729491574632
-0.0471756572063601
0.2611797784309349
0.0802240286627958
0.4651210807083611
0.1785589428029771
0.2347392409910932
-0.1378517655415643
-0.2064161445394704
-0.3535012282151461
0.3675209112695220
0.2378468335280040
-0.2569791189202184
0.0019722494993957
-0.4189767449248960
0.0159173390860481
0.5299666161799811
-0.2502466743940198
-0.0190284443888691
-0.2092206261871541
0.1886132965695797
0.3342609260012130
-0.2245640679917374
-0.0513068450668271
0.4231010624089149
0.2540689088337155
-0.1414141278126241
0.1985960751373078
0.3297766555681155
-0.4824300429528640
0.1529247768455000
0.2091138206483228
0.1825032395352302
0.3752223362437053
-0.2944831867576915
0.1182239199709758
-0.0598777447924134
-0.1760103460698549
-0.0535539623977579
0.0426768903882807
0.5161974714283111
0.0229463340027743
-0.3451224505069002
-0.0785294948641143
0.1999720657188470
0.2585191208447166
0.0002653980451174
-0.4184740031049192
-0.1551974614018559
-0.2971468315320004
0.2451937327517326
-0.2019255764401924
-0.0574491438763033
-0.0118735828608138
-0.6100986120621218
-0.2791781285133910
-0.2121628320806021
-0.2058511440586704
0.1807376383275084
0.0853779616652015
-0.3390750516953520
0.3437513309641329
0.1529142864940413
-0.4470810493877766
-0.4848247922738107
-0.0635301920947544
0.3473949684215842
-0.0049689219944470
0.0540431698129980
0.2882379862955114
0.1243695483527330
0.3468357820306913
0.1992681548720816
0.2377169321513441
-0.4435663816506756
-0.1605009715388977
0.1691976328092000
-0.2448535273636250
0.1140950778171973
0.2277889801052062
0.4974352881579885
0.1923294823500221
0.0195136025221181
-0.0979069383762845
-0.3362892596090443
0.3369229490163086
0.3730105932203792
0.5859850195071089
0.3027840011262440
-0.0759111559768544
-0.3867376343155075
0.2838370536604372
-0.0406372694886833
-0.0949388710791412
-0.0918127690454033
-0.0964192454687269
-0.0659263512949237
0.1567278425517820
-0.1381901665192447
0.0494077087409650
-0.2147200765921716
0.2283329884431859
0.1743235405230934
-0.2090553287873415
-0.1456191714853556
-0.1719765869043143
-0.0555941216975472
-0.4692011109687040
-0.4169096734748211
0.4912214231451553
0.3569962009496341
0.0051255807523152
0.0928406496414907
0.2097527084146174
-0.0941101732801727
-0.1951888606812092
-0.2529599465011505
0.4011425398458693
0.1771884858533346
0.1346805208994203
-0.2447386456687865
0.3043001156881873
0.0617334195782407
0.5419144204441698
-0.3692693587436278
0.1759590671673337
-0.1315691427811088
0.0156573883960515
-0.4351611061020444
0.4239876271952702
0.2972605331154897
-0.2080334444949405
-0.3638320607749878
-0.0282787590790508
-0.0284017732778197
0.1622776727927387
0.0370591753850512
-0.0974982388042795
-0.2777488783504168
-0.1668785042651639
0.4720128040608899
-0.2692130787430744
-0.2983173161753135
0.2241188832494291
0.1159046955302056
0.1569922572969045
0.6637537117400673
0.0273298042816953
-0.3494241496479025
-0.2109295848048265
-0.2544646766461034
-0.0402157968504251
0.2012617174668696
-0.0863165129975487
-0.1673036775237055
-0.3447671282340286
0.1519846081174551
-0.0202598270742359
0.2013373939377865
-0.5274875578468362
0.0665222590343529
0.2685571661624694
-0.0767387230963563
-0.3008790425862206
-0.2565674402893477
0.0175901986573279
-0.0294934270185561
0.3504202412050727
-0.4196192431090663
