0.3369207396641083
0.1168888495507110
-0.0027056753025712
-0.0844658723252647
-0.1811681702240466
0.0867918506479515
0.1822892632600216
-0.0615181936882664
0.4170180691557582
0.4865731727050325
-0.0635259366617167
-0.3360464230379951
0.0981335430762253
-0.2441132904457296
0.3782053927444617
-0.2200680291606934
0.0229070837519742
0.0938055308722236
0.4369119031809795
-0.0386009343428932
0.5576245916708076
-0.1931695443774014
0.0834844937869366
0.2944466265414392
0.1028268300602413
0.3324956724649730
-0.1784256447981517
-0.4296168280596022
-0.0131120319470026
0.1039207792736233
0.0010724241318802
0.0886563433768314
0.0538399956395613
0.0543274136074708
-0.3935717605371261
-0.2897698073686794
-0.1981185274254634
-0.0859434686563776
0.0319755109292874
0.4899722647225377
-0.3721977806469746
0.0519483020410579
-0.1822915566253520
-0.0114797783498043
-0.2758951881947860
0.3992902841295796
0.2054398252715477
0.1233037397112402
-0.3171179998609812
-0.0848702577704266
0.2293298385496095
-0.2014305708639673
-0.0076634378934505
-0.5330427250637682
-0.1542101240414989
0.0878537313872938
-0.5370841744796709
-0.0280864297587129
0.2087102315585122
-0.2953226191014919
-0.0287090185615970
-0.0446282699122904
0.2138408924345381
-0.1216838635992912
-0.1720630289409497
-0.2300374909961773
-0.0120224944787176
0.3228101365486042
0.2800637456526503
0.2402587574304161
-0.0989942815858816
0.1685643608748677
-0.0429995728135030
0.3110103149200178
0.5291497109360546
-0.3290051894406116
0.0044826641282804
-0.1115086458224281
0.1990787503184881
-0.3159834279996470
0.1029333700623772
0.3650014981208622
0.2514229667790887
-0.0598463775623083
0.0786267443304142
0.1083201398792618
0.0612644814666359
-0.2060359803984051
-0.3227525383782912
-0.0690788450613377
0.6591397879611153
0.1171211597531289
-0.0818997559886313
0.0935142947749559
-0.2616749270665104
-0.2901964441834690
0.1228784766166262
-0.1625524319165329
0.1454896349280953
0.4075139228385059
0.0020445125492648
0.2801041143786800
-0.2633444040390331
-0.0575965039738450
0.1086978530874074
0.0477585542720663
-0.4382885461593096
-0.4188478249568086
0.0956855489119521
0.2156800160501052
-0.1644774044217295
-0.3946641170094188
0.1619221739651509
-0.0853256752714115
0.0761458192348391
0.0920706347317833
0.3277355718188137
0.2265346007982922
-0.3589109133097212
-0.4835387595711430
-0.1508181736807438
-0.0002944073362242
-0.4723922448073674
0.1609664237592222
-0.2260819036881396
-0.1879300615229284
0.1008055861415960
0.2499338171190270
0.3548023570709938
-0.3191594440028993
0.4733473352236651
0.0383722250157698
0.1465421899254491
-0.0038657608186084
0.0882722220694140
-0.2603585078589947
0.0974451161433514
-0.0089246367835298
-0.0014357790802982
0.1430633354360419
-0.1175141516905212
0.5509053554093043
-0.2802882088910458
0.1540849384171836
0.1870739004641859
-0.0545443863568700
-0.0318671641653714
-0.0633289952713605
0.1929845694838845
0.1455015062646071
0.3954619344331031
-0.0057694704930779
-0.2897737535259534
-0.0488299042272273
-0.1710658678427277
0.6603026862314545
-0.3327913928784240
0.0564913479833990
0.0393950006561481
-0.2739622622119559
-0.4685469759413587
-0.2249658707104352
-0.2851728153530545
-0.3425365272609085
-0.0251826814346718
0.1652708423561790
0.2640304341475457
-0.0789786468721455
-0.1676889904966076
-0.0529469813204926
0.2159052575175900
-0.1500172900523191
-0.4718525212976062
0.0037143605042837
-0.2111044838505871
-0.2450183999178558
-0.0705717526545140
0.2296189955819099
-0.2051995953095976
0.1545902868731816
0.2979590798209884
-0.0222132272309483
-0.5554891475032521
-0.2852134023900986
-0.1843276440604175
-0.2990996078222115
0.1359147464216798
-0.0586441712792479
0.3356043985994110
0.1380688676822687
0.2487066904097710
-0.2412555490652560
-0.2689666833473282
0.0608526829449385
-0.1146005025394242
-0.0893079316341094
0.3717366577936366
-0.1058459963034600
-0.1012016924532702
0.1944611292941788
0.6327573755695122
0.2107557612247765
0.1682547758098313
0.2687785372139161
0.3312388116041815
0.0086771402834437
0.2237369409441277
-0.0138614809257405
-0.0302974436118243
0.6335789883548492
0.2171979346162528
-0.1949046657414647
0.0908552262954614
0.2059703819394227
0.1279025034722723
-0.2824530347517596
-0.1676698339881592
0.1138103757316491
-0.0443351301058524
-0.2009218025925432
0.2518570122742475
-0.2874074053650804
0.0591381488243642
0.3643436289698850
-0.1294241167184563
-0.1490407343509222
0.0191252252212283
0.3727221761268582
-0.1694090139513949
-0.4274524733560451
-0.1743391597203353
-0.2362104748566677
-0.0287114319675278
0.2565173003278206
0.5089482842782446
0.2782479435760891
0.2304651596636564
0.2168253087031519
-0.0093345103120632
0.1444085087732858
0.7193235876473814
-0.3141628817822568
-0.2030499490027003
0.1786086103284552
0.3033623031024368
0.0445098804718085
0.1554874806025084
0.2786759497837910
-0.0987587033426791
0.1299127256585272
0.0848210523431721
-0.0846834663050464
-0.1394937263061161
-0.0627921717430365
0.0964905671900675
0.2029536899098764
0.0015292988767446
0.5422020192440644
0.0406583551942781
0.5358937090958875
-0.2670005432370893
-0.1421089953790928
0.4602761565392977
0.0426367879840177
0.0019508648839102
-0.0886278445508285
0.0370748663637215
0.2574530617493938
-0.0999646524066413
-0.1304751203269594
-0.0583137899313845
0.0780426638281401
-0.2191961273170083
-0.0321091810877574
0.5427385846071662
0.1255088802133435
-0.1357488528960900
-0.3838356768332962
-0.0882735208702038
0.3061914897808886
0.3749356985202153
-0.3049210146940027
0.1012369068685986
0.0974158868080384
-0.2142626186036577
0.0775775305096946
0.1105122157741540
0.2363669285318672
0.3822729277413198
0.2531608393157324
-0.1561002159145809
0.0494276840665064
-0.0306718122715248
-0.5069450500140331
-0.0623402688168986
0.0596279777957245
0.4840593034038909
0.2147978462235808
0.1023573637721192
-0.0663397185302429
-0.2274186425936229
0.1293705838620003
-0.3526886452913318
0.0970360578640807
-0.0609285729584566
-0.1126461007140808
0.3463536582541664
-0.4698148149252485
0.2114747112089345
-0.3791614728666583
-0.0582940227516035
0.0966871218446433
0.0833030153465842
0.0570149469714263
0.0097577580839396
0.3311032690110199
0.0192336498813225
-0.1728769138855670
-0.4771928741164772
-0.2525788878526731
0.0621761621828044
-0.2505842909464493
-0.0421309396055193
-0.1145653702734467
-0.3551090092469582
0.1070098601790063
-0.2109892424144491
0.0177751394956528
-0.3743110220330357
0.4993453777398721
0.0663652259228420
-0.0543955615952195
0.0547630527073042
-0.3107710420667118
0.2086104266653369
0.4428789369177092
-0.1252529627243111
-0.1209489918806856
0.2426382532339896
-0.3325574263111817
-0.2963040059614528
0.1221330581737168
-0.0814416948330792
0.0287564146943803
0.0220818558831849
0.3004221283844173
0.3166855607067919
0.2958860716517657
-0.1758417886343771
0.2687794950504532
0.4782068543981715
-0.2821686048279916
-0.0146171193095106
0.0193621645770641
0.3490309200015213
0.1537721124945429
0.2251986790239042
0.0657776781620373
0.0081912416067810
0.2768634989324678
-0.3051726159119831
-0.0767492039317935
0.1052981833726641
0.0607822573153797
-0.2821880637517016
-0.7111777007385954
-0.0859552815421357
0.1248449736262141
-0.3130519420960659
0.1090225706285395
0.3033582270028128
0.2332749542620306
-0.0024438868331807
0.5448788035915497
0.2419374914244991
0.1884605941503471
0.0900899897696516
-0.2277375340879513
0.1715081311952256
-0.3087307938775927
-0.0287845345221057
0.1045377130228694
-0.3450260267539160
0.1928967058398523
0.0441793332900365
-0.3242286503169759
0.4081972177158329
0.4925096313480872
-0.0594892764933171
-0.1805225329096874
0.2336258130467692
-0.0947275935299101
-0.1811104687595988
0.2649811377545211
-0.1999132831020250
0.0156845276762206
-0.1817146541925295
-0.0395265912486301
0.4495198011603766
-0.0646035437895999
0.0665658910268448
0.2602218828562924
0.1041883878712922
-0.1303020717964876
-0.0347832469118042
-0.1526370521879557
-0.4601747058648520
-0.0672815297069954
-0.3825284695929179
0.3717430184570133
-0.1623266976000562
-0.0705317935297114
0.1818419599557373
0.3616884028272190
-0.4138296148361535
0.0907670309110238
0.1422900929701610
-0.0081161877718195
0.3280849115739047
-0.0345607478177812
-0.4837188146894753
0.1001527493007720
0.3424921492014836
-0.2138800942406277
-0.1880904606823894
0.2285867525160019
-0.0498224244728967
0.1986436223541430
0.5334562571995900
0.0687348017760968
-0.1276141768832825
-0.1692233837926628
0.1471839656351885
-0.1804428510695909
0.1430818164106159
0.0329734854088807
0.1109286344999705
0.4242210609471458
-0.3480489580805886
-0.0184983016804750
0.1408013176910257
-0.2299748964322204
0.5018037252461174
0.2202402028124603
0.0464532932131588
0.0078277720386587
0.2288093487212945
0.4276325242018166
-0.2320306954280506
-0.0723629442031982
-0.0937026526424428
0.1027608907068415
-0.2757885789675238
-0.4404716449077528
-0.0021007707562800
-0.4343848713823195
0.0997470132673404
-0.0407766267638273
-0.0630549051368177
-0.1333304413844754
-0.3976710444704975
-0.4778289647413981
-0.0153527100060833
0.2067668263185538
0.0406967433548043
-0.0823848291481636
-0.3685014934976583
0.1237056604807564
-0.0707463982576454
-0.1125321952259765
0.0320485749815416
0.4448524358418983
-0.1389698303386609
0.2143964745444462
-0.1150953168253995
0.5233863626811407
0.3746464341626527
-0.1499036885389520
-0.3092604432099585
0.1137495422406647
0.2866418051269582
-0.0974640449444239
-0.1845122384972576
-0.1126212701523733
-0.1817644044517766
0.0584682507691171
0.4527716203898365
-0.4164828952371525
0.1471886143930166
-0.1182948213524047
0.4151173255643308
-0.3182283173673580
0.1036577753274832
-0.0120890507095718
-0.2009997768035418
0.2935134456707356
0.1186465248758668
0.1150047731586228
0.1179580796678781
0.0101164110700480
-0.4495623385836025
-0.1399760995123998
0.0085884171730606
0.1329095465041795
-0.0322899193523175
-0.4560406702052410
-0.2649056191529322
-0.0949096042791833
0.1335604441612136
0.0907359738124971
0.4821052595537015
-0.4153874077183319
0.0850464904578682
0.2499255811733000
-0.2086395191973892
0.1439883081261425
0.3757648218146750
-0.3777372818941826
0.2327638897880266
-0.3918993039560726
-0.3616645844089690
0.0561884853746322
0.0312783496708900
-0.0819823610548782
-0.2526178255768878
0.3411399574274983
0.0869747363053982
0.2120796240010268
0.5336123736561261
0.1153009267012260
0.3923293061054117
-0.5374659388015652
-0.2301207282569062
-0.0528697003420907
-0.1071918141880922
0.2606122034741943
-0.0329025854903319
-0.0827708734907460
0.1957179644434059
-0.2282569435581373
0.0089964225676260
0.0236900853604420
0.0129079362896010
0.1576798296046501
-0.2348462316312847
-0.2400221965168371
0.0910710908098880
-0.3951554842868503
0.2407126128804163
-0.0937505243154322
0.4665396558959106
-0.5103287222436815
0.1460199961786582
0.1899073330509622
-0.2469868724164595
0.0800788548886934
0.0971638171934131
-0.0329112537626760
0.2000062745832507
0.0513826215725796
0.2352855095468689
-0.6205753288259561
0.1942469495156101
-0.0298852138991563
-0.1329620757530543
-0.2840728265271208
0.0050108607045774
-0.0661472403070219
-0.1451343168527006
-0.4139256016292302
-0.0218985785303549
0.0972367730118363
0.2990201690763974
-0.3038436322321215
0.0064797490982651
0.1844348759544027
-0.1008750679960431
0.0226541988933034
-0.0271334997421497
-0.2568595729969330
0.2717304830877446
-0.0667784469200967
0.1850860425859160
0.1065939315716038
0.0196875569338332
-0.5359294346379765
-0.0418404372480890
-0.2585423627053600
0.3029338251913747
0.2942199567826491
0.3114848248216375
0.4088058209474175
0.3315951544871918
-0.1000888270797087
-0.1810995123100289
-0.1114198122819097
0.0131127906438262
-0.1909902989440992
-0.1490395480648683
-0.0864644923347141
0.0389512681226643
-0.2633785988455430
0.1830125613893445
-0.3949099464211842
-0.0830046110403872
-0.3865316211406956
-0.1935745476804731
-0.5606931614199121
-0.1884888655511011
-0.5290480527752555
-0.1239191212881553
0.1671417856285615
0.0237956627669007
-0.0466867187186273
0.2952811203874948
0.0911714728577066
-0.3564281014871764
0.1880634058754479
-0.0500003054364303
-0.3279639267706025
0.2807907711394964
0.3489304517204991
-0.2025396162930495
0.1701508215483975
0.1521019565112116
0.1313320416556492
0.0044513275127418
0.0679340860361969
0.4326553776197241
-0.2808289638458395
0.4328744552493017
0.0601017109754448
-0.2208513250949663
-0.0578290521604225
0.1342913302151990
0.0561047720468921
0.4879961904020487
-0.2826516440678861
0.1791324057223619
-0.2729686364801330
