0.3559254974741569
0.7298654042625302
-0.0751775007090912
0.4308242857494230
0.2317788400263198
-0.3092424282341531
-0.8811765033185809
-0.2023618063045584
0.3016644366794005
-0.1157199669906643
0.1223157123691697
0.2514438162663730
0.3213213374606417
0.1558275118466290
-0.0012320919904865
0.1107605280526135
0.8587979802237168
-0.3502384918633173
-0.6174147838169588
0.4156983430677224
-0.5518219518395766
-0.1721413048316156
0.3343395884946340
0.0084152539519531
-0.1573351600669558
0.7614950467077909
-0.1355023772451934
-0.6067227622227367
-0.0302400706832251
-0.0893480550039688
-0.1742240992328199
-0.0827133172347619
-0.9619827600825006
0.1148936273531118
-0.0239310147467752
0.1536892990075184
-0.5148626393265863
-0.4096625561094753
-0.5255774107318786
-0.2278592216142925
-0.4469273798830830
-0.1979836617300983
-0.3721630376607507
0.2396460687699673
0.6552894215541282
-0.2714653655665716
-0.3901787412511058
0.3856518044752147
-0.1519580708178966
-0.2793154180196703
-0.0020563364381678
0.5557681156571145
0.4298897402065925
-0.6365563811119181
-0.4458148979056136
0.2402836008760115
0.4099655058069553
0.3879345643209205
-0.6375957929494680
-0.1357185713975388
-0.3026043151417531
-0.3500471971464149
-0.4291648977444519
-0.2324730092108376
0.3845149520519717
-0.6323129212727283
0.5147019335870977
-0.1269542160982661
0.1189814537178984
-0.2327630218729076
-0.5244448876162732
-0.6128514467222055
-0.1135426204779890
-0.3224383229472479
0.6086409508373563
-0.2102506926113497
-0.6443505738651596
-0.2308782761756593
-0.1821380512630576
0.2020052657042906
-0.3126372435961952
-0.4697636050400252
-0.3536005817633581
-0.6946699509715546
0.1335165214303001
-0.3331945358838899
0.6189034174076187
0.3334176666776826
0.6050438559511399
-0.1042491803633408
0.1079184282569241
0.0471332103813124
0.6791926719532192
0.7136711654926450
-0.1127861297744674
0.0527460345582471
0.0502646848926937
-0.3537225111255220
0.3117641949326122
0.5144302802365355
-0.3977503051620980
-0.5935596978004243
0.7314976091267225
0.3516048867118708
0.4203518830405136
-0.2895519579553805
-0.2828932953162218
0.0268438636535491
-0.6023405147939006
-0.3190763835527236
0.2134657113261303
-0.4964082781212072
-0.1029028358273840
-0.4824918481966136
0.4230131388226440
0.3962266808632633
0.2402010791615487
0.4276040428166047
-0.5836018205390340
-0.2879781952779487
-0.2959598802227625
0.3046231481513358
-0.5623036026241767
0.6025416336351573
0.1923711050437251
-0.3215028507887630
0.4086318351725755
-0.0283650551195124
-0.1055163957380779
0.8759566017110438
0.0065905060489373
-0.2318153021499316
-0.7811993716527238
0.3309946410096019
-0.0223932310191052
-0.3052920479849608
-0.4280329575838271
-0.0570367006060955
-0.0831959323227995
0.3308129080359291
0.4763945661270588
-0.0089837745733728
-0.2683557190224627
-0.7645874534340172
-0.0159901938556351
0.8136898367597928
0.5534588934797274
0.1169974078445130
-0.1314765262064898
-0.0190248809934667
0.0923946164683766
-0.2115694324233381
0.0286087714873151
0.6679772303371609
-0.6763378827277857
0.2055641905685572
0.7751253964096554
-0.4598499074048045
-0.1209354851197197
-0.3871870243017743
-0.1382879193902192
0.0636863447097331
0.5446374846731464
0.0092447775681688
-0.1591122178872765
-0.0595975776683237
-0.7997059405572863
0.1867789706285736
-0.0259775690471720
-0.1747492230855477
0.4142724693072004
-0.2338081307714879
0.4522134700026672
-0.7334868312688384
-0.2756212607200807
0.4864602970763052
-0.1285959103668600
-0.0418887919498473
0.4107632558229605
-0.7073692590289236
-0.1327376956866378
-0.1684738278959101
-0.3879167023122209
0.7861024127204367
0.0947124108751617
0.4202266786704951
0.5356895977614035
0.1578955968455408
-0.6653734444143932
-0.2892729970158138
-0.0876289432742703
0.3924616112606004
-0.5357160639996330
0.4327191045198109
0.5227554119976960
-0.3668838351550343
0.2192148230309731
-0.2642543612674463
0.5822155449664762
0.5865651591654891
-0.1570273671509504
-0.3538238929226898
0.4083270476159701
0.0196584384031990
0.1003779749165452
-0.2532788666993648
-0.1263096181325785
-0.7443423449354155
-0.5945328294102054
-0.0480119411384697
0.1003955865283624
-0.5768407938814771
-0.0006319732079571
-0.7400324870194817
0.2276715874655898
-0.2401928220125175
0.1318284614209044
0.4729608773969403
0.5188950388018810
-0.5658708526456243
0.2546969166746231
0.3234143823033576
0.1751685375178004
-0.7511390832746103
-0.0983162775015856
0.0140916434423765
-0.6196815062692156
-0.1060010707138986
-0.2632878956975878
0.7460984907296768
-0.1928420482063670
0.1864192409210170
-0.3744639630562166
-0.4023096786559728
-0.3695050566527034
-0.8062766713567052
0.1944185623502071
0.0159504024425955
0.3558565380700711
-0.2206741351459574
-0.4725337148926113
-0.0256018510025635
0.2612759374796005
0.4489232195382827
-0.2595336237256875
0.6624964597070561
0.3466053981111097
-0.2393585319468842
-0.7174876176482130
-0.2038403975816651
-0.3852096570625758
-0.3432875210744555
0.2179373542583901
0.1700348683236027
-0.2950486687978793
0.3115767997842728
-0.1565901796310430
-0.8455395612819878
0.4133395961710856
-0.6991635188484382
0.0202478965722938
0.0341899244130336
0.1181316356798574
-0.5699006409482479
-0.2276705288240075
-0.2817208474890107
0.6171103112459535
-0.4741827216260756
0.5048355468780557
0.0909185089440810
-0.6089794189922513
-0.0687900299057598
-0.4245498580495266
-0.2783589144561253
-0.1569229612383650
0.5848597404835981
-0.6160529585159539
0.0975890468021126
-0.4186079042056542
0.4428938691168854
-0.4734119668480362
0.1242927315988130
-0.0170967375486994
-0.4663069928742813
-0.2178160296959450
0.3568043093424653
0.7638742009193971
0.1549469495460629
-0.1566973437327808
-0.5256396734122343
0.7501965864666755
0.1256997958406750
-0.0688900144440152
0.3403052821973743
-0.6372617417222589
-0.0202155479838369
-0.1237204569148280
0.2624459110967984
-0.2294466598076450
-0.6757650677190251
