0.3800718060274063
-0.3665901712948064
0.0201548836581956
0.3509802947740276
0.1925649056268187
-0.5679989492893562
-0.1010951549291675
-0.0656657413892644
-0.3254349843426508
0.3426652647538665
-0.2080425010347203
0.0031744356285070
0.1150887181187010
-0.4081884555568150
0.0630012081968481
0.4681486449683528
-0.6293686048663543
-0.1149755155819067
-0.2161991897412127
-0.3124842504737234
-0.6025010879739542
-0.1500645940242385
0.4139469660999872
-0.5659908160430472
-0.0417308344974832
0.2695686046932098
0.0810924005699575
0.0173510679566386
-0.0966188357979934
0.1793165648164981
-0.0432664952000658
0.0615434626482490
0.4154697479626090
-0.0044376966562203
-0.1329360628446778
-0.1168724595285377
-0.3912492418720962
0.4470010257434097
-0.3686732901193018
-0.5491525819343879
0.1427570701593483
0.2086110116056637
-0.2528930653535167
0.3470447654542427
-0.5445798543562755
0.0252428798400735
0.4233686461450725
0.2672419050470016
0.2149773876667504
-0.3970238641569131
0.0245083184185104
-0.3834565885309778
-0.4789815714235295
-0.0478952595348364
0.1666268393732900
-0.2487689251477689
0.4661069998672780
0.3748568868880703
-0.3336928381151494
-0.2487333361061129
-0.3850617686071987
-0.5506383995912828
-0.2934549542508152
-0.4726672268919388
0.0486700788704037
0.2053280786428577
-0.0969067843775833
0.1876088677693465
0.3293261557107875
-0.2035252915114462
-0.4730728853852194
-0.0756055946870621
0.5966488502259653
0.5187444016644518
0.1115968986461631
0.2617022932635871
0.0470536956086302
-0.2292947723406438
0.0947949424339282
0.0261161317972349
0.0489476399629846
-0.0459726777796629
-0.5491182378925168
-0.2042133494837520
-0.6539567524619230
0.0494713276336223
0.0105693231169594
-0.1131409135304771
0.4364144698142958
0.1370390361500445
-0.1544258591343419
-0.3824737462498756
0.2298303149226269
-0.5742894602209037
0.2439436448355710
-0.2554958397083423
0.0967259158298337
0.0532226383248400
-0.2755105137050045
-0.4841021674529553
-0.1121651036432423
0.5370660769643810
0.4120480475934296
-0.2024780062226491
-0.4982593217535392
-0.1536676031382720
0.1696965001937570
-0.2069686232809438
-0.0092960950419096
-0.3802665741515133
0.0699529339670681
-0.3580020161196988
0.5345042532935539
0.3826083384328335
0.3347761991501458
-0.2806661586189826
-0.0484224017022091
0.3013674329982157
0.3623268355041842
0.1398599855570662
-0.2184092881931683
0.1666903766786860
0.8105608390369419
0.0330313156004704
-0.2227838676247677
-0.2936782606404111
-0.1109262772839327
0.1751964720024679
-0.1267352397331278
0.2673423335951083
-0.0459615313419073
-0.1824164137507240
-0.0533324597935797
-0.3793175568168017
-0.4459364213520697
0.0211331101898166
0.3617899796601849
-0.2656161354919814
-0.4074763383512671
0.5010976372793797
-0.0247995758174874
0.4317124034769676
-0.2679286658561391
0.1152650489965982
0.2667554463568880
0.4103486924883224
0.4358341415705936
0.3549642462103490
-0.0829970570679653
0.4068827055794276
0.0699868089379330
0.2386947569720706
0.1204611022312516
0.5676997142487050
-0.1484508837733141
-0.3341351393448544
-0.4987186235531857
0.4478348708807812
0.0021473891506519
0.1355282711690167
0.4241817047248879
-0.5181050310107638
0.5083488640972226
-0.3186213095446495
-0.0240696253486351
0.0877678253377155
0.1022772694851252
0.0490895355172287
0.3343730940944940
-0.2423646534857119
-0.5638895424026403
0.2789137781150343
-0.4492386182391075
-0.1917278323758315
0.1264866835859347
-0.2265873163895460
-0.2364306433115143
0.0085953285702438
0.2332432296837856
-0.4335255061529668
0.4700290485959230
0.5621658460877605
0.4124874409678631
-0.2628779730900870
0.2405195695719708
0.1086333688431883
-0.2459394175350215
0.1541877722407193
0.0266348429265860
-0.2630041521330475
-0.1627607722722661
-0.0930435067786189
0.4238489354405099
0.2879454256261760
-0.4449254212590125
0.0774910487159990
-0.1881466579709972
0.1780436399067964
0.4869009346401374
-0.4406320832152474
-0.2328586792264129
0.5082178203291694
0.1665244071900627
0.3699333284645182
0.0119209721699313
-0.1569126360157649
-0.4715435483196226
-0.3175680594375014
-0.1800664934619259
-0.3775182374225560
-0.1983234954249987
-0.2228152737133544
0.3785210227071158
-0.0490351799005359
0.3609221076051626
0.5350215028668830
0.0463853708554240
0.4515472820381702
0.1631380340566889
-0.3408301431415784
0.0668123309734424
0.6482896958229597
-0.5399279182346642
-0.0605873773108591
0.0043551270827746
-0.2300350725606706
0.3115214444264864
-0.0101874096627553
0.3581550780306241
0.0412800221513920
0.1126038043743394
-0.0197544680477013
-0.3503889706524046
0.2954570875308068
-0.2674525386465941
-0.2933320554626767
-0.3254426198355808
0.0759219518383169
-0.6825950774147147
-0.2041450132329620
-0.4742705055726602
0.4715628154077769
0.0230656213426281
-0.0915678331668707
-0.4455789574075891
-0.2142063627967020
0.0496174836500428
-0.1172387634986978
0.2536908134309526
0.4677483120151223
-0.5413446458643030
0.0811944631692712
-0.4326468127705740
-0.4060762077882142
-0.1236303445083602
0.0121259947118495
0.5252170336828150
0.1987377661406767
0.0098023421436369
0.1318903427429134
-0.1830534752720533
-0.1268341436244747
-0.0936590528227093
-0.2316378814294437
-0.0816868296223614
0.3398671434389988
-0.0991078503497879
0.8063071564542394
-0.2182908868619976
0.2412249525913305
-0.1548839911819130
-0.1953671100411684
-0.3532507021860983
0.0066520035565491
-0.2368808269078679
0.4915028099253826
0.0146652737199437
0.3078192265223764
-0.2919181449828039
-0.5789135044909706
-0.3776373793188705
0.1789291279182378
0.6133487112390231
-0.2484359770534128
0.2861474053262029
-0.1064723928859553
-0.2252540155494236
-0.1210680536280228
0.2971909480587090
-0.3748616916814902
-0.1665809377322763
0.6670861668337260
0.2210068198486523
-0.2633196392331612
-0.0909738837193358
0.2290482624694235
-0.2457042488650001
0.0207697214476390
-0.4667726154296101
0.2639083222716909
0.1143519592003941
0.0363029491485105
0.0079541440528992
-0.5902070850206171
0.0922484503522353
-0.5585040321533968
0.5345611558182255
-0.0899371911133611
0.0271695783323120
0.1489261881879027
-0.5636708930390552
-0.2481397487113960
-0.4196867122995713
-0.2477319360886486
0.1360558367316102
-0.0138076437153687
-0.1632650592388580
-0.0349106126478195
-0.5752489846132147
-0.0755398857226319
-0.2186086046878682
-0.1726478976172468
0.5270214328781064
0.0783586560326229
-0.0582956884845807
-0.4242378576537160
0.5561019260263023
-0.1605729991292783
0.2547923992454696
-0.2349105311843939
0.1188851230522094
0.5913053843479523
-0.1516772697842894
-0.2243511735003733
0.1262563773130494
-0.4768140683199734
0.0774953607723781
-0.1101538735648876
-0.4760999800959814
-0.2734627951435576
-0.5740621310047560
0.0993009003985774
-0.0353418088034803
0.2174326489598053
-0.3500381865482458
0.5789996587578560
0.1899779373200956
0.0609611972328872
-0.2779208352522474
0.1930046342854496
-0.1170306501631499
0.5930544024484653
-0.1117035562017964
-0.1435320795176050
0.0910053189609122
0.1338324312403033
-0.4418634216180695
0.3855767990132041
0.4500361750847730
0.1699198705949694
-0.0780703892857467
0.0156633606324265
-0.3402541453075921
-0.1498352072799260
0.6220755913247302
-0.0058344229847399
0.2928875338810808
0.4205224142723960
0.4401899705364548
-0.1097027817694875
-0.3246650231892467
-0.2465528278302987
-0.0709171357819230
0.2417639210741944
-0.2018793533406501
0.0481775957748174
-0.5028017883688354
0.1232471801771947
-0.3831463648463309
0.5589707464459661
-0.1141545230939650
0.4118328230252933
-0.0193484161243719
0.0691421771083359
-0.4371241424387107
-0.1862966002158612
0.4372351147726549
0.3496813535546890
-0.4992060332999578
0.1541598891491018
-0.1235580119394657
0.0584235500158092
-0.4145145156055752
0.5266886675817136
-0.4427068663068821
0.1144739101832257
-0.0419266378257193
-0.5163618805909538
-0.0757435372797001
-0.2210852925186527
-0.0687736852397431
-0.1930441318423980
0.0996417740290135
0.8148706420422174
-0.2130489888549338
-0.0182287769069081
0.2155059269857046
0.1567214433073483
-0.3860368575164533
0.1353161716377567
-0.0211376134326551
0.2863621341176873
-0.1417369795823941
-0.5687074725247072
0.4027532301793566
0.3466238908691913
0.1366762205960219
0.2932613937143399
-0.3593835292442872
-0.2404889336380849
0.6269101519747213
-0.3032304690951376
0.1250515920375717
-0.0767024994242847
-0.0998897628869406
-0.1357450253793278
-0.3533788434185735
0.5674429321689577
-0.1192774514617999
0.0633553041022805
0.3136294957580789
0.1969987384971268
0.0398065583292840
-0.3453688302485711
-0.0921414658451841
-0.3165895536375520
-0.7268264817540380
-0.1349473820348255
-0.2871710902097419
0.0654987379878677
0.0582000598083753
0.4953600010870649
0.2964555899252838
0.0519203080614238
0.1600182967294971
-0.6226531992948190
0.1622814431431801
0.3729230880353644
0.2589427355475974
-0.1220183946073806
0.6713087620870909
0.1899432637286421
0.0041759986396532
0.0062740752706237
0.3803256608717081
-0.1877918600665931
0.3891415753931501
0.3503956315392107
-0.2427294293268770
0.0130410251407084
0.2102190299910587
-0.0105459579251469
0.0609731492238579
-0.2364017454775970
-0.4342000977529716
0.3842462315801647
-0.1153215975694008
-0.6088057386431005
0.2173786149329114
-0.3587776193365485
0.2022879958054277
0.0209228166099661
0.4874185082526837
-0.0889409702553696
0.3769821493673934
0.6192165093625794
0.0120866191482032
-0.4218441034451169
-0.0500141373494199
-0.0837253235490867
-0.3952750613693532
-0.0079824737759432
-0.6348260429104677
0.2813872597522612
-0.0690723193615364
0.3006407063874028
-0.0633604897465271
0.3916766460250358
0.3240754260378068
0.0624913046798961
-0.0919607569217119
-0.4581807581668806
0.4377065571627148
-0.1537283595787700
-0.1021253228764116
0.0597307817548250
0.0652597576796965
-0.6568646948005937
0.1770467920524142
0.2920979212942076
0.0006402202512901
0.1524861202436226
0.2579230767563834
0.3161866762976672
-0.4927980214483499
0.1714264352605521
0.5593667306092668
-0.4132249922429098
0.0951224000992312
0.2128803144553130
-0.0776779823330145
0.3035990279928564
-0.4522940500855547
-0.0641801851677595
0.1357142151445762
0.0843860752542439
-0.4470719922178684
-0.6435763878312457
0.2033684551201998
0.1101940911520887
-0.1459232719532526
-0.2639574386497286
0.3187867461320885
-0.2559006057613421
-0.0954462523851559
-0.0461967314931789
-0.7261932466889536
0.2585686615555771
0.3148462565678546
0.1932254773582523
0.4097511586398347
0.0290577025039659
0.0493213783370981
-0.3582922102609976
-0.3212052384653030
0.0521381027415829
0.4065969600152856
0.0834453782352022
-0.4684506685236863
-0.4503690672836020
0.1621261540336871
-0.6452347378249464
-0.3857308251246228
-0.3916799453439587
0.1368945358956882
-0.2698778497389458
-0.1127235335915578
-0.3724898423408171
-0.0783629514801846
0.0775602776638680
0.3046057118456518
-0.2893129282658470
-0.0729666770536776
0.6558695055740880
0.2228046134294049
0.3870579818307588
0.1391181665205269
-0.3919787397754574
0.1095597439794014
0.0597003709355569
0.0769207612201614
0.0978704212183931
0.4104067987302515
0.2009918547604166
0.3221445155324075
0.4095907483881637
-0.3450067946750153
0.3409117764996685
-0.0298966730445052
0.5176747069152560
0.3358870504846973
-0.1038190414276927
-0.1244225013787499
-0.1757435087113752
-0.1869734768616392
0.5130330956917885
-0.4110814426037424
0.3031721352611709
0.4437502273815084
-0.2721344476030800
0.7281500904262986
-0.2095087183335812
-0.1583485176045658
-0.1242430408325087
-0.2612425185926405
-0.1338737960625950
0.3802692530493446
-0.3556361595768546
0.1658823860218155
0.0249872153933797
-0.0291299450057669
0.1327429858818882
-0.2336638236703512
0.2910674114577228
-0.0352945673809309
0.2425953738612622
0.0897877542243151
-0.2820086522588908
0.7949080295849624
-0.2502878489589769
-0.3146297356852236
-0.1427856050438427
0.2948904153168717
0.1304913397093858
0.0281860438594711
0.0513258298355781
0.3877778381826189
0.1007361520912906
0.0646318433177082
0.7800683049956935
-0.1626017094007379
-0.6272002022147729
0.2619241211714906
-0.2305004984479309
-0.2078942695424350
-0.5352576009139858
0.0589629149683890
0.1555059677948093
0.0218564092223849
0.3171572240628604
0.1373749203415213
0.0839293462216022
0.6046053198019443
-0.2304438353280283
-0.4490062366256087
0.5439845649905529
-0.0931326119962411
0.1894314442169974
-0.0891504427820873
-0.0734879427538777
-0.3097343654998719
0.4057104752858451
-0.1849451102336306
0.0694525950019837
-0.6591356065712961
0.0815394964102590
-0.3845774431303327
0.2559085675836079
-0.0738318395471821
-0.2012130555820327
-0.6673602325970808
-0.4044209224787833
0.1001653731788441
0.0020591012460541
0.5486061777011869
-0.1830291233601321
0.1941364979316218
-0.0137234743876060
0.0901542337558380
0.0237317903870032
-0.2854136973094618
-0.0265404209557274
-0.4804104539310630
-0.4559573426302253
0.0702057575551852
-0.2055630030615910
-0.3444579259526308
0.0804831437075948
0.1130193293658038
0.5422694535878180
-0.3942792822484570
0.0123902648429271
0.1355520734653643
0.0032042711396508
0.2184414508298377
-0.7612901460523112
-0.4399240489652894
0.0010381974495593
-0.0525478648868866
0.0493033286842293
0.5320879763098678
0.0378900443805804
-0.1704091117874897
0.0696597604983154
0.0737182656435722
0.1612819423594429
-0.1033795425984081
-0.5942807225132128
-0.5178704017959268
-0.1343952184221424
0.5037234521194625
-0.2111561640121544
0.0767063814349722
-0.6626084784533148
0.0284375030047500
0.3356358755388289
-0.1324075881178305
-0.0763854561810717
-0.2914254859527582
0.1870466247159387
-0.3870535996893525
0.0171303568710208
-0.2434779363161964
-0.1498576740330741
0.5478034065461052
0.6355542185037111
-0.0976526468746880
-0.1092400147088543
0.1374302427859927
0.1542173956879336
0.0229190178941589
0.4219920593981029
0.1797459535947916
0.4303824561231649
0.5956367565814158
0.0177476981311535
0.3729690712253709
-0.1611712609579510
0.2879580861410889
0.0275620145869761
0.2611554815535172
0.0379408654945509
0.3390880304458125
-0.5671720445145402
-0.5253886979722823
-0.2015796769871354
-0.0978614581302952
-0.1248130158993518
0.2641049282155949
0.2865645957639557
0.0336632274192558
-0.1524279013748663
0.0419703971432664
0.3588413699432670
0.2446351760673573
-0.5830848326882224
0.0586874674646095
-0.0403985395972583
-0.1913906278207397
-0.6352660499710907
-0.3206056759740727
-0.1864101730535252
-0.1134018328086246
-0.2521130599248236
-0.0202545806802877
-0.4575051133588487
0.0308201610852949
-0.3309972781801463
0.6776531288105424
0.0812296557891044
0.2953063181049053
0.4053673809355495
0.0561478813789845
-0.4235806347844797
-0.2701111838589332
0.1369557381691700
0.3734416072108627
0.5265222804057292
0.2326718131463133
0.0579731140891659
-0.3584916008980008
0.1072692914610201
0.0510421577429049
-0.5355330012527607
-0.1006304665127409
-0.3328294201223374
-0.1189553899363017
-0.6245463069094004
-0.2131441485280206
-0.0059462498140985
0.5935474058424864
0.1587262054974362
-0.1555844636151178
-0.0927038297193185
0.4835114926787555
0.4026275747779426
-0.0413928131159991
0.0133418694595015
0.3531181777990981
0.2592890238103341
-0.3559963726027746
-0.5685298308883892
-0.0677021236275717
0.3544196503843244
0.0041984667845391
-0.1393865492891705
-0.2091224093275346
0.5427433223563549
-0.0443888726996844
-0.2452028602004011
-0.3039571420655086
0.1463530816280523
0.2493917810058699
-0.0374700505154786
-0.0036379353662841
0.2545583455132581
0.1520849060620824
-0.3587176062938233
-0.6772383454139077
-0.3838195723334104
0.0458639760434744
-0.3300238695853289
-0.5373261905257944
0.2009919656531674
-0.1591998867394628
-0.1546323832566690
-0.6760694834880615
-0.0245671583150640
0.2094615378945578
-0.0951847172879301
0.0688308273366441
-0.0789694477882163
0.1521116329993846
0.1740074023364521
-0.7331611678551477
0.0333434872705155
0.0378924208345573
0.4590436295784286
0.1596728048885395
0.3991493935035609
-0.4338375047470457
0.2515760801206006
0.0895946063995826
-0.0217609222812502
0.0820984469359954
-0.0812871295593192
0.4595111867601374
0.3387272094176199
-0.1243660455952094
-0.6207192966838874
0.1777605183636982
0.3909786804855412
-0.0502876715317460
0.0386209287607003
-0.3685323685488752
-0.4349058642078183
-0.4021957188661723
-0.1426299288499958
0.5168425502798056
-0.1932001848396425
-0.2070598616712220
-0.3987056053395138
0.1283575150533428
-0.2454512841243983
-0.6399097611198834
0.2040173901792460
0.4470309416852850
0.0410497092407042
0.1297969794761228
-0.2279505959645647
0.4180259593292918
-0.5232630269328246
-0.0281483441613998
0.3565264586821943
-0.5544949343879493
0.2217484610677712
-0.0884965445240445
0.0111264747030678
-0.0365214739972224
-0.2400424750115356
-0.3613545968171035
-0.3696265447007114
0.0929377390648012
0.0826860385806931
0.0867202026859446
0.2005627631988381
0.1059533043621182
-0.3455963847155019
0.1486663988304068
-0.7188979002489809
0.1363772420246782
-0.1647049676920174
-0.0764180251802563
-0.2572770165266822
-0.1206246306373226
-0.3090926951713055
0.0402297922420702
0.5841725488822084
0.3273516999370891
-0.5675549395805333
