0.0958891199864894
-0.1940912937268075
-0.0854960026477382
0.1932817872274555
-0.2721581916139748
0.0279636776939078
0.1908048149052633
0.0378431686496347
0.2284185162478781
0.3365201027171396
0.5740116919944904
0.2226222635090211
0.1762247100747367
-0.3681650542904599
0.1562508940465979
-0.2455400352325010
0.0209186380244744
-0.2197196241697451
-0.1660693975276683
-0.1842657366086132
0.3613171653670006
0.3152038345821048
0.0716473570359726
0.2678446766579523
-0.3801644004428103
-0.0112137791143701
-0.3718437774592626
0.0778447549492868
0.4300279682968362
-0.2539334968557386
-0.1718344139296606
0.1227333038691845
0.0924152908095871
-0.0388438634474809
0.1270275097234682
-0.1596081007481137
0.1299208803643649
0.3966823134376525
0.0188768502434645
0.2621201170655146
0.2910486100535269
-0.2968162323189533
-0.1635524302035624
0.4359658575083611
-0.2185977581784714
-0.0402152114333081
0.0686003702230685
0.5111821599244369
0.2411615554945962
0.0132010755919949
-0.1265999577825917
-0.0653109607953011
0.6496657722570653
-0.1735296586442826
-0.0243769981124008
0.1889849348357908
-0.0426394126889307
-0.3270145170590455
-0.0179303277282479
0.2100111806747394
-0.3459772421259066
-0.3070044480857748
-0.0650307591839682
-0.2480368394905293
0.2991627793391473
-0.1097673340788286
0.1542757392078583
-0.2034239776119667
0.0923573984057404
-0.1391465901795365
-0.5101166545389334
0.0076171104731753
0.1494622737023175
0.4389567791686396
0.1944179672183877
0.2667908468153880
-0.1951608816241217
0.0589107945725946
-0.2384809928367999
-0.3502464827871895
0.3599276256315508
-0.0769804741950211
0.0412769740666539
-0.2291261880816690
-0.0882455808184574
0.4372482698085676
-0.0179005520603628
0.2851943144997646
-0.3627888309684358
-0.2545874895590606
0.1067875984653970
0.0818703579825134
-0.2476379090796589
0.2517247764247868
-0.3802167457135929
-0.2142484778411951
-0.4340396258748455
0.0395143708493381
0.1542391698307933
-0.1741064129726500
-0.0329610949700179
-0.3474535131941101
-0.0166743510307378
-0.1665507889593352
-0.1499328335584899
0.1388822792689921
0.2557787551726448
0.1152650754019695
-0.3808391594526256
-0.5470112149070903
-0.1745496636468079
-0.1044682021279203
0.1941837185376520
0.1854367446712087
0.3696592061578241
0.4214668612457555
-0.2710473252011626
0.1026159816980142
-0.2905082884093623
-0.0137786224693518
-0.5101096377533636
-0.2467672859394617
-0.0049949719309517
-0.2898497249031536
0.0124466442013635
0.0862758465477533
0.1795995882442757
0.0066214521119036
-0.2102754269168776
-0.2074006275319611
-0.0793974988886356
-0.0076629224041717
0.2062416541510497
-0.4062730849187275
-0.4920761197864850
0.3544154019154794
0.1020600953144462
-0.0377553274633408
-0.0569647258068402
0.1230774269118051
0.0458671727551535
-0.1253380853373438
-0.3334664011619934
0.4145067941830443
-0.0738551828377465
0.4142862183446638
-0.2884628382610534
-0.1124819771766522
-0.2694651358423727
-0.0513294759325777
0.0861905832416583
0.2010097959953228
-0.3247016159183780
0.2809654230841929
-0.0845327741818891
0.1007739107713583
-0.3194653982496809
0.5269555600970738
0.1491059930770086
-0.0179618548973899
0.3508356680168891
0.0859474001671283
-0.0979814957376998
0.5161742795913082
0.1422999351167905
-0.1292814884242263
0.0121095306470113
0.1035059476554919
0.0711280839608196
-0.1818270628620209
0.4554976678584343
-0.0219896579852367
-0.1504367972339514
-0.1603223209905976
0.0409309001220142
0.4995760708467800
-0.1228398745949972
-0.1469754507937972
-0.5609473406917641
-0.1465363478855295
0.0258343757700603
-0.0993431032829864
-0.3669257894340204
0.0251747901997129
0.1699715005168985
-0.2585192433121326
0.0509039062919046
-0.0958812625333407
-0.0605441316134800
0.4853113453679556
-0.1631874480900926
-0.3286931977950029
0.0546665973319181
-0.4743237171679673
0.3560865148783607
-0.4267446930132217
-0.2900880163143686
0.0758948100290711
-0.3371581893628653
-0.1389431507958132
-0.3369709606155002
0.0074727609422039
-0.0135337237986645
0.1306688499106667
0.0272059192516264
-0.1701272497724192
-0.0091178485468617
0.2821323330960746
-0.0691039384562088
0.2150604282417061
0.4949717499689024
0.3290417412446103
-0.0270816594218132
0.3347105766271267
0.1077994535225992
0.2249377005641927
0.1714393007422930
0.1351290929443640
0.2191604246164579
0.3732842286537597
0.0706615809290863
0.3930706373674895
-0.0920583508052135
-0.1331534522130848
0.2564898169056538
-0.1889815368805066
0.3995698747400972
0.0538945574903458
0.0857076376643194
-0.3673440593157348
-0.0418687262262027
-0.4950974843198038
-0.0885167756748952
-0.0299469324211007
-0.4114990053498947
0.0034685550825399
-0.2544065609958603
-0.0669189508274194
0.1713647583544751
-0.2648283460127103
0.1976293487035346
0.0487591044523549
0.1778076532697516
-0.5958327402894191
0.1051135424968632
0.1333660672365201
0.1713605290121088
-0.0146531708684645
0.0160441977375816
0.3094855562728762
-0.1241551288016953
-0.2501265021541243
-0.5686510073390674
-0.0764980393513570
0.0556668116221676
0.0847777227638715
0.0051194837661863
-0.2185391017026436
-0.5674224752533533
0.3070361119846720
-0.0782238425096766
-0.1431192508382511
0.2058921109212501
0.1780249700699260
-0.2387865086998179
0.1343960449338686
0.0528320204507576
0.0752615132678967
-0.2639415692243640
-0.1410507475077805
-0.5082788287997470
-0.0619986054989342
0.2078789116167155
0.4902228417438318
0.0151006297707306
-0.0297940839977414
0.3413559160957428
0.0822175519101896
-0.3649940236529899
-0.0953196499185997
0.0159004945004151
0.2699105480024509
-0.0982756532491172
-0.3197677165929403
0.1629465789586155
-0.4768183385033088
-0.0069803549544225
-0.1038849348588877
-0.2536294549280902
0.4620327133549303
-0.0988522919698764
-0.1000436408842595
0.1471569855805571
-0.4820023022298907
-0.1938039369824032
0.1301813897753056
-0.1926190795013430
-0.4032977063560714
0.3027879639938642
-0.1616332244887138
0.0664681077555083
0.0265598383057490
0.2649789892698606
0.0321637750865834
-0.0447282900131094
-0.1636168984135780
-0.1145590779297004
-0.0415067461439437
0.1107116126239500
0.6257140116683019
-0.4011586504215648
-0.3248963320150055
-0.0849770041418314
0.1188972549157187
0.2820486253410555
0.0328132952625809
0.3653481884839408
0.0691951695749785
0.0519201060591570
-0.2077800947766364
0.1376156064052650
-0.3573791571707172
-0.0444353993380958
-0.1120339216742024
0.2363182977688369
-0.0797775526730353
0.5405636333843760
-0.0549163556414196
0.0475607357994658
-0.2252821748945407
-0.2024326380917285
-0.4243165491293516
0.0379883571913942
0.1843370948635369
-0.3065763450247331
-0.2791601888696453
-0.0915513600849017
0.6325653739736746
-0.0104856622376454
-0.2692219247651490
-0.0836774216374248
-0.0689813635400701
-0.1228045000799804
0.1520157347706162
0.1798220893537792
-0.1780771544467355
-0.1006703704373976
0.3785470538375458
-0.0581829804701361
-0.0342878489870979
-0.4834819466340189
-0.1146445516794989
0.2301594729227171
-0.1377357104730243
-0.2757543011058714
0.0041448948078896
-0.0624519762357755
-0.1487045844287223
-0.1148464144571194
-0.3540083179603377
-0.4991699063227980
-0.1264225751145651
0.4274134698166085
0.3055996910269927
-0.2496768440414425
0.0529879475238702
0.2487692612721052
-0.1386141511098501
-0.3712590878875439
-0.0929762875808550
0.1001792540339370
-0.0456938771861304
-0.4071579700898292
-0.1477327823630684
-0.2886623638360999
-0.0409089024256102
0.2486975203953550
-0.5925774729935841
-0.3075625528990301
0.0208357794046582
-0.1039495880261306
-0.1850094018614025
0.1073884014050560
-0.0648271847938758
0.1315386214657566
-0.0327880014088200
-0.0888089204226813
0.0507177849124141
-0.0813096129493287
-0.4491197615878046
0.0524629911077099
-0.1916667431436856
0.0530571447251504
0.2493276683676421
-0.3683982754603364
0.2418502884491769
0.2579641201144545
0.4683852954223436
-0.4195875410179086
0.0467196498983242
-0.1017798281709304
0.1321727318212729
-0.3518927936923935
0.1765624184563420
0.1158735854138903
0.1173721112219632
-0.2263528271376190
-0.0100789922530916
-0.2096080453958745
-0.1101396887897768
-0.4030505113230846
0.0754691493351365
0.0537935525629420
-0.0604347480097025
0.6334599270385950
-0.3264952462143499
0.1381325635352391
0.1372958318038755
-0.1603416248209816
0.1393962857904693
-0.2681354091698523
-0.1235861320690716
0.3226041417547829
-0.1065795390449774
0.1015937984567700
-0.0470004614746630
-0.4614616467413356
0.0778011395249975
0.3152422825263304
-0.5038759733066841
-0.1313926312018126
-0.3350564124391184
-0.1997489677616743
0.1822294395182441
0.2032341582695715
0.1209840646228958
0.1351208122799287
-0.1818272999083203
0.3913198672203854
-0.0298241136305342
-0.6196222823690319
-0.1976181140388910
-0.1275905875954136
0.3096198919568739
0.0578219412542647
0.0974671833002378
-0.1843775983346587
-0.2892146993343400
-0.1379730508569081
0.2335809187481844
-0.1570722710909421
0.0555261498796745
0.0085917054896319
-0.0212337484169565
-0.1470145042060693
-0.3766120571982282
-0.5071303398369741
0.0349955401428343
0.1914538299520871
-0.0591333357744010
0.2397883301667911
-0.1016290170921286
-0.3998563843304226
0.4565136647609779
0.5443387547749579
-0.3741649267892269
0.0202450129605400
0.0462488250850468
-0.4070080360604732
-0.4514528476689822
-0.1451094016502319
0.1528230898073831
0.0943714683406161
-0.2472830324842742
0.1214866808554447
-0.1505307690807943
0.1469438569701564
0.0324649531818636
-0.0566424735671249
-0.1180763506069756
0.4343272957443751
0.0164313015923025
-0.2914702470631989
0.2435821937488126
-0.0848827150648282
0.1436280521416481
-0.5243019016166411
-0.2294795561130081
-0.0066983379461084
-0.2409258879869866
-0.3186356583629305
0.2253737826497639
-0.1003100071843855
-0.1348108277225328
-0.2532340061747693
0.0929488270914502
0.1898002506814683
0.1769955722959268
-0.2232649599905546
-0.1857752908754650
-0.6938119038072496
0.1474224173569262
0.1889726929462227
-0.0729268281583747
-0.0180332696646830
-0.1651953026368869
0.1516846626226727
0.0527976007313117
-0.2814034038462008
-0.3029518185626540
-0.0626779745162989
0.2753991363797488
-0.3373016359788507
-0.4049517828996079
-0.1504706915010293
0.4245638974400237
0.2086977835984374
0.1200551865556484
-0.2543157270448379
-0.1592285437876439
0.2776065819245077
0.0195385034879345
0.0833063010222746
0.3202935130227987
-0.3994983487671757
-0.0755884169612060
0.1126770367293017
-0.0797734368816815
0.3472229749124453
-0.2659333843706668
0.1031780866564818
0.3553952107608475
0.0717822689916515
-0.1468740192207009
-0.0859808625147667
0.4083288239429615
-0.3220687508071933
0.1918411179482803
-0.2309163938682910
0.4627477474348175
-0.0989291544483857
0.1046481767774163
0.1878037232926738
0.0831669889236742
0.0375260805792176
-0.1857417564026800
-0.2877531029837190
-0.3597275321965396
-0.0325064872395580
-0.2683366678825377
-0.2287660040543455
0.2119247872861127
-0.1063342001697668
0.3697274712640953
0.0948651323858233
0.0946271272581892
0.4955264768517442
0.1727500335657962
0.3732301179410146
0.0304954488812558
-0.1549065624744332
0.0438358545818349
0.1756686806347692
-0.0255550647669203
-0.1849678967619675
0.0836926323344207
0.1370960631017619
-0.6821722866445615
0.1702997559971102
-0.1006437970026270
0.0478117696199874
0.5860082565222515
0.1383223710808131
-0.0682964965159525
-0.0600376141308578
0.0705199380191736
-0.6036618252710757
-0.3987956129398171
0.1663351468514978
0.1665994316850931
-0.0268792935075168
0.2056465980370351
-0.1019783325896930
0.1409355017520282
-0.2917832090676122
-0.1385457870962198
0.0870587630471110
-0.3405305086209314
0.0270883131500862
-0.0040888600661355
-0.3366303605708866
-0.0768971100499479
0.0948419956689737
-0.0430104246839525
-0.4361211364837992
0.0641308849780363
0.0888259569642449
0.1330720142286833
0.2353144162630540
-0.5474009384790716
0.1329873513703236
0.0350002580337632
-0.0324394090118537
-0.1072700439293659
-0.3413804142985413
0.3555672029130335
-0.0312126923012987
0.3725709638394479
-0.1038991991408662
0.2031414030625076
-0.1388190007923435
0.2534738964684405
-0.4599581822037744
0.3867505893629600
-0.2892465222767977
0.2116133389649243
0.1373439983773071
0.1794325313077580
-0.0612830120462788
-0.1731274045326480
-0.1918319426316763
-0.0984163543360520
-0.1318671970297377
-0.4755787509627911
-0.1310404729927633
0.0490443083784774
0.2017595932047020
0.4043802255443417
0.0315786052884203
-0.1202861363440958
-0.2086042444680998
-0.0663429900973896
-0.1043186677309634
0.5903435339755462
-0.1934910038637573
-0.2538504535649588
-0.3898139883704937
0.0680248543682741
-0.2058821450429516
0.2292884341926253
0.4216898586987743
0.2886444063003032
0.1769666848484212
0.0774977058575880
0.2938708429301889
-0.0880194526953202
-0.0865143961464129
-0.3826527650203121
0.0412326973737463
-0.3286641210450369
0.3071040047492965
-0.0224886873266637
0.2123209618819017
0.2897190362797339
-0.2761883087714166
-0.2090154271868195
