0.2629870091996219
-0.2309750772109785
-0.1785314583029098
-0.2980953644659831
-0.5274166294195426
-0.5426500147803074
0.2114638316892178
0.0191021565068563
0.3700722656419573
0.0456218473665985
-0.1165158310747920
0.2119910872257549
-0.6247380920955752
0.3904912753347067
-0.0673690657150761
0.0083584709171403
-0.2207735930510263
0.4073780913511629
-0.4145215491520103
0.0869957571016774
0.3973589787759159
-0.0656464593233292
0.0769763310483205
-0.6424735738003881
-0.1250835312117335
0.2858031146028162
-0.3388019927297528
0.1332074332674273
0.4158335092081646
-0.1277533082083476
-0.1636764495218618
0.5374075252412709
-0.4002383201076269
-0.4752745136585635
-0.0651880558757980
0.0284641359244833
-0.2729186283714515
-0.3872160771105773
0.2587467871742072
-0.0435446649910653
-0.4807401483480856
0.2006523404033222
0.1836124255421085
-0.2117080516863083
0.1889079630378329
0.2633277107235332
-0.3766537562204519
0.3169244441765737
0.5465688772642536
-0.0633981969392543
0.0072468052485544
-0.3364064455141795
-0.3070436875971930
-0.1526422603502074
-0.0729479280941784
0.3584431241548435
0.2128158754014294
0.1854058003072011
-0.6240834484086861
0.4077422836018805
-0.5714005217133781
-0.2490075796072917
-0.1195780028403329
0.0168493095067797
-0.3066964398447481
-0.1420870712457286
0.1332268572213715
-0.1814995873027244
0.6037021563382124
-0.2598357939497128
-0.0702865096311096
-0.5564844711095071
0.4095233358753678
0.0861942204344730
-0.0324572268859521
0.5403424332686494
-0.0716263291568036
-0.3387859781656129
-0.3098414185886313
-0.0362579955887802
0.0834252416377471
-0.1268889558892685
-0.6990363059482350
-0.3717573393571556
-0.3592077756744280
-0.1895365132187311
-0.1731793932873988
-0.1359742940126387
-0.3606114360299765
-0.0812964383969927
0.1306927682230350
-0.0414701928433282
0.0100650911974057
-0.3723851716441418
0.0052300014428477
0.0700387716701230
0.2902726872786838
0.3517839746378615
0.5210578428397311
0.5983170944319929
0.4623197568289223
0.0465596617733740
-0.1160750251371102
0.2967674495931690
-0.3190392909074031
-0.2169769204133694
0.0740696646400102
0.4042442249640130
-0.0927825618062880
0.5968039411698246
0.0299657517674823
0.3664262146070504
-0.1971203810741697
-0.0055044776111169
0.1274044167843802
-0.6216153056068923
-0.3111380587355488
-0.1741966116579176
-0.4897576730946006
0.2372672249139765
-0.0842159601736329
-0.1974455216595341
-0.2281824818530662
-0.4021776082836925
0.2636634674760003
-0.4779585704055008
-0.4773301234839775
0.0133123230208153
0.4619145554568044
0.0275630916512751
0.0578444955933487
0.1138218362304122
-0.1285983735608686
-0.4939079759120671
-0.1745397744978293
-0.1981104474879727
-0.4542608927138936
0.5554744378127546
-0.1728258519483190
0.3297430916254550
-0.2202045561381340
0.5867595436272154
-0.0037347131370281
-0.0875996735729334
-0.2721660013777486
0.0773336527939342
-0.4787391469988644
0.2859547600635467
-0.1917993426044010
-0.4144061182825398
-0.2310435818027766
-0.2878818965536728
0.1426830778903211
0.3407248702834071
-0.0167086613610630
-0.7216203337293922
-0.0142003744958833
-0.0458104004150316
0.3035118516310270
0.3344491083555207
-0.6568823116500383
0.0825000645135574
0.4893736505090220
0.2359644588167090
-0.2230625428022645
-0.0080890390804857
-0.1061309356291438
-0.4490737025640500
-0.0608309188844301
-0.0089372971466772
0.4588014605891193
-0.2755090778008205
0.3830811419049229
0.2374245006528998
-0.2147562658353442
-0.1172345415881594
-0.1784549151833008
0.3051127697563278
0.5689804430497015
0.0439490382802109
0.0270166806623451
-0.1139967592714702
-0.0851880280954118
-0.2450496129296316
-0.3752041657525093
0.3017809865624024
0.4587195920373709
-0.6684684471295230
-0.0298875245870469
0.1701517029377075
0.1506323474132507
0.2115989137224691
-0.1714556900951187
0.4055884573515927
0.1933724576041142
0.3828765855011909
0.2496008554913702
0.5788281350057910
0.0647406842210344
-0.3912996358377905
-0.2007901071334104
-0.4645109059935627
0.1390638927371728
0.0172276448168179
-0.1162577005573677
0.2821431793262211
-0.3478133110190996
-0.2038933068149369
0.5246204661644878
0.4397539688250747
0.5027350524427056
-0.2368305229245307
-0.0017597877025909
0.2672759272788908
0.0356094690081572
-0.2909628021942134
0.2629229497656039
0.0663157456024406
0.1293462121555453
-0.6659918674654979
-0.4160758472697669
-0.5453497834035442
-0.4894540623608647
-0.0434484719360933
0.2478509370666403
-0.0303656545732228
-0.1183785796195352
-0.4503043854162587
-0.0044447187188598
0.0941382549259528
0.1389849328788587
-0.0624351656070490
-0.2833111770236690
0.2184264115234625
0.2728764642183336
0.6072260515314285
-0.3303717773634792
-0.2820734884186894
0.3679591166691950
-0.2855167248709096
-0.0002090392181617
0.2728076265128733
0.4736185328466714
-0.1509585003605998
0.2113687824473163
0.0518931874997158
0.4209220620642419
-0.3170796957951323
-0.3061558738654613
0.5095654734277530
0.8277755725204451
0.0122203878065065
0.1836255626407706
-0.0093180695015616
-0.0154387913688009
0.3562843346500873
0.3198620872527995
-0.2058279365011675
0.0923399054192556
-0.0212756704022381
-0.1785723890376859
0.0866184424874109
-0.3502519428945708
0.1288653405484347
-0.6384161242831128
-0.1882116361766507
-0.4593100123273829
-0.0056398576634628
0.2402740535756861
0.3310567380692370
0.3019127218345319
0.0852026790197747
-0.0197104690200977
-0.0304863422275003
0.4430682790585795
0.1753599084597989
-0.0908688163134130
-0.7573749314602932
-0.3012183050606944
-0.0245824925837671
-0.0840613125515827
0.2543875254664691
-0.5124906702473844
-0.0800062295389492
0.6863960529587955
0.0776125309253055
-0.2739969155415661
0.0399214002118813
0.0250642561662553
0.3235946653316729
-0.2376403029293911
0.3844035221370655
0.4120102551062992
-0.3997275235759933
-0.5377487107863917
-0.1749960376667757
-0.0392103983697720
-0.0113059126629240
0.3581635992042666
0.1283851363179615
-0.2250196443732633
0.1443892053001776
0.0226488937138174
-0.4278986205958618
-0.1765943696513992
-0.6470230270022647
-0.0904658082370064
-0.1379509017688612
-0.0965375257256098
-0.5084774711320301
-0.4072370758323705
0.2052844524484633
-0.0649273138634378
-0.5813979086179857
0.1440941921741562
-0.1849097395288139
0.5729599226183506
-0.0791794061890296
0.2453323389801668
-0.0090563562129676
-0.1703381165488237
-0.3245017513184280
-0.4956676363684672
0.0418018715689661
0.0873329183580491
-0.5914661597790928
0.3516062523765355
0.2851511879482241
-0.1328827586924883
-0.1954341223611143
-0.0887782483966653
-0.5417386707936674
-0.3750896779292082
0.1132510281533386
0.1930652876406368
-0.0573250200050284
-0.2059946100199817
0.5053168788026666
0.1143512464123110
0.4401182513654303
-0.2598005189044545
0.0539787097114734
-0.3980989085734798
-0.5349730358524025
0.3146507862495264
0.0327818622228878
-0.0726193812102153
0.4497706908622416
-0.0684337865945480
-0.4154285731222188
-0.4493078263296025
0.7221439554369713
0.2686048315742089
0.0532162914364161
0.3487168409420310
-0.2600339950101133
0.0727155265984495
0.0379911623419423
-0.0704364708060036
-0.0271434935824912
0.1533662366143554
0.3637634345231558
0.4127641472771260
-0.0102759065575876
0.1771000565715627
-0.3013023263211425
-0.3394895254599706
0.0767228617708697
0.2109247333122644
0.6212075540552395
-0.2714530207798052
-0.5783850303055216
-0.0881383725891471
0.2888321370465267
-0.4798072657935414
-0.2015255970601366
-0.1636323021675736
-0.0342782743626097
-0.4436742599058659
0.0704746779119823
-0.1830533811668799
-0.1234139255428433
0.0428353806732552
0.1521264048740915
0.7257682726002219
-0.5258617115654585
-0.0841746430703721
-0.2087522772979885
-0.0846423321432856
-0.2553151313978502
0.3578908979035078
0.4964134994526134
0.1142712318794099
0.6759629540613334
0.3231410465157508
-0.0941124190928552
-0.0300604757938618
-0.1347933568004974
-0.0699718379205867
-0.1351210211076751
-0.4078070719415576
0.3255338434108129
-0.5465791722757433
0.3307722416804310
0.2728400392379264
-0.0580716809956578
0.0362325581760567
-0.0974015719590399
0.1969916647841339
-0.4383405682858833
0.1200107268763538
-0.2537025159353573
-0.2237931186317027
-0.5985920702966747
0.4707362256764241
-0.3226004954610751
0.1479131341175046
-0.1064681288852880
-0.3278547026139339
0.2155701618940616
0.0095495337066724
-0.1848331577162826
-0.1680685454962149
0.1941313858306650
0.4580825064151186
-0.1274795524821958
0.2419018717582543
0.2451366667576839
0.7368478060369926
-0.1103071623671952
-0.2345455788417385
-0.3533196160485289
0.4783646218509497
-0.2021709592567428
-0.2725485979745462
-0.1953935838418960
-0.6234279033650114
0.1771062523104986
0.0495659567052282
-0.1245016543086113
-0.0923799568976937
0.1921613741405373
-0.2717938885494559
0.2628467662406327
-0.3085987797845454
-0.4424993107576627
0.0651789517535475
-0.7091847373575827
0.0696614061944214
-0.0921778910849722
-0.3489203224470411
-0.4560631047109741
0.2312054713946220
-0.1533608021728015
0.0380350417074396
-0.2922872252821574
0.4709004620898987
-0.3756195318449879
-0.3285978858155143
-0.1886616350394601
-0.0146155122959220
0.3088302545376880
0.3854596474524816
-0.6494396679811267
0.3161232865651637
-0.0439101630955951
-0.4075788194003960
-0.1208460710976247
-0.2234903818210218
-0.0390510703948790
0.2095961851971023
-0.5091409629894407
0.1490922073453076
0.2167855021104481
0.0315368302752690
-0.2077149378504006
-0.3806081562519686
-0.5758496740407831
0.2060751056983390
-0.2540630763878221
-0.0550720494735345
-0.3029260359060669
0.1319988751844289
0.2881241729135874
0.3755798476409911
-0.0527739108112503
-0.2986619347507341
-0.2267365989280350
-0.3753189668953365
0.6159915364513516
0.4573261848020092
-0.4625739087719771
0.0288193147404104
-0.0205650799181112
0.0295496344665027
-0.6175703505087794
-0.3089457123005722
0.2124115269874257
-0.2286362787562373
0.0227527486148373
0.2036682171420339
-0.0186532265340009
0.4999486298964844
0.0844942972651854
0.1216448959550569
0.3341687958321887
-0.3313237727848917
0.1706979371829530
0.0293720880011595
-0.6594248881533196
0.4254106121820664
0.4061096168782608
-0.0467986932680396
-0.6826407962343281
-0.2522092818986050
-0.0827962398501818
0.2585060652282768
-0.0468536316229079
-0.1745906890035210
0.1262731930970071
0.3975312071386907
-0.0689018848557811
-0.5489052925402076
0.4335641841725249
0.1506911279000075
-0.3507528916252494
-0.2686786438148029
-0.1326782571397237
0.2883674390159114
0.1710661485586672
0.3144592816776711
-0.1772777542110863
-0.0717685837076341
-0.0220597069707109
-0.4295649690587497
0.0906863357896704
-0.0397684482649436
0.6027547533869246
-0.4467670743388955
-0.3268101630716709
-0.4200737375391378
-0.2838135525911263
0.2724311963613420
0.1245733862711892
-0.3540118482271671
0.1774975357990986
0.4647721444265122
0.0793447785400502
0.0056255255596734
0.5235269682866229
-0.5082321140198609
0.2547695477069967
-0.1969437165149285
0.0393129389765874
-0.6911193043076783
-0.0428187462036603
0.2992513772598704
0.0060159673222137
-0.2280050857166335
-0.1241250402368632
-0.0615748673412202
-0.2003278911153166
-0.0197310132910487
-0.4798927312450575
0.4537991555087881
0.6058333337108887
0.1232798121080950
-0.2318219770044837
0.1444433637702081
0.2502398792303157
-0.4829747347118903
-0.0107096952742027
0.2755690965783264
0.2432181859424036
0.0211072751046326
-0.1856324758590119
0.2567427795805611
0.2977965297867091
-0.0416517262919791
-0.6635419109719102
0.4779372409981678
0.2901814435569990
-0.4803855067708298
0.3272552485829842
-0.4111321656632002
0.1819181166570141
-0.0251174461000004
-0.1429504915181665
-0.0556461163856955
-0.3510248031664252
-0.0980296519975300
-0.1098185412721591
-0.0499804752226215
-0.1546293648032581
-0.6042056495582596
0.3382863072517155
-0.3888445660139907
-0.4026003198848449
0.0941297459916728
-0.3876495468288267
0.1520416743233956
0.0469473521745757
0.7935208040762267
0.1576240310307940
0.0957472784697335
-0.4120581459228934
-0.1196933692399610
-0.1305204115860985
-0.3119929904054403
-0.1117922637486000
-0.0711298783346679
-0.7974539817022409
0.0662946877884023
-0.1816139659355699
0.3348739597771593
-0.0290790933384658
-0.0482559250594063
0.1969994803884536
0.0877413888164371
-0.3997585843095939
0.5651830182189403
0.2399076481384791
0.1960147667609270
-0.0867515383033333
-0.4441476072172148
-0.2738626601901882
-0.4750452977987621
-0.2767891073515091
0.0488289393223430
-0.0115106136903635
0.5209773113217328
0.2033655822071561
0.0980709439914476
-0.0857437855493229
0.2718939072518350
-0.6029748719267728
0.2515536696496750
-0.3636876233711720
0.1714761497061556
0.0883072774147527
0.4348767758701665
-0.3191330594056196
0.1762955794133151
-0.4778636639185900
-0.0815690825748426
-0.0089667913148451
-0.0459654785558578
-0.2540913856222561
-0.3884907048342516
-0.4746243396637982
-0.0787129086187250
0.3571462963749776
0.2253130953690663
0.3113831911843220
-0.2361840356828496
-0.3474381991214390
0.6623505014534651
-0.0215554723787107
0.3204788121851803
0.0122320546335803
-0.2234798294349545
0.2174992547570236
0.0191094234426430
0.2037816579700124
0.1722056744573249
-0.0337194003136901
-0.8573961221704119
-0.2955538995132223
0.0752805942397019
0.0438124166682731
0.2493824991433847
0.2090521693521820
-0.1896749305641290
0.1165267896251040
-0.2967103701597196
0.1479605551438938
0.1185917663396363
-0.3256088433891283
0.7674738168378378
0.1597495931703716
0.2758294999145939
-0.2209812973031983
-0.4187549743824143
-0.4139098215236516
0.1900585531460750
-0.0218726190404797
0.2252091443621921
-0.4145844664069701
0.3924050587585401
-0.3394502181145824
-0.2231481002906137
0.0318688284226332
-0.3156417108756024
0.4679374492672788
-0.2256473152405630
0.4390732809630690
-0.1881502296012531
-0.4836137442889571
-0.2583747820842995
0.2255034579073418
