0.0055355630633955
-0.3680934443371722
-0.0155724627806523
0.1240411156400189
-0.2160391407578326
-0.1961571360844987
-0.6001319641476474
0.6352471700396034
0.2089592611611773
0.2164456635317265
0.2978614869195746
-0.0003493435815046
-0.6679957541623560
-0.3034971361896028
0.5289461012075199
-0.0515062835540190
-0.2081792607834047
0.6919528539595088
0.3289788048199068
0.0532104085047508
-0.1240714456600501
-0.0167473716425554
-0.3544438926069092
0.4748679506889701
-0.9087516085562737
0.0945737740204875
-0.0754120918281359
-0.0676340699769956
0.2735892722313427
0.0046074338079075
0.1834450819438407
0.2155006909098119
0.4469893598774289
-0.0352214763288243
0.1619644864383079
-0.5173510474007679
-0.1064181274846039
0.4973098568344296
0.4630695738482768
0.1788854853297304
-0.2354872936938874
-0.4768231769156139
-0.3721423107019084
-0.6993078246804972
-0.0387091554102142
0.0722258362854498
-0.0307292417353433
0.2863648074634373
0.1883768951071915
-0.1886080860793591
0.8469605904052526
0.1725925951355484
-0.2436633758304947
0.2325293210756885
-0.0755749575433074
0.2503145812199355
-0.0032679831118921
0.0753788748630765
-0.3579608306977639
0.3060139234589586
-0.4790411206813219
0.1244744454545137
-0.1173283495920856
-0.7167891205601200
0.0577038041429580
-0.1930673428521203
0.3387757628815646
-0.2077271664928088
-0.1294449076843175
-0.5611148256635944
-0.1371127935421641
-0.6716173978080916
-0.2856161393822963
0.2053299386457997
0.6719864289270013
-0.1114883167801403
0.5421557357765678
0.0785610207429870
-0.1948587550376370
-0.2723839597867375
-0.1308014955872338
0.5075632564051064
0.1274532717977353
-0.0663050244773620
0.3000368218928533
-0.7328638398712072
0.2783420982368938
-0.0066325563280973
-0.3261164458957162
0.5015650883555481
-0.3044464157303986
-0.3791805290320500
-0.5115401037305440
0.3298663228763600
0.1872506060676249
0.0081959774161658
-0.4807762448887855
-0.0265796796123601
0.0503785013752842
0.5629271131943210
-0.6081150957134475
0.1467106003051796
0.0600120759196928
0.2319339899185955
0.2989056185432203
0.5413568747667739
-0.0297240529737865
-0.0877195474121948
0.1304076071031231
0.6376800225028871
-0.3632693857377574
-0.2310915950845569
0.4717520493270543
0.3791717133813032
-0.3742595540815095
0.2920211364631850
0.3461629036079208
-0.2592742523686302
-0.3564101337472865
0.3070051800073308
-0.2620367203509387
-0.2833852379536174
0.1736724160305120
0.5607867986953303
0.3711952062452935
0.4983636814342046
0.3140448365865169
-0.1470007582227797
0.4491504804425537
0.0074911111881377
-0.0996786186318087
0.3398948278712025
0.2818788324513896
-0.1292077801880281
0.7273485157108368
0.2180761752081518
