0.1197344774724331
0.9764245789448477
0.1796070614891863
-0.4430532507642401
-0.2224474432699739
0.8684589523805321
0.5025558858513203
-0.3021151609911230
0.8100395120582097
0.5615418679007037
0.7447148508599104
-0.3606529100163897
-0.5413571605997981
0.7386074048236849
0.4017356421914116
0.4637861652389883
-0.6272715162245145
0.6256459365058744
0.7293183655907043
-0.0304604664529834
0.6834960728457556
-0.2570877664171941
-0.7736946983663260
0.5790530149118113
0.9422635052478044
-0.2574798689412313
-0.2141111948687580
0.7270363790333587
0.5966988828382811
0.3396594570766576
-0.1737507022164765
0.4765861154092741
-0.8617867300431004
0.1170656480128980
-0.1261350640968482
0.9850815091456160
0.9224706842228956
-0.1081182143198876
0.3706187913228658
0.1087365409265781
0.2488945938285392
0.9624073180469116
0.0955539163960084
0.8425499805902782
0.5300745035074850
-0.7188595240313048
-0.6947737074533856
0.0230321545011188
-0.8974884470222910
0.4135928132510373
-0.1531517949245421
-0.3526814141962109
0.8650883658420192
-0.3567042743861442
0.3408894494239327
0.9322661396256141
-0.1211372287077887
-0.4340581171715414
-0.0565002250918423
-0.8991113810213214
-0.7982904319729638
-0.4388635529096386
0.4124695966346464
0.0299741689515132
0.9428129799366379
-0.3319717368371333
0.5425306003231433
-0.8399569033351822
-0.0115303188412521
0.7451237532323106
-0.3939985435133589
0.5381038376357732
-0.9368529999676549
-0.0980762533024402
0.3356895961893380
0.7879695604642668
-0.5953599719865480
-0.1570046990950497
-0.7423363066160213
-0.1500354842864964
0.6530131402465046
0.4417266441527027
0.6996982189354457
0.5615157827382564
-0.7147187409609785
-0.3382305976114230
-0.6121904802907125
-0.8021080615807824
0.2089878180888136
0.5594164365100446
-0.4066262003925775
-0.4207819896466635
-0.8109239485570090
-0.5326287056247101
-0.5247839366647492
0.6640093988515484
-0.9993174915924643
-0.0246225646805939
-0.0275368899096283
0.2171767516076481
-0.9167289911454829
-0.3353240452972845
0.2477810843803046
-0.7166308883521412
-0.6519545260851722
-0.1150657212756696
0.7672603673767258
-0.6309290042788029
0.5472632774399052
-0.1360955017110401
-0.8258213605736737
0.5654673593923899
-0.4784213161767288
-0.6718330966017707
0.2000340735132136
0.5074941683126720
-0.8381145736486986
0.2124738099211672
-0.0542691821084325
-0.9756586165103375
-0.9223449801369975
-0.3812899323551099
0.0624317635560416
0.2553682332625453
-0.4135015579691281
-0.8739585384887948
-0.0702408876349099
-0.5882559015248481
-0.8056185276081033
0.6726532426665303
-0.6761255019564941
0.3006524916482166
-0.1967879245043539
0.9798359070369173
-0.0345847950754441
0.4776409099553192
0.8507495754540819
0.2192813740420156
-0.9147464531003524
-0.2716032812893283
-0.2991163387934448
