-0.4291736675103110
0.5055757858733604
0.2241672759457939
0.6249031894117504
0.2758578102819245
-0.1606430930509915
0.1324552349808033
-0.6814142519515946
0.1507113121070579
0.0412408732499824
-0.4542977061156707
0.2294556164996610
0.3947435693809346
-0.3104853244857096
-0.0193208896406268
0.4090648397237401
-0.1897715088364275
-0.0544978318639064
-0.4811405503908084
-0.4089085426106578
-0.6281775190430030
0.3786378332134288
-0.1735213102761336
-0.1431860381317919
-0.1941591839759857
-0.7196870590805525
-0.4999278829994197
0.0211273446769270
-0.4945055534746133
0.0022249282449829
0.3703326553599413
0.2038249792928910
-0.2317386132765080
0.6403583221826690
-0.3361649056571146
-0.1283462737644042
0.2269292795205838
0.7534977410667465
0.0985882626954103
0.3876140651658049
-0.0239793824047288
0.4513670019819785
0.6263277764382033
-0.3120615808610651
-0.1749161277310748
0.2472186009106372
-0.5373583168859962
0.3601841446597744
-0.0114812475358134
-0.5075684414094711
0.0757935698043766
-0.5513132333061322
-0.3169298340622922
0.1372557581357626
-0.3360110943918045
-0.4477680341744537
0.4855983104017897
0.4527217821289493
0.3227620994625590
-0.0668376884231717
0.1294535786995064
-0.0729563736709729
-0.6546096225846024
-0.4149654012457878
0.0612842943409303
-0.3045746173056300
0.3897874926048010
0.6703750295332592
-0.2343801603388057
-0.2738817707622863
-0.5802104746556378
0.2160324334670178
-0.3309397456296824
-0.5836728682437553
-0.0669246918659150
-0.0693001007490134
0.3964962068969843
0.7184028410157576
-0.1273210995702866
-0.3992754426664981
0.1950327843930925
0.3966845071415289
0.1370944512784550
0.3067157360530960
0.1559585620654559
-0.6197840637803604
-0.5944597382506970
-0.0614387026327573
0.1101357935140658
0.4421236245644810
0.1636592625215177
0.5070218317334497
0.5583754676577892
0.0735267983321486
-0.2545387508778039
-0.2201571140224428
-0.5582510176232652
-0.0289167764470995
-0.3204158438598489
-0.4043940754103331
0.3854264357591154
-0.3540333307526047
-0.5822795439929765
-0.1944695246530843
0.2881633542617431
0.0579535804941802
0.0609633065792909
-0.6380684348451634
-0.6820416911931555
0.1851584804660336
0.2779249603284494
-0.0953242635711764
-0.2710994509308370
-0.1652079820648761
0.0001416605047854
-0.8628233104106239
0.2980284827235001
-0.2238369534212587
-0.1257909658124199
0.1903221515912598
0.5052732767946212
-0.0239100341168549
0.6507615261262032
-0.0004860094066060
-0.3240338372481301
-0.4235752316489180
0.3249800077479039
0.1131210379914789
-0.0630693550460573
-0.8315454578559672
-0.1240575555482961
-0.1928486870520410
0.3654656483375316
-0.1507520474958006
-0.5375923497012060
0.0832582093826533
0.2379988843345993
-0.2359827642846435
-0.6943970010324161
0.2946486505351852
0.2903904623752951
0.4461541338178447
-0.3912347831459925
0.5134445422869227
0.2332954748587961
-0.3249104278697710
0.3740806730681001
-0.2791074836230489
-0.1976920860516662
-0.5078551688219473
0.4460784188521864
-0.4461943749117270
0.4758620024655598
0.0240823138405717
-0.0723436787356727
-0.3817628338564112
0.6916571351897405
0.3831987447547842
0.2825195307811028
0.3759027761094393
-0.0516960137035066
0.3644251219042401
-0.5748987123082625
0.5024118636544409
0.1512590139085588
-0.4864713156402704
-0.1554115410553135
-0.0241193500762423
0.5586072444040479
-0.0207718657492310
-0.0977119675108455
-0.4069944457339569
0.0457032105918602
0.6310206615613049
0.3347514150288391
-0.1268386385444190
-0.0251610648174088
-0.6455312315412023
0.4279640493473241
0.4574407863585104
0.2564117596993473
0.3292658783174840
0.6204155072414319
0.3778183585771311
-0.3391314690881784
-0.0941287828121080
-0.2642113259694203
-0.0061655134583375
0.5278464425286202
-0.6279203662492093
0.0648714885089294
0.0006575704409921
-0.1023681531069125
-0.5953321319452816
0.3815496562701789
0.3017077144063171
0.1230083614189035
-0.2821801994623886
-0.0369715888673670
0.7336661282148967
0.2863152359122714
-0.5230898799302736
-0.1000547608973238
0.1877705962244811
-0.2125283827199846
-0.7643583270460181
-0.0424149708321376
0.4971551401432714
-0.2074528812742153
-0.2081616596225221
-0.5406255863814641
-0.1041198322433189
-0.2555321352491675
0.2079587118685323
-0.3555025762918775
0.0725734703333582
-0.6757888335492932
0.0901787408955020
-0.6748002502169946
0.0465517304590735
0.6647246861842973
-0.0717770473111569
0.1332622893408210
0.2637719899552867
0.0965011690400499
0.5296364521190874
-0.3564961351456019
-0.0446692347541266
0.4173904861919462
-0.5830487646710035
-0.2587029920689102
0.6382434854252167
-0.1559498555144382
-0.3128791695767690
-0.1421368239678703
0.2442178190229080
0.3759940825887841
-0.4992141335383925
-0.2439477789530117
0.1887201329642146
0.8069127719291369
-0.2311371489860813
0.1947043673730216
0.1945254758948899
-0.3529754070297572
0.5022921139719841
-0.2302634893645730
0.0482916607959929
-0.0796120840988901
-0.4305010967962142
-0.0745192805485835
-0.7036525220263059
-0.5358900439632091
0.6845256883106142
-0.2303665968786851
0.0329648932400272
-0.1451248734713086
-0.4111309117265964
-0.0010649896670151
0.4287244278273566
-0.4156008632486012
-0.1219668571320104
-0.5308543566275471
0.5699887015990288
-0.0380788909318062
0.1430101513070763
0.9035009303139577
-0.1056424523650789
0.3080850332202717
-0.2338612561585314
-0.0655348534601996
-0.1331253843574600
-0.0300180175120168
-0.3615750111776022
-0.0244849840975037
-0.3451169441618537
0.7415916934799028
-0.1543040709596027
-0.2478262340644316
0.3381899810082957
0.5141453643447206
0.0661724467272950
0.4776154850175173
-0.0270542057752568
0.6193349539910208
0.3403487806629548
-0.0549016603072229
0.0835274488625327
-0.1214302783756034
-0.2527307952869225
0.2492810794424908
0.2127614218600837
-0.2585851235575717
-0.8603082311407683
0.0394362571362222
-0.1208400758963488
0.2078827715840254
0.4375831927562222
0.0571528525248231
-0.2282312236517388
0.8329419069628874
0.0256691652887597
0.6666093392762144
-0.1487261296138931
-0.2961438570422350
0.2229940592650668
-0.3326796963270882
0.5336200017180120
-0.4086322117115666
0.5808340348640968
-0.0202432895888608
0.1522732657776581
0.2035814697963031
0.0644864365356911
-0.6530319179869697
0.7833701075646529
0.4038514969872307
0.0377899279286331
0.2373535651763216
-0.0166957374207595
0.4011546771731647
-0.0653194208074952
-0.2370004296798592
0.1402648253971778
0.0053986746946612
-0.4540155751645045
-0.1474307322325573
-0.8336304005314309
0.0363568619468864
-0.3346375267946131
0.0786127957529874
-0.3635981345694229
-0.1574083665342284
0.1030378101686720
0.7615042180094013
0.3665396190275760
-0.1236888959025781
-0.1614387622594526
0.2089329733772496
0.0069905947229266
-0.8839947493331769
0.1893820519109952
-0.3124491140282743
-0.2605785818865339
-0.0584176301191771
-0.5839148973778611
0.1127679745216968
0.3045566510736948
0.5038714877441737
-0.4778825481444022
0.0760695021059336
-0.5948766407532586
-0.3216872615618163
0.1934166476544369
0.4413084711424303
-0.3050330498878435
0.4600480312625023
-0.4112900129580164
-0.5965887292835890
-0.5407123768788892
0.3308623384440674
0.0746831870030845
-0.1899589451818458
-0.1772587728338313
-0.2315304249945874
0.1261195873109753
0.2831372633323391
-0.3286094031466755
0.1707406127567720
-0.4775606046478118
-0.6965056886475895
0.2238859705157304
0.0510984338868462
0.1580660931339081
0.6973156975957855
0.5751774360586140
0.1615736115266570
0.2812380405558589
-0.4020028619158293
0.0235482437882016
0.2784073531911661
0.5701495113130990
-0.0760688487821678
0.4573601616384341
0.4693541013515479
0.3506669164368583
-0.1001679178056076
0.6166263383633598
-0.0292081433689764
-0.2926301293192025
0.5211230427807623
-0.3587705769070729
0.3188151118027739
-0.2951155257001792
-0.5393271607641574
0.6389254729497971
0.0690996612892636
0.1685973131353483
-0.2810060274586527
0.0520252411398125
-0.0895277100612609
-0.5334338531819786
-0.3659703475558041
-0.5835081798382787
0.2827826125953985
0.3877426859147474
0.0495492518622511
0.7602582368535390
0.2726884099701229
-0.0115318647961544
0.5845311863910877
-0.0019494090996120
-0.0581362540839961
-0.0525103129827033
0.2056552951667582
0.1934623694911633
0.2052556756260278
0.3717445357937403
-0.7977341932761457
0.3175171535524550
-0.0145539360835245
-0.1453611297774574
0.1074981919150492
0.3612791329286364
-0.7682860167838285
-0.0187759867681203
0.4959474876183448
-0.0424770350111595
0.1406017353010709
0.5037083357215851
-0.1468483151788755
0.1343239909157867
0.7907220148210941
0.2446550615099350
0.0847033172087958
0.4883464246619064
0.5640544471913594
0.4889313728613526
0.0629757367695708
0.3948784527229699
-0.1929685854297669
-0.1540486815867472
0.3430135969047614
-0.7930561527332761
0.3902084552210462
-0.0090875288952948
-0.1371964833257057
-0.2418770718926845
0.1041348310769532
-0.0528429606752429
-0.5167123867632979
-0.3385741508476143
0.2671295287050133
0.0879970875077530
0.7250087859404412
0.5334203267092458
0.3680559272028575
-0.2521372480879661
-0.4443195130459852
-0.4440700362719417
0.2214324158853695
-0.2697666696203549
-0.0075425049320928
-0.3127901776844673
-0.0339866607453984
-0.3929654270883519
0.4922535177090328
0.6917572166609388
-0.1602714037771842
0.3360574003039027
0.2331022896208902
-0.7239063470537990
0.0878457113493481
-0.0892203969460706
0.5410529249006133
0.0165206293012643
-0.2224247580755389
-0.9095306004019919
0.3252264661984144
-0.0649101278704629
0.0786316320565810
-0.0511917993110785
0.0670238840621374
0.2248198277197254
-0.4799857293452429
0.5853684069351378
-0.1388486618029821
0.2034642034485530
-0.1131272388380081
-0.5503990985772617
-0.6911984648505235
-0.2407535327525479
0.5467889084572154
-0.1572128059525713
0.0698783374856230
0.2564726578037276
0.2644375836326434
-0.0605179306462818
0.2813439098854660
0.1077869639077486
-0.6257612701551486
0.5618855740101495
0.2816847240842180
0.3448569349206976
0.3649941669530545
-0.4731514476056338
0.5206454785727194
0.1941039947626466
0.3911533977696960
-0.3477288175811613
0.2454436379593799
-0.5237884316919412
0.7098035667958278
0.2679341368612064
-0.0733677569475549
-0.0073633598146588
0.3220129199978319
0.2022535691186985
-0.1341223853590277
-0.3901296965330900
-0.0576427380606901
-0.1502474105301736
0.5465418707693267
-0.6832779700822202
-0.1957964123847342
-0.2083997498827017
-0.2462249118791524
0.1602672001854826
-0.4143696487355591
0.3424993365200308
-0.4204079129819742
0.6360082129626051
-0.2496650792000678
-0.5413810155707258
0.1776841978494649
-0.1027533206856419
-0.3879215628894402
-0.4447512789061809
-0.5041400461052761
-0.5663405653792435
-0.3851381937523389
-0.5139865422783518
-0.3505973638137347
-0.2044245513711818
0.3013336202312185
-0.1059948615629436
-0.4762680002921973
-0.3206677047542655
-0.3926931855998416
-0.2785958127572530
0.6341864220368054
0.0857004456940609
0.1702364997139894
0.1979266841150464
0.3281435608223310
-0.4651459408596038
0.2820638617081813
-0.7463864287232483
-0.0081369771198929
-0.0081945986644571
0.0448202246178691
-0.0283937195595160
0.2474574036967410
0.1633617359474724
0.3741802227151688
0.4818087589313454
-0.7328793908171654
0.2595516943447718
-0.5300133373435396
0.2659628476312484
-0.5250483754256718
-0.0582879937222994
-0.5481870154880790
0.0374199569957470
0.1031532334432460
0.6744006902351350
0.2320347559733349
0.3403230918944909
-0.2402953901454997
-0.0151468115910459
0.5539962853285147
0.1136479900969206
-0.5287541697153324
-0.0894077995212448
0.2911632224830869
0.7288891737090303
0.1768502113375637
-0.2284249566339880
-0.6323164412352483
-0.4532374012222374
0.2071232773438372
0.4249837745102910
-0.4135290911425341
-0.0149457951597246
0.0032908430698850
