0.5409876735617769
0.1648047989113649
0.0211386648540736
-0.8244542874885108
-0.1140639570858069
-0.9028431079451115
-0.0843008282583769
-0.4059028288702736
0.5816089920434768
-0.5845552056446344
0.1886642114498569
-0.5333216733322713
0.2592215402684365
-0.3406293105202546
-0.5975568063847636
-0.6780130743714295
0.1923199101797092
-0.3141019799081964
0.3157355111854468
0.8744507335137207
0.5052513168019145
-0.7531352758021703
-0.4211930845011431
-0.0102346851799701
0.1860367048409798
0.2905587540528023
-0.2685893542612493
0.8993473820903237
0.1256496979594944
-0.5547165200702265
-0.4458897019730757
0.6911469521297389
-0.4946161626874484
0.7513660503202284
-0.3590919102456293
-0.2487104944120143
-0.3503238746624550
0.0276479385093258
-0.7507568660809493
0.5593504289530677
0.4168121294044718
0.4780965648003877
-0.6286470127894863
-0.4499936186416806
0.0554568032490212
0.6739380798711840
-0.6894867827411115
0.2594994872793628
0.2737408088363131
-0.1788205482662755
0.9059030743751891
0.2691259945322456
0.4787230723779550
0.8082129390223015
0.1112397743844457
-0.3244098915952511
-0.9071833717434128
0.0753478250131813
0.3431226045519712
0.2315338280759585
0.7470154699468650
0.5317776939167629
-0.2695465513765158
0.2941513701373185
0.5632830932727991
0.3516712439171404
0.4502919164878329
0.5968891714384781
-0.8883309873054774
0.0866968939791492
-0.4505826378868562
0.0180829201780644
0.2082808962793535
0.5779250128591866
0.7887287017476751
-0.0229952776935933
-0.7973508034566047
0.2381571721003112
0.1269563611965335
-0.5398100961968247
-0.4373519074580696
0.0527431031657652
0.8696599967540707
-0.2227845689381190
