0.8781945599495802
0.2023309636446792
0.4334010798620359
-0.0132957992124468
-0.6899043247487265
-0.7237784498147938
0.2916353901145321
-0.7393784039703482
0.6068511967319544
0.4169666428154645
-0.9079299617818392
0.0424500091640646
-0.1126329741776364
0.5268306694781296
-0.8424744855632873
0.9738593609977303
-0.0713907217316055
0.2156416236437971
-0.0590427761978923
-0.8222054178573133
0.5661203064940583
-0.6418910788692226
-0.7344709469537908
-0.2202913319876827
-0.2533600076221236
0.8364993123710268
0.4858781811735497
0.1013796441028585
0.8936976356042063
0.4370660177559325
-0.7681020850889863
-0.3761197057395067
0.5182211437565808
-0.4329706350453508
-0.0229995486421056
0.9011145598372524
0.1606964734535865
0.2726380567527913
-0.9486016726896714
0.7149572146337873
-0.4828362530899750
0.5056731493219017
-0.8716627641429717
-0.4574842001170721
-0.1758187482889038
-0.2588919077293763
0.2105080493524477
-0.9426883585098904
-0.5455562263278506
0.7913466674801544
0.2759327015468976
-0.9750915834353817
0.1793167361924668
0.1305446744787441
0.1827247514600631
-0.9301906724351588
0.3183661070504920
0.8348871388205633
-0.4952579962169882
-0.2401728182270990
-0.5173036187127539
-0.3539311122203635
0.7791853013687735
-0.6994791913466215
-0.5107828159880559
-0.4998297467782288
0.3431676841201248
0.8729856595590453
-0.3466006041251070
0.5452957658111045
-0.7622604253713484
0.3487285071530176
0.5762736254306534
-0.2819492442648792
-0.7670810467554745
0.3556357706620478
0.1384866082523400
0.9243076641250868
-0.5815039382540506
0.1188091548655225
-0.8048214426288416
0.7250749505942884
0.0532510864742082
-0.6866080671023367
-0.0121353078489765
-0.0492357949421917
-0.9987134578045002
0.6350018250618092
-0.5556977179166867
-0.5366309052508607
0.4592171907918354
-0.4574291024234559
0.7614973328497786
-0.4140569281108183
-0.4908572221473118
-0.7665611833045405
0.5248431512054446
0.6419361344123252
-0.5589791283836099
0.8859292021971490
-0.4223714183459445
0.1916555077704742
0.1021612452172267
0.9895245924178335
-0.1020007890949190
0.6227992661814785
0.7697345579487604
-0.1401063322738785
0.8258135623733678
-0.2488571739741478
-0.5060652795458395
-0.8510739921709831
-0.4915185416655051
0.1846146880645213
0.9817764730315266
0.1858134714144064
-0.0398536176865262
-0.4249648242251949
-0.7474698514006601
-0.5105817460684668
-0.0976447744976308
-0.3931133957329179
-0.9142906300015555
-0.8292539525300042
0.1405084022490722
-0.5409207623217825
-0.2495544175781314
0.2889588723114768
0.9242431296902993
-0.3343496018885856
0.5875985279300147
0.7368434797780491
0.3390589942970290
0.9261593380691221
0.1651298849198809
0.9214386388905449
0.0776830464650128
-0.3806785770849927
-0.2386210401940308
-0.5858969850337927
0.7744576954908708
-0.1334945111253281
0.9757857958711329
0.1732665463254507
0.7136829087889643
-0.6996561022337379
0.0337349123256077
0.6567367594122071
0.2255346129833453
0.7196047298227033
