-0.6294725312409472
0.3944581675270959
0.5432116670582858
0.2932005062609365
-0.0982568290776659
-0.2397232360952343
-0.8710689606866684
-0.1007479351655935
-0.0978046955075494
0.4185026807711794
-0.0301340625300783
-0.2132379077170895
0.8279737446173603
0.2034074119196309
-0.0033783141945674
0.1126351990070253
0.4511277790693739
-0.2384754261768888
0.0838847087096461
0.4250133618822221
-0.5069316490427819
-0.6474308854232851
-0.2205471747288282
0.2958707376274103
0.4004591215192174
-0.4207426323982588
0.4807631284794538
-0.3770758788929462
-0.0828543637474158
0.5314356777018379
0.3872913193035762
-0.4858058643652399
0.1864403152356252
0.5265578743384911
0.2019945966286242
0.5110509689847458
-0.4422058051776881
0.1547372402329012
0.0719661356671107
0.7468895557543087
-0.3493093435776731
0.3089826235629889
0.1635873699043205
-0.1170046304877117
0.6349691370778241
-0.6827043840189670
0.3003471269080355
0.0083433332808795
-0.0421453639612447
0.3162646220733873
0.1919520352214732
-0.9130528243259566
-0.1657700300374540
-0.0144813820977743
-0.4231636480649125
-0.3058399417132737
-0.1747141201613745
0.4447103352511201
-0.6919169432787873
-0.1426642721567984
0.8344954544874246
0.2058736497091320
-0.2183454286023559
0.0621238031026108
-0.4053521414820563
-0.2130467673720985
-0.0121293621155477
-0.7847009790254187
-0.3709349956776800
-0.0966128417701106
0.3638410011813201
0.3237130916989568
-0.1143034185676809
0.1629876341494057
0.4891502643931108
0.4969135000025180
-0.6635295483062822
-0.1841393236166021
0.3100574699531641
0.1752013415717939
0.2784217805378464
-0.3949354460769111
-0.6431118786728308
0.4754821471956175
0.0227955028864068
-0.6725041246628580
0.0694905999871280
-0.7147939839258332
0.1382717277899492
0.1110860644295496
0.3177160511485886
-0.0855478363805527
-0.7614728830799810
0.0992075929001126
0.4660019762003090
-0.2913711354190519
-0.1951691666342036
0.4302973865719295
0.2077047429124361
0.0120319670332943
0.0886472407231985
-0.8518267392831890
-0.3836987433476260
-0.7244596586794857
0.2576489720570739
-0.1430844504778475
-0.0011868539616721
0.4909948226880961
0.2846496587631294
0.0292749725787337
-0.4911512181219335
0.4415184497628186
-0.1046558130414176
-0.6862919553656205
0.3575146319761631
-0.7727070540454922
-0.1463110831345146
-0.2919404985604216
-0.3832211831356943
-0.1470116784465163
-0.4513070148546911
0.1002775337728158
0.1705778973286475
-0.7169258126089179
0.4787949062647902
0.1180779084175378
-0.1548489217358499
0.3865989738772306
-0.8548321952422799
0.1667713102243560
0.2304158856303824
0.1221507779213867
0.0740194360012019
0.1997430995545239
-0.5541182811873658
-0.1892140720043502
0.2551600171069943
0.7393701024208824
-0.4633234466171696
0.2225240366232807
-0.3275652577241685
0.6753216817815317
0.3956264859154028
0.1262368750791933
0.1109776281538073
0.2759402011721621
0.8858133336843278
0.2676464553089106
-0.0231140844716636
-0.2338948980911982
-0.4764089938233257
-0.4883205160189303
0.5580318076479127
-0.4247465766476214
0.1162171882356214
-0.1710612658587193
-0.1732994655199294
0.9021473585306603
-0.3620225305006289
-0.1580048621075890
-0.0083248244545273
0.0015122846105688
0.4643242010024811
-0.0938996907221812
-0.4728772124995947
-0.5895642682158015
-0.3546322745673485
-0.2803978420435055
-0.2994168426678362
-0.3105837391870800
0.3102698979479575
-0.6646873188069955
-0.4774824228397591
0.2186805656728580
0.3301502373577316
-0.0929547110467729
-0.2673101273283747
-0.1154734640897378
-0.8913269444440033
0.0557467083670880
0.0034832215905598
0.2342146483051954
0.6667882504274377
-0.4584264524733009
-0.1606306757764247
-0.5143615153283678
0.2370207716071091
-0.7533182360730161
-0.3520677744003987
0.4113031092061507
-0.2232891706299626
0.1826274072862470
-0.0381637793304183
-0.3425216974194361
0.7779381077759578
0.1670286690931515
0.2282193297158490
0.4427776806243839
-0.0727937100161871
0.5797213333857349
-0.1643733776806407
0.0538215708549025
0.6649825345615804
-0.4318646910181123
0.1459882465883729
-0.6343856183794887
-0.0439993138092238
0.4450975807291871
-0.2246489959161061
-0.5707252856660144
0.5115069814269471
0.5554668876935753
0.1827417125591986
-0.5064593736568868
0.0941521661016600
-0.3620177945514235
0.2736229061667922
0.1398355800961509
0.4275093867493210
0.8467126803255965
-0.0147243859408987
0.0753197811716081
0.3472795280619798
-0.0738948387461801
0.3289833228768772
0.5204900489276501
0.7032133719930327
0.0169563522638039
-0.2593588911990993
0.1232697210765268
0.0808236873925102
0.1290162179282208
-0.8627411038335302
0.3873469713907245
0.6664066375548755
-0.5627634592629155
0.1767865773354012
-0.2142974984735807
0.4006245868143897
0.0390193670251242
0.4492593072996421
0.2807107307027457
0.2906887679544903
0.4854333375848913
-0.2400555016177098
-0.5844616596170699
-0.2307362872017396
-0.0247890075287370
0.1887444680634867
-0.5772397751653406
0.3892262133044514
-0.6525480775339645
-0.6050489190096970
0.0682123236095482
0.1120884603940954
-0.0111538089987701
-0.5246461503136740
-0.5842269003266842
-0.3703031281624664
-0.5150582154567525
-0.0630770827013619
-0.3498617799786728
0.6655507326112682
-0.1680799417903343
-0.4303732302346047
0.3458372943876694
-0.3444338310842701
-0.1760839240754652
0.6849982489805425
0.2762474164375801
-0.6124186511369005
-0.3240152176842353
-0.5477419400695153
0.1085337560987912
0.4352964831815619
0.1366517363754773
0.2680090626043231
0.1485211929113874
-0.3263135747805757
-0.2586600630983350
0.2679038298680569
-0.8129911181753740
0.4062819986088604
0.7303858988184578
0.3709213728916397
0.2825454152709206
0.2847545321725914
-0.0545128999620876
0.6275370299777722
-0.1319300958007596
0.4633713010684062
-0.2218723261434843
0.0904363940616147
-0.5627367881129358
-0.1820298144403883
-0.4924201527289349
-0.7007733813900615
0.3555594265553534
0.0186721718091919
-0.3263940133701995
0.2701831481885718
0.6771414505850768
-0.2861845814203697
0.0717172160037444
0.5424489072969743
0.2952706073971622
-0.3128590519105759
-0.2532301028435076
-0.2332241553905479
0.0665715245097351
0.0073019831115403
-0.8826749884079282
0.0554395427741114
-0.6717490916504461
0.2212183935341072
-0.2567115374781981
0.1032951983587901
-0.6482062371248714
0.0365586739352434
-0.3823332614847585
0.2281032342832874
-0.3249118017886599
0.6815685003661791
0.4799482840880587
0.7907286598318898
0.2797999804027013
0.1418276580353146
0.3689991009843070
-0.0179487143448529
0.3739820584325801
0.6310923557046793
0.3998341307241147
-0.5662573122492921
-0.3037710793582179
0.1638904750991449
-0.0455061130040563
-0.5678009483577141
-0.1552678574307279
0.4028099849789774
0.1327175596567180
0.3686235740075599
-0.5811547139435818
-0.1336046412286476
0.3588312306537777
0.3607008562776461
0.6042376327470037
0.4279535190454088
-0.4183748423832158
-0.2430730411305780
0.0098148638470066
0.0193928039694506
0.7824130850132917
-0.1962315285146406
-0.5382992066631633
-0.0667868317285346
0.5984615713432143
0.5440598500782289
0.3859132500105926
-0.2051036970679670
0.3877958008813970
0.2826679205190029
-0.6729105747501963
-0.1632023142363632
0.3507710559801396
0.5079036383237372
-0.2442309771319085
0.4947113597217394
0.7716185455326625
0.0140755915630938
-0.1990625382435421
-0.1377667838411852
0.3179021667314804
0.0795301307696024
0.3567931787579834
0.5053875718784925
0.1231189038865099
0.5927457553587899
0.4944200573320497
0.3894070265559723
-0.1799217485407743
-0.8092167523877630
0.1760290980103670
-0.3573291412220283
-0.0498820730629024
-0.2581406187657984
0.1594708414997755
-0.1452226751638670
-0.3403098962617925
-0.3665313716873648
0.7979265469628650
-0.6838719225172226
0.3826525537608749
-0.3239928396837725
-0.4757000444738476
-0.0560297483193993
0.2269250790841947
0.0000522861708093
0.4864370381384077
-0.3201194151028958
-0.6711900086533551
0.4213161407999412
-0.1813814958942140
-0.7096383334403790
0.2243766282887742
0.4045517138549032
-0.4852674591363641
-0.1878732686067671
-0.1078220907473521
-0.1638973996840334
-0.3116291537078884
-0.5563426255176127
0.1243176399028504
-0.5852988831963855
0.4565940622766969
-0.7140117529918477
0.3914489978060670
0.2907056402973999
0.0279103511548172
-0.0641476892031686
0.4975451895795214
-0.3849205877390236
0.0463820899750437
-0.6454286950315656
-0.2654061339233285
0.3981336303219399
-0.4518360753377126
0.0574206375793160
-0.4655796838380225
0.5873838787746611
-0.0503033599448369
0.6243729018212069
-0.2062684144083430
0.6296252318850207
0.0099873102097239
0.7058936551174447
0.0079981050698836
0.2841931526192911
0.1560664954211574
-0.0465727043297499
0.1103180120122864
0.3631839974984417
-0.2954583107537530
-0.8448949803420773
-0.2293799516030605
-0.7800142951373565
0.4162239687438234
-0.0292576891517385
-0.0898322968921469
0.3431772581495970
-0.3027190492420656
-0.1926869906306463
-0.2424511202332824
0.0632670940757694
-0.6628070272639968
-0.3885436565902551
-0.5566032018228756
-0.2726678261477205
-0.5825361230159222
0.1756288806481314
0.3742568630528016
0.5920209954019929
0.2547574527052139
-0.3614010637303620
-0.0227313770693475
0.0079504454379627
0.1684988382640882
0.4745075695508614
0.7843851439127457
