0.0373628987428729
-0.2101303021921246
0.4818394595735505
0.4593761449663122
-0.5072760775624180
-0.3126706713354167
0.2188086860978622
-0.0047853979434763
-0.3290310833434008
0.2899086930520441
-0.4519404109456278
0.3783168034698836
0.0540368359299356
-0.0873576165254995
0.1301994213466341
0.6618184785657515
0.2888789032616777
0.1400759416080904
0.0719162597051077
-0.1477454898890013
-0.1466446915949230
-0.5583169856533348
0.2200970511431850
-0.2366731323796672
-0.4296927585014038
0.5724795729365562
0.1514964953884877
-0.0623486156658778
0.4234072775091741
0.0877428342016673
0.1585981579795162
0.7801102406559408
-0.2448588667251695
-0.1975634382564455
-0.2764180058337311
0.0045462658932473
0.2106973087041673
-0.8607968985672473
0.1335801672706995
0.2374061234259161
-0.1080295951556578
-0.3092861764989483
-0.0993520950396626
-0.1454610422428633
0.0455184467183947
-0.5973061892111191
-0.2753751206815170
0.5373004384521122
0.0835025994056016
-0.0805621888046906
-0.2941728659384797
0.3489883599517975
0.1394702451480871
0.1935372005285609
0.0031566092181325
0.4826270014001388
0.5823122437098619
-0.3753385400094491
0.2880626009867452
0.2180391817753470
0.1046702596878228
-0.3778238631578957
0.0535421594235028
-0.5909065730452648
0.1583929914998648
-0.0988027389900747
-0.5789554408721499
-0.1344695340872038
-0.2525008558027465
0.4110617049327460
0.0904296526750497
0.1476540324688891
0.7527014260162522
-0.2773718093886963
0.0748326626723606
-0.0247718344347889
0.4512669858873380
-0.3492412298603128
-0.1032047772229541
0.0196434772878987
0.1168051797560994
-0.1510505911094105
0.3102900641999833
0.4604217857196527
-0.2559378318820150
-0.3083372203834586
0.4265011813652499
0.4919705933128017
0.2603378387773587
0.1289397001197077
-0.1174067525451834
-0.2593036877042008
0.4650789656486453
-0.2750325703101165
-0.0660146562181065
0.1648149571054755
-0.0847530763669498
0.5118270382734241
0.5712827557321435
-0.0627745218849002
-0.3158080062150833
-0.3780488314427188
-0.2244066950890061
-0.2350301144863128
-0.2183713892417803
0.2649740307162577
0.3585500851697150
0.6335225015518678
0.2861115369588118
-0.4812081607973500
-0.2370505710246479
-0.2026624942492458
-0.3695957618598332
0.1212117969468621
0.0894125087670155
-0.4719918468908569
0.4552467544567116
0.2347616316150309
-0.4548745511820990
0.5553501846444497
-0.3976507912297149
-0.3409978090823876
0.0155114132160855
-0.3744088563805650
0.0505451848803565
-0.1103595146253792
-0.4448497054378112
-0.5064097726093861
0.0657600217372486
0.0914666774119710
-0.5295484539406964
0.0427340355764693
0.0994952313443994
-0.4791768694656359
-0.1058764000291759
0.6678524862503965
0.1934696699670150
0.2049022337263759
-0.5965687414268802
-0.0997919091255591
-0.1278638008902428
-0.0942849549652238
-0.2854164660443789
-0.0447612136925289
0.1797873060215248
-0.4241620939594856
0.3405180924662920
-0.4870901092246777
0.0257109450417653
-0.4442166573333321
0.2427170720506584
-0.1084571015382636
0.4072955751708719
-0.3845142853937578
0.0816907452956470
0.3311661580489577
-0.0340386949998679
0.0303067688969602
-0.5422928829301361
0.0191212311862244
-0.2188547292938322
-0.6256058218502786
-0.0588534416010040
-0.3471249153115114
0.4860368945236431
0.7335765573724752
0.1831943050698549
0.1146549047883195
0.1123133609183933
-0.0668678727001894
0.1946346145339375
-0.0858836327837480
-0.1361356316295545
0.2946520715953663
-0.0598707142910170
0.3285347781924093
-0.7769348783616014
-0.3932895793678625
0.0405753346471241
0.1257011892456194
0.3283333383572612
-0.4147133583732520
-0.3147087833335475
0.2113748346012222
-0.3568161278447258
-0.1116033647530860
0.5302042135796674
-0.2526801943796165
-0.3029063575699771
0.2774985329733888
-0.0245490494220426
0.1929983364152854
0.5774423487624996
-0.3096948917960198
-0.3561577589112412
-0.2773964604423907
-0.3187713529362263
0.3877894240572920
-0.1287207209461246
0.2093107457418637
-0.1181968632477912
-0.2038730673601565
-0.7136533401898416
-0.3460993730078635
0.3043432888528607
-0.2225994906085871
-0.3358928772542025
-0.0672250725350056
0.3694112364570896
-0.2155118538604726
0.1875157281352416
-0.6961438280480697
0.1116209018303285
0.0969524861665998
0.2231274053146523
0.4702632687317497
0.2286312904412871
0.4485520204026585
0.0045889717696008
-0.5511182667456281
-0.1201679936796695
0.0269706682925056
0.0899524209326422
0.2257073606791203
0.6071024634044224
0.3356281199566564
0.3513040731668094
-0.2219863089566747
-0.3815720939005108
0.5555829081242563
0.0443698664144466
0.3377610404118227
-0.2702047593325051
-0.2670764756235286
-0.3203512054370869
0.0997361077009105
-0.0066663068230470
-0.4960306361826803
-0.5440546941194571
0.1213714109977044
-0.4794705355231719
0.1475206314812577
0.2809913193832300
0.3631217250129305
-0.0159286448639698
0.4055944977101147
0.4046205218983637
-0.5298751566323234
0.4678175518417533
0.0770225594624311
0.0207766516927705
0.1835187740623820
-0.1924699132111750
-0.2668793397918137
-0.3829595320275841
0.1303598498177059
0.0984824101613363
0.3060770063236395
-0.7519192552411984
0.2382469307392780
-0.0505269390038173
0.4935580173460719
0.3012938355294320
0.0139414854146711
0.2348961644763644
-0.4984294177863511
0.0285506541035143
-0.1318522985702682
0.0051141762171058
-0.5861686850070391
-0.5087421753247977
0.3951776479704822
0.2773933121196914
0.3605590654990828
0.2837910848197588
0.3804488569079961
0.1450717905860230
-0.1730288232897201
0.3190652372311495
-0.2264521157671160
0.1336905896827973
-0.3910936996602277
0.2535087236243824
0.4483362091609137
-0.3192585488416143
-0.3625908393423486
0.3657161800013991
0.3814098741304925
0.1689655045564818
-0.3573058759699018
0.4743448637909308
-0.0576712565943189
0.2306747982477225
0.6386402210193431
-0.1771775863685295
-0.3415479127250640
-0.0795931993128927
-0.4630190776551603
0.5679308971423246
-0.0414009058976393
-0.0581294770961809
-0.0031629274989429
-0.1974728576017564
0.2095142211012724
-0.6115876433341466
-0.0321491953150201
-0.1810268379316187
0.1658162726655838
-0.7365984547355241
-0.0681567116954802
-0.0923308035258168
0.2875837702848509
0.0881219217437192
0.5370629470879589
0.0712751174133503
-0.1300194484069658
-0.1063972752744309
0.0250764453722386
0.3727015462100765
-0.1993656281276149
0.5023238489014784
-0.4879630676266122
-0.4077604888892570
0.3684926290572764
0.6523192224972352
-0.0356399128948480
0.0646507451082383
-0.0331781723401970
-0.5290326151947060
-0.2976722566080604
0.2339569637188979
0.1293584782619722
0.3577361619152589
0.4367949996256323
-0.1260338490893251
-0.2001971860145319
0.0960976901048763
-0.5866597606743633
0.1226420240841676
-0.5923796005119997
0.0897626335421275
0.1607179377201127
-0.1451617466775403
0.7306718454194046
0.3395334643237575
0.3463058119055838
-0.3841586827100569
0.0633150326648347
-0.1974782529612527
-0.1323404958188355
-0.0416854743114525
0.0478180877767578
0.4797724615750505
-0.2103323690289313
-0.0225681082773893
-0.2588459232780795
-0.0994589860947112
-0.5268917057779050
0.5834187299384631
-0.1670245630134060
0.0900898380562154
0.1030275098525328
-0.2458605680364868
0.3517404412906973
0.4969468532713672
0.5290994670772095
-0.0215708888824001
-0.5181395780165918
-0.0355534772688043
0.2902226028833035
0.0573542507539450
-0.5687277995874835
0.6290353016443118
-0.2759731797868111
0.1990983273965508
0.0105272824712261
-0.2324172225211115
0.1530185643094271
0.4429042629220456
0.2784270183446984
-0.3654200571901002
-0.1738697865902840
-0.0436809082314858
-0.5192434047636187
-0.4176852123725970
-0.0150070757069162
0.3410920760805451
-0.1569337082173700
-0.0930670348113024
-0.6692297661175876
-0.0712184035543208
-0.5383789293753626
0.2243464670846070
-0.2179364878737557
-0.1996344931046916
-0.2936602542417500
0.3059962232369806
0.2810948259465670
-0.2778002281559606
0.6507621766271796
0.1385669219829674
-0.3704838515234248
-0.1333241286115643
0.2908443757686941
-0.2605048610006077
-0.3376672649543641
0.3043598786148425
0.0389484529419937
-0.0120938174613049
0.2930141923324245
-0.0065186940753613
0.3691628460057609
0.6652020057810590
0.3563816976410930
-0.3996324401644561
0.0086484336363510
-0.4540490629598060
0.0602596831234204
-0.0527238775104403
-0.1800959687147612
0.0947267537042097
0.2942337553353799
-0.7068707877157500
0.0237238200924777
0.2132931348106597
0.0769910523050717
0.5796990890459278
-0.0259694925952112
0.3045508928387651
-0.2223254066385628
0.6165625562588893
0.2982631890379718
-0.0053900417778608
0.2821778070113666
-0.1755741333644962
-0.2039269869053048
0.0737221042185058
0.3964052277415674
0.4095604744164217
-0.4989500799502180
0.5183349521951393
-0.5389966577224239
0.1068133806917033
0.4517525260440521
-0.1491079915299446
-0.1477947640141961
0.1116382872273069
-0.4503402972462370
-0.4746467411322366
-0.0967349735496395
0.0993943531602372
-0.0386111320587866
0.2774825216148747
-0.2609900253317992
0.3302826693950129
0.3844482968338679
-0.4741308029967402
0.4107684785465033
-0.4394311140072520
0.2135776830609495
0.4716510224231293
0.2595576688581980
0.2597433568691646
-0.3128851759387353
-0.2060808601753144
0.3313625380210283
0.5811588962663189
-0.0958114965895799
-0.3542644586672142
-0.0300859772389071
0.0336236331551723
-0.1449572368215480
0.1174251865836519
0.8511678640650620
-0.1509328752577013
0.2387288914609213
0.1827587326841363
-0.4408481115359104
-0.6139912351530560
0.4055468610280465
-0.0016614750393695
0.2609732638488416
0.0503045150864260
-0.4323072111795245
0.0801723147273386
0.0155555505490282
-0.1329506129540542
-0.2319702157988089
0.1996647053064389
0.1753540113606983
-0.4522046082746474
0.5274302148787018
-0.3924975839470844
0.0199764224506539
-0.4698658100798078
0.2658040202528790
0.2902874483446624
0.0955330287300828
0.4592559893017580
0.0633543906434625
0.1048560218231195
0.5392396815701208
0.0963279053347074
0.5567510513781543
-0.1116370521108804
0.2562956427127033
-0.1590663464668821
-0.4516668117132949
0.0220389051517604
0.5529727110651551
-0.1392909702047892
-0.4877996147899089
-0.3590678621766214
-0.0869141916146100
0.0533674751535705
0.5672243002614248
-0.1517717133860282
-0.6607028796920568
-0.1486180898805690
0.0690458270505448
-0.2659529540500959
0.3327248776787317
-0.2902059310776146
0.0063396643062045
-0.2233295541097029
0.1829399406815072
-0.3359266097588055
0.0171097069395444
0.7890308649474441
0.3096591466192399
-0.0282717606136843
-0.0360121464142033
-0.1761798806121443
-0.2110058776591136
0.0749940978738566
0.4963493544778299
0.5138873674412462
0.5898421507827324
0.1510316990958260
0.1906539660681141
-0.4073548510284288
0.1219629972629790
-0.2618995274159506
0.5794312943590788
-0.4467163173416633
-0.3412108315290914
-0.1702502871729248
-0.2045209115063412
-0.1675135876309199
-0.0570088154080782
0.6963484459365689
0.3148542618830311
-0.2920984992957617
0.0224081481289602
-0.5638049043697231
-0.0137370775517162
0.0912883735727770
0.0222199808191185
0.2322972218069802
-0.3733793679101147
-0.2910449060501604
-0.6008161323658270
-0.1349066398276183
0.4893572079818129
-0.3129582992072118
0.0714828853766686
-0.0146869906122913
0.1570968076536926
0.6340446300892782
-0.2057930445244973
0.2862258421853926
0.1694199985974787
0.1874950441860125
-0.3217547685012355
-0.1429388168168374
0.5110937548485647
-0.6297611512334443
-0.5379103926973450
-0.3387017443982815
-0.3089261785144972
-0.1439480142845506
0.1879487200829395
-0.0398969344002858
0.2142721388005228
0.0186809891958049
-0.1517321489210490
-0.4238048778657976
0.1960746549113463
0.1843226371605581
0.5244944109516997
-0.0497736688992845
0.2452464049588364
0.5799951685483696
-0.2254654645230170
0.1607093768168542
-0.4130643410164700
-0.3374716070329210
0.4366809500642588
0.3764602667736522
-0.1310513716535862
0.1669789146022543
-0.1452627625279231
0.5395303384526171
-0.2518056967366768
0.1141221521551574
0.2710567693044738
0.5941676739846836
0.1721818416342721
-0.1265728307153704
-0.6697308519285116
0.0063788711756079
-0.0530627590504665
-0.3704733014842186
-0.0523891879523761
0.1259343800391318
-0.0205150577795784
-0.2538755291934618
0.2655039948535584
0.0061352166661945
0.7991340291427271
-0.2648142314484727
-0.5390256629010972
0.0904422292309982
-0.5699872822272251
0.0303942158759194
-0.1124553551033474
0.0789479669257981
-0.1550919003776265
-0.2057681559253929
0.5386921270238249
-0.3355121157905135
-0.3116223431470767
0.0721748366509322
0.2132786184179903
-0.2676816598118624
0.4255478449901618
0.3643000824971260
-0.0273504032859154
0.5944906435316741
0.4632444184912539
0.1491692683367543
0.4795140853767310
0.0625311599720246
-0.0834224469650613
-0.2417397891615671
-0.4820237423159517
0.3974877981502142
0.2712348906802922
0.7813401212462365
-0.0791030724787805
-0.0132514356353696
0.0375061358804591
0.0868807609214979
0.3826620017261844
0.3541726415863051
-0.3145945617234305
0.0572846889027428
0.1747034333854874
-0.0691975193053330
-0.8864618712784659
-0.1598063384834246
0.0737319198033608
-0.1776765081779283
0.1744139469771647
-0.2592250219762377
0.1368010385939656
0.3056905122753246
0.3268948710242242
0.3966967226373081
0.2383678686367443
0.3385531990715688
0.6109508474672011
0.2008658000156728
0.2134715942990300
-0.1082087133382040
0.2147063652209663
-0.1809272499129062
-0.0334856030410338
0.6033938475107570
-0.1281445931659633
0.3096295579239563
0.2952766904735986
0.4195443345537777
-0.4248103266831317
-0.4959410497121903
-0.2001742598499837
0.0997044883583620
0.3415138681292668
0.1910172807810878
-0.3522759600991148
-0.1293663944114248
-0.5768261013851078
0.2781187964118142
0.2965341600243813
-0.2865439914935001
-0.2190541417680050
-0.1374962377357175
0.0428105751491193
0.3376346227987439
0.0424845451017791
-0.0352341297206568
-0.8026168675860780
-0.3281919862109985
-0.4288594038409910
-0.2622767797124399
0.2437965683214129
0.1872284910194462
-0.5776636707323908
0.4436155196740036
-0.0174252555585479
-0.1195640533858264
0.0080074895977739
0.4206044809978497
0.0844957471561963
0.0551480543600794
-0.0129189696385671
0.1655059102410025
0.5710458169506236
0.0297593515557898
-0.6769851263688397
