0.9015191977502245
0.0133184535428443
0.2405012822829103
-0.0874534902514004
0.3394275984143689
-0.0799104535138978
-0.0337360686392406
0.8211299303773367
-0.0641827265341267
-0.0800713391926801
-0.5308633570153770
-0.1796128323483019
-0.1124359936009545
0.3356421583046740
0.7964703958390980
0.1826343961989635
0.4303360189537487
-0.1476244748662496
0.1200613088823158
-0.7260207284849890
-0.1452737092461253
-0.5936007577507187
-0.1889681936257435
0.2220448052016970
-0.4020030469937457
0.5511014779812824
-0.3686726541656499
0.3821062432747875
-0.4352204732169442
0.2516726917809988
-0.7312413185422019
0.3037207654493862
-0.4266055254173984
-0.1931246210171211
0.3705695780505310
0.1281741976970847
-0.5512605564898593
0.5383524393438871
-0.0427119021344748
-0.3449208015030828
-0.1901305332621757
0.4993437336534263
-0.2043288755448743
-0.4164530569231640
-0.1736238042506990
-0.5810678849937018
0.6380415516966236
-0.0996716004333499
0.1165203176915099
-0.2963013663289502
0.4363805392381364
0.3938686053406435
0.6927750016917903
-0.2704271798633721
0.1795181571574700
0.4240967416296578
-0.8175312171260184
-0.3441897766057224
-0.0309652509536281
-0.0115084720022235
-0.4902720559012838
-0.7649006345237829
0.2477481897299275
0.0845294428473424
-0.0859581133459416
0.3140814242117973
0.2029650110422747
0.2434095697976704
-0.4393531670109663
-0.3561254193061582
-0.5761406369298993
-0.4977574032226738
-0.0401940942349862
-0.2102332189087583
0.0176652243447291
-0.6610204616640740
-0.7048526803918470
-0.1418062640033401
-0.4672001472348451
-0.5523183095554373
-0.6147688462769357
0.2653512462312067
-0.1022599978957351
0.1336389986298853
0.4666281688320636
0.5023646928633846
-0.1255818234351601
-0.6349331537821631
-0.3234682779151292
0.0796569924756750
0.0780853439543756
-0.3761450037804561
0.4548269142044485
-0.2010734989050590
-0.4850117841417633
-0.6081801629348722
0.3655581593788544
0.4307749905423509
-0.5753992630233870
0.2629793989146198
-0.5296769393298647
0.0000586137945116
-0.4421238801532098
-0.6005524919000303
0.2828582421623168
-0.5414713191806775
-0.1519727498984399
-0.2180997196348991
0.5152118265268059
0.2782443625185791
0.4470008751475232
0.5947031265269920
0.2859512834541963
-0.1479429651616086
0.1371785391411708
0.3146740478337545
0.3181298042410654
-0.6444991449151564
-0.2941898805043524
-0.5282318487984449
-0.5288563274073587
0.4620060495737991
0.4080551724203833
-0.4060772752450155
0.4188504909138967
0.0042289679776260
0.1315664201844861
-0.1703531049265234
0.4245917139050251
0.6872399665270450
-0.1773398758603436
-0.5192723466955170
0.7254055103963815
-0.6348115194545243
-0.1361926824384669
-0.1002128667627819
0.1100026591638484
0.1735209780305705
0.5645712411750571
-0.0636642271037340
-0.2053495135218787
-0.2089191392718912
-0.7604855191221441
0.1142467748913841
-0.5124592948903225
0.3531029462410983
0.4111088957147280
0.3136534168527741
-0.3707669585244436
0.4559020211226310
-0.0509295942076938
0.1625081595496956
0.0997535117998749
-0.2048394235656153
0.0747837286587027
0.9557691749990741
0.3050105234936211
0.2111530865693537
0.5044713393118126
-0.1346363477882881
-0.7575454469147122
-0.1260538460989917
0.6116256812878603
0.3639754528285967
-0.2645325117052487
-0.1833155535980685
0.4921458510598641
0.3842477261765997
0.3905790657494606
-0.0128563753426687
-0.6817690192005941
0.3308604711116888
-0.0370781854994934
0.5211816077773693
0.4344644311989431
-0.2387433379012878
-0.0533529283931601
-0.6944901915366423
0.3989906554766252
0.3314899279983266
-0.8409122827104138
-0.0524928426104459
0.5264640263018708
0.0877762314814557
0.0663359307588882
0.0290093217556912
-0.2765224424316419
0.1269794524934701
0.7761369571010250
-0.1496206065408010
0.1312715559290574
0.5151741783129147
-0.2105678326422348
0.9066079664247413
-0.2817450568832341
-0.0327390241379957
0.2018474525871625
0.1119315334299279
-0.4048648773284524
-0.2908991544852121
-0.3448495345806492
-0.2959707883713777
-0.4070772876410594
-0.6158167632037462
0.3678203915252081
0.1873827889386838
0.8034039073390739
0.2448632576146684
-0.2070566645821928
0.2851447603981917
-0.3424117556225445
-0.5453758597193412
-0.3446651775162007
-0.2742791766993519
0.2884055287813745
0.5550841925798858
-0.2935802509917322
0.0772003112596347
0.0477506868752025
-0.2875851633885729
0.7536411627642272
0.5048667068228455
-0.2284805867960382
0.5414782711179261
-0.1812413712184891
-0.7636831684611645
0.0795245109559749
-0.1794807485209803
-0.3700531644932097
0.1992446172681694
0.0868720500988379
0.0884666159790776
-0.8985218854749387
-0.0254472794148764
-0.1190579466600428
-0.6451609147435082
-0.1928849410517603
0.5386034764303855
-0.2643221234810506
-0.4152446377202776
0.0988947059580102
0.0455578377949867
-0.3753295949317062
0.8863550570303816
-0.2296859752721267
0.0942925307608548
0.6535940013599872
0.1540358210634740
-0.2233674291956795
0.5660176413488107
-0.1140898020335594
-0.4071883907283311
0.5098087842796887
-0.4407333318110944
0.5732092780675471
0.1994301231904874
0.2823392439762281
0.3127178193106335
-0.1660908319542355
0.1270195077631868
0.4608659402052898
0.8358151101700316
0.0742450032320636
0.1994573800428821
0.1911766477951358
0.6545185352239651
0.1678708156621107
0.0100470588784760
0.7109728612085170
-0.0359584881202583
0.4788865136612271
0.2860071722394840
-0.0056071958920705
-0.6671216241908069
0.3730300146480547
-0.3234710350617028
-0.3148128438396324
0.4434745801830002
-0.4077326883374752
0.2513247823128531
0.5575147289001585
-0.4049572888601836
0.0141921659795104
-0.5238431523907279
0.4021404967754855
-0.3642009285050339
0.1838692894990039
0.6302536973525210
0.8103085356682421
0.4481523148773718
0.1397129888863494
0.0851498108563276
-0.3309842926009308
0.0789858733716239
-0.2611318387031250
-0.6087579686241456
0.3762956369964823
0.0980046647063474
0.1822128549515079
-0.6138558896155986
0.6185564531968282
-0.2294505758841128
0.2389361987389997
-0.6654853220196663
-0.2298170123096367
-0.1093767223709857
0.3400228031921688
-0.3144404288207778
-0.1573307704635542
0.0259289886235464
0.4747064110311449
0.7312593586222191
0.1865990296824230
-0.2307311766856645
0.8732819415073908
-0.3818830968913317
-0.0590053279276036
-0.0024996897308957
0.2142880017309541
-0.5910340901337150
-0.5870768548029303
0.3833581380674024
0.3269936202902624
-0.0788151853111301
0.3562152049400607
0.2978629904258295
0.0045735853155265
0.2200368855190571
0.4976724539474545
-0.6987655877434481
-0.4162990974562634
0.1695871393836138
0.3426053054510352
0.3789300746734782
0.2234300993707876
-0.6978881411033564
-0.1595675186102762
-0.3026558509045660
-0.2561424398092965
0.0439494445585447
0.6317891927435619
-0.6451663008107036
-0.0137736035856471
-0.2925171017643521
0.0629766768086472
-0.5554029820519495
0.1423674452977543
-0.7625857389467634
-0.6395078199072648
-0.1050136671062763
-0.3861169278937429
0.3509041465887173
0.0360727582319323
-0.5536069291587962
-0.0498759622265815
-0.2978219986642618
0.4829997064559063
0.3274492693135222
-0.2180697689535863
0.7216289080695668
0.3542518673493959
-0.0509053553334730
0.6662674070389707
0.0155355285141292
0.1751817632590332
-0.6301364921750274
-0.4142954050264233
-0.1757560637834650
0.6415450073138498
-0.2348004744798725
-0.5470049533683629
0.1776047442567593
0.1310514736738872
-0.7162489194144158
-0.2256789239988054
0.1733802477224735
-0.2023962990268981
0.5897940723576611
-0.0137578314218542
0.3289917321461315
-0.4585345661888318
-0.4154384530625714
0.7122782390860538
-0.0373070463253767
-0.1759487614561416
-0.8408480068129178
-0.3258257097386587
-0.1741357566635063
0.1056435332325693
-0.3381870071298715
0.6440422001675600
-0.1428592710941597
0.0594386340117940
0.3296476155164714
-0.3134652784257768
0.5952645551839458
0.3878309185236453
-0.5529928698142579
-0.2855651083101723
-0.2786924642436670
-0.4277080349597781
-0.4490378388199978
0.0459264011904817
-0.0988147543530022
-0.3520804209566019
0.3191798080870523
-0.7253830596957589
0.4859109527380513
-0.2496615326435570
0.2514327595572904
0.7623260963532124
0.2857902283237502
-0.3824420350421188
-0.2556787918186615
0.0173348718736400
-0.1075842785110106
-0.2392293468865901
0.7653809729371254
0.3213314748150537
-0.4917646737837186
0.6879134742724553
0.0737650289094367
0.0059758833622163
-0.1915175876145656
-0.1436935216055450
-0.6811543486797432
-0.2827585728992757
-0.0545677685776880
-0.5884794474398397
0.3365740769066428
-0.6302909317323664
-0.2453836183523759
0.6902473286084213
-0.1635095825271763
-0.1473523077346178
0.5478445490148525
0.3664205029571231
0.2017743896121882
