-0.3611460581498794
-0.3668870757241240
-0.4718827253842002
-0.1719596380826960
0.1511373260464835
0.1943160056107149
-0.1279942680777953
-0.4610169081652484
-0.1399597073812148
0.0308697673264855
-0.1663631985716145
0.0098479286684300
0.2888089993946292
-0.1742498464752840
0.1615059592363333
-0.0709258155254764
-0.0129301906280731
-0.2654314453860114
-0.0983059969091733
0.4301037288214311
-0.2006992114017553
0.0117178682202120
0.0544847677071595
0.3795124421955727
0.4494820971590941
0.0640053041725725
0.3472238649749340
0.2005508592436301
0.0635424027057948
0.0117106119768572
-0.1372448949267589
-0.3967153577462558
-0.0729688958837416
-0.0934104352320950
0.2145838949357289
-0.1841040932451243
-0.0639266000188242
-0.1899095028760626
-0.2773045223742259
-0.0186095981506310
-0.1020573439531480
0.4957122934848880
-0.1799203652151895
0.1758157330889187
0.2714249537053132
-0.5669445514428602
0.1247480554701132
0.2419184253563661
-0.0448009620328934
0.5710929078247043
0.0418265966743793
-0.0897061887305267
-0.1622713702111350
-0.3992530127473335
-0.0156897254771534
-0.3661488063773553
0.1500668480908285
0.0016080880996216
0.3262643195765819
-0.1272323032172492
-0.2909773132483951
-0.0163242189700730
0.3316171404869923
-0.0440420640207283
-0.4482527079065130
-0.2723659582872059
0.2289626468742603
-0.5599428866404075
0.3300436914887380
-0.0034833537362827
0.0578016437625419
0.0658323080914847
-0.1121641101340254
0.2387560978194045
0.1287025439921085
0.2347035435835871
0.1123902660921306
0.2630352754014826
-0.0944589812402556
0.1016537387372490
-0.4230384041341445
0.2394436224943193
-0.1347104066833189
0.1654096075470634
-0.2926375248711332
0.0886935246621130
-0.1817023277258920
0.2818167725697485
0.0521484190380363
-0.0283527054095909
0.2463605436433712
-0.4165655179875838
-0.4325712228824957
-0.1251083738534855
-0.2648740623330134
-0.0398298648077228
0.1360710238218480
-0.0520440361240934
-0.3212512855920536
-0.1166802366668439
0.1980771314609196
-0.0339132774787417
0.1792454324415713
0.1115970885634559
-0.1276129082934407
0.1884232733602083
-0.1232072826292292
-0.1145316307083069
0.3261393809102633
0.2348968329223681
-0.0537318516940794
-0.7297091818089151
-0.0542481623825146
-0.2304720280687095
0.0748963718527965
0.0421704581800270
-0.0364885609109252
-0.4092293308819355
0.2594676318448222
-0.4223980711376850
-0.0666784922164356
0.2171746251621453
-0.3974986759794839
-0.2933343018648232
-0.2654972238455641
-0.2767034077563146
0.1497089612562008
-0.2384972752048872
-0.1279681129005600
-0.2752643154363074
-0.2894575043126931
-0.1098475815923286
0.2675258570791991
0.0960878822308387
0.1918133507019386
0.1510030244137416
0.3725922493053490
0.3972213240808892
-0.1258988390679518
-0.1387269609941123
-0.5218989703923453
0.1751984817087766
-0.1485545773208653
-0.1214799690126709
0.0732919695495605
-0.0136918542050006
0.4880428381117624
0.1307030535940234
0.0086781896171445
0.0675118666039631
-0.3058640201215173
-0.0332261882998007
-0.0620145633707114
0.0932074113568880
0.0877247245691946
-0.7035573585920056
0.0017692532990913
-0.2109498371666539
0.2775272981250000
0.0559946585106770
0.2062748171500876
-0.5323522921796292
0.4829823533855860
-0.0344715557484976
-0.1570757381180091
-0.4956941947066210
-0.1299562898944697
0.0142134395910370
0.0769910098261212
-0.1924761278730426
0.2268011035562751
0.1220714002463051
-0.0522314429449049
-0.1459029106776461
0.1208068610685196
-0.0647332239183062
0.2980356995714686
0.1763774580620286
0.2559959588062189
0.4853025631656532
0.2169590473107190
0.3095745473935074
-0.2005036052961852
-0.0712503749720699
-0.1956680582678908
-0.0368941205639147
-0.2710801246808524
-0.0109930268597303
0.0165473122905054
0.4632261474453037
0.1004237676577242
0.2294288755307160
0.2164497957507864
-0.1847211946806406
0.0178587727924295
0.1045681745816895
-0.5094283446535047
-0.0364665030255980
0.0718612432031691
0.2823494220857632
0.2012189784182664
-0.3619654773088983
-0.2892798092417319
0.1345792861503756
0.2415079338150013
0.4100820695470153
0.2006649101732312
0.1482551188957538
-0.1225933738987213
0.1937531135333832
-0.0952725978002064
-0.3254776214567245
-0.4391476679002400
-0.0582602542787325
0.3923354967663115
0.1432384583155548
-0.4235152258374494
-0.2093948040000063
0.3176824034469780
0.0046258375461817
-0.1188428177231553
0.1908123517885585
-0.0150183338692870
0.2946444615707650
0.4776231788930144
-0.0699792139885552
0.1326134711453078
-0.1473770878840818
0.1525560056831165
-0.1318193789197896
0.0236492996700918
-0.2439978294040726
0.5177715447747286
-0.2238879400928123
-0.2125895009938599
-0.2907031393234543
-0.2814496350018643
0.1611523792027215
0.1268214889166043
0.2403024891975917
-0.1407965536108775
0.1797201068745694
0.1791790698147174
-0.1847649588938753
0.1420329917535198
-0.3081288769759146
-0.5332075631934039
0.4247615766365131
0.0656292182957880
0.2318202345290170
0.2102391145175075
0.0241099289612921
-0.0291052951138534
0.0074919757885542
0.1242687825665272
-0.4273274376529264
0.2235361288184814
-0.1378557869142454
0.2646938886310286
-0.2150678472502200
0.3595934064925043
-0.0339267344438959
-0.1597560662806178
-0.2712676342285061
-0.1068387764607288
-0.2727610261796770
0.0461379247286449
-0.3028464314654127
0.3585833022683272
-0.0069341001243573
-0.5060833967262496
-0.1439983839192508
0.3074661126568027
0.0231530335406555
0.0426563932069688
-0.1677499032079418
0.1832491046691847
0.0602401824458026
0.3609958657230222
0.2994063036458293
-0.5119405192326030
0.4305426279620758
-0.1045979772073328
0.2786672524729988
-0.2774267850542873
-0.0497387693274528
-0.0421894947469363
-0.0230634159356699
0.2214790074820103
0.1853424724740695
-0.3319023927758804
0.2651628950029004
0.2124836358006458
-0.0078642233713605
0.0268788233068926
-0.1389474956959790
-0.2690485904095853
0.2711720585327048
0.3419122838959141
0.1302398744705276
0.1508282211770340
-0.1297179797776808
0.2528770151038844
0.5362593432941896
0.2885298517068873
0.2492142934085740
-0.0215900491512539
-0.2565261873250416
-0.3210954216514627
0.2919471800440737
0.3027193718417221
-0.2847161154254426
-0.2121526704745224
0.2740926739857823
0.0661810506224525
-0.2441570740360165
0.2227434052439313
-0.3880700902523709
0.0726978552113852
-0.1941831093340085
0.2218825900674841
0.0750194203799905
0.3448441713997720
0.2307892327246304
-0.4325614958339284
-0.0905942962631455
-0.0931678355880945
-0.0691972884823415
-0.1256105304343341
0.3291878878507614
-0.2489251190038049
0.3599506647887495
0.0448859386018169
0.0848571246644270
0.0883586216984136
-0.4811238446079267
0.3581920565608945
-0.2122919947350996
0.1240436975780554
-0.1448828216544006
-0.2408801272665646
0.3335726534196343
0.0722064867853886
0.0460337521418583
0.3634938275923451
0.0850291215965886
-0.1808765947562690
0.3294567148561046
-0.3038949715108490
-0.4661726205783647
-0.1501701897296846
-0.0281055029420207
-0.3630618534808226
-0.0321594808640855
-0.1285650113390106
0.3138468613962745
0.1716146206271711
-0.3182747706716990
-0.1929027819441198
0.0876548111395923
-0.1454977001622530
-0.2748471921078544
0.0949111883346020
-0.0319639431515718
-0.0890846512801320
-0.5379973802089055
0.4148329264698979
-0.0165465025915916
0.1880931658353288
0.1092593807053055
0.0221192968308555
-0.0723867058011757
0.1403825211807687
-0.3587962783471360
-0.0272215318417737
0.2764460873317455
0.5040495185699538
-0.2627542773656240
-0.1095845853348879
0.2224320105791952
0.3775245466324897
-0.3040227997589939
-0.2623937450196502
0.1815300140268095
-0.3596494360098847
-0.0665153528376951
0.0389987006370381
-0.1903868314914821
-0.4698255617895708
-0.0066143121629697
0.0004434160551237
0.1051723620420425
0.1678130814484427
0.4566602506180633
-0.0210694820524451
-0.3408351318362957
0.3422960486961298
0.2607270041291154
0.2153683214158425
-0.1085252150153499
0.0717421802166591
-0.2260743244078698
-0.5102994059398152
0.2113647852895567
0.0842206401879899
0.1977191857370197
-0.4428291575799256
0.3557301394781220
0.0136116109455203
0.0580447775875873
0.0114241727016319
-0.3312624394583863
0.0128555923895577
0.1735656372619641
0.3549223034806335
0.0124655446171302
-0.3006818935105487
-0.2598275090202447
0.5094948111232299
0.2902642233883788
-0.2609977772876106
0.1375116269445928
0.0461885596733199
0.0033107515220175
-0.1335294683030065
-0.1060983589994631
0.2847729000304543
-0.1185598790513822
0.1305526524947599
0.3686048383665042
-0.3459997260584389
0.1104526529464454
0.1372380358603890
-0.3896182747075265
-0.2052139309297472
0.2377717219455736
-0.0919573724946980
-0.2449095360984937
0.2225341696050571
0.0514051425901898
-0.0309551353563821
-0.0269950220656027
0.1428434970598071
-0.4095078311904961
0.5898809097871707
-0.2599109625490055
0.0423103514737870
0.0549831397946102
-0.1443767740083151
0.4146502496783322
0.0107782809019013
0.1870748946116508
-0.0353412579874154
-0.1605144454619573
0.1871831948865902
0.2965716764702818
-0.3922534289370502
-0.3809726830698789
-0.5029559556916174
0.1305777868842213
-0.1048370152726597
0.0606794932038472
0.0213149737312280
-0.1948225147706164
-0.2982628604762101
-0.0231813396132799
-0.0332034041026581
0.0643667397024202
-0.0501951618229005
0.0990241512912443
0.0016522091785918
0.2559336985912427
0.3009626578854483
-0.0499179455070245
-0.6695017984845343
-0.3344664058059852
0.0059108728066484
-0.2654369552533624
0.1307585088718813
0.2943908335281390
-0.1923446326043910
-0.4549857997269090
0.1364518655865831
0.3996239269885125
0.1344108338540608
0.0322799510777168
0.1365970997106954
-0.2978465692686263
-0.0761829988906772
0.3129269954825609
0.0856126918828293
0.5279092336173048
-0.2095869438677982
-0.0985714409056929
-0.0269981703998175
0.0841230810147882
0.1100392879116130
-0.0964097010867188
-0.4670819938085125
-0.1949858725182360
-0.5458958781181182
0.0176278310470640
-0.0844155259363964
0.1108234042858021
-0.2427642217634193
0.1577105934098940
-0.4611646921098382
-0.1047834693818940
-0.2201083265536643
0.0206135260630790
-0.1939292239901846
-0.1036817388021784
-0.1962005570491710
0.1877367146257687
-0.0186709475587411
-0.1741287704178714
-0.0337965408656394
-0.0567874110535101
-0.5111553504685237
-0.0297421911160261
-0.0232114055912972
0.0141493557765623
-0.4975722456712624
0.2099190380437827
0.4386286637261711
0.3112881496334698
-0.2175984868377190
-0.0056386096713235
0.2991920970673672
0.1184653042908610
-0.0263775181978170
-0.1167874548637103
0.2209353020179603
0.1080887616541776
-0.4861481519095573
0.2551555777898252
0.0341024404636294
0.2319215195595583
-0.1800640861800229
-0.1909039802840234
-0.2129025863547369
-0.1113061753360237
-0.4431576889790080
0.3771627093836860
-0.1542668926196877
0.2245410954091183
-0.0294271743271491
-0.5405773328979054
-0.1529450284473652
0.2915001682296349
0.2084765684050185
-0.1597004611856503
0.4290963207422792
-0.1479642333298630
-0.0536546290866615
0.2092784183375948
0.2050973315658413
-0.0190651836119536
0.2972899667374410
0.2680651055479450
-0.1222041081758350
0.4059057650693098
0.1531568918380243
0.1108271914374889
0.4040644612728881
-0.3968828824714386
0.1664109525288822
0.0102033148825934
0.1752682468702321
0.4467467694016571
-0.3517653047328619
0.0979133420821423
-0.0186312629786879
0.1625041128835277
0.0490091080059882
0.2078510334235195
-0.3013345155917053
0.0568833916624669
-0.0578531085752080
0.2907102928502096
-0.4919422265411080
-0.6821480278838657
-0.0168662506984804
-0.0187034444594725
-0.0301403457097331
0.0519855821362690
-0.0743355619480472
0.1010002339338499
0.0864914662223777
-0.0197821651500721
-0.2175030549247934
0.1887260092688927
0.0136962383692205
-0.0474976691776796
0.3954287688558976
-0.1427715870048377
0.2151784566657474
-0.0044744336462523
0.6616839684206273
0.1727297860071200
-0.0948383438166522
-0.0878157786610608
-0.1831147107537219
-0.4234429935014101
0.1468281487468233
0.2165416599131195
0.0937507185514594
0.0068428008268325
-0.0859181781790022
-0.4546540233100881
-0.0853578435520723
-0.3498143524928332
0.0720707374482121
0.0230187699939227
0.2461752952687712
0.1128536345232334
-0.1336274913186898
-0.3908999439274204
-0.2819068920807601
0.1767473482495489
-0.3989930118449038
-0.0390641907562900
0.3602387781898150
0.0729785171109205
0.3463388014570586
0.2416571585067948
-0.3593887967217370
-0.0548939268043008
0.0791009171280733
-0.4086442626989066
0.3985116887646912
-0.0953012327587961
-0.0199893222560279
0.0854983939221747
0.0680665446295572
-0.2698928862963355
-0.1181101724900630
-0.0325603405016467
-0.4953488527635651
0.0526419497345219
0.5195010337974738
0.0638154384017262
0.0978102926197151
-0.3596680963945232
-0.3216833843399199
0.0972932788997860
-0.3615132876899753
0.1011432513334001
-0.1372749214112399
0.1391170463028139
0.1567450402006746
0.0981541199487486
-0.1565431638953393
0.0808908792252095
0.4362731276988415
0.1986598663171531
-0.1993812850293488
-0.2997260139172290
-0.1237962408209598
-0.2618879113457335
-0.1338198831791243
-0.1949111189948333
-0.1109938107413100
-0.5238181683735836
-0.0225087313932377
-0.1907129092727540
0.1002433168985691
-0.0232333683503939
-0.4255280700388234
0.2289288001265413
-0.3870942829988536
0.1144829281560957
-0.1933931122248734
0.0135279655864111
0.2229682059969324
0.2540071962649520
-0.1507171111167003
0.3624238026099362
-0.2814671590417697
-0.3219508665169591
-0.3038041858976582
-0.1168693430631903
-0.3764170948737368
-0.0362004789145007
-0.1117271127349101
-0.3559160795460576
-0.3406776377286826
-0.0840395879798839
0.1936825840000911
-0.0360971312199815
-0.0520488157917169
-0.0347054668620542
0.0921926889392356
-0.1726321319568983
-0.4679315338215638
-0.3223061008424076
-0.2100185278429958
-0.4120707308539339
-0.1648808606814222
-0.0211699147956947
-0.1396851931298926
0.2048611327226530
0.3187272615929602
-0.4376265306361176
0.1262083974333307
-0.0644646789039147
-0.4138708027930053
0.3261345182757696
-0.1160076400748409
-0.1718299432319369
0.0080146672078463
-0.4880633286160803
0.2410832676033945
0.2938409737704512
-0.0778823384441637
0.0300058766671627
0.0358745692934563
0.4947812566023270
0.1460500265886205
-0.0464098337019962
0.0886153477389052
-0.5083941845494699
0.0431817457766629
0.0177258438622427
-0.0775043122658826
-0.2359398682713213
0.0402071069683448
0.0696045570161290
-0.2089175541398732
0.3330618426832031
-0.1438998282436222
-0.2174082903492626
-0.1277297177770277
0.3020481881603779
0.0800054812522215
0.5717243499444078
0.1505426423259904
-0.2299293903060891
-0.3514844924215307
-0.3289804063823226
0.1370195986027672
-0.3893880126114594
-0.3116276957174581
0.2633391853590485
-0.4754685710153733
-0.1720303543005252
0.0958937361551767
0.1586008967333598
0.1824418728470369
-0.0746407784922680
-0.0903932502445834
0.1371178678872255
