-0.2155750701670491
0.0878961290060923
0.7928453278038308
0.2133024588559410
-0.1232897017917697
0.3548962069264411
0.0860857648952901
-0.3509096460309639
-0.2371317280856214
-0.7048327985556345
0.3408494493758834
-0.2637309443180120
-0.2299826428684179
-0.2529941575710902
0.1005637081002496
0.3663820305527090
0.0010832271951515
0.4360825062601001
-0.3407996391748394
0.2333409438005385
0.1292375283341499
-0.2775291580482128
-0.7200039968399408
0.1646449406297293
0.1272049131281021
0.5934175327199814
0.4660365114795504
0.3911445397661259
-0.0550706492344987
-0.0595281841481838
-0.4580988701575065
-0.2122722425590427
0.2241903449511476
-0.4896958971724399
0.0593371041116019
-0.4433817854456072
-0.3390468321032497
0.5437125140389134
0.0257045678804562
0.3139928993499588
0.0689723265275792
0.1521182250499759
-0.2687542956877195
0.3746218788425599
-0.2318796389358017
-0.2136713527439024
-0.4639909307230297
-0.6669492053322021
0.2894871860919796
-0.3163619866880684
0.3851280815163079
0.6194340772554556
-0.2313265839909017
0.1155549767753738
-0.3389743163381261
-0.3198773498924540
0.0444177927900202
0.4705383097401420
0.4401299331218884
0.0364770898864993
0.6591592289395651
0.0843645156059932
0.0886367090555914
-0.3634709009704159
-0.1075152725991047
-0.2367187929333985
0.7814732994845073
-0.2417346397933673
0.4115261894237068
-0.1969420469531315
0.2345985294354934
-0.0095958790051471
0.4000410533877443
0.0505627484601173
-0.1242264053824217
0.0447887107191635
-0.1505267733317775
0.0262546487244402
0.8338654019120776
0.3182659439763378
0.1452470312495353
-0.0573946575213330
-0.0184734065859794
-0.3695413183768622
0.6679428519130834
0.0392070049743309
0.6135911509439804
-0.1205328058455704
0.2220719092494540
-0.6699480715553037
0.3480346519065067
0.2061248289720904
0.3348045459552141
-0.3721005330905294
-0.2916328326737734
0.0513369718946594
0.5033604698398320
0.6173289472650151
0.2344845654318845
-0.2191016323395859
-0.0722278813326078
0.2060178548868732
0.4210105929647242
-0.1939962081823934
0.0167013746633999
-0.1052811482643080
0.8050597947213163
0.1097140187455883
-0.3079544106470795
-0.3590689652861463
-0.2916963505515524
0.1400903391555554
0.3062523297749932
-0.3351156050570895
-0.2103554164561637
-0.0695376104362812
-0.5729859385659525
0.3245736371538386
-0.4319999526811924
-0.3528983853899674
-0.7520674099045821
0.2619384967198833
-0.3814360401598791
0.2101472685234868
0.2564435468764922
-0.0576388441075204
-0.1162539023833441
0.3058218579349862
-0.3071604103034357
-0.0946893078755520
-0.5262220898603985
0.0477497648164754
0.3874845207167918
-0.5009084999216072
0.4532509928892753
-0.1049125720552563
0.7740578111880234
0.2271973639725846
-0.0964205738428707
0.1198372245547635
-0.0540345892499397
-0.1518805975339839
-0.2715650274720548
0.4752083315820024
0.5975315089292292
0.0925188761712855
0.3459407254364065
0.0289941770695516
0.3525090986344773
-0.4732960032424257
0.3654553073547787
0.1790289155143147
0.3140691650137150
-0.2345831628115188
-0.1272704801620247
0.4875271373017435
-0.4099853079000742
0.5325130946802474
-0.1166862978639746
0.3566188073806175
0.4759412031021499
-0.2320457973160880
0.4638357167548003
-0.4693678111747608
0.1355914390590892
-0.0934495901379422
-0.2414424506933758
0.4458393024322851
-0.0279015136241658
-0.3422789339860904
0.3762631958173022
0.1294857354614219
-0.8209093610329903
0.1818859987132883
0.1276158780605491
-0.0215773209528820
0.5160212479199876
0.4002132394487573
-0.0710597283179507
-0.1476734345371568
0.1081989858042525
-0.5175266287053103
-0.0202982906531425
-0.5164703804254577
0.0526819208806149
-0.0216359194706260
0.2918389849750261
-0.0233969952946896
-0.4883535698254117
0.0529588916342932
-0.0643234613414075
0.8158478587442762
-0.1496201638296366
0.5748662305133452
0.4540772357594738
-0.1007232818756059
-0.6500576804576516
-0.0098854747131892
0.0273347879413606
0.0859732916673912
0.0847871756412285
-0.2129455265291585
-0.0151450989676820
-0.0623553890005208
-0.1605760106840957
-0.6583281698750085
-0.4680488513706493
0.5148761086807923
0.2363451211854445
-0.2274184624257128
0.1956798689352733
-0.4422420639413590
0.6598442354916328
-0.0585170192085620
-0.3193051934184858
-0.3431890284107494
-0.0222010732675241
-0.4438783287880526
0.1525521810088851
0.6495122956271070
-0.3235352453991375
-0.3101472783027064
0.0232966766740833
0.3948817887401499
-0.1485685918865683
-0.5753189667926342
0.1295151079094077
0.2984661285830242
0.3965494339810737
-0.1478954034088823
0.5489774414815775
0.2461270640736809
0.0853673819827571
0.6607691773788804
-0.0455908316385716
0.2674749336722068
-0.2219448876597726
0.3836733201942451
-0.2671377450001566
0.4633009989801947
-0.0173362364890272
0.1269747769929562
-0.2103864185867383
0.5780446657500057
0.6471213526488331
0.1433078588894233
0.3928568285628851
-0.1074202260385870
0.1148028941989193
0.4501772195570089
0.7297750738439677
0.0116737788527663
0.1700182959617814
0.1303891460593917
0.0307790602215137
0.4523250269870505
0.0030828486796341
0.0225517384238201
0.5946727035273266
0.6872398560369708
0.3385857080702132
-0.2173261041233736
0.1031720450723828
0.0321291606581538
-0.3053629309534680
-0.3539137540719798
0.0647687245515038
0.0263568949472515
0.4240402040785072
0.6980100804939465
-0.2299555126805837
-0.2381200464652210
0.0177683387468573
-0.2993187168645138
0.0785394489383139
0.1479772387090177
-0.3474888307848477
0.0868576922717507
0.2359900340112795
-0.8354895817888091
-0.0038519912929825
0.0960077462092595
0.2272032301868154
0.2490077394140255
0.1549411455236121
-0.3366731221255272
0.7413081718995947
-0.4361744573819661
-0.0520882510680928
-0.3412728926924916
-0.6516932160472130
0.5405752067748902
-0.0138932042882113
0.0545239236036079
0.3090830646887874
0.2553346912277154
0.3530835139383553
0.4413237036583572
0.1512471178713845
-0.1809842621966967
0.4310277857146219
0.3129997268789291
-0.5712618038209826
0.1218219904524383
0.0428729450191274
0.5467526881220680
-0.0700278924839548
-0.0935609264314930
0.4845775387665239
0.5128722907433780
0.2985346997276128
0.3139896675137223
-0.0717066088767127
-0.4217498190824149
-0.1397630097383470
0.6725330685438383
0.1643482700499782
-0.3646576363682869
0.0885398339545028
-0.4211009111180158
0.1320912723269127
-0.0583934895573125
0.3192320329030015
0.4690498572625779
0.1404718959528738
0.0806634440843284
-0.6197102538369396
0.4969361058004994
0.5890409492031887
-0.4519394919259730
0.0687567441977301
0.0398958784269733
0.2418989330884188
0.4564061256625663
-0.4188411336714788
0.0145857527926716
-0.3139862749895697
-0.0030721988733311
0.5845435224348060
0.1983081177492412
-0.2517379663481737
-0.1512702119364648
0.5687601541321182
0.3326306478328654
0.2938382980172392
-0.4376695558463631
-0.2415468536203023
-0.4290022012773825
0.1287391569098847
0.4369890819190020
0.1450427068043036
-0.5011447178944148
0.3423471967399967
0.0308422979789777
0.0073073800235543
0.4878026727445398
0.5851164123905589
-0.0768391947844415
-0.4539673514279848
-0.2991495781940157
0.0885218246270458
0.3577914008028059
0.0360273574427159
0.4114731936204738
-0.5696823847334702
0.4787609484280016
-0.0367021409208989
-0.3720805398838495
-0.0111743798697768
-0.0791006285869983
0.5114830135494853
0.1310041110459357
0.1765723515688073
-0.4225791638307137
-0.2155952668243733
-0.6772067700574119
-0.4006890891082392
-0.0756187665206520
0.4631198137957179
-0.3740479879389569
0.3315050539869551
0.2654978734024646
-0.4027050825448198
0.3698406301376136
-0.0078397195080287
-0.0552604474812505
0.4665343075133013
-0.3594459143777624
-0.4452880160548076
-0.4642005208043992
0.3306411042669042
-0.3562893707430610
0.3282487447219635
0.2075777504000382
-0.2794110952811769
-0.1611371647551829
-0.0851340847672310
0.8460251802056938
-0.1437526979563440
-0.0381737736514261
-0.3437144243107896
-0.2325652005235444
-0.3147143400737304
-0.5248466123728506
-0.2513582106768768
-0.6235724666444917
0.0346238169110884
0.0065084352632479
-0.2317404103390096
0.4664018340040484
-0.6531811783588992
-0.2440675912475918
0.0014749670808299
-0.3244065382932773
-0.1308444345513220
-0.3466828910192624
-0.3097462384768510
0.4138182390964816
-0.3523087856301282
-0.2559606176036133
-0.4657490370099774
-0.2126725064454880
-0.2555102264420908
0.4644751643030168
0.2241246371922261
-0.2169886487753200
-0.4169625692913495
0.5154138012185255
0.0837178588929734
0.4933433189422318
-0.0716653974468895
-0.4556782452518001
0.5209965365714613
0.2210172107139764
0.4584461846413652
0.4608923802680834
-0.4120270721659139
-0.0490487510472755
0.2481073479487544
0.1529377872347925
-0.5136141732552141
0.0582050437539893
-0.2181100451564735
0.0975685696036784
0.1080717959849448
0.2833071083644318
0.7342331819448361
0.2113770094741297
0.2755610222762943
-0.0182577058035614
0.4996458106210938
-0.4070049652492002
0.3180477818439290
0.6248325221899749
0.1196967474920012
-0.0503628602228775
0.2355902856824116
-0.3570412960633035
-0.1530966662486699
0.1327809890926699
0.3032153233860223
0.6742754556036729
0.4321059917595391
0.2065111121380792
-0.2122283272989252
0.6937609404645280
0.2461303927303228
0.4806157929036411
0.0026942512370180
0.1520079629852248
0.3982261053749417
-0.0196334704256689
0.5066773574161062
-0.5771403199275569
-0.1482540519113925
0.0075510351113932
-0.1879813890747118
-0.4956714577653478
0.3015053784208415
0.1273504403524826
0.0456655612712745
0.2151252464089556
-0.1648037573003268
-0.7086845220345549
0.1743358167630847
-0.3253103241670847
-0.5194148600575702
0.1273976994095432
0.2542183389399437
-0.1471614958523470
-0.3161222902235610
-0.5740939216387028
0.4820427614578103
0.3612205472777249
-0.1001518125792858
0.3336517703145219
-0.2319540453316073
0.5895183789214948
0.1648861803214260
-0.0762801447636189
-0.1590669641250665
-0.0500090430670279
0.0792966606918427
-0.7290871861174114
0.1387698921661273
-0.0769031281447412
-0.2163747549050955
0.4947881363979957
0.4804417315443258
-0.5350522590370270
-0.0311779468571654
0.4063474495418289
0.0084302794233692
0.2034560307992432
0.3053101276738368
0.0381019413315518
-0.3359981689298023
0.6970564549062519
0.4216809295300249
0.2954171030032902
-0.5023711835291425
-0.2200646626430193
0.1579678581420541
0.1983840594580950
0.7426496160897292
-0.1896339468771143
-0.1132860059865693
-0.1859071104704672
-0.0560251298215345
0.9209061227604932
0.0682869787618582
-0.2315591958087594
0.1578075989030718
-0.2218411812303155
-0.0711879305492180
0.1064230042876024
-0.1626248208711998
-0.2690978602521616
0.1868429123231831
-0.9194166312554488
0.0837269270067612
0.0433910818030498
0.1020225986277180
-0.0400087317095249
0.0315809274624177
0.5802296427708840
-0.5513339619605550
0.2805259234308290
0.1085036398967266
-0.1883565042680735
0.3500047914370417
0.3315383970868676
0.5836738265662470
0.0669072606645955
-0.1769675942282480
-0.6883937656001794
-0.0258443594440758
-0.2340852402562694
0.2878586386550965
0.1063877354701699
-0.4050139769717032
0.4219127430698685
0.4394354039326376
-0.4337132191422717
0.0896343938310601
0.2054283921058264
0.4734689334021092
-0.0483187879303043
0.8181975716097311
0.0347262004511690
-0.3201507143364494
0.0625005499543055
0.3558199979183443
0.1366019661616652
0.2229637534434539
-0.1672220761502450
-0.2247830853254051
0.1307193222943302
-0.2804113172063569
-0.1160852397018928
-0.8251700288204340
-0.1577682782467106
0.0125813389580787
-0.3665024385485413
0.0165250039507817
0.1023808722263612
0.0829421137448451
0.5561963011636869
0.1616325687706892
0.2042671209709243
0.3193794092400026
0.7093363169486755
0.2874408972732373
0.1225158101182432
0.2346597288625756
-0.0284084348999056
0.0955856901279568
0.4355350239481502
-0.3726695314909054
-0.7132919587224456
-0.0309779407434569
-0.2340119291417176
-0.4296336163422916
0.0188668246023805
-0.5153176144202188
0.5353421471614317
0.4257390754507375
-0.1610607469867450
