-0.1810540693787538
-0.0700770280841657
-0.9809733095738561
0.8259022825451707
0.5509415995510413
0.1197863663812261
0.8776339181912041
-0.4724841714984251
-0.0807304981020292
0.5952831976941507
-0.6464018791873988
-0.4772866278516782
0.4265843792101468
-0.8621706410731473
0.2732902359862348
-0.6707095393511177
-0.4749456384267859
0.5697151519512047
-0.9381449134751572
0.2364630814654267
-0.2529215934327576
-0.0399766184422511
0.9109517298875954
-0.4105713285078734
-0.3534361946590880
-0.8042122430810739
0.4778342017723418
0.2857161631730976
-0.8905874087507909
-0.3538648632969874
0.1004823817342035
0.2319946612317535
-0.9675131875695473
0.1437841030470522
0.9461732395563651
0.2899695371213466
-0.7456656438657251
0.6002155836516253
-0.2893509991343601
0.0623104354778972
0.4548135199290045
0.8884042276578517
0.9705058178079231
0.1676369202114367
0.1732521878159085
0.8309973847349106
0.0947696871776929
-0.5481441899317927
0.2717714823773551
0.9568652951628215
-0.1027086572757211
-0.1306129385820350
0.9913110235390989
-0.0155793095106780
0.4578321763214654
0.3637179306403583
0.8112329907341331
-0.4594220759096939
0.6375208195344400
-0.6184646803391149
0.6101561278003325
-0.7872469723882407
-0.0891723285176135
0.9818516612433343
-0.0355793070100224
-0.1862831936230196
-0.3231027365013066
0.5474622129674647
0.7719389529218834
-0.2210069116641872
0.1631373503444666
0.9615311486994297
-0.3987725790065741
-0.7172687157981169
-0.5714070524326471
0.2877626609573187
-0.3508322310023416
0.8911281594970968
0.3211498194984517
0.5297838104533319
-0.7849789217664765
0.5361050493698845
0.1792251974734170
-0.8249058762251174
-0.7311208643279391
0.3268995822570736
-0.5988313158682654
-0.0057385381915341
0.7732305934521478
0.6340989816496031
-0.8319949372641177
-0.0707879731817552
-0.5502485685757811
0.0664184995419257
-0.6664705691824671
0.7425668746531841
0.5276451537200265
0.8268996597833941
0.1944930446208211
0.8986633606196627
0.3650950948256375
-0.2431249391034021
-0.7218526181449000
-0.4670159851221714
-0.5107101597948890
-0.6684207935057198
-0.7078262706723530
0.2284635930629932
0.5853603487029096
-0.2282823251484859
-0.7779720060459817
-0.5514556369276049
0.0380748127845553
-0.8333348601445825
-0.8334995597817375
0.3094109409529673
0.4577590561225952
