-0.2476790472776502
0.3337527790323985
0.0226090394894449
0.4191263446846449
-0.1362564264497714
-0.5146424397548047
0.2301385776495080
-0.1635645362384182
-0.0093944221615534
-0.3797992564520291
-0.3789598965591328
-0.2921613367713147
-0.5380238295215450
0.0469771628483338
-0.7007605624814943
-0.1165616503919481
-0.1756627198492896
-0.0804711916149251
0.2166701713457041
-0.1779381346047459
-0.0048086697258034
-0.0484685881299928
-0.1341491059038176
-0.6616079829463882
-0.0585422530160302
0.1834148229856995
-0.4660828519169821
0.2140970948453335
0.2068384962910780
0.0957544378187485
-0.2899038206462524
0.2664596855554316
0.1927273866733471
-0.2280067755619794
-0.0129239760540179
0.2894028262028793
0.1166281005545974
0.3417993547920414
-0.1275496348543050
0.6480188774202197
-0.1285080698688094
0.5253114002006453
-0.0218629613719046
-0.0672399986971615
-0.4829248658023739
0.2912414221534762
-0.2142134852859218
-0.2871211679151038
0.1571706319108672
-0.1700324007446962
-0.4448335146318104
0.1953118760562932
-0.2264213824149268
0.1612724108509477
-0.4321150115947800
0.0844265797916437
-0.1295052604544284
0.2823028418865197
0.3384118351778365
0.5449167908312335
-0.0644031629299161
-0.0069203674953710
-0.5947907362614243
-0.1230144391557108
-0.2524320118241151
-0.2193686733001078
-0.4933523875178248
-0.2476217824252338
0.2554702867200349
0.0183220373172983
0.0020513823154024
-0.5068946189407454
0.0786572546301477
-0.2190617389610411
-0.0239888897448732
0.5267353442572752
-0.2013433593805430
-0.1110930838892841
-0.3236052622728930
0.3436123987928729
0.0903735196228136
0.2309125398163684
-0.2469698785522877
-0.7898530087698143
-0.0043226650537877
-0.1195416586585828
0.0648714469163541
0.0011881311853708
-0.1194744740762261
-0.0595170950108404
-0.2811482976573821
-0.2977381324522361
-0.1255358381565871
-0.3306112674557159
0.3150850070466414
0.2326214709991096
0.3849384091641256
0.1429420815924298
-0.6061574216722772
0.2678807621781222
0.4240819178512676
-0.4941188608384839
0.1056198259650398
0.0057699149542794
-0.3985491517840823
-0.0388900180922785
0.5072857913290901
-0.1944852087456342
-0.1530533901417003
-0.1187836915597521
0.1300874096183939
-0.2619108699911013
0.4238252503745218
-0.1888840004813407
-0.5535089194804967
0.0934215020565936
-0.3892955433955516
0.0931644787128122
0.1635836720903258
-0.2285702238388087
0.3805793574981388
-0.4496600576057448
-0.3638189212040756
0.3232902274679088
0.1985414130658041
-0.0559030363623360
-0.2706356702405937
0.1080655572452155
-0.1420262288143627
-0.1234508522325706
-0.5056183413133947
0.3773564779952417
0.6214117226658472
0.0155098381276978
-0.4596285869016089
-0.0125407338077941
0.0775473388426122
-0.3306628322547838
0.1792943995014303
-0.3092105648590903
0.3679884766595374
-0.1190282616378316
-0.0974618305850834
-0.0264693168686377
-0.0683595312818349
-0.0668396148432594
0.3904782534407543
0.3776291994779199
-0.1103243180131637
-0.2882207666763894
-0.0335523989153398
0.5869904682148938
0.2576628773214410
-0.4333189816293420
0.0368876342437400
0.2767692682028367
0.4000562593239808
0.0936263938004291
-0.1132535758326152
-0.3928350124798792
-0.0388731348537960
-0.6026622854975688
0.3230745516961945
-0.0239416741357031
0.3412009997353828
-0.3109886857231392
0.5137693696008115
0.3694005066850704
0.1463704536967525
-0.1534245841599506
-0.0493580176919318
0.0046822508446637
0.4446324478429933
0.4285999179003507
0.1418409453341757
-0.2322370140119010
-0.5497714994735738
-0.3115853266809716
-0.0091904918076355
-0.0609719707142384
0.0618693864785477
0.1864501557471353
0.3657636880970871
-0.1908680927366362
-0.1796121844947739
-0.2834602070006952
-0.5248318059366422
0.0371432245386139
0.2258841474085489
0.3584585142916012
0.4024971061010947
0.5281563517232123
-0.5013914354831518
0.0300667984111111
0.2430575261900168
-0.0645476275633311
0.2234877329808654
0.1125329554831564
-0.0307881266273049
0.0364106939472472
-0.6551287450000634
0.2322210265453256
0.1597661071920298
0.1321299134498285
-0.3935184085489247
-0.2720782615899542
-0.0322273620419283
-0.3723493148996860
-0.3210243268464973
-0.1133706423570994
-0.1854239961281967
0.1543608571431948
0.4978296660638676
-0.3259284997631333
0.4310468962126183
-0.0914920329661219
-0.0356330636461470
0.4460229357923967
-0.3576981825447622
-0.2292326731030905
0.1556431933370659
-0.3433040446169533
0.0225660586051557
-0.0348177670654607
-0.0647985296436695
-0.4870821490580263
0.7126744264697441
-0.0515912422398623
-0.3067465294209191
-0.0505877489482236
-0.0867704325381681
0.1229728663882039
-0.1733667131484929
-0.3059023322040387
0.3650912456519852
-0.3700107879469495
0.1488474914608893
-0.3679180661687329
-0.4986836596482892
0.2025726526609424
0.2427879583042370
0.2913064973121358
0.6000174890571426
-0.0820148584504726
0.3778689108092809
-0.0577886525380961
0.1134211368733401
-0.4051752247114888
-0.1350983584811384
0.0455687512428173
-0.3003512540793868
-0.4265727340982255
0.1326407397207958
-0.3182023183077899
0.1349219784321154
0.0776559404136743
0.3523504672904338
-0.0730667676517857
0.0859552765601480
0.5032470449710876
-0.5064047649647121
-0.3703980073994385
0.2001540789402080
0.2251116876610501
0.1724754026043976
-0.0027878331875187
0.0321506645952737
-0.2353391033362604
-0.2038668505021538
0.2038888259634784
0.0311297933080117
-0.0614318384221660
0.8786972251375823
0.2127493066775087
0.0926279808887654
-0.1312507125451699
-0.2598670858527644
-0.2584984075409158
-0.1128869475037828
0.5018541347633596
-0.6676178136013801
-0.0851453927036305
0.0309156100304555
0.0051729004416840
-0.3248497912926596
-0.1560342342815311
0.2674591976539927
0.2708193188394069
-0.1401850424163408
0.2588803408004925
0.0037965513680615
-0.4696070046172203
-0.3548109656434782
-0.3749993872605200
-0.2696800990950356
0.3565366899353521
-0.2855614043790843
-0.0589272829867788
-0.1896086693304245
-0.2060998658687325
-0.4847274407046968
0.1373363415322814
-0.1419725697099185
-0.3780765243777756
-0.5957735667803034
0.2462293155064459
0.1876936041492539
-0.2244438328018505
-0.5111346666286423
0.4063688714084314
0.1180780858166065
-0.6029956649325481
-0.2433647170856107
-0.1395620983789145
0.2398580732676954
-0.2114628548579837
0.1114439393734680
0.0488482380059353
0.0173546979598742
-0.1430837842494319
-0.2713908499236400
-0.2156030832986051
-0.3159328736272726
-0.1284568769429736
-0.2369994977378097
0.2172911426134271
-0.1773520727230637
0.2122114569242869
0.1507236851237908
0.7351770574968857
-0.2825855852301722
-0.4972745397470689
0.1055489153246186
-0.0261884597370579
0.6243899342008166
0.0595498691106010
0.3041618149819968
0.1027668990959708
-0.2717838234788303
0.1965536105899137
0.2281508701798480
-0.3721538658155890
0.4112785645637873
-0.2277459586969010
0.2274309376549329
-0.3790899269709824
0.1630224068634262
0.0178910425157248
-0.0461976740247489
0.1236158230426116
-0.3137422667543973
0.5498213485949737
-0.1044246489289505
-0.0801524529605214
0.0959492990878859
-0.4184278595710677
0.4577294905916756
0.4203498847686440
-0.3529918331693848
-0.0586629166690772
-0.3239919789839493
-0.4098494734362075
-0.1057386293612215
0.1066638240731945
0.1925488593468032
0.0852624594667590
-0.2202335134244008
-0.2317035487339924
-0.4697713271715814
0.2840137732202814
0.2913182592442558
0.4403917799002895
-0.4589213072588200
0.2265387517235466
-0.3960825812303719
0.1030531718196059
0.1593244265982645
0.0440565276880822
-0.3634812668084946
0.0392241502199339
-0.4096790599894963
-0.5855271664072927
-0.3079219857247348
-0.1978653255732932
-0.1639224989075763
0.5004878980132913
-0.1569947471041105
0.0062107915084755
-0.3893055487058004
-0.5324671638206442
-0.1796502898361755
0.0434275738939425
-0.2755583260335082
-0.1199490718764607
0.4047177923749800
0.0383276065602917
-0.2364899349139090
-0.1578634637261963
0.1617190431403623
0.4616435546954656
0.1041911298274727
0.1973482902887159
-0.0446072080321046
0.2441986631251374
0.3855965392874344
0.3250828716125718
0.5604420783428322
0.2062498019698218
-0.2952450525458793
-0.2563257822293884
0.0353910787904562
0.4056252697718737
0.6185046254697455
0.2731823715313920
-0.1997961401627130
0.3068608449840271
-0.0381230166031619
-0.2146906227982137
0.2934271731705156
-0.0586568416228914
0.0268748897561494
0.0896544940184884
0.3588303753210264
-0.0272561958317460
0.2000432063531898
-0.3962864139828361
0.1808002445876386
0.7079183147271565
0.2032246722966874
-0.5640562169865032
-0.1573266199065794
-0.1466797048192530
-0.0539563219289115
-0.2616398588872411
-0.3350743073764139
-0.3971245459855038
0.0911384185762257
0.5238569787260122
-0.0879169595826479
0.0613420633529464
0.3397500892217317
-0.0826940023561116
0.2277248283790936
-0.7033946131200397
0.2596239881702617
0.0537324462867488
0.3511573912269901
-0.2717009830833930
0.1495296930789627
-0.1619394552271573
0.1228851281107663
-0.2082330098736485
-0.5483032877350359
0.2885676724194045
0.2736745586658554
0.0256149560642033
-0.2193519913562280
0.0464296673291559
0.5972265710166930
0.1676090052269262
-0.0401685442479785
-0.2460090421681279
-0.1504207191521509
-0.3890491741308960
-0.5724342244710252
0.3983819722100174
-0.0125928681492971
-0.0851607587536922
0.3426111205060763
0.1405902145795572
0.2744618152446027
-0.3067835282093352
0.1600651915080691
-0.1025478218083898
0.4476901111258507
0.4672309523961193
-0.0004711644526191
-0.0086810999166075
0.3720441082758600
0.2930181103354180
-0.2299229750635219
-0.0543535972932686
-0.5360272739994930
-0.0570666655269403
-0.4555409653700813
0.1939535732545448
-0.2724401939362434
0.1713611363157072
0.4222768610030667
-0.2046418087870560
-0.3151280018269531
-0.3559053101882828
-0.0260337215212853
0.2137092230453138
0.3984425814484107
0.1270318471391429
0.1105436986351274
-0.5965132897416675
0.2818360335492659
0.0761569299932462
0.2584536545626848
0.1355828246699926
0.1436143298885693
-0.3088377641643800
0.3271409061875105
0.4715670272043995
-0.1763852031650129
0.5512129010240294
0.1482879671712160
-0.1628319261811799
0.4645394049443775
0.3887868669442700
0.2172166864530891
0.1464722534191028
0.0151176290414335
0.3050480544447258
0.2961028295700193
-0.1557706469160905
0.1388109726699910
-0.6427785446579161
-0.5572603744889570
0.3319696866587459
0.1246452804400689
0.0442749713415188
0.1310492792311836
0.2368879530851652
-0.1382003191629028
0.1125784214378161
0.1006000568326459
-0.2863672096360127
-0.0734973749193642
0.0015585709269823
0.3374714059314037
0.0483121247253619
-0.3445350882882994
-0.2530800519047258
0.4820613326816240
-0.4548148313471600
0.4052832914349287
0.3360258104675538
-0.0384871757872289
0.6654219752617924
0.0536451736681683
0.4140925668172626
0.3362827540295577
-0.1035586658283513
0.2019463969634276
0.3136079240740887
-0.0735081724172558
0.0110594602263275
0.1382963162037025
0.1238807010506248
0.1444444612855609
0.0963476442874212
-0.2195118606876073
0.1361255751895427
0.2988495764664581
-0.5657436115544461
0.1830232754000998
0.2382812229269675
-0.6074641032736497
-0.1064412086885597
-0.2568649042507429
0.1601222135055735
-0.0842717770302451
-0.4772894734898712
0.1718163046380839
-0.4118305642556055
0.1360625252182087
0.1311351100279507
0.4242371821397003
-0.4973255695577779
