0.4350900227575137
-0.3490679168507175
-0.7591511533152092
-0.3354665228343277
-0.3307492671114055
0.3868283869349716
0.5770166714947428
-0.6387648097568339
-0.0098007855186008
0.2928357212475222
-0.6848694096838780
0.6671619568320113
-0.8745586034191273
-0.3288203232878840
0.3380003673054939
-0.1130495284368249
0.1693695646371507
-0.9684994823187906
0.1796285957415186
0.0325003217643558
0.6449239846549406
-0.3101068837961619
0.4107384661742616
-0.5649784836999041
-0.7188050017175578
-0.4790957662916483
-0.2463193712491047
-0.4394466788754763
0.4711799276309363
-0.7339699847858231
-0.1126866368985816
-0.4760034234075336
-0.6596716884419502
-0.1795280553702339
-0.7289293207092363
-0.0355666446758791
-0.0730229057557830
0.0302648491635232
0.5814166316301461
0.8097569972553164
-0.2590493213627478
-0.8007671286565810
0.1674050266053058
-0.5134598444200594
-0.5199776599972772
0.5695524809770628
-0.6343088289534311
-0.0537169808194343
0.0692712048113738
0.7825714615764718
0.1636560316617523
-0.5966574486342838
0.0529849023233164
-0.6351510952331690
0.5091208975291207
0.5784216438283036
0.4756080603288155
0.0852762899823391
-0.8465963472172332
0.2231581327120917
-0.4978178320370650
-0.8235867906540757
0.2008964275471368
0.1830924077203484
0.9524868310002276
-0.2052515205119624
0.2235864191343222
0.0254904546323278
-0.1005947635903544
-0.6549408123348235
-0.5012480482267961
-0.5564922461501415
0.4070742330151984
0.7747207095779776
0.4800227085606906
-0.0606348928599799
-0.4557461252728021
-0.3210298752851721
0.1116804957523721
0.8226559155210147
0.5747093452193373
-0.6533464694648813
0.0519671816977750
0.4900479276374159
-0.8125655788105562
0.3603991253971027
0.4315275237981184
-0.1537323867958012
-0.8293613793044390
0.1463971185793727
0.2387276465099405
0.4834632322956116
-0.2249592701469202
0.2498774786012860
-0.0294325824286165
-0.9413226309583828
-0.3626882800552600
-0.3007291240240787
-0.5734646688988295
0.6701921209616115
-0.1674708933960324
0.3242885624777960
-0.0513533943547301
0.9295984385741334
0.5677458700647789
-0.1583152022494593
0.5317839951825997
0.6081173457719593
-0.0763823067067314
0.1812416170333652
-0.9426591558817858
-0.2696496529008129
0.5710607904962876
0.2085957004917322
-0.3097793953875911
0.7310363421112641
-0.5329616647636708
-0.3342177255660795
0.6651840160048061
0.4022195925877945
-0.1480525183581937
-0.6770821687814932
0.7131568672585623
-0.1051069512824908
0.2906015507193112
-0.8172028344087888
-0.4903706971322043
0.0852457948983368
0.8382954696993974
0.3855097491995559
0.1987915594475150
-0.3303405131769149
-0.0417487602502593
-0.3752018099686700
-0.9134815453078117
0.1517633328437833
