0.2815791661099895
0.5429921782477822
-0.0022595749681659
0.1868492224349898
0.1589185435324055
0.2306918457534103
-0.6805543559185716
0.0606110127287433
0.2136660304578444
-0.3324895386874540
-0.2942376991992630
-0.3160320102978079
0.3529068308179116
-0.1633269749325870
0.2017946677671585
-0.0166620890915610
-0.6641284900235905
-0.2640347611749539
-0.2372951980573274
0.5885186092964535
0.3855333244745515
-0.0498265673744324
-0.1841835972372419
0.4580588322678341
0.2053838863737121
-0.3925370937209179
-0.0787959539273854
-0.3263342091061293
0.0576355428684872
0.3314626767934669
0.2838610014168379
0.0420086881135451
-0.4721619880523680
-0.3134486215586091
0.5493012200380025
-0.2739635238531868
-0.1617752663439282
-0.1673724309401884
-0.0152569178976156
-0.4538751935844915
-0.2052476266972721
-0.2536907366516575
0.1312863070042317
-0.7847489489064760
-0.0052136667593393
0.4338486238865453
-0.3069859652263771
-0.3383006539242404
0.0688733602587020
-0.4522639258247115
-0.1592097124065578
-0.3057246638482146
-0.5132340943240572
0.1075960952738954
0.2315730887983275
-0.5108999268879556
-0.1682621995962009
0.2575400812778346
-0.5344224898927525
0.0853178118319368
0.2445262505506194
0.2934400596992210
0.3897812532808019
-0.3553790941066339
0.5759157673746490
-0.5086257935575004
0.0825804221181818
0.4872677738369739
0.1326325319530170
0.0019322078068451
0.1203348980198108
0.0836750339781703
0.3619107438737444
0.4556244621782421
0.0604935212967890
0.1423883743933756
-0.0309340522358414
-0.1931701120676333
0.3676259411921326
-0.6764302927658660
0.0807134825143799
-0.1075519271620815
-0.3313288366416647
0.5152778692655308
0.5348552803103502
-0.2369686996200732
0.0572789066803688
0.3243567921715509
0.3681594701346183
-0.1639773451272050
-0.0662157562616536
0.2606223687401328
-0.3850118175560993
-0.3192987148506926
-0.5765131886954319
-0.5041764279453858
-0.0716745965459561
-0.1148342450348670
0.2694813661712587
0.0138814303740449
-0.1788890837020004
-0.2858823036660195
0.1321601941593400
0.3655729486182728
0.1803917278889653
-0.2354596475626549
0.3401565747738985
0.7288885346257955
0.5628333177826960
-0.4642640295788922
0.1704733311339179
-0.1518569446883909
0.0762150727007788
0.2114889566953024
0.0639426753039287
0.5651632327822294
-0.2037680481090412
0.3509673202398642
-0.4192619113320387
-0.2127314595739631
-0.5535057480396671
-0.2044428901979772
0.1221681205685051
0.1456778682174024
-0.1910031816568500
-0.4847596322893287
-0.4585053523715278
-0.1543390093447663
-0.4464459832427936
-0.2513755281316530
-0.4164379960560692
-0.1954294794631682
-0.0970090582596903
-0.0453735342944869
-0.5294958346793680
0.2429288532705296
-0.0026527350538958
0.0700874712856713
0.1505579106860852
-0.7161252900874587
0.5055497688075468
-0.0189487741694075
-0.2676911522206293
-0.2701203218569057
-0.2905219536753866
-0.0385523117629399
0.3568513204763920
-0.0027957133573881
-0.2221388570551744
0.2673585235134229
0.1113928622194895
0.5775699204175019
0.5656309734428111
0.0706060310648625
0.0099945172942180
0.7620366127392608
0.2652840737418196
0.0519117947935922
-0.4886028730432734
0.1994329919488175
-0.2468152675231258
0.0414796639347481
-0.3062240897375156
0.0742382246392367
-0.0263983841240568
0.0652427011572222
0.3282427229602530
0.6569192329996132
0.4011649943096416
-0.0392445231017426
0.4404569888355649
0.1636124198458909
0.4977043125719005
0.0401498850580831
-0.5051517196580121
0.4835965642101214
0.1337730065675534
0.4309425351412514
-0.0660954932004046
0.1639822647683277
-0.0370747059835754
0.2606119874765208
-0.3975996720312429
-0.3223813757930697
0.0722567570094171
-0.3467728407884264
-0.5054140608230594
0.5274901111436870
-0.0976215920181458
-0.1137659277703915
-0.2801371329042160
-0.0567161023145306
-0.6866311245626477
0.0879049103194738
0.4282270533683276
0.3516616206424685
0.3332234381630652
0.0899557963553901
-0.0868504539186458
-0.1255447400114137
0.1383842220630935
0.1842920423925954
-0.1594271784179088
-0.6807042586042392
0.2045529812367287
0.3393935200275235
0.5270451314969153
0.1972960367312934
0.3684421405387674
0.1241984838107541
0.4765396713366434
-0.3305271743229838
0.4151301015157650
0.4554161736574460
0.1777697094179026
0.2494437136130490
-0.1541164435486043
-0.0784901748707364
-0.8899944149032795
0.1451912912826850
0.0751421957045881
-0.3308331459992011
0.0195566647859733
-0.1934898246898954
0.0632388266037123
-0.0192653793516164
-0.0256219470915943
0.3158977535041818
-0.5223152638295275
-0.5875944265225103
0.2879695131478827
0.1438539908335709
-0.1863772191709498
0.3778143014759878
0.1266310987056021
-0.6399739058062368
0.2941453238861154
-0.0932559050532817
0.0322583279707453
0.5425828264245639
-0.0846577836462103
-0.0151216069374648
0.4199374986277737
0.1203967664687005
0.5866015689568067
0.1809630185404190
-0.1300570482287388
0.1676309580614142
-0.6023571358832422
-0.2522882958093909
-0.1498183220263159
0.3386910051666910
0.0406517357045920
-0.3159178035365496
-0.0142311761892244
-0.5089421771221411
-0.4502591658891915
-0.3653382878679680
0.0976590544426904
0.5411648726494389
-0.0267697667049929
-0.2743430164840284
0.2701876021602840
-0.4166259508104050
-0.2001970183212500
0.1152414334540881
0.1519201364633106
0.5434945329155685
-0.4099383428935777
-0.3718635123010847
-0.3548000092266182
0.6206416134973315
0.3729760289006375
-0.2925016585703187
-0.1592435926381811
0.0224715728183835
-0.3899382678374549
0.2925814094190500
0.0270809047925795
0.4483817875033411
0.1507484014202648
0.4349592725860792
-0.6793436343551790
-0.0677166051112343
-0.2622034297076999
0.0204853771035016
-0.2075159262646621
-0.0933416427442986
0.4093159589853708
-0.2056263276980189
-0.0144871832566708
0.6946845766359260
-0.0709608336957408
0.4323998166238220
-0.2796505392557198
-0.0373847517508615
0.1891418369324127
0.1620027613831387
0.0256200547315366
0.3021871161303105
-0.0660884550611422
0.1749645474993551
-0.4783706000925395
0.4968948504555510
0.3914679207781996
-0.4667026159451724
-0.0384777838993755
0.5741035282610267
0.3503226297433077
-0.1185839473154979
-0.4175304770402831
-0.3377566169519713
0.4653141195084473
0.1178509982047531
0.1154087620986232
-0.5294535415078001
0.1928675088441987
0.0049950612858222
0.4150437102562251
0.0142707742660911
-0.1143891904558998
0.7000328868298450
-0.0098424402393991
0.0822397786480260
0.1495803455847980
0.5572855332583098
-0.5911046785865357
0.2395395672883162
-0.2439305917933147
0.2391840763653103
-0.1323181885048405
-0.3322076266071748
-0.1252734732799821
0.1512065404180303
-0.0531426769193630
-0.5742482471498798
-0.3888306881952686
0.4189368993405233
-0.1660060287824866
0.3244869432928404
0.3024877224325763
-0.3057864594392263
0.1023164012130421
0.1015388491316694
-0.0675779229522364
-0.3524364510027300
0.6831162106810486
0.3689451022309536
-0.3283676017625614
0.3722781611834431
-0.0354743788814517
-0.4162803961953221
0.4470801962526597
-0.0308827801588530
0.4843747327449073
-0.5771690464918813
0.0262077736056753
-0.1149660974084063
0.1536649618269054
-0.1435835030837848
0.0956753659603942
-0.3747777665929705
0.3539766295038169
0.1552848261852934
0.1842207751943575
-0.1067006198841828
-0.4384884127760066
-0.6735945046780735
-0.0982397952433281
0.8078487116633914
-0.1010092594307614
0.2615894429031407
0.0381379148428764
0.1007295236682729
0.2804202028794589
0.0369394450455248
-0.3606940723398527
-0.2169040982631206
-0.1832602733271094
-0.1246867512319689
0.0950905358615737
-0.6685695498014194
0.0270264358521112
-0.0640547066630814
-0.4213256761203486
0.2018232654778968
0.5213060941790194
-0.4894798957040910
0.2118189030648410
0.5058058461989908
-0.2686153383538050
0.1884951991349280
-0.0984388647580403
0.2151269448631177
-0.1891561594892040
0.5101648014978118
0.0224806083172326
0.0113465338951244
-0.2857694370585436
0.5343746563994221
-0.0686937387656131
-0.0302768579093361
0.2297819436132115
-0.3418926204557089
0.6758843173622980
-0.4375708510857571
0.1841390081626478
-0.3195453678712998
0.2366031004258155
0.0834988058079970
0.0641221513513393
-0.6994978057037529
-0.1194783809892720
-0.3191838688285815
-0.3379096498723864
-0.2764940319827511
-0.1738667745249945
-0.0491873905138246
0.5286917083365238
-0.0083390241546235
-0.0335260569340654
-0.5574981133375443
0.4303562006938521
0.2646956262973388
-0.2577310887603900
0.2904662819626930
-0.1570477203604306
-0.0413628252029959
-0.2890964219864467
-0.0631187415883016
-0.3993295714007919
0.7111543835404761
0.1180213247111673
0.1614836216282693
0.3845324761184495
-0.4073087810276983
0.2987451179003474
0.4132274732526206
-0.3377578710199791
-0.4385978247196939
0.2824434760484830
0.5854095985108225
-0.0858863927805211
-0.4011850912751804
-0.4252266556846341
-0.1218154240812231
-0.0792147243578971
0.0117344348772012
0.1953824918075621
0.4987243308425302
0.5487706495516886
-0.0055621885992246
-0.2930300757890765
0.2393061210440021
0.4656267690566031
-0.2877305727689402
-0.2751232844150500
-0.2742120333985319
0.3243509825892476
0.4495786813419995
0.1324010825747855
-0.4511908144927839
0.2471506102164578
0.4358210545660866
0.5017478715811374
0.2496358905996989
0.0848352181885662
-0.0669804228329483
-0.0485614738248542
-0.5083401636000526
0.2064111109662874
0.6178569577167019
0.4191529410864723
-0.2277382486529265
-0.0438267941201797
-0.0051489970251700
0.2921953052798669
0.2560768508102116
0.1537292332889810
0.1936486074342688
-0.1546087280663791
-0.0026682232885951
0.4903326036590270
0.6167115484059797
0.1268062753374832
-0.4610229715829212
0.2920153510063636
0.2100256110918261
-0.4945116152274758
0.4291485488581594
-0.2922872335603415
-0.2465744930387928
-0.2710529768995885
0.3389581800792524
0.3275864637492230
-0.4543152251702122
-0.2000412912214597
-0.0358051625977751
0.2668545343544472
0.1397354473218518
-0.7454743590285828
0.0842667640150295
-0.2461169356227068
-0.1953339629598965
-0.6431415537701543
-0.3472491360818096
-0.2422385035751269
-0.0374159897236248
0.5179567121135545
0.0587606409889675
0.1529603468089254
0.0619524014310375
-0.3267117905912438
-0.4892119484912981
-0.1376239420347987
0.4101031417822242
0.0143763932652640
0.4995301679543310
0.0494107477737285
-0.5528826050634014
0.0281966290269633
0.1220410459106402
-0.2930137768662231
-0.4500469098326389
0.2189548979186057
-0.3040663562319771
-0.3197196510048089
0.3545095726919300
-0.4677584165993678
-0.2129323537519669
-0.2813668304175048
-0.0466823407777958
0.6208607635428210
-0.1237591137812908
-0.1625976216122294
-0.1620312065659243
0.1893139749398709
0.0219704244744602
0.0215171809222105
0.7124316001690805
-0.2266951192306072
-0.0374239727423751
-0.3785154710884377
-0.3244654149699029
0.0858079608793873
-0.1980866378029439
0.5765156451352157
-0.0193356317170621
0.5650765645913662
-0.7286918668967556
-0.5117390281163016
0.2320185218281389
0.1885394128184078
-0.1220627289202119
0.1257737773421615
0.0842426066960456
-0.1304355640355175
0.2508446123744876
0.0534388152748474
0.3951685626353466
0.1331918370453845
-0.1940265076860835
-0.3542414240534026
-0.0686192315661884
-0.5782676980610922
-0.5403548480904253
-0.1703739154170463
0.6835328902692820
-0.1827833811876848
0.1331357424222962
0.5092763530974806
-0.0905253163380240
-0.3942439328210826
0.1424969128324921
0.1914641049237870
-0.0412129669123974
-0.3824191547886009
0.1327506059439883
0.2047404398345408
0.2155466510984987
-0.0613889678525233
0.7633322454736826
-0.3394990701795451
0.2086102444102492
-0.0503118782126526
-0.2138442292299468
-0.7058331106243908
-0.4464204422152516
-0.3585804038379121
-0.2008661783088890
0.0276088698240457
-0.0606866908807257
-0.1314630508170158
0.2571463957857004
0.0124114893591088
-0.0202188837095191
0.1085237917124439
0.1658623936536069
0.7088880732533878
-0.2028083994348878
0.5260754771512187
-0.3362489081319950
-0.1633313243538951
-0.3832995317339922
0.0349237621784109
-0.4302484443757174
0.0367300951968408
-0.5641862341666434
0.3852599636596414
0.3726990738691987
-0.1164598046354438
0.2149421872180126
