0.0189988182765907
-0.5722093565214239
0.0824640493193772
0.0534569188337654
0.4543064049968963
-0.6253549108416224
0.1153218932047548
-0.2275858572601039
0.0194376519758555
-0.0943501320850643
-0.5069548107254714
-0.4903446072013703
0.4405336267492858
-0.5337048215452792
0.0443419220173983
0.1113656026171338
-0.6353834433118646
-0.1931414848732342
0.5624945452069254
0.0131766228768784
-0.1759122070821397
0.1662744640377031
-0.2901890571443687
-0.3156081734211950
0.0204407187615792
0.3540382493835467
-0.2915686025770212
0.6080503757946254
0.2337395870799378
-0.0763429603380993
0.5865782023572189
0.1223321537255463
-0.0205295378781390
-0.0953338045560781
0.1500740343073297
0.2210727138588665
0.3177591782243369
-0.1174019670256958
0.7244479195610423
-0.5286924794561967
-0.6301214211354867
0.4051128215891633
0.2802740850013839
0.0340544565840690
0.5089485234973539
-0.0120084172462949
-0.3085224074183821
-0.0689815202755811
0.4194892953083887
0.1209074033298650
-0.3806346774302044
0.5972215172688778
0.4721263738249844
0.1884479854019693
-0.2170982695150584
0.0480230975754602
0.3789578723679353
0.1493945738265997
-0.5284109005907023
-0.3335576707020170
0.5423731867217729
0.2390390680107161
-0.1502085234985915
-0.2640500757290452
0.4446389477138573
-0.0124044741800161
0.1772813910583963
-0.4946775471984243
-0.5406593603489392
-0.2293140015062497
0.0147942053448490
-0.4253133481879727
-0.3043314049111567
-0.0261673090523244
0.5988043311461845
-0.5995261897691551
0.3390523015007636
0.2652974459783613
-0.0188906361302291
0.0548026876548980
0.2002766177190095
-0.1614090858141395
0.4169071346396073
-0.6537691561980552
0.1686797550043215
-0.5483124596819146
-0.0266442547844488
0.0529281153885646
-0.0599690749163089
0.1228373025817990
0.3591785875649736
-0.4404345807695243
-0.3702868138524972
0.5842959041540260
0.0225478239990686
-0.4234387759216393
-0.0479058339672276
0.0175796019943102
0.5647206865299613
-0.2791451419440167
-0.0274086781388696
-0.1400160860700579
0.4215069445127311
0.6344609368051382
0.1307754206816982
0.3283832616350493
-0.3805973487003481
0.0410663435520216
0.3462847535785817
0.6473354416225726
0.2979426757985883
0.3174827456875284
-0.2291836334096464
-0.3932206687129742
0.2302776012097314
0.4280809330878040
0.2582179718537052
-0.2170585372297659
0.5634730925019344
0.3539469641564697
0.2218092223828723
0.3823131002105498
0.4822193084807280
0.2235531129390740
-0.3558734628893633
0.0264513685509613
-0.2088558940056705
0.5925871459531740
0.2017185182039980
0.7648385200908312
0.0428744827432089
-0.0991756992371952
-0.0518870629126369
0.0006994908216087
0.4446120543680155
0.4028461263742148
-0.0395283561547297
0.4768755519653457
0.0676099849879525
0.1676157950251011
-0.1365472267725594
0.5079529438159266
0.6091260263562877
-0.3011066221960929
-0.2887138746266906
0.2074758583051844
0.0000373287298563
-0.5561551737168560
-0.1258416202464026
0.4588874562206032
0.5150409453136467
0.2694596481120681
-0.0156175302844662
-0.2336431673575087
0.5987670024163283
-0.0433710160522991
0.4648939217471662
-0.1935900102422420
-0.5339315814438758
-0.2146569604571701
0.4499009698902351
0.5858498322823815
-0.1049390691471452
-0.4737997134912338
0.1442013702305542
-0.4075968827902479
-0.0035391449291644
-0.1786866950423588
-0.1098958682208543
0.5035142121848569
-0.5003901139215218
0.0231825062074681
-0.1263179447462544
-0.6320283126643288
0.2176555553712741
0.1438008679152556
-0.4904323928306885
-0.5573626617856468
-0.0428371540133527
-0.4569794744796608
-0.0739545573337657
0.4581879653989946
0.0704288909456313
-0.1333864782621466
0.1103347019201190
-0.0256549877484974
-0.0890287461233269
-0.5669840322426037
0.1125451664986440
0.7236784019606720
-0.2886355265586306
0.1951505919619820
0.6197659130273983
-0.0405016824842746
0.0362724572094029
-0.0565476389291775
0.6408061288293060
-0.3598644742799452
-0.2437425242995072
0.1009512129640248
-0.0409702566397182
-0.4493720539396250
0.4416426368843508
-0.3869776619357590
0.0840195911443990
-0.0410590066875965
0.1378697172038234
-0.6510246331817431
0.2086540955315073
0.2978868641568959
-0.0802035669024017
-0.2070082192289374
0.0595412063706317
0.0996565702040701
0.1609748270591077
-0.8826394436126663
-0.0052620221763778
-0.5982543064623974
0.2822204602055415
-0.0208778337071906
-0.6848607305794936
0.1782828812839981
0.0183333502740134
-0.2466266531456138
-0.0141756297994778
0.6926044385474618
0.2247343505199300
0.5112224409085609
0.2443271038302078
0.3554219402612812
-0.0626752722914117
0.1352610505284800
0.2412468743587277
0.2879629681254854
-0.0247355022447435
-0.2667914942622963
0.0846601638599225
-0.5072534529943180
-0.1645139719882722
0.7039527485703075
0.2443623299948477
0.1490046116341233
-0.2396257435812109
0.1590916089996308
-0.7093391153532608
0.3189984581756646
0.0414384601292978
-0.4782414635765371
0.3257900162243300
-0.4312801306414876
0.3185302461448007
-0.6335806463532243
-0.1698962219965902
0.2773058632246562
0.2896317712881529
0.1237842079304791
0.3462307349859092
-0.0772418812579410
0.0269616435677796
-0.0255302705585988
0.0638433650833476
0.2009629028865569
0.8762099736453720
0.2461163616560254
-0.2158941480034757
-0.0722340815433693
0.1818598677767211
0.6103981401457562
0.2962141667428447
0.3547224494396725
-0.5072873266594271
-0.2675850758457347
0.0357082344633404
-0.1488822525227726
-0.1594221766788093
0.3660998282285683
-0.7688803217238925
0.2193418879715945
-0.1195363669298100
0.4043979800361291
-0.3511427425795819
0.2155512440593715
-0.4756546116767782
0.2899740004697644
-0.2109781086061769
-0.1247748596700107
0.3821695273595462
-0.5601518806550519
-0.2207173364805887
-0.1926291635694072
-0.1253385320625861
0.0457187804034298
-0.4024193420842594
0.6246554200200137
-0.5599339475727704
-0.1752602691141109
0.0253527263552520
0.2157288865821161
0.1571243655319775
0.3436066458834598
0.3808743306027673
-0.1525310035546455
-0.6718012986476992
0.4363676727245729
0.1854824734216294
-0.3927083474091472
-0.4575554760597801
0.4606230906143554
0.0317108368515854
0.2413224187525447
0.2937282020735331
0.4942948684635538
-0.3941365689531366
0.0948214832522511
0.5377590429621819
-0.2536148713854179
-0.0912520432222172
-0.3409789889566148
-0.4547030291326408
0.3883445751491126
-0.5597968381110893
-0.0823356200975245
-0.3954510447743765
0.4969822196987018
-0.2705193149768086
-0.2244314298740809
0.2211947003004386
0.3224875629576144
0.3663214391647834
-0.4597673011382224
0.4663064693052986
0.2971985416176705
-0.2401430348933788
0.2267147806159095
0.2227420252716861
0.4358573812349845
0.4146661068312757
0.0005123213038270
-0.6878330772695116
0.0325421575265514
-0.2265071350021197
0.4583809559823106
-0.2697448904284015
0.1403479043070840
0.7452793115327186
-0.3103727273116227
-0.0621044312854036
-0.0363591290843465
0.3022301518283941
0.4657538486266256
0.0725335017730945
0.1718073055059393
0.4856092043535755
0.4369675797596088
-0.2643612458259546
-0.1076998852626654
-0.6246789514933382
-0.1882549948186533
-0.1230755118589743
0.2257112849937704
0.1964564960276202
0.1665842136284336
0.3250949429487505
-0.1200535329443859
-0.7367477934921304
0.1789823721056067
0.4629454046420288
0.1562194732286009
0.2838906861495775
-0.3278709403312224
-0.3072357285691634
-0.0085241860254702
-0.5727918885807014
-0.1889544856402620
-0.5676875662269897
-0.1771348413804443
-0.1151578903972320
-0.0947400942775405
-0.2181696537159802
0.0023046725002774
-0.8111786753257478
-0.4537454313803306
0.2359889056452875
-0.1028257852303582
-0.2491855184719608
-0.2693996936601614
-0.0675726562580962
-0.7237709687419571
0.0107056065261568
-0.0490654875953233
-0.0940850810426408
0.5705662703081611
0.2340068218867594
0.5136157507390121
0.0769207986295758
0.1365984266545224
0.4404155369733989
-0.0528744333505754
-0.5108264715885916
-0.4462717708880936
0.3715834613411611
0.1384870053241752
0.1840860090997571
0.3180763753248610
0.4447176956861147
0.0484318993319114
0.2044086749976726
0.6824840343805982
0.2633611482714386
-0.4232047448873005
-0.1571616942618338
0.2125485278333962
-0.2550327103563647
-0.3063564526659578
0.1567603533340525
-0.7058273208366411
-0.2012796845047332
-0.2869792956544716
-0.6322933427880576
-0.4446258267979405
0.0381142846650264
0.0909505984747346
-0.5155920255553719
-0.0638946664969771
-0.2637999819707034
-0.0546544795490591
0.7465805543066824
0.3312529982017394
0.2688054886039751
0.2147063633696146
-0.0857803821466961
0.3668758609594034
-0.6003282610515427
-0.0538484496007898
-0.5432272679348744
-0.4337969682721928
-0.2002725020800201
-0.1738403472653341
0.2880844463169056
0.0104143896531090
-0.1508661248605724
0.0541421582452320
-0.0587474770371710
-0.3637951557282909
-0.0422983536018554
-0.6730873193519252
0.3555252725750975
-0.5072237652664875
0.2891527083259553
0.2703833661311752
-0.5894561887747050
0.0123536476817204
0.1120688419987921
-0.3672373669242601
-0.5860209165010033
0.0694918117651695
-0.0151786965852014
0.2442160570788508
0.0093481423714796
-0.5871725420874347
0.4511211434995557
-0.1019399209458988
-0.6049115526312324
0.1242944994200675
-0.5955050725744298
0.0665466324252481
-0.2360288680955673
0.1308823914701335
0.4983610067470839
-0.4437733178456754
0.3407310672302486
-0.0819104170785148
-0.5754143683955555
-0.3159787874550332
0.2033159576419518
0.4536112036464027
0.1943746067703576
-0.4180214401163228
-0.3127368811434374
0.1078306025004443
-0.3736958501915576
0.4488597326357979
0.2461904403851607
0.3544355044092075
0.1424875438577207
-0.4173219492947142
0.1318751732245781
0.5106767288746591
0.1808389657431540
-0.0670589537290752
0.9238619453650787
-0.1634245489966849
-0.2718538717449642
-0.0146076381366352
-0.0709861768018470
-0.0584374872285692
0.1812777994424188
0.4108002707072844
0.3344430853202301
-0.7072260750318207
-0.2856266499925748
0.0770424511597080
-0.1419661479892035
0.2805139726486685
0.2697150563500997
0.3647334982162395
-0.0825013780492335
0.5026982548830907
-0.3284647847504937
0.1664674546210191
-0.6303628385184015
-0.0418737908519643
-0.4494621361909703
-0.1079906078460219
-0.4844797908977034
-0.0700018125439019
-0.1579741484781647
0.4992469720865910
-0.0674408262581920
0.5176381549195964
0.1703037768364279
-0.1484922903302964
-0.4482073336883005
-0.1265494514730795
0.4828319803511412
0.1393824978066460
-0.3111833505576991
0.6185893678836213
-0.3306132047014430
0.3108850486154496
-0.6257286459841079
0.0689012866108979
-0.5287372868305139
-0.0073728926443149
-0.3422783922014960
-0.0314594011988553
0.6145038908510204
-0.6387559889466721
0.3184929174149445
-0.0774254726363681
-0.0440546017501876
-0.1815815929959470
-0.2254091740254938
-0.1456754401815890
-0.3990485765468095
0.2331308460536818
0.0890660748531832
0.0108288585257477
-0.2383867867450465
-0.2647909457400687
0.8036764718722773
0.0743090561500861
-0.3667602728640482
-0.0180919232981372
0.1231123907395501
0.2466029844174653
0.2539158131409893
-0.3183648699122527
-0.1517620540843296
-0.7748088411122221
0.5802375568726683
0.4363738694810711
0.1038824421973554
0.1110681560959235
0.5042589020567465
0.1480884695359815
0.3653835020567804
-0.2001554092320681
0.5749755346962908
-0.1618804369813263
0.3861029024028969
0.0901903223887330
-0.1806018285227471
0.3263713508199795
0.3837168523307938
-0.4467820623776820
-0.4304633179143796
-0.6801999643674457
-0.4020157415783262
-0.0165448937101365
0.2963322565187315
-0.1261079387550313
0.0478810669465627
0.2900522976594926
-0.5046080226301660
0.1352417767618151
0.1818971965065773
0.0542429664289001
0.1703725464964421
0.8136099056602757
0.0077536186542196
0.0018745722663335
0.2287447997103816
-0.0846385557233854
0.3591412588351173
0.1157205929473317
-0.2444451936060946
0.1254084479334227
-0.4924931213145781
-0.6928984240337074
-0.1445122167819111
0.8420804013487720
0.0159128391754294
-0.0736454286785964
-0.1157304279959845
-0.2002634120649483
-0.4315979192773564
0.1567297647181893
-0.4336649251078665
0.5716970352175968
0.6053690279501343
-0.0859990763603168
-0.2277992699947766
0.1669739548593118
0.1544229972236467
0.0872379529530199
0.6554741474907387
-0.1893839350070472
-0.1231497194694063
0.3095521892993908
-0.1280741928945867
-0.1405225863083506
-0.3632788912293172
0.5053491930001540
0.4699916740691093
0.2033244124021000
0.3344057565903737
-0.1510709013149646
-0.1597850297461721
-0.3818450050608953
-0.6570070933028503
0.0110543245366003
-0.5944131866721462
0.2562305690663907
0.1208519083225746
0.4001542848126374
-0.2599317982265387
0.2073334707252996
-0.4280587743481922
0.3354164597605481
0.4650796664754365
0.3416337752035305
-0.1142872115186248
0.1133728285962010
-0.3069197732690015
-0.3056569618443492
0.6013724077020679
-0.3029811944624263
-0.2408080406594630
0.1898962563108742
-0.5646833578001051
-0.2770100317728393
-0.0984329421075330
0.5989035422906611
0.0935340008009157
-0.3650012886930700
-0.0547070527399312
0.7210916090441964
0.0769581273594321
-0.4195567470623337
0.3145739167269964
0.4060130228700279
0.0042144737250552
-0.1768121227760254
0.6159457913360089
0.2874916169582986
-0.0555397344814539
0.4771679843244919
-0.2646214196671461
0.3674303575075761
0.2458471351269704
0.2042425708040611
