-0.1674656296281664
0.3702579845128123
-0.4182161023941780
0.3996194499989484
-0.0715007948901193
0.4842005997806633
0.2687555323481028
-0.0885721816012477
0.2300285303622821
-0.3562292892062300
-0.0285357913910817
-0.0290677448273494
0.0171112856037853
-0.4473631534519415
0.2023937687728375
-0.3231633688999995
-0.4590729530182045
0.0084774236074388
0.1182569765584783
0.4184937578522377
-0.4554884566070239
0.2142880387239091
-0.0881025055453087
0.1984054828624344
0.3978624303806351
0.2494090042003540
0.4669293001321962
-0.1156834646521456
-0.4420372713560043
0.4585674955107092
-0.0000080994260787
0.2820335795878054
-0.1254757960674511
0.6840809529198644
0.1267577339268027
0.0078765562139466
-0.0098451228537088
0.2397777500793414
-0.4945907968310491
-0.1558412297019663
0.2038455508176717
0.3765649913269851
0.0497104734621965
0.0598457441177230
0.5149227430888921
0.3407550886283704
0.2688173238292776
-0.3819142138871710
-0.2500878682313997
-0.1251653018375517
0.2721692155246718
-0.3440036741319543
-0.1264450004662415
0.3318409463268986
-0.0623511166350851
-0.0667058779259082
-0.4040755975997889
-0.0874863132080743
0.2600944264711677
0.0929535766295956
-0.3355096883097050
-0.4085150664592988
-0.2600542031346637
0.2633796129522215
0.1759273756000942
0.5485719124598361
0.1546717971711577
-0.5075324748052926
-0.3258769892046022
0.2829518910000882
-0.1916506252870468
-0.1353397329157031
-0.3106942700477144
-0.2261203400632996
-0.4134962033497597
-0.3979663820619793
-0.0128585737419103
0.1208779005750791
0.3218554213044827
-0.5901437220170590
-0.1686942748180163
0.0855973286674145
-0.1081288856449210
0.0426696393210945
0.4742037516280337
-0.0021108148607650
0.5091864952884489
0.0092872304664494
0.1136194250727909
-0.1372938892842243
-0.5109296622114193
-0.1507664931902037
0.4435024841824957
-0.5036185981815927
0.1812190224931016
-0.4263805164730480
0.0774204042048489
-0.1089106184308753
0.0404857057384373
0.3515382183496768
-0.1267364612353766
0.6540407747143645
0.2742761564648576
0.0237009426899115
-0.0204751661173537
0.2511844114616261
0.0648230227919800
0.2816695995114120
0.2546333358620173
-0.3806698129096829
0.6928427481755403
-0.2815867733091066
0.1101243552408258
0.0214611896130319
0.2231087267788524
0.2169973176904984
-0.2468701038436914
-0.5041523641778707
0.0270065012912918
0.0126666841659358
-0.1233704534873621
0.2866383182916213
-0.6436654869942975
0.1000502611866932
0.0930945219765124
-0.0524613595611073
0.2024283099129297
-0.3590193346890537
0.4523229372841236
0.2778093471790977
0.1739469821761208
0.0141650058388691
-0.2560865609746474
-0.2089367110655277
0.2426868850499169
-0.2578415413685914
0.2237922969168798
0.0547810002423159
0.6759928446632061
-0.4040056545709873
0.1276599905795810
0.0510584539184895
-0.2705754153786777
0.2867106710154417
0.0039111881932571
0.1833203341553007
0.2963209177811888
0.6653466542369812
-0.0284498339850971
0.2737321075385853
-0.0313703313946738
0.0960402378764297
-0.5058580880733681
-0.1088310718280336
0.1425522479972075
-0.1998075024717181
-0.4869134476597047
-0.0930097281728173
0.1910884647658013
0.2590509376910902
0.2363752758767201
0.0803243899645641
0.5275154197441019
0.0554442936440791
0.4967154591722207
-0.5092690146811544
0.4364111113302849
0.2521052367485259
-0.0064888943001816
-0.1326931196708632
0.2177769571893715
-0.2732354524671158
-0.1797351338469654
0.2368983709054435
-0.2420234765983290
0.4471000527521155
-0.1757986205817714
-0.3711358281985316
0.0636560303970878
0.0516059011180720
0.4560423369466211
-0.4105787145396779
0.3390661026950194
0.4095401695258552
0.3730634812496683
0.1619312699517487
-0.0011041692171024
-0.2576216093499210
-0.2242479965196460
0.1419914977108408
-0.1900677338417103
0.1556440447648445
0.1972690953074907
-0.8270394336854991
-0.1828651649648481
-0.2068705612343137
-0.0582960762829235
0.0169909948195375
-0.1228070195889994
-0.0383702105022291
0.2538162920850153
0.2080973830996374
0.4010413683366199
0.6134037733509019
-0.1981358972647421
-0.1275399308709688
0.5153653616026808
0.0226198001145664
-0.1303195479503547
0.1707939680274790
0.1242099760228986
-0.0520720904766383
-0.1577792052093013
0.0279850078201428
0.2281584493442146
-0.4143893127825048
-0.0198977468386966
0.3140235880695269
-0.7679077427928787
-0.1206173506837066
-0.3201103940253106
0.5356227211633534
-0.0882425202394484
-0.0628587315979559
-0.1146365324299349
0.2043138786250786
-0.4418401415219806
0.0315227755222688
0.2041126642244432
0.1451338153434430
-0.5339211346613773
0.3230153556511111
0.7955746905528227
0.2682334092578756
0.4083324612696495
-0.0806989881322141
-0.0096354082317943
-0.0114726412001175
0.0654920769428804
0.0324540578077697
-0.0777337279748900
-0.0769131409312758
0.2447383861677090
-0.1851893280499584
-0.1975780216466768
-0.3938953293715753
0.7421764742537488
0.1767813443853425
-0.2293841749020644
0.2718375923358631
-0.0474675330463747
0.0152633089176436
-0.0232584548148760
-0.2381773710284983
-0.3781953573861860
0.2455384714276031
-0.1414181468755866
-0.4320628069943405
-0.1678479506787049
-0.2563613018853848
0.3026086657340615
-0.1083976923709230
-0.3358213287149207
0.4725264314479934
-0.3627674955987661
-0.0034509326813173
-0.5119586105364231
0.3335845899224398
-0.2004617517619498
-0.2610054175970596
0.0791408986831491
-0.0731784206362182
-0.2606436539574702
0.1581980731809042
-0.5311484612915640
-0.2271522514119181
0.0434409045501428
0.0398456818263788
-0.5503205296669896
-0.0424154728965763
-0.3093400818089018
0.2280064645706729
-0.2407899713395136
0.1011352162032972
0.1896208232264081
0.6232438314667619
0.2194769076792525
-0.3914781724088224
-0.0267253099996618
-0.0475353479080515
0.0846920966807507
0.7451877709334297
0.2325888730264070
0.1219173058072764
-0.1262486739968702
-0.3843751887143755
0.0218834216380713
0.1115080832254165
0.1667583142333433
0.4904686759839409
0.2340082086490771
-0.1360203913988532
-0.1228852610191790
-0.1634927389873386
-0.1993275120812457
-0.4413853254023135
0.1725042517685446
0.5829201135558761
-0.0130144431632661
0.5554761069187446
0.2098832923656910
-0.5703932087323254
-0.0258751233273305
-0.0702170794225760
-0.2813420242519998
0.2821394183058430
-0.3510920789473140
-0.0216674109441198
0.1838108786517914
-0.5591905935170411
-0.2079239058152541
0.1527275265440740
0.0723271599245839
0.3350194731387731
-0.5031947173120560
0.0178191029451691
-0.1238001707731507
-0.4213598089396062
-0.1360302540044354
0.1959115153972740
0.6854641611618435
-0.0886972404588050
0.3414747418642899
0.0017305775767695
-0.3437215238625890
-0.0297955211955269
-0.0328053882531800
0.2626336441126684
-0.2830103713006262
-0.3657592393816688
-0.0520010965538271
0.1781443510348046
0.1912626981730257
-0.2739174080164857
0.1328499678037379
0.3810610252428957
-0.1849080545047239
-0.2622887089636795
-0.1275017188635289
-0.7196964286807037
0.2349640706568022
-0.0371711907771015
-0.3589707909356729
-0.0928599948468305
0.0296037647255581
-0.1164530444465038
0.2103721570385373
0.3461752469583920
-0.1546648787662297
0.3755892629466647
-0.1714135633701047
0.3690599373125306
0.5944822839249042
-0.1761148237423279
-0.2363786389039183
-0.1899141905069573
-0.1860483828298385
-0.0909870206715382
0.1104559481600324
-0.2396113463261255
0.5832107884592947
-0.5955311506093183
0.0071876045784562
-0.2639899977931905
0.1230274530165077
-0.1840630314966264
0.1066907668136563
-0.5652193035351717
0.1665557145854360
-0.0353268470101748
0.0885422260185901
-0.2686425906458733
-0.5734630457351184
-0.4058922235115551
-0.1323765236721419
0.1902616304710457
-0.2529052260456625
0.0917486332170858
-0.5459682317522149
-0.2642416330078147
0.1583947361337609
0.4200322222342612
0.4811470232089108
-0.0457675390948173
0.2624907968547045
0.1396502490290166
0.0991791976758051
0.0151673215774707
0.0084422863401171
-0.0034083913230449
-0.5069856226327106
-0.3579751703657681
-0.0680104552743167
0.5586882617684312
0.2169132382159378
0.1164526242656904
-0.4767592087665119
0.3477169665769863
-0.0063963779573606
-0.4389636372266516
-0.4950451365199540
-0.1368982497998673
-0.2173493120618578
-0.5023977367841461
-0.1104968481786792
-0.0687257883316734
0.0129743811875678
-0.3252795310497112
0.2431821153663443
-0.0282308697749142
0.1079203464390413
0.4256549404416274
-0.0732312685605005
0.1889159087591889
0.4684864445037787
-0.3736694156340735
-0.5580909353515063
-0.0471138756333835
-0.1827318191221882
0.5943206727474877
0.4146553562556249
-0.3983104370005953
-0.1971200644706467
0.1709175796298980
0.1255200406598995
0.2118050250381751
-0.0047421108110363
-0.2025494217770456
-0.3136549727905147
0.2192685187945867
-0.0241293018275542
-0.2495307009620580
-0.3724960581472258
0.3964751097928398
-0.4914328605424212
0.2288160588816650
0.2516388564906820
0.3529693095962522
-0.2241571766596260
0.0653623271987115
0.3239061801657226
-0.0071764227317006
0.2124361230144576
0.5962074138772535
-0.0954361313950616
-0.0410682668120215
-0.5744083299926807
0.2825899838076110
0.1222181080563402
0.1379302736887425
-0.3599362283932471
0.1234638050544215
-0.2026587197469535
-0.4298669047200866
0.0551617990289843
0.1143710615697717
-0.2237055325401109
-0.1670668847482994
0.4817087835264983
0.2689434540629393
-0.1586632467069026
-0.4982270885276994
-0.3198227997866703
0.5384554880786697
0.0353426433365336
0.0220484605013470
0.4517428475099793
0.3181628540752683
0.3069278676504010
0.1216163106481065
0.2487851895944905
-0.1246093622303465
0.3719985624586121
0.2796989652740081
0.1462581053556548
-0.2650142815775439
-0.1110391234093342
-0.2626092631934370
-0.0629837314874403
-0.1797222275060510
0.0233079520544965
-0.2240615877743262
0.5630020349330199
0.6221022277324534
-0.1899640145134109
0.0909040461462058
-0.3045889648717293
0.2165817987115191
0.0700115033915447
-0.3150662972900880
0.5351925505459065
0.1407441571343588
-0.3464229798103080
0.1432822207908500
0.4119416679193604
0.3625070504326504
0.1038794086857342
-0.4492689476358842
0.1911144753138510
-0.2812318449191458
-0.4817702893854139
0.2787288219566778
-0.0296204852518389
-0.1608077072356044
-0.0784432018047973
0.0534312865360310
-0.5711508468023661
-0.4856506164994902
-0.1135709222671408
0.4965459818502283
-0.3747383119288728
0.3009912596911992
0.2021771585130498
0.0113623027406754
0.3500839484973544
-0.0120385087246750
-0.3102277360373502
-0.1171026094371903
0.2508974002164391
0.0224240852059248
0.4048901964653345
-0.0756650030732020
-0.4860867815886387
-0.1428238841369962
-0.5655884171217348
-0.2091563988291535
0.3812208649607123
0.0285009124537323
0.0207138437472935
0.1717703588915022
0.1833076704607529
-0.0160197148283256
0.0489900883960655
0.1416385772773353
0.1768569725218912
0.1180532517418032
0.8410297704846091
0.2506830985817394
-0.3021837333283579
0.0864409436466920
-0.1464160659392283
0.0891969848052196
-0.1017237117508077
-0.7441878985410096
0.0299182958493401
0.5587630770184372
-0.0690507027201552
-0.2405819992028345
0.1749828960390573
0.0028079618761851
-0.0075507986966597
