0.3674689099438980
0.3787456643708353
-0.0808127486083461
0.0463193611147225
-0.5128391444690050
0.4908100026973019
-0.0803457199615094
-0.3872851099352921
0.2291255124425808
-0.2872295892295468
0.0826057747452456
-0.0760310403157016
-0.6624799672933689
0.1472928420525256
-0.4339783330486510
0.4980880591724346
0.0876666791098808
0.0143348073352647
-0.0905510796768246
0.1571727691892984
0.6767570288937149
-0.3841831618551212
0.5495030649782088
-0.1522292744266777
0.0591537378288109
0.1696027819422948
0.0640999674733043
-0.5083091428974601
0.1135372413186353
-0.0994527357489872
0.5471292410035949
0.5939797693628449
0.0859775051765611
0.0936623997829147
0.2221138609893641
0.0343299706678400
-0.1603865477405763
0.2954766222167856
0.3441065127674794
-0.6414765044963620
-0.3160036562527890
0.0391446725154373
0.0682767111862101
0.1345756176776877
0.4826027359662856
-0.3513911253002721
0.4246333452641339
0.0935847646776670
-0.0070676766667918
0.5450511456006104
-0.3071911553022610
0.0508440247327529
-0.1787214214316059
-0.5113013987568632
-0.2989577748002016
-0.0342286144056918
-0.4085269034253884
-0.0000476616601802
-0.2144057423092327
-0.3457475209659937
-0.3729694418340319
-0.6570527910921516
-0.0788839168343501
0.2336875740165442
0.2923257753954460
-0.1031728790727636
-0.1556466003630608
0.3035840708374897
0.5177272146846296
-0.6644870322244073
-0.0077078710018149
-0.1525059587289110
-0.2219744970027784
-0.3922333469650196
-0.0848965773506213
-0.5785680214577029
0.5679638606378413
0.0865832063038250
-0.0452488436002717
0.1033389342211181
0.3348521287554267
0.1291723635205017
-0.4113504999145540
0.3691100690107386
-0.4741228147268690
-0.1026944634628597
-0.3286676623273287
0.1329987221965338
0.5451658815321595
0.1400267712069730
0.3177779615807276
-0.1608213528383650
-0.1144497114753195
0.1525329440445481
0.7996098336008632
0.4220760659318193
0.0288638245374204
0.1350347498466516
-0.0140366902223544
-0.3452248421465750
-0.5215601054849803
-0.3516072058734867
0.0982355603463133
-0.2621371990864151
-0.3630838048262108
0.0868290426611430
-0.0055740623598910
-0.5171082081151512
0.2593892346843649
-0.3827181100796405
0.2096708789323768
0.3553874578988671
0.1311643621929829
-0.7105263552079081
-0.2825727683350986
-0.0290998552256953
-0.1150477644701951
0.1540888654987767
-0.3456027067875500
-0.1758842786660340
-0.1697488125381307
0.2153795862554663
-0.0625410025381877
-0.4297964790675010
0.3329713889795876
-0.6716924514080593
0.2054362341397758
-0.2572731612963678
-0.8454535248951536
-0.3139340149054092
0.2030269004377771
-0.1061613996460053
-0.1489569855673069
-0.0342596624951052
-0.0490731352882959
0.2079459098573927
0.0855508840507264
0.0574324209060084
-0.2296143868646750
0.5751142172511661
-0.0813300562471022
0.5227416751223380
-0.3051499585513806
0.4355134878946454
0.4065610720298520
-0.2416749261527022
0.5075188964923708
0.0790975624478737
0.2819389467161761
-0.3083498209058174
0.5440032170825461
-0.0040874786904631
-0.2048025407330517
-0.2769831977659867
0.4648300454952207
0.2131863499472537
0.0879992886071979
0.2214257254649662
0.0220746235764986
0.7607091264006082
0.1559897450373343
-0.0386422813937540
-0.0382518122011897
-0.4060279686452016
-0.4354935925006481
-0.0638190317635248
0.1323351203671747
0.6955806036142338
-0.1484902765774865
-0.1917967356743967
0.2824362571563232
-0.0086573685854553
-0.0674966319958740
-0.1848491041696418
-0.3569621033146540
-0.0605660065710141
-0.2084984520905820
-0.5107430994400306
0.4478955022259230
0.5702362492049229
-0.2780368259113393
-0.1774253319000952
0.0645610020563849
0.0985528605050174
-0.7095504496966316
0.4207927625922937
0.3920671826240335
-0.2012222328888047
0.0509856187840520
0.4535161239326754
-0.0651631805118052
0.4948803929743041
0.0672484108863142
-0.3560256142497586
0.5299791997654021
0.1129672494755363
0.0019695320741553
-0.3467711989554192
-0.1850015357232144
0.3238997371210969
-0.0812063549089583
0.6456304921948804
0.1081224510554573
-0.5794015632602414
0.0566634846540804
-0.2909925065262081
0.0463266906365414
0.1279365319498836
0.2701608180345197
-0.4543696516564182
-0.0875981332468002
-0.4033270581128852
-0.4472829986132672
0.4842386737945149
0.0144789328523756
-0.3147834708932028
0.6421785085162828
0.0736927077399315
-0.3979533016200251
-0.2816908875827086
0.1020329302424521
0.3960186775369178
0.2659069714893200
0.0867334950947967
0.3146249086426806
0.4801647575159864
-0.3118093844941148
0.0687993853331074
0.1023815803421500
-0.4583399324002979
-0.2975277595401494
0.1075876665206346
0.3618392717671695
-0.4646507764498022
-0.3592358782478456
0.0076373031926609
0.2155753287026014
-0.3854569056849561
0.3065850023903917
-0.2663077111176416
-0.6617504288415341
-0.2613064446131905
0.0687943176011829
-0.0982541280083490
-0.4685867796512707
0.4053145930750158
0.0286581683401429
0.4496797936593743
-0.0327772203509975
-0.1267132799455707
-0.3594445424616665
-0.5070783458930940
-0.1428344519391564
-0.1888129245326468
-0.1251221479094403
-0.2312528915755480
-0.0120910748159655
0.1822025359603460
0.6301536619504809
0.3313835890143675
0.5784132330530789
-0.0510246822488715
0.4298552221337265
0.1941244490208070
-0.1572640706367252
-0.5822103628840555
0.1535185059292979
0.3455784929468123
0.4450455927663907
-0.2649108669805307
0.4233660288935440
-0.1946970565188508
-0.2312919645890777
-0.0424621402282707
-0.0359421522680280
0.4183982122204988
-0.1615357400615384
-0.5681880158421678
-0.4497498599918734
-0.6992385202266556
0.0318251903038887
-0.3201717760896451
0.1507328830450109
0.0678527600057298
-0.0909916616505683
0.4578758723333106
-0.3914833268463861
-0.0950225850199233
-0.5091835480952057
0.1907549436712534
0.4892198935731362
-0.3734087998547787
-0.0437304748815423
-0.0850779597864774
0.2054821606481274
-0.5161372211600013
-0.0883361004984481
0.1435638255710286
0.2909150997426833
0.4483679445366252
0.5327905659468739
0.5441130349202397
0.0878013460056228
-0.1271747124238048
-0.2933999307977915
-0.0619131155441926
0.3540547375087704
-0.7968866790889281
0.2195343466778915
0.2102555389044360
0.0962707483214782
0.2503859232713027
-0.1174560091463503
0.2228932800172102
-0.1085156514550498
-0.2796187023385109
0.3124317826126891
0.2963926520349207
0.3298723345193659
-0.2078709989515071
0.0017827116025394
-0.5168323016257993
-0.4513545533713398
0.3368758081783505
-0.2671290013617053
-0.1532010776478499
-0.2052247159204843
-0.0328612926855596
0.3029888052033438
0.4176049601009733
-0.3569139727506859
0.6840140163217088
0.0227068405708207
0.6330711192291584
-0.4193305387001855
0.0421046315239517
-0.4660617866958868
0.3859188527676909
-0.0964096236570934
-0.0739802605409632
-0.1855127549310078
-0.0792479062839454
0.2344545111014449
0.0291296923035455
0.1002788909718390
-0.4342428637156012
-0.0105396527588524
-0.2354700396184836
0.1618384150397615
-0.2574929168710489
-0.7729866259699870
-0.3000902429115987
-0.3542127853007232
0.5155296406534703
-0.1213740064617163
-0.2539887060125699
0.0167713398652920
0.3922917987645473
0.1173655072753832
-0.5210735367519135
0.1591200430741548
0.2681317103361809
-0.0862742383431952
-0.1318966445048022
-0.0122744161190656
-0.2759549437677281
-0.1466469502326425
0.8638027640537913
-0.1843472085238342
-0.7326988564291084
0.1536659136603162
-0.1997722518457109
-0.3070208415102664
-0.0840711637043361
-0.1627188641656049
-0.1477625756205663
0.4127514383955381
-0.2821799161238867
0.0088111553344959
-0.0737675802115925
0.5743225112355258
0.3251684681886684
0.2606385455418870
-0.0536938172590527
-0.3544054448600282
0.5211201616512631
-0.3015209915999885
0.3597137362727993
-0.3085417920040533
0.2662474414531077
0.1506506865876194
0.4488890311803600
-0.2061323101320177
-0.0310934646382856
0.2889352084196927
0.5944597642160446
0.0829693930320951
-0.1997201611245919
-0.3158427852060313
-0.0154302829634499
0.3859474115860235
-0.6238367087659903
0.3482551378632233
-0.3790923702643601
-0.2238590371338623
0.0024537017744591
-0.0242571100835878
-0.2297846389895351
-0.4139987032632435
-0.1314435926018211
-0.7753664728379012
-0.3076194262793623
0.1007688569412904
-0.2279364081228298
0.3729671700830155
-0.6734639691540394
-0.2598395288627146
-0.0292888100068694
-0.2443525303685923
-0.0498036658346165
0.4329413422478463
-0.2945882810216300
-0.0505799542268745
0.0612701270204003
-0.4847552161061970
0.3023242604978900
0.2989001530264914
-0.5145907869545869
-0.0675167206277285
-0.1770213049255680
-0.4380080817189456
-0.2965927922191591
0.0811340015148589
-0.2903123859070433
0.2896816595833906
0.8511343910889768
0.0144778565918289
-0.0753820160649306
0.2616573375726549
0.0856556341187147
0.1381928730230318
-0.4485482950644909
-0.2216608121806259
0.4383365780424457
0.2294855358187253
0.3799614091037293
-0.2805631389287439
0.1731085608547605
-0.2643602358973560
0.4265314631297932
-0.6557018322900551
-0.2714357269228866
-0.1027081679226652
-0.2058728589876384
-0.2814029496424338
-0.0312901139238372
-0.0077681064093844
-0.2054727413864061
0.5665677975570735
0.3378345050087622
0.4427701889155696
0.1787211618245776
0.5719228281375258
0.0098318762463449
-0.2169301559764729
-0.2580584227046830
0.3548547213054998
0.3018510408798847
-0.1019552071351293
0.1289900388802109
0.5139478453778001
-0.5075280673158401
-0.2721611187600158
-0.1194367925692704
-0.3882385107065530
0.2448182585205004
-0.3901764163058659
-0.0349328163887473
-0.2583591962386083
0.5130208026405545
0.1829368368060362
-0.4619134472480747
-0.2502162754182893
-0.4371042278676565
0.2516654219090326
0.3240465800132761
0.0975599019158388
-0.3185468405474716
-0.0807531937686586
0.3925990475667869
-0.3069108737981325
-0.3655382001328783
-0.0760599081935266
-0.4085068345042484
0.5726076158925959
0.3160962784614945
-0.0023663894911698
0.7581225978675784
-0.1493446273819851
-0.0104330276999359
-0.0942997485162717
-0.3237528182206291
-0.4345178760477508
0.0200222194112285
0.1004810041286296
0.3839290216844133
0.2773284900156712
-0.1064980777955987
0.1478162231663749
-0.6046692244433548
-0.1399233024267038
-0.2063632490729530
0.5519151331673937
-0.4623396904917229
-0.6784568731174888
0.1754897305717676
-0.2788326126953692
-0.1115268130856321
0.0406665759173763
-0.3889659304146503
0.2021733578960805
-0.1055151570950248
-0.3986623009072721
0.1459440963842327
0.3314158787579865
0.2674352211249774
0.0789580389058484
0.5568490222120897
-0.2775686916323012
-0.0846861235835746
-0.4877287000231972
0.0298729400648264
-0.4894210390092025
0.6310505883829890
-0.1675194386076226
-0.1115695197591128
0.2774175594071204
0.2920326884416184
-0.1299779819343617
0.3764324902346443
-0.7358646625401424
-0.0761420095226935
0.3786623530791356
-0.1404562785477612
0.1624358438202768
0.3821813569149203
0.1881994801862998
0.2522093124037510
0.1345952244736533
0.2444979626192836
0.5902096036863868
-0.0399088812637695
-0.1825889165448904
-0.3865505260019853
-0.2195962722004692
-0.5940724638987666
0.0149949572157098
0.0784293677215918
-0.2782068198453573
-0.3701046335915755
0.1103651291038265
0.2813889027402645
-0.3800528346876157
0.1662024359700111
0.1957822947021952
0.6921341523058260
0.0694229839079612
0.5145768743256534
0.1367453143402189
0.4331066815509491
0.0501205808228516
-0.4505005357060881
-0.1997518835618691
0.3587745220966245
0.1915363406684427
0.3437455658315235
0.2556535859583610
0.0463298296834218
0.1600820788013398
-0.4556160014753465
-0.1938648561194746
0.2161030763789711
0.7586108481051665
-0.1814894366396899
-0.0810532021642740
-0.1479524814045526
-0.7507315109539109
-0.3911533686981282
0.1291814946439976
0.0756977824093549
-0.2000965505553876
0.0292570980984126
0.2562160932061798
0.3640769112315497
-0.0678987869188874
-0.0544228508727198
-0.3218732281095295
0.4105888571466543
-0.4369338318252833
-0.5830894994796265
-0.0985751601679272
0.4063605538065279
0.1203819910209896
-0.5649529021677958
-0.4745331689472528
-0.1215792228707031
0.5564946856081484
-0.1183944924264336
0.2731756005446285
-0.1480976722117552
-0.1431473595506371
0.0106016850743592
-0.2093398662259293
-0.0964343483266800
0.2152482408543142
-0.3830768362830382
-0.3661235184662415
0.4553154255168272
-0.4537163235548019
-0.4498800938610603
-0.0647178536698206
0.0856260931211069
0.5588575240743389
-0.2447056765313647
0.3892764696954138
0.0828408451862654
0.5170706968496497
-0.0034585530996040
0.4240704498216744
-0.1218892234935516
0.2239572732207596
-0.1575280529298550
0.0294147596914047
-0.4246860796673560
-0.0017170086954841
0.1034514768303578
-0.2608968282283162
-0.4431769590596437
0.6845629479912925
