0.5819376860737054
-0.7158057978772308
0.3859670831204686
-0.7649446567761222
-0.6161212542103617
-0.1877612105305866
-0.1919275848747866
0.8159551656497694
0.5453264800223704
0.7389557187563862
-0.3513731977615253
0.5748750486949950
-0.8688495036203350
0.4639327505384410
-0.1728205515456261
0.0562262044441833
0.2176034501656552
-0.9744164163281550
0.6449607837038162
0.4878979738750290
0.5882016274822783
-0.0342035183540067
0.2190936935016070
0.9751041343364467
0.3718307614816826
-0.1501186383150635
0.9160820264836459
0.3867529957764004
0.2851279291197653
0.8769972544391766
-0.8766716050388429
0.4045780758323309
0.2603141899213873
0.0435787163136544
0.6132480220857970
-0.7886873644812069
0.7046670101998675
-0.2592489287090967
-0.6604804294596212
0.7531973853292974
0.3901364014840835
-0.5296105049658288
-0.1359737870279184
-0.9663435318834062
0.2183833959539752
-0.3320055854492560
0.4907013190006920
0.8055957464891917
-0.0310484856916846
-0.9780737686041684
-0.2059312863668190
0.4424191792312840
0.8927976660534279
0.0847207019439116
-0.6749659402701597
-0.7005163307191167
0.2317279652330393
-0.0918443086803869
-0.5977378378420736
-0.7964132722242296
-0.9200149889361044
-0.0101937852610813
0.3917505671660869
0.9970173902173914
-0.0706763157087699
0.0310029353761239
-0.9131389438507853
-0.2320580862748621
-0.3351511805402467
-0.5897342312763291
0.6439684194882912
0.4873584011409565
0.7189244460172388
0.0695348268024522
0.6916014378096385
-0.9252125942892435
-0.3577489991639628
0.1264804687125673
0.3863859965309032
-0.5501997717633933
0.7402608140624024
0.1804250417789477
-0.8490940414252159
0.4964736781696073
-0.2928229126701254
0.9522284376021408
-0.0866933932729017
0.6510753562920738
-0.7558576300292067
-0.0691384376145438
-0.3638347328833601
-0.7644306579879184
0.5322312056577030
0.3457946501244430
0.7942348038481218
0.4996169896046866
0.4230502824401121
-0.0316078434953476
-0.9055547486247947
-0.4222393896371432
-0.3962281407464646
0.8153018817097460
