-0.2745072445503692
0.1687668380366868
0.2331619085137614
-0.1206345408998027
0.2291267596793414
-0.8801973000568806
0.6290900714461674
-0.0095501559128919
-0.2416673501462660
-0.4337549170671979
-0.1931879485458947
-0.5659385627962057
-0.5718916702372286
0.2684985991152847
0.0553735147806445
-0.3782262087808253
0.6284608769272317
0.2444668787594325
0.4743825899218390
-0.6646471195021347
0.2920611320072292
-0.0924242932657479
0.2537927632144324
0.4182734075237503
-0.3683664998273046
-0.0367458361243227
-0.2608072594641616
0.4271142001895111
-0.1009559133954676
-0.7760907178225105
0.5215065805616427
-0.0123401748283999
-0.2821110143126594
0.0422906290354341
0.5140197711052944
0.6182937487377971
-0.2302539040296146
-0.1827667608921767
0.1338193195088061
0.6488521601371858
-0.6109633383911943
-0.3184124902473172
0.0473756687466664
0.0154664419207933
-0.5715599733946065
0.3277475460681499
0.5508575949633462
-0.5098754633396057
0.6279331892600056
0.0907833367204742
0.5036352701457403
0.1478618703529236
0.4183512968183559
0.3833130183166460
0.2860243790390254
0.6256086120989462
0.5367519458226842
-0.4188391125177536
-0.0094718370708653
0.2513669625196915
-0.6750516077563813
0.3992177433338114
0.2938204808088925
0.3645392970991905
-0.4070618200104987
0.0034381521757669
-0.6436426881937081
-0.3958052098006721
0.0346513995762320
-0.3975594637443949
0.1152345065379553
-0.5064870063753405
-0.0262502784832499
-0.0048868367376816
0.8525411533895020
-0.2383227150022149
0.2517538359124067
0.3902344335151768
0.6961722466164116
0.3279981309303688
-0.4905137292568605
0.2050388305006676
-0.2767435525205440
-0.2202947904127499
0.7814892140805895
-0.4767829189462264
0.2706072989872897
-0.1028457708321337
-0.0904432946535731
-0.2645129563665523
-0.4296776069522159
0.1392126656619303
0.0351318078453822
0.1782685844254181
-0.5386423148103041
0.6876390858461920
0.3848300948703873
-0.2577655067525458
-0.8502278145973344
0.0785806963405181
0.1458136408301015
0.1874536241479535
0.0785600310137790
0.3018360986596845
0.5539926441617161
0.3178940802426967
-0.1626139154696168
0.6843358163431281
-0.1188804437020724
0.3792507178603341
-0.2740685562273615
0.5483562899363710
0.0341200940907132
0.6819559795628519
-0.2291029108730147
-0.3030908818205983
-0.3549571540661249
0.2467662785827948
0.4067845735320217
0.7094264633172143
0.6940951467258011
0.4250177314378816
0.3214879946548967
0.1245886321616592
-0.4509520311885525
-0.1239244239480830
0.0900205972501896
0.0853858313747334
0.6988770112999974
0.3260821094889068
-0.6239432230200866
0.0232763241539449
-0.5743448635227612
0.3889501864927049
0.4554709601513893
-0.2442731336825622
-0.0477978906586515
0.4994376161649891
0.2892210081070299
0.4500269825323377
-0.6420530237908159
0.4385448636278680
0.3094540372570107
0.1162387177940887
0.1221485133554882
0.3968821320103410
-0.1435063315900120
0.2649636544266607
-0.7386949312818292
-0.4371433484578608
0.0308050390101448
-0.7308175292172078
-0.2939021242390301
0.0091594779003820
0.6058811404884550
-0.1067823838150583
-0.6523163077705961
0.1634380419939564
-0.4336980756836347
-0.0616556047507971
0.3759723474800483
-0.4631639024440338
-0.2566386220352045
-0.2639804827896862
0.0632399409350230
0.7082903235476015
0.4860934370610552
-0.3499851715023575
0.2609674094483793
-0.2882944100847355
-0.3650784513159013
0.6323736394552049
0.5401153056401572
0.1545286557241012
-0.2804024929912098
-0.0236780087029619
0.0499798065241606
-0.0244583869688480
-0.9578151708429583
0.0175413391148303
-0.7817973113243627
-0.1999301419464141
0.0765375638960546
-0.3769440960449558
-0.4203924994010438
0.1553904712790851
0.4687126161341225
-0.1692082978994449
0.4705191767895743
-0.4976527840286217
0.5287983442550988
-0.0547974208660307
-0.2550046070314329
0.0306472796608762
0.5641005138614316
0.7844477682022198
-0.0157984109001948
0.0147008189903298
0.5628992259076910
-0.0385803523624482
0.3980700290709037
0.7147140001839331
-0.1084093890260304
0.0250513902146238
0.0209997728884745
0.6378511201884232
-0.0390650609072285
-0.1769762505478564
-0.1782370908956894
0.7266978912865958
0.3793186132137547
0.7256740247129863
-0.1628321651499322
-0.3842389516420255
-0.3138349164271645
-0.2384708761908410
-0.5329520062598634
-0.3548365505691481
0.5380610450976810
0.2594161900252995
-0.4073618471629646
0.2594283311068807
-0.6079538089177213
-0.4712989843680309
-0.3621060258630128
0.2002680891700857
-0.2693175026510720
0.4055976267383044
0.2510316956426474
0.5126630152430531
0.7465849946729233
0.3274822248234023
0.0819488360428530
-0.0530127061169861
-0.1773302124081678
0.7086408255374094
-0.1021530059411681
-0.6501082926186948
0.1239644893879479
0.1339363758107092
-0.1257444760259062
-0.1446187675840201
0.5717997118253612
0.3667998982915610
0.6883838010848721
0.1670461175398199
0.1565823591121979
-0.0754168816469807
0.7675040942320789
0.0401646408653792
0.3549637777885862
-0.5031095727539984
0.4517038292503127
0.7130608633940704
-0.0439609182228089
-0.0577810922757521
0.4501317632300065
0.2821666786000455
0.1425544329952982
-0.4304485215557364
-0.3747896716910340
-0.4938987706014039
0.1973490617918437
0.6091324635298120
-0.0717480963842636
-0.7210017287810807
0.4911533798841685
-0.1994605559211012
0.4054628423766587
-0.1720245484568150
-0.7897134794060647
0.3772655053671725
0.1954298444021790
-0.3539047555358240
0.0155884919601029
-0.2652149274624214
-0.3425145468073557
-0.7936889847742288
0.0143931185141000
-0.4460433712238426
-0.0264927188772730
0.2299518768060051
-0.5387422327882837
-0.0046511233147573
-0.2459379293377071
-0.3602155345761532
0.0201388197532909
0.7204782475302413
0.5921062852831415
-0.3618214386062615
-0.4317903683571359
-0.3148007112637141
-0.4287005179671812
0.2217405000662563
0.4668045703881273
-0.4830538550717169
0.2822570949384223
0.3505150748481301
0.5480012405824256
-0.2142830398010153
0.3925323762973087
-0.4638768860740038
0.1913309883185834
-0.7453038264724082
-0.1384063959737037
0.1396241269726143
0.4169540956825220
-0.0256966685234119
0.8031810964449408
-0.3241652871110115
-0.2474054322699888
-0.1187287174587789
-0.1255127379296808
-0.3649909697949407
-0.1891823291682107
-0.3846997074880389
-0.6103106416271399
0.5429228736121928
0.4024116843930738
-0.1626193643608577
0.1602965138553295
-0.3995842020288801
-0.7694686589924110
-0.1848655039805749
-0.2309281558185015
0.0045483649998600
0.2503851192079830
-0.8618520312214305
0.0500054846422771
0.3723832959337507
0.1426549987353750
-0.4900361991327775
0.7916866880702466
0.3127659415236372
-0.0150909467270078
0.1212270265138543
0.1908631201582471
-0.7685956613618964
0.2839204890486005
-0.0825351623984231
-0.5008629177968609
0.1858639802151353
0.5229470366436186
0.3712226323406349
-0.5748000092324083
-0.2599789634246988
-0.0817082773966016
0.4290219102466332
0.1456311697401953
-0.4623333480538685
0.5214492655874179
0.1284490682579638
-0.4407232457408310
-0.5314075259375554
-0.2934509098701609
0.0015668693777312
0.5642499779193191
-0.6094317781006097
0.3694799508907089
-0.2959451715532871
-0.2157173991297471
-0.4390203908950346
0.3264645406990744
-0.0670700570200512
-0.0109870653786032
0.8059335553275496
-0.1999564415429005
0.3184457394503060
-0.2513648220133402
-0.5950940247191496
-0.2165799729495060
-0.6279981495405904
0.1898380234063495
0.3669998422548074
0.1712475706073119
0.7352669752620027
0.4563481021923576
0.2259995463042121
0.1243966612870982
-0.8277633157461171
-0.3432398175761871
0.1750181626871515
-0.0455292501173699
0.3857661487342387
-0.4108635236475748
-0.1971058763897262
0.1522030084016598
-0.0538534196351120
0.7987773694080448
-0.3580910582200980
-0.0961997724711203
0.3268230238005199
-0.1400970077950474
-0.5619677042831394
0.5935506590816282
-0.4429391129080462
-0.2837132476048806
-0.2496102017724830
-0.1930696235922119
0.8701782990861793
-0.0270191711729558
0.2489685782165378
-0.0521924613495356
0.2961253032702036
0.2446507201669383
0.0688826682103069
0.5713938235568722
0.7200667005802258
0.8694406106203437
0.1470839654674399
0.0824376615982305
-0.4378669787980892
-0.0504345141364947
0.1461924495955993
-0.2550204477700484
0.8256107727320573
0.2509334311535391
0.3102181457057804
0.1154121351532317
0.2842684953203410
0.0078310192436284
0.4866203013643687
0.5160470255576474
-0.1561867064521745
0.6872218786588842
-0.0129084108602962
-0.0459938417965835
-0.4360783534802610
-0.0863452679663759
-0.7424390747190931
0.4728539179868174
-0.1595560196837570
