0.3742701827565077
-0.5203910394119792
-0.0614706152515641
-0.4122008155991546
-0.0978041968796613
0.0388042612663767
-0.3449419340843196
-0.0882659383256731
0.1557647383388245
0.2584614940104457
-0.2306760937944987
-0.1029102920648270
0.3503036055253194
0.5170753021163846
0.0162377804298511
0.2620423090219605
0.3412840280124869
-0.4395039504326047
-0.1406541870352886
-0.1933683468853382
0.1277043403880437
0.2296121845129319
0.2640194868748497
-0.3876143245186242
-0.0867110022406438
0.0197423610130603
-0.2657035550097010
0.1499478341897340
-0.0534647567406828
0.2922649683487411
-0.3977948909271239
-0.0164024450393179
-0.0999222207215198
0.3055653588464639
0.3027717729577978
-0.2865094205868788
-0.4672160179630284
0.2897697201063676
-0.2841827388338647
-0.0165169020541925
-0.1033137381636120
0.3131710188570859
-0.1216174155137124
0.4142528560629719
0.0446059352259108
0.1376307804935894
0.2391657294910078
0.5682167409653233
-0.1319699033313969
0.4955994273481114
-0.1214597149353696
0.1605970413504440
-0.4666679254928212
0.2580033418422721
-0.2812516982252398
-0.0073795635289375
0.1931389112583704
0.1339416997637871
-0.2641780744922328
-0.3913653524708635
0.5066342823521415
-0.0753906244849536
0.0951575719011264
-0.2740992243091497
0.1084022347350049
0.1057076629157877
-0.1529539656247398
0.0517342036176268
0.0057113553663860
-0.1820043967472032
0.2472031269392666
-0.4729552685334922
0.1353330681762962
0.4397177877278814
-0.4632442145396720
-0.1316111272675566
-0.4451102562754761
-0.0556205987560167
0.3124280156030769
0.0266946475093472
0.2386967624406781
-0.3833753539259529
0.0972632634987057
-0.2525795826603192
0.0399463887802398
-0.1659496576458228
-0.0191884132978544
0.0543768865660690
-0.7025387112941415
0.0864011830092523
-0.3016303819591069
0.5175205229218821
0.1345311992018259
-0.3418557780202459
-0.2210827602748520
0.0637519894134969
-0.1498120258323824
-0.0739566111039282
0.5539696771429449
0.4076916034190934
0.0244691408781559
-0.0791977189598484
-0.1784051328255893
0.0675211797933220
0.1612048057794153
0.2353124223985799
-0.1670255303357569
0.3606877301310719
0.2421133443956877
-0.2670031944163893
-0.5655312669657256
0.1537456807391873
0.3290898877826072
-0.2195276370201052
0.1665190199635067
0.2711104748412934
-0.1719097761849900
0.0672179076122417
0.4905603054319037
0.4754656279517801
-0.0177042337497445
0.1163576656942684
-0.0275545110073650
-0.0696093414840313
0.5938457361648725
0.1622908367978017
0.1396458653409723
-0.0816672549293419
0.0967993023692696
-0.3078568356665137
0.0647242200077444
0.2901416781370924
-0.5226887729445751
-0.1893818362457338
-0.1988604217838311
0.0299769179038828
0.2218954527064057
-0.1669417512858782
0.2274364270812392
0.4200736494324555
-0.3744437467905874
0.0811969523697834
0.3316897067759834
0.3400304484856360
0.2320360998040766
0.5421033256498726
0.1274650745160112
-0.0647256162552583
0.3592478779902401
-0.0044048180530582
-0.0485153917523341
-0.4183381638147223
0.0549668826079062
-0.0785814976218023
-0.4468580569547030
-0.0301370265279575
-0.5707548530553005
0.0807117460768147
0.1007030707101189
0.2097136820035862
0.3902569296675791
0.1900374654046877
-0.1986580846624374
0.3236926916102472
0.0841506383493623
0.0436479588083885
0.0131643858438660
0.5089219600727831
0.1130731424023999
0.3273854924189505
0.5261930796817995
-0.2047178830686284
-0.3330870855688961
-0.0134145866065059
-0.1122421757149415
-0.2057845343847620
0.1111038269333734
-0.1806350861125133
0.0679468778740753
-0.0876635193227280
0.5900336272579955
-0.0504300056561412
-0.2086655653491515
-0.2115076470156600
-0.0872599260923377
-0.1032301636162527
-0.3427366994519386
-0.2493077323300099
0.1217210030618305
-0.0113382817738888
0.1598370681030818
-0.2801863945207632
-0.5917087529710404
-0.2867636214474298
0.4030882769274175
0.2053627281959428
-0.0681189246756245
0.1074078148689456
-0.2596663780945720
0.0518750720618292
0.1606460339959963
-0.1405707150103079
-0.0620612582227767
0.7179730142255889
0.2221880044221206
-0.0252868839219712
0.1980398398118648
-0.4662628391948696
0.0191216606402742
0.1241124957475999
0.1812374215394822
-0.5761482615245712
-0.4177212230908982
-0.4332742203560961
0.1861817007189726
0.2660643546453324
0.1288076568238663
0.3482833997573274
-0.0244070818057609
0.0999925854102325
0.0572558271806182
0.1679600925137303
-0.0569320188925954
-0.3379198867875950
-0.1823418494109489
-0.5964785234923278
-0.4024498821635364
-0.4808287391103653
0.0874223176088756
0.0215325042520575
-0.2273914212772232
0.0661743447557698
0.0705474562983613
0.0546971964453227
-0.1756460287226775
-0.0874196111251314
0.0117484991540136
0.1836499379887775
0.2498118964826652
-0.3374433410563912
-0.4144553511198237
-0.3063577656914158
0.0198575657409305
0.1319621574651034
0.2782977519940887
0.2026757352750398
0.5911033921032172
0.2264193397356856
-0.3351655347033923
-0.3776092199697623
-0.3856901538985148
-0.2441231610524911
0.1195536052160374
0.2297483471446671
-0.0025793870445137
-0.0198472141024309
0.3421606161221158
0.4560896367946885
0.2566371698257279
-0.1643909903985147
-0.6375931446887023
-0.1279033388722535
-0.2595384352192051
0.1129919434891045
-0.2143203498123644
-0.0240729735804953
-0.3746488249114499
0.0289343034372190
-0.2436377771599259
-0.3415578129260710
0.0379920257552172
-0.2626860933838375
-0.2506156401138526
-0.0846135357143869
-0.5344698166739770
0.0124891931760437
0.2271387859630155
-0.2589548409202234
-0.2606433952553772
-0.1943584082895411
-0.0126648776518876
-0.4576725432962312
0.3504689731453574
0.3645787988822241
-0.1165037016602023
-0.0610156238898510
0.0144367147670715
-0.2704307353664106
-0.0107275232747185
0.3413144179102036
0.3168614647589664
0.1162094402133124
-0.0394392493204612
-0.0573636617466087
0.6458548758327378
0.1448623214981246
-0.3347877202261880
0.0979968273667457
0.3626244785892875
0.0312976048651372
0.3580804567336324
0.5551193464203598
-0.0483012400000839
0.2109537375417588
0.0707925213459615
0.0453327247603592
-0.0184428155170435
-0.3317492891287720
-0.2246259328019564
0.2895618099656927
0.3653682310930959
0.3613110950861818
-0.3081868027212507
0.2362260335868505
0.1926233045055687
0.4732816369486436
-0.4116755770049433
0.1332727641381786
0.3549125802289385
0.2596745959787278
-0.0001357723657087
0.3117430380471140
-0.1163435573513370
-0.1706623478094693
0.2600797264417177
0.3429340149609453
0.2277827678974866
-0.2706757166522716
-0.0362376526077588
0.2861416586739213
-0.4506516799306587
0.3303722469448759
0.0559131952048965
-0.0029659482009194
-0.2419427177175531
0.5367624518126151
0.1060937803602166
-0.0279602068174080
-0.1760427163882427
-0.0174363597857540
-0.2258774261662536
-0.5835916093698387
-0.4455870600197882
0.1572249605897961
0.0011205396997265
-0.4458002437793498
0.1302850414488080
-0.1470125545513297
-0.1858260418818025
0.0658392053204333
-0.2786494678148588
0.0326170331742026
0.1523392339570099
0.3334528568906184
-0.3724372480282276
0.2187129228745097
-0.3025945873804020
0.3864658320979287
0.0310132419568958
-0.1898675727149845
-0.4596603623747855
-0.0587821066100170
-0.4198546162099228
0.0950868510331964
-0.0810273460120143
0.0185606497633547
0.2071122476445870
-0.3547445034056576
0.0412301119959833
-0.1210816858293820
0.4561271027431601
-0.0022312915210098
0.1159525058797192
-0.2782270534997946
0.0449573014953891
0.6047671367023063
-0.3759169999463546
-0.0496360927566647
-0.2176102201064150
0.0612997648271320
-0.2027573947036194
0.3150433536986836
-0.2564836834999799
0.3778741186983890
0.3580800323624906
-0.1760839863493661
0.2939336582578186
0.2607716916277282
-0.2521909371500754
-0.4693216005208602
-0.5591240592949258
0.3910951436210556
0.0618898785729537
-0.3582990977418126
0.0270324759693917
0.0565742345383966
0.1302837915276064
0.1853564855437930
-0.3192305401562855
-0.0377708210439555
-0.4740834024483043
0.0553834432245786
-0.1256853676902871
0.0597343828066489
0.1751944696774490
-0.2315517380694725
0.1542743852564046
0.0036998970381013
0.1741790456446819
0.3143294156705872
-0.5686223463681295
0.3334788183808880
0.0087488330688114
0.3236303842550953
0.4654409364980985
0.0563823470690048
-0.0282925824979264
-0.1155174946467463
-0.3410131174925050
0.2401393486821671
-0.0910639403910478
-0.0659136579716699
-0.1288234598434599
-0.0934627809608093
-0.4332685797567640
-0.3150104349138256
0.3408121125701723
0.5988911419708256
-0.1102434851873894
0.0254735652291613
-0.3749115883885428
0.1747379584806304
-0.2938232444645549
-0.1462219267406114
0.1748454425989798
-0.1453647059711284
-0.1208605991717987
-0.5133222025514493
-0.5474117036387520
-0.2849908239632745
0.0655284036987426
0.0745921179864711
0.5363501372594148
0.0440112608592925
0.2263236353728124
0.2758984195619417
0.4099786365662780
-0.0542873811077269
0.1439688808236606
0.0228482290372175
0.2811067974933728
-0.2626595953285464
-0.1220205520334675
-0.3119484448876955
-0.3613289206923044
-0.0461851577543353
-0.4340370239848454
-0.0816218200132444
0.4812711199978231
0.1651523188397665
0.1560293245606266
0.3275039200137476
0.3009503106148201
0.2557924171529473
-0.0645901908313930
0.2156028622045225
0.2737977744416777
-0.3615148213258290
-0.5109237412378415
0.1307106801592924
0.3662356482683942
-0.1943159545044713
0.0038321573936370
-0.0511757939919909
0.3427597769900259
-0.2378281444023370
0.3654902361837443
0.0842388887861220
-0.0694584798687580
0.2026557641526684
0.4321239728152166
0.0150035609905205
-0.4414311122693016
0.0684236768991407
0.3135317085894236
-0.0516064998136302
-0.3087317798196130
-0.5222814156396369
-0.4007880356490041
0.0331528915131767
-0.1720718422113182
-0.3432840252968442
0.0386698175392877
-0.1431605922771761
0.2038792519773800
0.4855768667659601
-0.0541122780758084
-0.1692155452407637
0.3967580299553746
0.2177381496135052
-0.3414888701220542
0.1413037538790853
-0.0747579032283894
-0.3109098809932037
0.3253703437464793
-0.3635201340121988
0.0970135849260857
0.0320893048332104
-0.0729472068652547
-0.1580678690208347
-0.0186554029783494
-0.0294361433034939
0.2474404666706089
0.1108678418450495
-0.2830449395463376
0.2234226102978108
-0.3122161055780430
0.5240871501291597
-0.3044255057203952
-0.5468796304248819
0.3133043295721193
-0.5831840156951501
0.1955046989299199
-0.0119712961359690
0.0566929094761070
0.3282966177461484
0.0604939505598654
-0.3359823673822229
-0.1697157447575065
0.1841580195054054
-0.0904722237164752
-0.0377920299368662
-0.4727619974807193
0.0717731816196481
0.1036097066368462
-0.1182773830958513
-0.0202518381044105
0.3467126155487867
-0.0495983269959582
0.0276505025621968
0.5794132610640751
-0.2685574338972990
-0.5885863412779774
-0.1620276800428062
0.2254936813687791
-0.1220766468415921
-0.2411799913210507
-0.4520626205719668
-0.0915192528115257
-0.0673512596017970
0.4855366841354636
0.2148663566084516
-0.4575607935538009
0.0653571713566892
0.1096069709824700
0.3220454676623782
0.2305978936979050
-0.1949056924316894
-0.1487352739737759
0.2431110899027754
0.1996828252547682
0.0316968544949358
-0.0761581830416893
-0.0642844081966383
-0.5835586659993285
-0.0326396983552655
-0.3410765860409365
0.6112792142077328
-0.0812850857532294
-0.0474653417407280
-0.0528850573983549
0.2163975224682076
0.2223368649461026
-0.6089636051177795
0.1770804491476588
-0.1760642975504568
-0.1207021848032494
-0.4537525608277537
0.0820805521316768
0.2426498352050631
0.3491655887134469
-0.2535593610775967
-0.0190235566102689
-0.0377724792084911
-0.2080849502606313
0.1510378716317710
-0.1542726007162577
-0.4753523206198971
-0.5352236473103985
0.1210965192363420
-0.2774918474923411
0.1698713817717802
0.1666401771516370
-0.4676751598765250
0.0418745283144387
-0.2339739026141599
-0.0562402018481329
0.1195480596440496
0.0846157500807514
0.5790932135132986
0.2640690518538015
-0.3034484147919282
0.0827969410855810
-0.0337353780595374
0.2917794694829970
-0.4501970351051620
0.0843184846919306
0.1961487123584493
0.1340088099725599
-0.1378823337140556
-0.3425170923879418
-0.3146710216429357
0.1389874731816670
-0.2703039423330875
0.2339602525325574
0.2939472175104218
0.3168301666363432
0.0716969774290697
0.5490273898510739
0.2084160350933744
-0.0502834342483364
-0.1109103724745900
-0.4381633218163708
-0.1012486154340960
0.1414778865206375
-0.1354314916591863
0.3639875841338882
0.2946767073484425
0.1246984332347179
-0.4684303440722318
0.2629508915091074
-0.3808432100133956
-0.2207818221837373
0.2481762165856042
-0.2586332821945981
-0.2643313074415668
0.2146190223155400
-0.5319093493124997
0.2673047641626594
0.4020518554443548
-0.0053271119048882
0.1836534573577880
-0.0822395531210156
-0.0995767419101456
0.0732928664308862
-0.2246822612592308
0.2244166388533307
0.3429620515605205
-0.4478382857192605
0.0956042938415402
0.1303063793716422
-0.2996417943180852
-0.0030311344448953
0.4374516684876067
-0.6951794572346832
0.2928533453020788
0.0469962563831943
-0.1079047942900624
-0.1086381846604557
-0.2895370904292802
0.0577094966391051
-0.0455006263991624
-0.1339311960975036
0.1145142934531011
-0.0427998443312012
0.1966925644456613
0.2654275061019347
-0.3046123868062842
-0.1991159407366919
0.0345481203443293
0.3009988631620009
0.2796801065853272
-0.0051919017747209
0.2408322019767955
0.6436010105699690
0.3181428036931543
-0.0947583972860333
-0.3475619004790618
-0.0527885299729368
-0.3183230669902087
0.0834274590301437
0.2963060108409942
0.2300479822753085
0.5633217584932790
0.2177806055441484
0.3190806018170011
-0.3099442676668188
0.2334766045840685
0.0357337421504698
-0.4379354971716132
-0.1924055353659214
0.1396029303432466
0.1252949812955604
-0.2636495223019171
-0.3453975936170502
-0.3945725708340592
0.2941042232442588
0.4542468486902444
0.2419296383386806
0.0371382711726770
-0.1652149538417559
0.1070702671044206
0.6933266581869368
0.0411321881887378
0.0023081023810343
0.0782498525852253
0.1419616169612617
-0.2691057078403759
-0.1935941846231557
-0.0315201861556821
-0.2386138943067547
-0.3410401851224437
-0.1597794701865375
0.0031680669028505
0.4262044040981200
-0.2230308511337047
-0.1031030041614285
0.1094902490555627
0.2118231545666293
0.5367640022946172
-0.4016398990113236
0.0548217328360479
-0.4197927380510283
0.2085437688806452
0.0320239211464854
0.2360329450438520
0.0900503674278841
-0.3818005024793140
-0.0811858093780458
0.2199713748886154
-0.4648990299686495
0.0624888596173444
0.3901340929351168
0.1200902333653021
0.1871423451750432
-0.0306148647358882
0.0607972971206611
0.2100828730917759
-0.2899381218427809
0.2897649628204212
-0.5536611941819770
0.0842805186718767
-0.2309626732537443
-0.2561851446972481
-0.4098260676920535
0.3324686477673170
-0.0678086867189840
0.5662922423619202
-0.3029684524005011
0.3807466630108547
-0.0007520133719020
-0.0554036938653655
-0.1616677122382407
-0.0646528542918812
0.1978551834237246
-0.2873152079043573
0.1656090348808354
0.3311673967114562
-0.0759050726997317
0.4431225766375517
0.0729135736213778
-0.1335964342610329
-0.2913172327749903
0.2656155932664521
0.0624993010689703
0.1944728155107048
0.5646045466189066
0.4294557375761762
-0.1689349351258785
0.2516426977105412
0.0621608796656302
0.3288318009693909
0.4693180874237456
-0.4526709154916675
0.2878431464670779
0.0352492467525566
-0.0430535810026416
-0.1657180630350695
0.2703918741042990
0.0039896668510867
-0.1578451967313287
-0.0255353222647281
0.1892333813317444
0.5751433450342551
0.0813492729771017
-0.0519099645665338
-0.1234300009735214
0.0932605180079570
-0.1233790205087292
0.3296135844876774
-0.2233554633264831
-0.2506002516401024
-0.5814062403717646
0.1603624292698253
0.2819826678246211
-0.0217950542850655
0.2923805257913328
0.1684350450084032
0.1132121734986496
0.3799772992027879
-0.2306697890547084
0.1876140171044175
-0.1701078023935947
0.1269057438309958
-0.3958867646732295
0.5771156971133731
-0.0933272563906544
0.0974258002950327
-0.4467901032132076
-0.1709531936039745
0.2321149901871040
0.0673011562433121
-0.6003634338455490
0.1223246496023842
0.0245621557220907
-0.0433412557578278
-0.5599225521261816
-0.0067399425083642
0.0557225615840988
-0.0150558552283018
-0.3802128382027316
-0.1915284447592220
0.0404026926023525
-0.0435987641993960
-0.2913734654629471
0.3780455117882691
0.2078069855774689
0.1551161819150657
0.3712498684246279
0.1933799541971100
-0.1166801133636115
0.5754102406779689
-0.3791062770196169
-0.3598937884954358
0.1093515541328077
-0.1039128093310840
0.4096351417950929
0.1607625825824472
0.0065636316928488
-0.0045835968962111
0.2355445819098877
-0.3751511797132233
-0.4476475600901503
0.0134963042968067
-0.3368968142134253
0.0489714362627836
0.0413875033616053
-0.4293639070224112
0.7227518238457189
-0.1790819005285665
-0.3876333834685186
0.0901548004362849
-0.1383864712645321
0.0776551705865948
0.0003971906346575
-0.1159977595074492
0.0936007352203699
0.2265161755797691
0.3644226846905188
-0.3145624139720279
-0.2179632219597820
0.1332940606932009
0.2951707943296744
-0.5115171067690030
-0.1136138643667461
0.0986079004999845
0.0217010251906794
0.4838817812414180
-0.1474329380876428
0.2379393114802767
-0.1363819834267480
-0.5355715381079781
-0.2235654698112448
0.1933410561443523
-0.1254813799378957
-0.1994604817753748
-0.1351165367269992
0.3279121598761611
0.5530359050389270
-0.0860836545067842
-0.2758254526781223
0.2015126672226804
0.0302444819745125
0.1167349509406804
0.0443894600150929
0.2570194493261559
0.3390076569816414
-0.0781721505607247
-0.4864380767371462
0.4829795815908848
0.1336015065981777
-0.0801353711892216
-0.1097560007462728
0.2717683601548440
0.0279404766625602
0.4465915320505528
-0.1750488356469146
-0.2833398208659590
-0.1591586810292155
0.1114525705193963
-0.2332780620477528
0.3844101622713747
0.3357821703354346
-0.1084866228164281
0.1419686115732490
-0.0820147245350691
-0.1263259419758151
-0.1626164083362854
-0.2588023159832508
0.6472975081109096
-0.1951831148482619
-0.0927859682672335
-0.3094284072200336
-0.5321746792563852
-0.1926488751036797
0.0295532229278561
-0.1220080418850576
0.1884906141233171
0.0864706318860184
0.0618689260718007
0.3391178890530688
-0.5778374680224214
0.1604207438416659
0.3335590452008118
0.0757261959375477
0.2972245627768988
-0.1443050066185977
0.0766503155146565
-0.3753368855463923
-0.4926130493195695
-0.0189077496345024
0.0924816846991457
0.2786708733746949
0.2803708134090614
-0.3675837018423884
-0.2900404705210827
0.0302246754109432
-0.0004255753469423
0.1514714350925663
0.0768053892955059
0.5222954815903663
-0.1212155312628741
-0.4044141940219625
-0.1369391732402674
-0.6739012039805975
0.1216226812680810
-0.1437527067858149
0.0794757373727588
-0.0673686050052138
0.2714731774010283
0.6186290792954428
-0.1864752568402431
0.1680121581785926
0.2058970295592962
-0.3277898882455049
0.0889672412269151
0.1325083731768002
-0.3058414242616211
0.1805026092600772
-0.2502418207144112
-0.3266516768446432
-0.0992137961052460
0.1286109384050369
-0.1610776732990911
0.0326670635104307
-0.3459863277688787
0.1516054878029849
-0.1910760563665124
-0.3410295233517885
0.5307279853685641
-0.2273232637063929
0.0509047692569890
0.4890764074789338
0.2112263563430140
0.2029592383326675
0.1162383675764767
-0.0341493527729369
-0.4067114860717531
0.3904904995067584
-0.0109594426007333
0.2096890767058577
0.4569942797080807
-0.1393426426263181
-0.2742941180228881
0.3589073983080537
0.2073583327856551
-0.3545571591437289
-0.1493840602970037
-0.4375541381012660
-0.4205988831668893
0.1895007730860274
-0.5173497603422199
0.0980201988825328
-0.4249224940009602
-0.1221238831249927
-0.2828568493911253
-0.1199187471426197
0.0639200015378518
-0.0597135472147781
-0.1436287733650738
0.0181963742739945
0.1336850300209728
-0.0805665642101703
-0.0464766639953670
-0.1972206847700091
-0.2599220775923368
0.4255272434661999
-0.5898711818478232
-0.3432849299628895
-0.2501110330835088
0.0096013357059207
0.3928171430054068
-0.0565886929882092
-0.0006960501820817
-0.1301903444390586
0.2041186581847195
-0.6097306374283946
-0.1142341676948142
0.1170792143150547
-0.2960612987299902
-0.3670626322350005
-0.2130858333786331
-0.2293794937072416
0.3169233925153017
0.2982676328255703
-0.0447095138653305
-0.1762011879342224
0.0966010634464851
0.1192777095963205
-0.0092602783382866
0.3650868482921347
-0.3174750187267267
-0.3765027825452163
0.0840924230332242
0.4077905612106028
0.0702549685276953
-0.2633749627237230
0.2604239357996688
-0.5199749679779671
-0.1210816564396388
0.0628306401412019
-0.5529628583260359
0.1399627020126960
-0.0073678186250740
0.5371391173942139
-0.1787653414051588
0.2823741415948488
-0.0295623041714913
-0.1694677433874944
-0.2055498039673231
0.0031031224555423
0.3462222881734145
0.2805466818845005
-0.1630831999071022
0.2388899468561032
-0.2604234021483666
-0.0632513732301772
0.3013213614495344
-0.3820327887979530
0.0711578585287695
-0.4698173376792241
-0.1726439967833137
-0.3322774392450221
-0.3609385975811244
0.2767491241315364
0.1868100565072201
0.0742157728501709
0.2985150749449721
-0.7418151948389510
-0.0019334212358932
-0.1424096701807638
0.0549330761387776
0.1322691894379877
-0.0233937427198999
-0.0346059326548979
-0.4903771951596477
-0.0742430502629694
-0.2575180373235171
-0.0158666576275222
0.1056888671316347
-0.1011955090603928
0.4983262505951790
-0.1677995824690159
0.2354461417397725
0.1817221322787951
-0.1278513611357573
-0.6448930812991476
0.2053008206372936
-0.2722918430429305
-0.0618652539818624
-0.1967450525889514
0.1502847444653349
-0.3487143997812769
0.4038019512962703
0.1655305785370428
0.0626096816828973
-0.0276114555460754
-0.2594562703611797
-0.3866841173310273
-0.3289266779218438
0.1198868100741964
0.3881112258682299
-0.2816640333720877
0.3004056594391481
-0.1537635629730774
-0.6083834746203776
-0.1533109488550533
-0.3158098124647754
0.2282203599923215
0.2809532714662230
-0.0862019541089355
0.0884668598600013
-0.1361335344702747
-0.1380207044944737
0.3897104885908897
-0.3448493253410389
-0.1433286313841398
0.1772922861147273
-0.0010430126711907
0.3083136814661702
0.1662106255395665
-0.2475745977062299
-0.0346762237034643
0.3197867910537579
-0.3956026739231077
0.1431417444871425
0.3590091932415864
0.4035677172263920
0.1869155042935409
0.1167702927935917
0.4418576188969200
-0.2027747761951024
0.0299385623949996
0.6109565202609998
-0.0554355193513509
-0.5053455346858224
-0.2309231888575534
0.0254878283283422
-0.1409813254940032
0.0391524104816620
-0.1510706639801931
-0.1573900194254753
-0.2527789993651463
-0.3733577594731954
0.1259999506287882
0.0916344743729600
-0.0054190813651854
-0.2636562476720168
0.0109486756063374
0.1764573093289526
-0.1223256753241233
0.0885206955035125
-0.2996902588866136
0.8369873458616423
-0.1546439387272582
-0.1253176700497954
-0.1488128948166054
-0.1543628314552532
0.0798314932853232
0.2228556085583374
0.1126770536859217
-0.0404350369728958
-0.8457452549200184
-0.0924211453270832
0.1493952744496681
-0.2826299051051084
-0.1157038060316259
0.0482211373584494
0.2349491983221156
-0.0941500176061795
-0.2998287906997892
0.2295066132817983
0.1472872699093077
-0.2491872176514089
-0.2077262528130355
-0.2603940495468612
-0.2055424918128257
-0.1521597684218771
0.2381847347386770
-0.0421167231269059
0.6866255490800881
0.2358742546797789
-0.1081153934252376
