0.9776170656645583
-0.2083732592796996
-0.0290767559843548
0.6835307968495206
-0.2987307290314548
0.6659921931153511
0.2036212347033264
-0.9317084482359170
0.3007619661189102
-0.3105860293682830
-0.5769876042572122
0.7553950111661890
0.0282466134981200
-0.3553235768841546
0.9343164798590133
0.9224798920953567
0.0796688910003448
-0.3777349818146506
0.1044066521506042
-0.7164056443805399
0.6898276623087872
-0.2046568176218669
-0.7287352162318306
-0.6534987158552320
0.3722020926284446
0.1678799685463652
-0.9128427676242379
-0.1057881889662047
0.4931734916529456
0.8634748208292427
-0.9221043587706925
0.0560987140314533
-0.3828530864706559
0.5127594338974080
-0.6811387366254494
0.5226162879374278
0.5962814466579033
-0.7302671833096157
-0.3334040751889489
0.9726017764700187
0.2276977089736290
0.0468992295834844
0.6936645914046847
0.1419947675758860
0.7061635225728118
-0.8324317600369845
0.3652380312939537
0.4167235838997420
-0.3279775014527907
-0.3543617294393997
-0.8757045867468678
-0.5893584722762055
0.8012159824644083
-0.1034869102826543
-0.6758626940216982
-0.3511740941615365
0.6479863998723713
-0.5168445673711856
0.4939597255824348
0.6991963119764132
-0.2605699647957559
0.9536156474534910
0.1507331761033311
-0.3841484167584803
0.0925634049550072
-0.9186196220226782
-0.5435650580057754
-0.8287086861762749
0.1333376959871833
0.0156514842805282
-0.0807355188856119
-0.9966126665009268
0.7774618840279517
0.6057409800973466
0.1692066308228313
-0.6834904453080295
0.0846712518756008
0.7250321305145381
0.6035278867190071
0.5544327403432217
0.5730256769011273
-0.2233544833240276
0.7959260353712369
0.5626850993204650
0.4319297000273729
0.8525188832239368
0.2943608125768026
-0.8210479996492719
-0.5080388661757909
0.2603395719569850
-0.8292604752953956
0.4785461013905530
-0.2886532399900568
-0.2238052002056582
-0.8714439067227764
0.4364593334970056
-0.1477828169510468
-0.9888825552085814
0.0164781982680284
