0.1525421737854187
0.1542512082981741
0.1421353923552975
-0.1076125547383764
-0.0859156567516689
-0.9110988193458472
0.2892610578173129
0.0470911339777949
0.2537140660554408
0.3811495331802633
0.6478762476040753
0.4185493915373498
-0.3801591157263187
-0.2206546000135254
0.2211870132904689
0.0547128970360583
-0.4194417983734825
0.0213399226347138
0.7815953131492803
-0.3253524656454085
0.2344152919292142
0.3076431796475155
-0.4517159524647836
0.2478522453593696
0.4539268407139548
0.4547024790807914
0.3305803269442041
0.3432060066639458
-0.4699358013143329
-0.5710003278330941
0.2300834467942625
-0.4459749728717787
-0.1881090510447969
-0.3991742448379444
-0.0810049783280369
0.2705597624955565
-0.5731171092024772
0.2486169048707306
0.4777863184536393
-0.3909095175498855
-0.3752846932463603
-0.1208106397328512
0.5526875234740076
-0.4428079326051494
-0.6563450985933942
0.1552751517252291
-0.0206173727646308
0.1618847013679703
-0.1301024305328081
-0.1432712101164941
-0.5137616709354041
-0.3634772794922536
0.1391553748777037
-0.0849669609657530
-0.2582380253999074
0.7000972022132169
-0.1038597707813340
0.1571273962856496
-0.3359713528220117
0.5896947331633767
-0.3350590193997951
0.0246248316108243
-0.6253291711563189
0.2156896944450743
-0.1934483086227549
-0.1446861958855825
-0.1392453120515806
0.2179098519781397
-0.5563792482258275
-0.7202012107373404
-0.7184645781652523
-0.3329094941066874
0.1958789658083001
0.5687010899431409
-0.0055351648519306
0.1012438289381672
0.0301573997355675
0.4549486872211121
-0.5499471612715806
0.3743464747636472
-0.3982156293686527
-0.0142280412191109
0.2901735614279825
-0.3278196276230925
0.5602771502977882
0.2505846473809826
0.7152353181387171
0.1010209703363572
-0.2100939355946858
0.0268552900734098
0.2380533222029392
