0.0650377972569011
0.1419882696826632
-0.2356343996928177
-0.0288556685563025
-0.3715350394685822
0.0583474507830516
0.1600797219063072
-0.0982896320062842
-0.1961377057060839
0.5868700506201385
0.0400402138335696
0.4264534405481146
0.4197283704838672
-0.0876353227089819
0.0649253216714826
0.5638258008053412
0.0939422138058679
-0.2020497114382361
-0.2609776524271833
0.3215511439974690
0.5832143468244482
0.1327411925363068
0.1833892113021566
0.2266816005019223
-0.0685882302896133
0.0396462579069773
-0.2798980091856927
-0.0933931860552300
0.0288695023245907
-0.0167082461796137
-0.2620854505109861
-0.0019009451545643
-0.7677125664620523
0.2967688711774596
-0.3458454056424861
0.0976441197990619
0.0000764727364570
-0.1673022275152531
0.0924229360968092
-0.4809656399705531
-0.1504014129648235
0.0454848314420432
0.4612373121514933
0.2549201092650978
-0.1213188454556697
0.0358359221638300
-0.1758057548001050
-0.0753496168383274
0.4374760453316373
-0.1475159912728651
0.1551008438909900
-0.4200812356814552
-0.0159989143905689
0.4725364740117626
0.0450918345036482
0.6093698275140328
0.0785389007546678
-0.0342274263990407
0.0638229161492960
-0.1714583152601627
-0.3012975757211279
-0.2038217967521317
0.0604146710656109
-0.3034513148662050
0.3663619441965422
0.1980923236644791
-0.4769187347991019
-0.0074328863041566
0.1104172002569491
0.6101191529785226
0.1669790630344263
-0.0066007026206662
0.2412222676953387
-0.1807975709212424
0.1170530713294565
0.2782606314449423
0.0676591771338471
0.3664773926723675
