-0.1784693514845878
0.0027314120756951
0.1393390643821882
-0.6157250239255085
0.1872910724451988
0.3669840774276425
-0.5071589580947179
0.3660184412803612
0.0931320727872847
0.1058584326243941
0.3829354066569272
-0.2327896433297720
-0.2750880619935805
-0.3050264129412768
0.3814228677150109
0.0707754689954948
0.6571666228336783
0.1920634085188921
0.0837045113741145
0.4808279885027218
-0.1384850740170932
0.3618471113424980
0.2279912596428134
-0.0969447352888544
-0.0720748847304208
-0.7176291061026061
-0.1735567153046679
0.2500908955603532
-0.1977476868039538
-0.0155262889007349
0.2607858563902064
0.4699835390525772
-0.3153528446949198
0.3547689393164394
0.1792949997140831
-0.5930939444283305
-0.0302756324779704
-0.2164484511486827
-0.1974051001388653
-0.1268857481433139
0.1228514571456255
0.2164660525919579
0.2511120199908972
-0.4293557898533906
0.7666883422346958
0.4623278235233534
0.0999657508851098
-0.1104570210159055
-0.1640904985284802
-0.7820687114889892
0.3298202054148451
-0.0099881781640763
-0.1210526141238186
-0.0443514438086959
-0.1726702458316489
0.3905567292544648
-0.5028662760381249
0.4199519281782250
-0.3960571485431039
-0.1011203136644405
-0.0621414454370771
-0.1314001489360720
-0.4474395744145926
0.3141703723896472
-0.0374046811037972
-0.1162417487237817
0.2588942784431916
-0.3280048971243602
0.4081883077790238
0.6966249989229768
-0.0452352581128819
0.2404619523771873
0.7676141555667337
-0.0699778582509563
0.2684530776668353
-0.2487291478580204
-0.1708322926407519
0.1724833251307908
-0.0329261028487685
0.4467972543808314
0.1108705515323157
-0.2619501901874481
-0.5869551309741341
-0.0365194859071255
-0.0437416928335680
-0.2687843812837977
0.2689721754529112
-0.6204760059674697
0.1147664536782394
0.2021531000994579
-0.1830556279747772
0.4279327805685776
0.2901075313331162
0.4318150156365065
0.3957191010807741
0.0297138777430367
0.2534930170868197
0.4637015879844859
-0.2756504870564133
-0.0582350185060786
0.3017078605436640
-0.2525615943968334
0.0990349041829335
0.1650012116252542
0.7669846364277156
-0.0384722980955215
0.0329054429570129
0.4625279019086994
0.5006570080932501
0.0302826829217260
-0.1544221443936598
0.5499437105204662
0.0033995738065714
-0.3544017853134394
-0.3321153919366803
-0.1139862173082484
-0.4162157638882814
0.2623005281874179
-0.0770931309832413
-0.3886534801113409
-0.7631569554055060
-0.2050417183059753
0.1589238032456373
-0.1481786826173060
0.1464559995780219
-0.2847628005952004
-0.0449820994045711
-0.1010095291115009
0.1549852521352883
0.0131523526543115
-0.5524960949021113
-0.0713757549954112
0.1336719821473568
-0.6350038528080961
-0.4818046780869515
0.3623880144866921
-0.1052673383391759
-0.0380623761428165
0.0824206966874922
-0.1610393417125079
-0.6935346212634549
-0.0567072697169158
-0.4152162477295711
0.4084208753573654
0.2001059330951938
0.3186869364297990
0.0041117893081815
0.5203214873336657
-0.2852462475790071
-0.1872524286755088
-0.0649335247258796
0.6810155266040672
0.0567229334990365
-0.1955760876463458
0.3187602970638512
0.6252829852887714
0.2646319077429506
0.1865574862696028
0.5881307267252185
-0.1079584545923303
-0.0489483782971683
0.0661860227838883
-0.4001041353193688
-0.0694363643712845
-0.2814534716329684
-0.3205368954412231
-0.4616755547238834
-0.2453064923699253
0.0783403641929546
0.1745444287606661
-0.5858436232205461
0.3021464736511723
-0.2576681934997943
0.5709161463943460
-0.4854976367899939
-0.3470912090168428
0.1290222977998635
0.2751377744921611
-0.2591855904461109
-0.0257756284607470
-0.1922055590324748
-0.1113108664339453
-0.6546376797999146
0.2120765910138790
-0.0637135441771352
-0.0653253406082442
0.5062529030667728
0.3990616790105630
-0.2308048969701361
0.0076140600652374
-0.4660575754186802
0.4265506049300045
0.1355864090512445
-0.1735674270426665
0.6913626262984244
0.2415751977668440
0.1040500099402555
-0.0714867545878032
0.5360205640255130
0.4393749684331050
0.1551687105774602
-0.1967480625634908
0.0724860448819956
-0.2207927536681971
-0.5961753426151649
0.1504765341378393
-0.1573930428829521
0.0682964697072889
0.2926831097002412
0.5237431398685779
-0.1440350439236403
-0.4982408395628342
0.3175665864902413
-0.4178375584980806
0.2986914133033543
-0.0414965341697636
0.3092865686836046
0.4621570495342355
0.1815939905517915
-0.5853548154876976
0.1365317303549063
0.3318781743409434
0.0466273089346818
-0.0125181814894120
0.4289769175313479
-0.0314725740476733
0.3867540230996419
-0.0346368304913243
-0.2371543967603854
0.3846037434986949
0.5620876287983561
-0.4055576966802407
-0.3233381559608804
-0.2431084827225398
-0.4688174066817727
-0.1064352269363642
0.0853420836471214
0.1743739998994804
0.1133682870042879
0.0146200011751456
-0.4259888689247218
0.7268679907503668
-0.0912278094613645
0.2659756014550920
0.5475394267400807
0.0095280051434031
0.4499773963370459
-0.0735586588791808
0.4118892850651630
-0.3772525872507433
0.1148796342860216
-0.3103330647720314
0.1180743368635209
-0.2267313125585812
0.5003568570785827
0.6214237236456049
-0.1304103088025707
0.1788915018982760
-0.3992542463281182
0.2797911199008436
-0.1069153499960213
0.0748995791913687
0.3298225781004562
0.4108061121586715
0.0705652015767120
-0.1230499241263077
-0.0744900810642102
0.4777255229367436
-0.1062617571420789
0.6720585675750957
-0.7229694069597261
-0.2020080888346575
0.2909509723242026
0.3774893281825132
-0.2786266112735614
0.2994116519423142
-0.1419946745495649
-0.0411674487934107
-0.1421968184889460
-0.0367619266773049
-0.2486241119654476
-0.1126616161933492
0.1751761241582513
-0.5825500368057568
0.3847544330879225
-0.1811266819395754
0.4448651481988949
-0.4187396605318138
0.2227024129521535
-0.1543111264279129
-0.4032288062479270
-0.4788104265377497
0.5821534337276290
0.4113258978501549
0.0056641315617448
-0.0018687567487649
0.1631307067820390
-0.3498672948667076
-0.3627460967169245
-0.5412543210791011
0.2248866746417116
0.3571347486313926
0.4777485536267872
-0.1448489429228062
-0.1600152651658422
-0.0101428919267694
-0.0358034641567070
-0.0972520804828950
0.6212968582190108
-0.0486858621250524
0.3139556336266105
-0.4438863343632504
0.5501799535327069
0.0489033437367089
0.0136861088057493
0.0327869474805150
-0.2239388329489385
-0.6845548085005444
-0.1583799747067842
-0.1518101920226566
0.1815730808752710
0.1707912353418503
-0.4652425742179227
-0.3917160909485731
-0.4634218793110200
0.0910723084095963
-0.1674899204996828
0.1191726387329204
-0.0165400812128166
-0.4904660536380458
0.0917385823446310
-0.0764397764117382
0.6925326520525573
0.1178922675925467
-0.2042496233727420
0.1391445690041817
-0.2585525862700398
0.3304943890992048
-0.7121631860274834
-0.1333480680659936
0.4072515013507493
0.2411107966795556
0.2712450842805649
0.1976411584086525
-0.1847317149335956
0.4525778908466385
0.3668485591688361
-0.5366241572484861
0.2323857898656899
0.2020460221793179
0.3619978191289711
0.5943791555515386
-0.3242502855106536
0.5447438887056011
0.1991361061568450
0.2353737793577815
-0.3492960856370009
-0.1554001372666636
-0.0554870260119315
0.0231839290467684
0.0584924859450611
0.3162899321032103
-0.2550711564494981
0.6770259625347623
-0.1799264620692357
0.1113218819461581
-0.2791676454248175
-0.2267304143170177
0.4461014581441294
-0.4769831256467202
0.0115786217142816
-0.3414422677280060
0.3256715202319507
-0.5711207312249510
-0.0702874591532585
-0.2478117968184144
0.3055548157477750
0.2526155645796157
0.1219982738540110
0.0039177908624104
-0.1048479652661888
-0.1919577718951529
0.4367638254520813
0.0212656315446092
0.7415451241338028
0.2134398510909933
0.3880716204659900
0.2010790143769717
0.0135308503809643
0.5084310000033189
0.3965269077785533
-0.4938413605087788
0.2736051644844608
0.0070053635877220
-0.4215221886171847
0.2172081253337670
0.5360495328848365
-0.2567398739614685
0.2950438587235623
0.3095530895076153
-0.4842914711631741
-0.0911358862254114
0.2358982086830219
0.0971245244651316
-0.3948878634575639
0.5108621232841830
-0.0274824777813161
-0.5484766801133782
0.3568675629645778
0.2587243456610949
0.3198476297222448
0.1089042722510857
-0.3392272296979090
0.1179297720015989
0.4392326870783089
-0.0855725046123934
-0.0205574221669217
-0.2169335700784963
0.0549009735581387
-0.0231656523077745
-0.4331184560920496
-0.6355954074124336
-0.3964156005347989
0.5935016467758226
-0.4386880613174204
-0.3825817925497889
-0.1260081364442423
0.0350592170356752
0.1709617820478946
0.4069031777084365
0.2054891852806275
-0.2341124105521184
-0.0398379822249923
-0.4207128324045719
-0.4322888497666441
-0.2748547133745703
-0.2985003633453438
0.6255443859981502
0.1558974795788968
0.0959776724823905
0.2122990843133424
-0.3920774574942956
0.2509571202985134
0.5394704778514261
-0.4664255088857919
0.4942873570384390
0.0402595021395144
-0.0235559177339661
-0.1473378942325962
-0.0806875709506663
-0.2884251770553131
-0.1006823955797645
0.0467868341665514
0.2194694532567411
-0.0071393308439541
0.3219628007690084
-0.4381587570081544
-0.7277888707943523
0.1759186510231851
0.2868173044497626
-0.6876130595441102
-0.1255580563029404
-0.2852959054877434
0.4611965593173602
-0.2592403272675144
-0.1353304759097638
-0.1227937654899212
-0.1856477170902466
-0.4339281907252929
-0.2510533335318148
0.6265855599154078
-0.0628029533271870
-0.0429326094516778
-0.0078159613863578
0.1576725254430738
-0.4643034098391214
0.3313341127936577
-0.3163883668318415
-0.3893074002906062
0.0754848815534063
0.0900948996832224
0.1685660187349610
0.3105032331409305
0.2569046693090253
-0.2775662976037139
-0.6831202470861545
0.5396044915712173
-0.4870499435007777
-0.1911485209660752
0.0662002403331087
0.1209168689059246
-0.1259155860610280
0.0253178260029051
0.1944638120927986
0.6014618240571021
0.0957533383334393
0.1073387852546084
-0.0536156816786655
-0.5154385329443442
0.0224974739348827
0.5861401689276257
0.5295358895431342
-0.1635631972472628
-0.2439888297452146
0.1597715811101443
0.4081520366574921
-0.0756049288847438
0.1426526833099975
-0.3117074361341884
0.2877104918511379
0.4762362402943366
0.3080561363167426
-0.5293209526932020
0.1402047676003499
-0.1411341546008643
0.1050141391241330
0.3138559104732789
-0.4007677692929644
0.3951991208363795
-0.0726990195555255
0.3878446442306833
0.6151296660668966
0.1987647168369556
0.0334247012699888
-0.1147833744099792
-0.1709900170063541
-0.6721122429526892
-0.4116013898370905
-0.4084188619910172
0.3508537618111006
-0.0768613523118404
0.2975407343226456
0.2887667600371947
-0.3124796324841876
-0.1689098362732591
0.1855876310096875
0.0536334196734821
-0.4626310641326365
-0.4927555417923442
0.4558008098411278
-0.0823795228671716
-0.5907645710693598
-0.0224452904871514
0.5158899780375136
-0.2499404777986322
-0.0834602471876268
-0.0581726771779754
-0.2824766453259530
0.4742906328922473
0.1629994773264750
0.0233510152380320
0.1850955514481000
-0.7683472110094227
0.0219460325428918
-0.4814693600572596
-0.1453214924973405
-0.3064885441523972
0.0303342009979420
0.4615549132621976
0.3304798316500919
-0.2130239800303190
-0.2301662346802916
-0.3313320498804055
-0.3549266598588648
0.0930616872097167
-0.1414584582777539
-0.5612215222708689
0.2564272463051503
-0.4221820177423110
0.4045970862328583
-0.4098393764111199
-0.1598835004683870
-0.0885616828374818
-0.5365182562364121
0.1273723487633898
-0.2947182293457938
-0.2954734490682208
-0.1670243805762856
0.2214759275086207
-0.0457108073973170
-0.8120539310227908
0.1505388565189049
0.3388822344654070
0.1092814784205789
0.1574169248730195
-0.7655387704149164
-0.4196398735563756
-0.0746597882577495
-0.3603602305892089
0.1922627269532594
0.0689509299001322
-0.1409029631968639
0.0778881943274593
-0.1864933912431264
0.1735016460529776
-0.4497899628896062
-0.1035930090815282
0.6748881886846507
0.5205114527306842
-0.0318181561958971
-0.1470165575935044
0.0677326675838474
0.0568721319441918
0.2997903089783305
-0.6468083799425313
0.2084145903592567
0.1109461077661666
0.1851564993562565
0.0521995380995043
0.5149279378199056
-0.3384805925397537
0.1388934709427641
0.5906907542713083
-0.1653311372033485
0.0463268437484125
0.2003181783905355
-0.3220037574165480
0.0354377546791931
-0.6218517976947839
-0.1101869438618852
0.2787354008788873
-0.0626945364795055
0.3141838651291173
-0.4761399378308956
0.1940722037497161
0.4536896479088248
0.2815018185137411
0.2265146210492236
-0.0773456082411510
-0.5390879763200290
-0.2875566470549641
-0.7139793252634264
0.4898794252633966
0.1250607257194369
0.1217246807547555
-0.2835321556713011
-0.1310465495609234
0.1985531247906019
0.0108967287120252
0.3328422462389011
-0.3174629312539565
-0.1959984989288642
0.1609799105565737
0.1928375877708071
0.6169749682865246
-0.3423524854610310
0.4345289298874202
0.0154376569868706
0.0730658101569377
0.0831667421282992
-0.8331109813590420
-0.0622270573919127
0.0062327117198267
0.0328843982911812
0.0579368763138885
0.1684666756190460
0.5068931185957191
-0.0577844264978310
-0.2419758519243351
-0.6167994708079864
0.2613217658316331
0.0164105828841108
-0.3129901882141615
-0.4431726274315124
-0.4386747546542095
0.0480448897284701
-0.3407952867350753
-0.5869655267123389
-0.4563270834355431
0.1345217818019384
0.1540957791938130
-0.2682610499428577
-0.0960833678216633
0.3522906536241446
0.2897400694585306
-0.1308301942679710
-0.5972299057364856
-0.0239014131930458
-0.0164172464623820
0.5387984503950959
0.2767930625340438
0.2985196649308206
0.3958867770048549
-0.1122523775023462
-0.2443637126464184
0.2113343027034625
0.4516283781587247
0.2734734906324119
-0.1627366765133336
0.1599618709356342
0.6778927160392189
-0.2633187200870847
-0.1895308353867005
-0.3342622427393021
0.5087536360733274
0.0899084000332170
-0.2030156105469467
0.0260584656547307
0.2799635009172929
0.2381961625072765
-0.6165783974760900
0.2533272484223837
0.0194979851888031
0.8308925518669443
0.0122019958400926
0.1787064086246690
0.4073741846345041
0.0075743805427685
-0.1642013224906444
0.0380543035132358
0.2876303613473690
0.0638373257748005
-0.1319176244949548
-0.0873011731653991
-0.2480398771609503
-0.2918896111225133
-0.2460556708626523
0.8273747720774810
-0.0821047806020273
-0.2689686115043229
0.2920659616130453
-0.0831653914593962
-0.1216115831919490
-0.5125360550536565
-0.4216065356340457
-0.0599775455260653
0.4055732796457486
0.1354152322785019
0.5158701965433877
0.2470474439218266
-0.5368558947762454
-0.1296604436897934
0.4347303837092784
-0.1653314729269965
0.3779960616472268
-0.2585861065502955
-0.3274980069719498
-0.3171966801298122
0.3563646346742733
-0.2315603241826644
0.3568150135661080
0.4442392353246901
0.1620448304238341
0.0754481498322489
0.4307117745903990
0.4984146196605230
0.1698172401951314
0.4355886150490162
-0.1802088715416650
0.0871020135385745
-0.1907086914354387
-0.0131619919784136
0.6944390674736838
-0.1236916896346825
-0.4452154694969888
0.1946675383190586
-0.2560341365166647
0.0597639212853910
-0.4073884811399480
0.1330332645232026
-0.5729271311260010
-0.0216426530122211
0.2131767913503568
-0.5366137444143102
0.2917173521425971
0.4038426612163637
0.0399292552851934
0.3556471493019022
0.6062831950104340
0.2612467730555706
0.2604868870665976
0.1848878972886176
-0.2676216502822730
-0.3151894274340698
-0.0562667698574505
-0.4877091757436274
0.3627939620648150
-0.0410071278533659
0.4628290096604359
0.4350807853086959
-0.4148211527914381
-0.1599159310190569
-0.1565793451730171
-0.5506620332711681
-0.3735335973340757
0.0242873089158519
-0.0809124773884262
-0.4559587274994187
-0.4393518483582226
-0.2379211618844723
-0.3020549566230826
0.0365402582519020
