-0.6008685624412191
0.2796842915437763
-0.0536241934112866
-0.2786437381801717
0.3375769923719323
-0.2619047386787210
0.5455854313177716
-0.4697773469690878
0.1364064707877577
0.2771267273353901
-0.5672420433471363
-0.2942765225864339
0.2172982317672386
-0.4778311071737831
0.3291934346779496
-0.0414887683133798
0.2066931885232797
0.3462760236044707
0.6173367557583059
-0.5591956238284393
-0.1829666369709558
0.4245135698309314
-0.6104748859719361
0.2754847881394225
0.0046718105802914
0.4649754376689441
-0.1727091255390737
0.3537857383173216
-0.3783481139190364
-0.4667132157304264
-0.6995652981951289
-0.1429976773264371
0.1755852582830087
-0.0226949397287366
-0.3128039219403668
-0.0169522175406455
-0.3447893129106076
-0.4710293798628187
-0.3524270933266516
-0.3538961580858626
-0.6398630327516153
-0.0096035320811300
0.3247418201703414
0.2241017727862644
-0.1459360904426670
-0.2781722177193954
0.6654335193999622
-0.3462737584211266
0.4277110425857366
-0.1361071379043389
0.5284131726528560
-0.6092787113206179
0.4651024306517951
-0.2288560960715575
-0.0170695794900012
0.2490924801326451
-0.9224054569343263
0.0918876810882561
0.1006808860726646
-0.0218639863316486
-0.3429240196337943
0.0707656833790816
0.0866342148195788
0.4429289893927892
-0.3037962705181668
-0.5788254684356553
-0.2780077615636296
-0.1344254383961978
-0.0639038166421180
-0.5263464654635005
-0.5832319191760592
-0.0171378564207276
-0.0701815744717450
0.0162240538334139
0.1619226409238957
0.5775168276067926
0.5427831253830649
0.0121361606841919
0.3277499678019954
0.3422457443395061
0.8615786430993957
0.1438105744645508
-0.1061018800494950
0.0323059463300276
-0.5893956380880075
-0.0478476576679789
-0.1850068009208667
0.5161935716279215
-0.0461162705547573
-0.1771047402278298
0.5622697433265538
-0.0785165493860058
0.0834759743744024
-0.2591914742807821
0.7264190092910753
0.2621261798108526
0.4723189340233696
0.3165545864401317
-0.2246155988628999
-0.1534323620259384
0.4220843482082807
-0.2938647550358952
0.6677273241806029
-0.4504571052120447
0.1127974675357718
-0.0921290278206087
0.3475964626691378
-0.7631273567814296
0.1456213611399040
0.2563520845625331
0.1359311207578164
-0.4276988859399219
0.2556919225850409
0.3863020217921930
0.2126177175201427
0.5135249911718193
-0.6025166609437440
-0.1245138512569502
-0.3129666954372314
-0.0422504244708161
-0.3350466218901246
-0.5900801519476200
-0.2199036057051257
0.0729906109667027
0.6750339389017058
0.1685468282376318
0.3785162542236342
0.4432738648001600
-0.2167850545383892
0.4172605430734099
0.6487579147994923
0.1073376467424996
-0.0819963595125209
-0.0665202282983307
0.7574408089779486
-0.4872209412953101
-0.2978685928941478
0.1988782081603452
-0.1876676300056909
0.1448338869861566
-0.3351611405570031
-0.1116995553851435
-0.3634370005166390
0.7233808779347969
0.3387020147898374
-0.1574451628057175
-0.2834004890035080
0.1849826480195752
0.0132080655043918
-0.1543646536515934
0.6487441972336240
-0.1585917250959782
-0.6991680891765416
-0.0831993690139976
-0.2307727651932254
0.0816922552169269
0.4624632178127341
-0.2203253696896624
0.2709055225910301
-0.3261453276520265
-0.7056162080086338
-0.7198184757434776
0.0540483908542139
0.2512773531210962
0.3142893801579540
0.2402637376214357
-0.4995376466105600
-0.0987799916772269
0.4795106913250552
-0.1810076974706352
0.2872821799087069
0.1451549161981018
-0.7081641573292873
0.2577610016331220
0.2564517539089184
-0.1850134720863395
0.5621926400640898
-0.1031740716966761
0.3695649906815834
0.0898493507173396
-0.3991415230452601
-0.5788777227991756
0.1381242176407534
0.5526717627451380
-0.0629272910955337
0.2093641709928045
0.2304819947883558
0.0959988231815278
0.7518940744089739
0.0875425107337928
0.2190374689645488
-0.3483128340804968
-0.5766422464796451
0.0729404763798996
0.2785737676936296
0.6384333387693641
-0.6044527411106020
0.2451284074635218
-0.5079831720346614
-0.4379547025472212
0.1273151355826462
0.3262582909784858
-0.0452118002741109
-0.6107855554327952
-0.5618903274874945
-0.0021888904619427
-0.2206790632868892
-0.0822406547736382
0.4679111503759823
-0.1918641576539067
-0.1030580004904905
-0.9317379434359908
-0.0733176768658922
-0.2912726030452973
0.0277771215221408
-0.1680002256340626
0.0450843429321753
0.3994802257379926
-0.4891654379390172
-0.5757271647814236
-0.2253299642566076
0.1942205577600506
-0.0878317523597061
0.4164868794234813
-0.0923649245351171
-0.0721713779026192
-0.5027099984074714
0.3805261893698725
-0.4115381666610177
-0.1689950185738402
-0.6251555892020637
-0.0318166150231504
-0.1336592731799530
0.8848694321749078
0.2970481276244261
0.3168878418517764
-0.0387207839607897
-0.0892983547146289
0.2499080635843851
-0.0947551251346251
-0.1602337830251308
0.2090802006653384
0.3918592727355019
0.0350180385508184
-0.8392842652109467
0.5781664524574633
0.1884570575548182
-0.3323230518038552
-0.6192454404730343
-0.1431195882221102
-0.3305549148508819
0.0809579899622119
0.1104730040051305
-0.2960315679977458
-0.0554027465393394
0.8623991083700938
-0.3719554755465854
0.1202865339145466
-0.0232295859408068
-0.0484555931039993
-0.3583794848600140
-0.7482659904436576
0.4126157567102105
-0.1882686734340196
-0.2551031445735205
0.1963154029115889
0.1941324957888593
0.7451132292791273
0.2759685285895478
-0.4395133326098031
-0.1844558298659343
-0.3158757962011588
-0.0631409496374387
0.3299609278938743
0.0921455582843354
0.2308700955776719
-0.1933009732729704
-0.5576491408340097
-0.6220518863427608
0.3066718136315507
0.5655217782563253
0.0878219123143353
0.5548004062361825
-0.3418911696169259
0.2529395699474943
-0.4233220443871675
0.0678187887243627
0.6325547387246170
0.5019004895344924
-0.3532966685905859
0.0547604656303571
-0.1305014818908729
0.0890164429650202
-0.4418128479287923
-0.1331189567726937
-0.4898824842014683
0.4157568392977946
0.0225306495357919
0.4781719747680417
0.5594218529641553
0.1653235264610977
-0.1529366038416172
-0.2490948588786950
-0.2463648816977486
0.0742523637994336
0.2111385951173987
-0.7071030437783543
-0.5511613712453770
0.4310642136350332
-0.6937441345632175
-0.2084761704308746
0.3484483645050571
0.0810294700525014
-0.3224839519091594
-0.2397133055602726
0.4372279325472750
-0.6630343333147521
-0.0936509439830423
-0.1515211532885485
0.2890683815312453
0.4321376159261938
-0.2591999235031197
-0.6712179365626733
0.5298513932510032
-0.1555493223298043
0.3525348595378402
0.2839404829430078
0.1990570423993577
-0.0012883544558077
-0.3930227082800016
-0.0937393946221533
0.6898653645497096
-0.0687346266155756
-0.2699282156607951
0.5272472006593948
0.0725020989892706
0.3413144191983333
-0.3204946474439395
0.2032811728825431
0.6448467284884318
0.4649241310909353
0.2737295077758088
-0.1804295392071548
0.1882307453566851
0.1271327185555632
-0.0632790079973721
-0.2772679942354617
-0.7287676758095156
0.0051495010483609
-0.5799964157034085
0.1890338448509003
-0.5875736957606271
-0.4314688667413348
-0.1415350285335473
-0.6098253587467671
0.1653787880780281
0.1165705733247435
-0.6588166149804198
-0.2927164868027750
-0.0213598434688804
-0.5764476770398662
0.1168521824760456
-0.3289041675321694
-0.1603033840331051
-0.7056876165253186
0.0033173318368099
-0.1251668092501111
0.1043656750969366
0.0581869727275550
0.0601062602439636
-0.6844242635969987
-0.2272382721434387
0.2392267522689196
-0.4228447707150443
-0.5051349076922652
-0.0656778594003706
-0.2759548371399227
-0.6137668125806915
-0.4731141090791681
0.1346718834216100
0.1313418872730555
-0.0429172898370878
-0.5086521828361522
-0.5258855634181714
-0.4512773754254279
-0.1638080228433645
0.4432589595196010
-0.0946781268739639
-0.2224957576963514
0.7129408136254892
0.3925770593233771
0.2362599528412459
0.6141223175346435
0.5636249147127844
0.1479737306523733
-0.3036456904338680
0.2966163150808356
0.2752726449570087
0.1653104258807736
0.5022384042003701
0.3994253912740485
0.4809763473020145
0.2661474885754586
0.1974364545803445
0.0155307750298049
-0.4968106794771471
0.0871647118725148
0.0526173808031612
0.3701430934690291
0.1495537152920193
0.1925910406170749
-0.6105020305751299
0.6484269138297726
0.1467314352089094
0.2257619959084171
0.0881790432019112
0.5582669986167401
-0.4723978795188979
-0.2230340396992238
0.5789299459191305
0.2323032479632946
0.4410387320310138
-0.3514381390650294
0.0822179330507709
0.1261242665851232
0.7775916874154356
-0.0263689357071548
-0.3475815319343370
0.3834205708847630
0.1281603627155150
0.5170548397098290
-0.4497256923143344
0.4547584718789243
0.1983595033483170
-0.3353571535896921
0.0107789670648757
-0.3215184149715069
0.1536934941889914
-0.8253756672370156
-0.1954259440068883
0.2024532549145360
0.6164482462600497
-0.1570595635028911
0.5725010016120948
-0.0529042162514286
0.0841510708092805
0.5062254806154955
0.0377088889842001
-0.1397968411434421
0.3737526581694725
0.4159325945073051
-0.1545464926918431
-0.7954280655975388
0.0420419878306338
0.0969944114866790
0.1798132594231695
-0.5817466371644524
-0.0293928332435395
0.1605149139880918
-0.3087964767632415
-0.3803555261138001
0.6021490474276971
0.3981867692732447
0.1131574531217678
-0.5582200593980867
-0.4576601838884934
0.4873532300979471
0.2468308163831441
-0.0956116423047193
-0.0808487820905343
-0.1851547674032465
0.4700228696763248
0.0427474192629104
0.1493505954558719
0.5289751432714913
-0.6590235535303743
0.4803870331830027
-0.2089815014557158
-0.6319544134970739
0.4194328839735025
0.1124506290882881
0.3440493186635921
-0.1387430281021478
0.3213713910191334
0.4745093108943429
-0.0834234433616932
-0.2805999135548044
0.5055247642630755
-0.3463606962208567
-0.4586333408616114
0.2117391468778360
-0.0751072191867073
0.7552414053548075
-0.0510055243044386
-0.4294393935558202
-0.0571327551648429
-0.4345709964819264
-0.1152890608626014
0.2789922228860986
-0.0733808889820417
-0.3532475585970332
0.1618698919282535
-0.8662514467159866
0.0459320001908217
0.1393241254057506
0.5132153471716207
-0.2575710008021148
-0.6550500119510518
-0.2169126903665395
0.3707152305119673
-0.1930921011345837
0.3809204336628388
0.5921999402257709
-0.2022002889869529
-0.1334905175717057
-0.5197581866627254
0.0844489674137853
0.4101389742106451
0.7164817136424506
-0.0557829781951417
-0.3970621931754464
0.2100353733333865
-0.4546393978917603
-0.2436461485841335
0.1253337234099557
-0.0347612116044377
0.2997828694828018
-0.1052328978925763
0.6537371456860770
-0.0397705710537865
0.4332015273334521
-0.5303116152582562
0.1700131914764860
-0.4199260965503381
0.2528639653697449
-0.4100236047188641
-0.4516815292243578
0.5375600241523206
-0.2640285275149542
-0.2605079794419585
-0.4033413669065027
-0.3414013530421071
-0.0043734413999113
0.3924310773225574
-0.6214510615441003
0.3356691096862654
