0.0736886912145870
-0.6495060625301624
-0.4526133913063183
-0.2367833234709098
-0.1283396215192922
0.1791750480743913
0.0383891521013243
0.3336266124262148
-0.3878549051355214
-0.4165762985577752
0.4316419437517761
0.1150847848925192
0.3132478204423149
-0.0084187664129778
-0.1140468509535498
0.4999815572993935
0.3127430269541134
0.4097723718849143
0.4693610197541489
0.2782462033848120
0.1917447160857969
0.2869969544274217
-0.0652637238343841
0.4710930552407008
-0.2426637218774117
-0.2747980906891666
0.4717608531165841
0.2692117902885294
0.5541394419448817
0.1482474432975248
0.0372270365364066
-0.6415938049634037
-0.3767808847747821
-0.0105604211621797
0.0437821838990383
-0.2036086597764121
-0.0082168672490980
-0.3498814580535652
0.2248128572125115
0.1212186774601394
0.6749759370611511
-0.2903775221737315
-0.5116557540051746
0.0533820255665663
0.0879078359087268
0.0722827318754303
0.0102068331656576
0.3648136842106145
0.3133486827957133
0.5805549603844028
0.2416912160902074
0.1829481604675445
-0.1349759407711025
-0.5623587521010240
0.4400855800163454
0.1860307718099053
0.3887836652579416
-0.2922129598992912
-0.2509078024947146
0.6466097014623290
0.2116754572418119
-0.0474897847349177
-0.0839968550980104
-0.3576435297023444
0.3020804747460215
-0.6868836505588417
0.2756072876161196
-0.2440937235058033
-0.2004858420211698
0.1550117496448523
-0.3303140609066775
0.0125549185830704
-0.7234572529799137
0.1949366086500092
-0.1668121360406620
0.2497958113273561
-0.0580959762720537
0.2507338551875434
-0.4331986334697971
-0.2892860979708828
-0.1038988667701449
-0.5919287711052011
-0.0614061593061037
-0.3738189675986815
0.4385141470049017
0.0704409858179288
0.0569853243953380
0.2035778484518476
0.4856552358689117
-0.1682264179329867
-0.0325932861542797
-0.4910199740511709
0.0618394573507078
0.6408620593837967
0.4266789051953710
-0.2071684592749346
0.2600152878548365
-0.0942111614094450
0.2045761804999814
0.1976224580854117
-0.1002985240290260
0.0364333011219296
-0.0240597779033188
-0.7335245654872862
0.3715329337518289
-0.1499889136184217
0.4619884481455016
-0.1922350184815568
-0.2253332320543020
0.7161364261756068
0.4109261663379248
-0.0950745379531520
-0.0963549963644530
0.2184614819158617
0.1651995800162122
-0.1616480047430522
-0.3847640687590148
0.0967785698007606
-0.0415375366222020
0.0740215397937933
-0.3672438137602116
-0.0549526095421711
-0.1168395842485696
-0.3874541700854127
0.5413763593409223
-0.6234428283871820
0.0426744139537357
0.0708250868222558
0.6865694888009719
-0.1443412114765160
-0.3083208614732226
-0.0166721050682085
0.5265132971947993
0.3323918514897223
0.1338295386702392
-0.1745984722173155
-0.1012893775642345
0.0315991678185191
-0.2518601790794085
-0.5021965891855330
-0.6059993783467011
0.5103551464554321
-0.0139506759346296
0.1213677084752975
-0.3330391007907327
-0.3039279889621160
-0.2511645435664929
0.2923691849995084
-0.3323171706987409
-0.1145158409243986
-0.5279581428857650
0.2451984049176913
-0.4309741621145035
0.3141616631047179
-0.4269660496085266
0.0408327703121657
-0.2046304103530387
0.0576282268371277
0.5350239093869199
0.1685545783828897
-0.4588518998380269
0.3833199889406931
-0.4214191802769401
-0.6354110354524399
-0.0838920137347330
-0.0208110389346914
-0.0332686358235501
-0.0188620918268379
-0.5293661682341172
-0.3205329239786664
0.1635703064346679
-0.0619615875337529
0.5324275142046444
0.0080291731218332
0.4507684548617602
-0.3072522572311701
0.3106541952735744
-0.3774915639288735
0.2215719953785174
-0.3562597755577742
0.1593699773366251
-0.2679768362441432
-0.0531486266716531
0.4288783518821603
-0.3719725877058174
0.5044015701639230
-0.4862835158627954
-0.2536386138858476
-0.1497980443392161
0.0387265204437667
0.5393536324828291
0.1867160805311518
-0.0553110423255916
-0.4756020032525711
0.2945722793863034
-0.0138024104320936
0.3521179245936223
0.4822116516378263
-0.0482289822981357
-0.0811535407240142
0.1853066134363898
-0.4110204448863897
-0.4142983243588546
0.4221665976369511
-0.4697160216075744
-0.2183675534301968
0.4118573222897967
-0.3180818825969943
0.1483602198798163
0.0053156226887165
-0.3974654874325220
-0.4057101872762567
-0.1512937223592146
0.1280181664386839
0.7175709128221897
0.0043450229444914
0.7976295636115116
0.2262435242700741
0.0144527932699484
0.2332127849807631
-0.0031370456171922
-0.2824896988647773
0.1416323154589489
-0.3196019846492285
-0.2366187825872512
-0.4128358764608157
-0.0607085399775984
-0.5700265216078313
-0.2530540780940932
0.1135577108883075
0.1514592392473383
-0.0807106917218085
-0.3171065329827552
0.5422254020516865
0.0252567674069615
-0.0954027490805376
-0.6086945670978264
0.1433624851054698
-0.4398209843169764
-0.4173584249253530
0.1635416202403440
0.4354762487876738
-0.1232175113660965
0.1450388740173886
0.0343666918082069
-0.5494813350092933
-0.4040527362832446
0.0641929068893558
0.6674097873967973
-0.1842669809915062
-0.1003601665351777
-0.1378813525380389
-0.0604833260120840
0.0498092396131774
0.1999100820790649
0.4809634826973164
-0.0257286016933690
-0.2303928691931690
-0.7059482397704367
-0.3957509350421418
0.1176704694331523
-0.4704515782826721
-0.3631151637079016
0.2267466719999938
-0.1608543454674551
-0.3959290272865590
0.2810856032243159
0.4214392218360005
0.1971127501209702
-0.3424925571568623
-0.1792921421410423
-0.1940905315797416
-0.0419228720906078
-0.4781822921944342
0.2015292395203911
0.0366470095454717
-0.0703509242563471
-0.8062946292082728
-0.0524408449664930
0.1900261794637609
0.7929191069914956
-0.0023308398156732
-0.2335384247464610
0.3234484176126834
0.3440156596042971
-0.1686447861209155
0.0388779480010925
0.1664496939115174
0.3387968262605898
-0.3530748556170660
0.1145498866524853
0.4960480195288667
-0.5398578613085930
-0.2237218713972793
-0.2678362654850127
0.1828454855006117
0.2338863394921353
-0.2630655405415401
0.2596154479112429
0.0286010656622350
0.0134853582081004
0.3820384324456296
0.1052635854506448
-0.4118708173828027
0.7282129342440398
0.0736955266151518
-0.0515133150219957
-0.5000225554094965
0.5158360873824044
0.2632794631855769
0.0216842502418976
-0.0246102728904071
-0.3873084401644908
-0.1584476420674606
-0.4855219071640804
0.2450036243987180
0.1807087722112322
-0.5806369675233957
0.0285670325273819
-0.5077340808756792
0.0362173014903742
-0.2977769531273210
-0.1574548688434640
-0.4436140900929511
0.6536077932277357
-0.0740865202779989
-0.6101076756402400
-0.2376296615284930
0.1277497789924221
-0.2770251141006257
-0.1199783966697212
0.1225946679005454
-0.1269709419183200
-0.4889696887743726
0.2373466574588340
0.2544087172192609
0.5765446464325850
0.5124132763543037
-0.1554151224269969
-0.1007018198260826
0.0945750594483987
-0.0405112142089661
0.5639036495984345
-0.0811401080724882
-0.0844076145343538
-0.3383780745631686
0.0266765123769173
0.1229603723370589
-0.2900011038877942
0.2273463554348975
0.6341819100475508
0.3051657770776324
-0.1642699170454530
-0.4105326463080893
0.1945630303513760
-0.3033479845803192
-0.0699230758052690
-0.3000882456958564
-0.5395972443194774
0.4420068312020188
0.1117833537053556
-0.3392634372410485
-0.1075387592955965
-0.5356449560923343
0.4120473538776954
-0.1568768574438974
-0.0534386700217920
0.6047164310605063
0.1048507251307309
-0.5336649825697579
0.6263977143542621
-0.2554172145969430
-0.0941518341571869
0.2800430007363851
-0.2647840289207776
-0.1765553668037460
0.0235488674206942
0.2616563729512283
0.3931047204212698
-0.0604841636955800
-0.2263838965953578
0.3937269447269475
0.2261982295730934
-0.0653773630527432
-0.3235301279441496
0.1134703377345429
-0.6801122474915196
0.0558913505161153
0.1699208762544694
0.5064123494475211
0.0442423570492337
0.0978012571248128
-0.3036560619363555
-0.0114340635082325
-0.6797144649622477
-0.3816773734282048
0.3356681362493087
0.5236081547678840
-0.1002875969971459
-0.2815668157750012
0.0238162587815071
-0.4169190397618887
-0.1906182735387292
0.5295283349715844
0.1808304318066081
-0.3680031122396093
0.2573156869733240
0.0696876711399829
0.2137308334127352
0.3626456934601973
0.4584834350108305
-0.1811964320595571
0.0213002098450786
0.6105901250954483
-0.3260080599288085
-0.3521112593065420
0.5256722158011438
0.1811494190843866
-0.2838565928465969
-0.0478189294520972
-0.2104082181997352
0.5773771716386111
0.0096324191825118
0.4922276288216267
-0.1152362951399103
-0.0380560974597749
-0.3783439567450798
0.7302395301399797
0.1430858986394491
-0.1217115548396966
-0.1657634220150165
0.0618512822788181
0.0541697103175736
-0.0062749772732895
-0.1417932391570618
0.5967916121113136
-0.3003532788814827
-0.5978533128309829
-0.0643421511557846
-0.2197212050546135
-0.3474229699133518
0.1533319969017864
0.4616289317761397
-0.6833617828590559
0.2607803828444865
0.1614699552466459
0.0989192363186752
-0.0336730974766936
0.4045576707582925
-0.1665531311631007
0.3851546269442694
-0.0737106619485912
0.6604048489772534
0.4196467070741443
0.0546103815822532
0.0567629722147113
0.3504276586740643
-0.2927296738508360
0.1388891415477435
0.0295199459961912
-0.0537658416262622
0.1913086836623605
-0.0875495018750501
-0.4306855714160396
0.3100843006097692
0.0073531432891753
-0.3938554754205148
-0.7177432272016546
-0.0677357928705692
0.4416667958103813
0.0166158092941892
0.1237063858746258
0.0180813377025551
-0.3480060655438275
0.6949191198787452
-0.4211119978593708
-0.0554967969846427
0.1233250062874119
0.1937333156200639
0.7574942930408179
0.1110108487885971
-0.4388378487806411
0.1370417769891922
-0.3383245038062796
-0.1819709924749786
-0.0469181688050880
0.3334204706669248
-0.0661219594591383
-0.5762937467911584
0.2546422064668555
0.3497763425294760
0.4000635523298733
0.0089772336391744
-0.0586355889433533
0.4489860594739990
0.6694048853169673
0.2541196721404717
0.0884945346620384
0.0125629795027339
-0.2079584667719504
0.0407610968414375
-0.6313706279341099
0.1361162568421852
-0.1314019958503783
0.4452076797853021
0.3729222364654060
0.0267150269236656
-0.3628856310396953
0.2404377686100172
0.1701058028173291
-0.0242347833136132
-0.1049751522093998
-0.6572412353932771
-0.3391856930002112
0.2579567434398441
-0.0179598401468077
-0.1796011583796833
-0.1177908846930514
0.6838171164605363
0.1674946123734711
-0.5073972721099540
0.1372780901255468
0.3973579506848741
0.2816177106459922
0.4501506154997036
0.1104295558336214
0.6156185130347556
-0.3791434627461767
0.1051840485671307
0.1183003260199412
0.0131639848819700
0.0659695207457573
0.2043663456799165
-0.0745120168506408
0.0672186389443729
0.7400771823696127
0.2884218782598700
0.3792814126483425
0.3955391152217125
0.1122721498651116
0.0722363312092944
0.1736728123107103
0.2280236203460900
-0.7128892255976490
-0.1744380653797901
-0.0694639471811990
0.4523151521413090
-0.3244797689570673
-0.2434827537590147
0.3349486907547117
-0.1469018421147928
0.3793608325466865
-0.4260473647281113
-0.4890110844379108
-0.3577087288953756
-0.2561057511887500
0.3107033200843005
0.1076296462330599
0.0177717142873441
-0.2308185533608176
0.3076342604812576
0.2096102514633015
-0.6756774777085872
0.3545389725777809
0.2521355516966076
-0.1927321102644495
0.3533775971108842
-0.5902120346791500
-0.0350055032261917
0.1219001982200531
0.1560445967137524
-0.1429040873624381
-0.4319644229354770
0.0098718436146773
-0.6094624355016033
0.1807153560806705
0.0804522331778277
-0.4038416266072897
-0.6075139268544638
0.6088832520625307
-0.0818254114712133
0.1196211562981335
0.1378716932712228
-0.0908192624096565
-0.2058301037381580
0.6611091920028955
0.2221730858717560
-0.3892189669546890
0.2176551086881459
-0.4440999944551125
0.1041406976037292
0.0956614755733137
0.1692660675483177
0.2623669111828293
0.3080569886964338
-0.0175142060573076
-0.4568654756488357
0.3089697121565181
0.0719213274138216
-0.5862372817249979
0.3419818064821177
-0.1556066108508805
0.3325567580203387
0.0197578027226475
0.3610633541413876
0.0141630210335608
-0.1148273456941467
0.0407140672290541
-0.8823070681603420
-0.1118987571455471
-0.2485036730068013
0.0381859646881435
-0.3243463567609700
0.0818897758945052
-0.0314892201879652
-0.4395748109531218
0.4149204323498055
0.1871499752439022
-0.6774167813569327
-0.1024542179392573
0.1315350873137679
-0.1257557278680171
-0.1710856791169153
0.2794011167045699
0.8299582093127842
-0.1442047129964550
0.2581292596159589
0.1261362074776848
0.1534468201135724
-0.2472601680982034
0.2070763064465949
0.1481259808624465
0.5214670287207163
0.1933653763087286
0.0584962032737930
-0.2063539792762317
-0.4785778768194096
0.3533962948240302
0.4753215441858641
-0.4446960482568290
0.3165813279318602
0.2212993348565861
-0.1204483466850100
-0.4128524216775012
-0.1799267880866368
-0.6148650526249305
0.1860490676892726
0.1518105001601784
0.4260533144451559
0.2788408830288605
-0.2627173436426520
0.3673928822835437
-0.0339446988412069
0.5845747099634296
0.1729762824297766
-0.2031281853260560
-0.3502380826429231
-0.3215468261920468
0.1078384476652230
-0.1681710083183845
-0.2423686485399887
-0.0291641276598159
-0.3608967391096861
-0.4066614715585100
-0.3549326211108330
-0.6127860453014187
-0.0118124865604519
0.6785192578920689
-0.1813766120247033
0.3609040256460905
0.2617689951578242
-0.2037358207462410
-0.1164990822846454
-0.3173461331716842
-0.3898858740971199
0.0390085659423768
-0.4412100939505607
0.1893884032619160
-0.4856760408466504
0.2879986245771823
0.4325328081292343
0.2374501967743265
-0.1354843977206517
-0.4327774774595804
0.3943841967872193
0.1315605394832258
0.2741296129774263
0.0369378588219981
-0.3543231301571489
-0.3484294319877457
0.2012129348963889
-0.0969487909368626
0.6736525935350314
0.1133878290914440
-0.1370050246434700
-0.2211979883411474
-0.2379358672665021
-0.0422941624493009
-0.4915611368968223
-0.7806893221897894
0.0315915915794070
0.0945293739219809
0.0233062329074305
0.3383041856875625
-0.4377555008251001
0.0499201315177164
-0.1592941322454207
0.3124794507104329
-0.6522778982890685
0.1287407124135242
0.3547203745308384
-0.2878336431544508
-0.3971001569931679
0.0376708556532986
-0.7634687412708060
-0.2755293748745182
-0.0342211356607992
-0.2252276092835116
-0.0366815653176294
-0.2144740337634879
-0.0166415151699290
0.4845364666918208
-0.0979310695163526
-0.2899591806700644
-0.4338454583482927
-0.1629445645310459
0.0259587652952468
-0.6082270508649648
0.2930765016987629
-0.3771916833242187
0.4584360498763356
-0.2034121835762997
-0.1499982455775006
-0.0437963164934739
0.6065199752567347
0.1495947271924928
0.4193623086363593
-0.1251355507790572
-0.1793406806184407
0.2024240929452880
-0.3478086453962612
0.5589412739835097
-0.3336827106087215
0.5150911535428205
0.1308404424613628
0.0861393368536591
0.3037646304979731
0.7384093648529070
-0.2870528598274936
0.1196996654139794
0.4074798319317933
0.3283116256603241
0.0590332969715171
-0.1873541568434733
0.1578459978536478
0.1438542644866958
-0.0200938008837023
0.3947846811187823
0.4781943750862001
0.0086520099206236
0.3322857331840159
-0.0818123704444163
-0.5951062903694495
0.0391859251838466
-0.3770974291546744
0.0849153395231490
0.3874015165234886
0.5979433685263538
0.3144004179320118
0.1965762593785397
0.4747610162036978
0.0181795122292386
0.3474072791230449
0.0355386386614040
0.1088988082820806
0.4039711902646911
-0.0082561412804696
-0.1123894297119402
-0.0553827202627179
0.3118305494098388
-0.5531826978091186
-0.6026020902288807
-0.2068885343814930
-0.0248745238905050
-0.1188678247910887
0.2138537136733324
-0.1209787456964432
0.2288566265954801
-0.1660171396571536
-0.3292535711485053
-0.3968034803705996
0.7609759971139859
-0.0186729879496678
-0.5081773381216219
0.4681952491400674
0.3608296651594046
0.0943304656405825
0.3750733723076446
-0.2641589001582303
-0.0334232078387357
0.4141581427993914
