0.1115784315910974
0.2406908849023139
-0.4571760374251214
-0.1390902750395408
0.1886224686122026
-0.4119743249796268
0.0319709816655052
-0.2782520782828115
-0.0553253823816936
-0.5624392261136287
-0.1570613406027782
0.2710118616559809
0.0537473702332867
-0.2673146593095036
0.2148454089671626
0.0212487517156562
-0.4152801699689254
0.0760357786054360
0.0476013013297413
0.1121719347613475
-0.7239851198868839
-0.1847367041275920
-0.0761914192329635
-0.3490978542461723
0.6522349298637372
-0.3212391860692035
-0.2159011104929455
-0.0656024056838689
0.3979392075212401
-0.2179646144583784
0.1896206323276411
0.0818649891406260
0.1471377529645246
-0.0639302207918434
0.3636681363516675
0.1181730294536530
0.4426177321080372
0.0672931364993314
-0.0646960996913495
-0.5250136999910257
-0.0015518078353502
0.2138624575159039
-0.4335774888828181
-0.1862307025354439
0.0518006085509230
-0.0205743645990725
0.0433616939427197
0.4963249844693714
0.2015946739115190
-0.2535543376921510
0.0486301678672883
0.0100748332157719
-0.0631000476126940
-0.1618985802866349
-0.1681160580140667
0.5723376448496672
0.2260783670552335
0.4087355372284693
-0.1152207236067153
0.5245238337986274
-0.0713642164042169
-0.2489788741682885
-0.0303765468549805
0.2755860753651237
-0.2206679170569499
0.3648869863738483
-0.2617606910887680
-0.6364319005823139
-0.3248972338555976
-0.0581184189509029
0.0036358345904943
0.3028134754234872
-0.0461913782873289
0.4904698834933687
0.1023577527111855
0.0154650767009556
0.4308047238135938
-0.3228364725186513
0.3910264431381543
-0.2994402647153643
-0.0973558454596883
0.2780228115918579
-0.3464568269214448
-0.0860229334241915
-0.1727135204571973
-0.0099760976472750
0.4472880854520177
-0.0906622612661278
-0.2025598608401521
0.4956597232831828
0.1983112949629898
0.1305774062990302
0.0824372828457571
-0.1415678868898873
-0.0242858165303368
0.6255159310372252
0.1041917228811584
0.0234014239943020
0.0900531493940999
0.0449122093961880
0.7166356458182446
-0.1207097313396898
-0.4591487385440903
0.0336100446358175
-0.2772559034201202
0.3504804302135228
0.0858293990601761
0.1769492610269233
0.4858340963409282
0.3517621502973267
-0.2664525830285392
-0.0925037811179505
-0.0636987867755353
0.1890651720007817
0.5000936258661025
0.1804287802838365
0.1518642847192027
0.0489028201776670
-0.3167882154107015
0.3352824445484980
0.2383756829484227
0.0908636645341014
-0.5328527741360277
-0.5505733506519384
-0.1266810595161925
0.1631895166391247
0.1048376131907564
0.2135534229742771
-0.2265819037905049
-0.2421850974842272
0.2170089134806429
-0.3024846888857349
0.4057646061025142
-0.1611027899869207
0.3685057401632650
-0.1949433872668510
-0.1654516055891342
-0.0467738301330608
-0.0644309323633321
-0.0443696095069605
0.2545442427088579
-0.2044222209924953
0.2794758200736590
-0.6443846588122891
0.0654169627681159
-0.1956701962089117
-0.0808475081497319
0.6009139460737081
-0.2312274863782124
0.3918636672145674
-0.0085142487463599
0.2958809014346342
0.0065002284857186
-0.0653791945540408
-0.5360940823255745
0.0586946639596878
0.5422364438810744
-0.0160913237180170
0.1357875553010271
-0.4241096440725368
-0.0403526320681463
-0.1476869297794202
0.0744392027849265
0.0688198978532510
-0.3044638533234998
0.5817889316256972
-0.0980060799798110
-0.1814236197637632
0.1297717716501030
0.4386347128461104
0.4183092412029092
-0.5641368049471993
-0.1724169191219012
-0.0680501702976497
0.1149443849152535
0.0069624464436293
-0.1470789891874086
-0.3680001669544166
-0.3010434296455667
-0.0471520366975646
-0.1780298039842503
-0.0270878589861039
-0.0502417895925170
0.2498438964071753
-0.3409587084718587
-0.2089966111960288
-0.3821554269309480
0.2017592222832481
0.6533045840310864
0.1218064225782773
-0.1277690804923161
-0.3130093070261035
0.4487911184597281
0.0930477747776069
-0.1949931727399886
0.3865822631282694
-0.4545999973449421
-0.1098078802334586
0.1467436592345780
0.4261088414829395
-0.0449604055155727
0.1794027340094372
0.3113324896627937
-0.2224958143501304
0.3215603928432507
-0.3480407019365112
-0.2838929548005848
0.0622722819637766
0.2277432078628517
-0.1241164087862354
-0.0902647991744378
-0.3694211767167941
0.1169403576682697
0.2697611631383414
-0.5973627144942334
0.1892448154426510
-0.0657952738784822
-0.2262557107320051
-0.1829752373541219
0.0800469449912796
-0.0361327260180647
-0.1371156391672442
0.4246998841316704
0.5939667169170639
-0.2248969963806209
-0.4626252312257119
0.0398690186885703
0.2917684997217664
-0.0600897662341289
0.4024393623759712
-0.0536904405067365
-0.2267454819958454
0.3205299739937081
0.0522188362039822
-0.6113904706018021
0.1137185468635361
0.2089785870960899
-0.3931459000193551
0.0646458527266184
-0.2924453474227321
0.2049557630928765
-0.4902382534443777
-0.0057205765581987
0.4766409462655294
-0.2590452938112255
-0.4696222065413779
-0.0287592109178433
-0.2004852409869747
0.0485993849758771
-0.3956699642294849
-0.0325321034880603
-0.0423604724035653
-0.0828604622407187
-0.2965735299663787
0.1181138637696043
0.1000422293037157
0.6410999968476646
0.2796544707952046
0.4472411343948050
0.2746836820112571
0.1483222431974598
0.1867234539988653
-0.2181620480096751
0.1098524051529640
-0.4490310180246731
-0.0860898653832852
0.4842236582606106
-0.2696277557945773
0.1089331934142524
-0.3130673478648686
0.1685269188818855
0.3133585910401750
-0.3922773550897054
0.2516561137733727
-0.0472710257043553
0.1669388970132396
0.4818084768123467
-0.1022112263629119
0.2264258593651949
0.5580648163675358
0.2683691442319753
0.1726061393859757
0.1483307527527308
-0.2805319826341766
-0.2475452183985804
0.1574169750468643
0.0087911443709079
-0.3256644622827523
0.2825752745625456
0.4485133569313500
-0.2770269020542058
0.0483910868227582
0.0417479270913055
0.2276113321813168
-0.3100664585245796
-0.1152982093987035
-0.5235223386915189
0.0196413598100091
-0.4377556555347457
-0.1040444678551434
-0.0014742959908366
-0.1264846820243708
0.3997982784076183
0.0019539696349891
0.2693480790697632
-0.0851156555205861
-0.2557796192539905
0.1727916869961089
-0.0497399319623334
0.0651263066351724
-0.6281947426738763
-0.4977344629869359
-0.0408525241323646
-0.4567491216695072
0.4088462581758855
-0.3582112772535720
-0.4998280450403869
-0.1532811853079154
-0.2179933810662364
-0.2207935148076078
0.1221968761718505
0.1306421892533449
-0.2895149484237587
0.0939589212482345
0.0592355734884742
0.4761259122356734
0.1902955155257839
0.5200006942244237
-0.2871438139091426
-0.0833635774940066
0.2952709603213556
-0.1302481911745481
-0.3318166786435124
-0.3105364766274310
-0.0390999687550254
0.2481280938891707
-0.0812257997356878
-0.0402863070459852
0.2447688167953899
0.0862523212125672
-0.0535406248505300
-0.1699851656267638
-0.5634205875168822
0.1998665296974450
-0.3208245388126609
-0.4164569643392313
-0.2994782577986425
0.4113698924485085
0.6429700066657139
0.3778469541113488
0.2353478116898121
0.2007433067960539
0.0413985105118868
-0.4091741326509265
-0.2886373870822268
0.0056416481964186
0.2302988830533744
-0.0229515519831209
-0.1991503270056871
0.0492839037279348
-0.0192612578665386
-0.4774559921073265
-0.3886176142852639
-0.2665503865651487
-0.0905684384662946
-0.3865989892100988
-0.2097900916281549
-0.0449683551674626
-0.4856436981990568
0.1210376793457091
0.1497359267011798
0.2701403258534065
0.2153962593599787
-0.2685207092724184
0.0936676041982470
-0.1838894477332038
0.0963420348711183
0.0280755992549075
-0.0289912233478287
0.2042653405210941
0.5786999519556796
-0.5295599378408351
-0.3918123299786668
0.1320341610071615
0.5056208070863550
0.0811794065893785
0.2983395324073981
-0.0304596197256136
0.2105303386518238
0.3991661320399118
-0.1200023700445568
0.5994326952391472
-0.2016291515167505
-0.1693618556263495
0.0289873544103132
-0.0163850346180955
-0.0190714059908617
-0.4471375430738587
-0.0268751847191998
-0.4155661180871940
0.1364329743493279
-0.3483622246248232
0.5127064315228556
-0.1487873233380823
-0.0860753738063468
-0.1933100908794840
-0.2422706522413763
-0.3127910585296258
0.2435602655335575
-0.2234818286356225
0.0891067084854259
-0.3266642679442205
-0.0395407926631865
0.7129311848660116
0.1579179123643484
-0.2356344593242766
-0.0090422963537439
-0.0080858603090484
-0.3615486456124651
-0.2343589946307168
0.0062035080097529
0.0257202847633702
0.5133670372753589
0.1452299858139104
0.5387984558364698
-0.2976606206851357
0.1402800946038108
0.0277964656813329
-0.0474003687989286
-0.5373745391833396
0.1405963680575766
-0.0672325895608763
-0.0078891727293572
0.1057711504639085
-0.1924683447425615
0.0119157661482360
-0.4181071806200912
-0.5663544287020655
0.0962152662893669
0.2290018684060532
-0.1804309958243530
0.0905021253773252
-0.5944938759648790
-0.0111821895664122
0.3288151220242457
-0.1424083194816537
0.5600195730558903
0.0945526561187292
-0.1727971147975920
-0.1612921276789279
-0.1491549269583310
-0.0544523586212724
-0.2706701932867225
0.0841232185080221
0.5375099492026703
0.3141593532571866
0.0439817166767281
-0.4705276314112586
-0.3148124677076276
0.1110491863670109
0.4671805119516877
0.2215799134127817
-0.2114855509061886
0.0012276100848796
-0.3018356976607581
-0.4588086594636092
-0.1286998767897708
-0.1870127758972990
0.3191366423719479
0.0045633221919847
0.3138794873603952
-0.0694545440045634
-0.0235775691379047
-0.0357866113564163
0.3645060435143987
-0.6855975164457082
0.3244795673297846
-0.1794477525945524
0.0365881428414706
0.2263058593174417
