-0.0979112117751826
-0.6176392476879907
0.5919414029726769
0.5084688090442394
-0.3035336322735320
0.7588911226751902
-0.1814429318886016
-0.5468364110694294
-0.7552752959074500
0.4226632888807962
0.2736039067176166
0.4195901260197150
0.2600766989351259
0.3891018564149714
-0.2911987352013468
0.8343639209736762
0.0974308900787315
0.9224584314598994
-0.2482311854125827
-0.2792112864403445
0.5505163571445114
-0.2831248770163374
0.7472029429151915
0.2417846286050822
0.5905338309868371
0.5510443050629430
-0.5695417177358850
0.1524539277164269
-0.0701022540421519
0.0019040672385872
-0.4373120434240813
-0.8965713720515590
-0.2108616729127112
0.0826214871378269
0.5380351285647672
-0.8119293350962762
0.1006012206071125
-0.9509895612916255
-0.0687271232889766
-0.2842091329481558
-0.6341447863164276
-0.0812841879956143
-0.2371575491651068
0.7314434821936593
-0.9096495468858332
-0.2844041037430587
-0.2102945086025845
-0.2177802270090274
0.6362677537633794
0.0781404643077753
-0.7595501549487341
0.1101860947489424
-0.3144763952587398
0.7106670544930807
-0.5906955892642198
-0.2171074740928877
-0.2343082972872793
0.0362590793187273
0.9657638977181332
0.1052853021725893
-0.0492335959004092
-0.0334874268260871
0.8169224588881382
0.5736657053053119
-0.6548551308121023
-0.4780584032565651
0.1111491307471427
-0.5746919100344134
-0.0197257525513471
0.2945148954619043
-0.7216356627757516
0.6261899402318345
-0.1131784394934165
-0.5521926380189873
-0.4905350432521873
-0.6645670039153627
-0.6357469240626369
0.6434151463299224
0.1604419750318099
-0.3950964067996982
0.6903353281155613
0.2020805106395961
0.6666248974040236
0.1954785106764821
0.8006642100993443
0.4692620378457316
-0.0120648263409429
-0.3722692607081967
-0.1244819199089036
-0.7615792246139875
-0.1964058973786522
0.6049182256528872
0.5205504083768436
-0.4014418595513427
-0.7528988809072745
-0.0318587643708149
0.0399014570718579
-0.4699843234771754
-0.8738498902062580
0.1179363336540322
-0.8415753368428165
-0.1831425753180454
-0.4068323228761995
0.3044621661010279
-0.4523820064426253
-0.2434544917273905
-0.2066813668867424
-0.8326843599387047
-0.2992614793083425
0.1431493997922047
0.8467415854232743
-0.4159080473568575
-0.3399248995255182
0.6741612985010690
0.5722040907224641
-0.3202188077649359
0.8358430497513736
-0.2764377937714865
0.2119012658911054
-0.4243187432471288
0.3186232371326015
0.0574472411302650
-0.1093643639165576
-0.9397970435954722
-0.2546361434709885
-0.7573527475372900
-0.0463741577944005
-0.5995220494066922
-0.5707032589779746
0.7433603120031397
0.3417332592253404
0.0702254673871255
-0.4893390466936358
0.8552350401995813
-0.1513861081032016
-0.0787563944651496
0.1464397097900218
-0.4310928609164763
-0.8060282997754510
-0.3781966903934481
0.6021293951648361
0.0182968582955743
-0.2246351427995767
0.7659271956748595
-0.1765120395850503
-0.3396411194236320
-0.2904339743980084
0.8770037151537985
-0.1551146853616094
0.6638515907077548
-0.2331804347980033
0.6934460214950885
-0.2053462247114975
0.8462411183676772
-0.4218453601406523
0.2524982964464543
-0.2642531438109685
-0.0971817159339901
-0.9367881316840720
-0.2077353759233380
-0.4297836008602535
-0.3753008935869485
0.7811643305890482
0.2534118866979144
-0.3288101165422788
-0.8690776251480331
-0.3194145750040184
-0.1859094349448413
0.0690486551676764
-0.3759515641667092
0.8977433639581591
0.2189738730744568
0.5318880837157810
0.5225183365935362
0.3875475909247709
-0.5421037899637713
-0.8506056555192167
0.5249588749222890
-0.0251735710027496
0.0159527352519219
-0.1157596950402380
0.8080593063651776
0.5626771096759638
0.1305155954187936
0.3404373964111689
-0.6940438045009180
-0.3541410445799903
-0.5262981066871415
0.7528725833166811
0.0541432683779352
-0.2461057389062368
-0.6080159085557197
0.4721255167272765
0.8401984118382618
0.0918011968241479
-0.2504728836842802
0.6928913689363159
-0.5260539898042642
0.3350040411695244
0.3618577663456473
0.3177487415541813
-0.3577959737235861
0.5784901882204616
0.6605807146447586
0.1651916646137846
-0.0549103131401358
-0.0569292617345039
0.9830847525067935
0.3261143212438325
0.9084853998603211
-0.1924141204596196
0.1768630373143528
-0.5850551106130480
-0.5353447972426876
-0.3839379192757746
-0.4729779484848409
0.0348509226043646
-0.4582550717542959
0.2070311442466923
0.8636699645796390
0.5269954973713640
0.6827282160820596
-0.3880539437896740
-0.3249185519864906
0.7499694601190937
0.6471385883667348
-0.0939717124458994
0.0996331952482216
0.8983703757857996
-0.2128355003386358
-0.0657456335022424
0.3785620548621756
0.4995058896861981
0.2475477352521685
-0.6188064964268635
0.5534369927283792
0.6132422365737341
-0.1271831421711787
0.7406479406966957
-0.2433085193149926
0.4765740981566597
-0.3993687101160274
0.5152819132606914
-0.5898019262539149
0.1537278961269941
0.7450353595777793
-0.6488320508141561
-0.0175218939465371
0.0276858710686228
0.4548609657360882
0.6696147082832901
-0.5864734749700871
0.6616593129558730
-0.2792585948296470
-0.5137319479850985
0.4693624147841084
0.3522411114467686
-0.2558588419214514
-0.4749871109985789
-0.7647546644529751
0.3145457959806062
0.5654561420575713
0.7323808801968752
0.2119871221615717
-0.4443938220044962
-0.5091751709573261
0.0890703107929657
0.7316565150260458
0.2625869191560199
-0.4981056758659557
0.7941002434543628
-0.2287873442828321
-0.9864097972893145
-0.0448652253139967
0.0409100565122450
0.1526734772163873
-0.2159405377312920
-0.6752441808231082
0.5194668901370411
-0.4770420636382096
-0.3969688419828846
-0.1631063107147941
-0.6615000274850379
-0.6150038890422328
-0.1478447163706658
0.9460252835184404
0.1969629961267008
-0.2106743480871013
0.8747876829572007
-0.2271009817004932
-0.4277818007053751
0.0132054853114640
0.6537024333903088
-0.5668044095830198
0.4853472188024559
-0.1258728209644727
0.5213171470322546
-0.3541874171307304
0.1193619784305574
0.7671586692865797
-0.3703810699687438
-0.0764076382330756
-0.6681833600186488
0.6407111152638457
0.0463107367730465
-0.3772715172688988
-0.1120129073748997
-0.9181364966597193
0.8668045607188817
0.2005815807292199
-0.3545721128103804
0.2875682524311350
0.5558680061897657
-0.7176905051479396
0.0960967235507856
-0.4082848493857120
-0.6793874709329383
-0.5921910452575004
-0.4313433375379930
0.0410530804905077
0.4531464594023235
0.3607303314497033
0.7802878667809416
-0.2359719459125877
0.1971351664704766
-0.1707723037784840
0.3330448309898193
-0.9061212319297068
-0.9044073868498739
0.1717361379726472
-0.3858489600406570
-0.0606181289810724
0.2277019699556102
0.7634154032081061
0.5510766209586031
-0.2483209472754713
0.3867036028363772
0.2509332973876828
-0.5286567840190262
-0.7127515756041308
0.1563938909682364
-0.0223293275170128
0.9470016902122080
-0.2796965332922003
0.2348116075886006
0.3566659092204995
-0.8786712640681845
0.2135175586278336
0.8164097360003341
0.2821443886027502
-0.4599535923756486
-0.2056997321451364
0.2989011419283471
-0.5266183118290855
-0.3087452749792808
0.7334900245935064
0.7551899312111793
-0.0492114852046236
0.3711778535643036
0.5380459074694333
0.6003056726110412
-0.0718826005483020
-0.6823732778852458
-0.4108925660042586
-0.5217590652069272
0.3652737732537799
-0.0135154220287968
0.7708176709279072
