-0.1639360970265153
-0.3380897808259626
-0.1037299287598503
-0.2040507831606783
-0.7977444419282049
0.4123438387273569
0.3380083013851832
-0.1130441502659601
0.7547561884206681
0.2956786260309434
-0.2208847405568649
-0.4087769389577098
-0.0353467176235689
-0.5850742202824926
0.3919650028515492
-0.4423183174200727
-0.1304415613983136
0.5386480372082534
-0.2746846562737727
-0.4773052903792492
0.3785372437140653
0.0704969387772024
-0.0429283291410737
-0.7393408514922581
-0.3571719501424668
-0.5806197918420769
0.0291344982162917
-0.5256127654245705
-0.4222407636252129
-0.2826729465695437
0.2235537214450068
0.4127100708255846
-0.4052867126146503
-0.3171612513366681
0.7058549485981980
0.1288966401239125
0.1590195392163345
-0.7682514679198460
-0.4106486214076723
-0.4215278954694058
-0.0667455850405555
0.1836557598909775
-0.2318698317050189
0.5438010662411904
0.2409409403847269
0.3607109944263605
-0.0650317073431938
0.6768476196948094
0.1250666175478690
0.6103273268350468
-0.3685820915015984
0.5153228169816740
-0.3988039267035793
0.2267244130253883
0.0011925281968805
0.3270496531985242
0.9007192671926164
0.0216163222848774
-0.1406917754530941
0.2479525415436457
-0.4829885444281984
0.2302366752454754
-0.7368543869678496
0.3083513467344922
-0.2442388413171126
-0.1265922078501429
0.7950691803301823
0.1043274753318823
-0.4382040682594989
0.3317755218008142
-0.0414762683074863
0.2305703650556052
0.4150597363083098
-0.1663596528168101
0.5544185122354190
-0.2062426790822204
-0.6424089852263941
0.1935061950594713
0.0935256447723302
0.0064477803492051
-0.0051539293226568
-0.2582942874010550
-0.8807831646286091
-0.3856032869593035
-0.0509630847439766
0.5945969786908758
-0.2759573176839653
-0.7205294747891694
-0.0594246630659769
0.2121573499110285
-0.5645715170150355
0.2630097701634536
0.1287308383744484
0.2030376766034640
0.3111194973605915
-0.6763827278005262
0.2005811234698829
-0.7276190151466723
0.2660021654714998
0.1347097190302888
0.5011569189106291
0.3004590885558379
-0.7389191996759611
0.0479329584192496
-0.0683379818199243
-0.0539958339826579
-0.6489580040125651
-0.1515543698767550
-0.3558123910584975
-0.1932790478889053
0.6902730783961527
-0.1130518608915089
0.4660127173749988
0.3600211844483994
0.3115146022629308
0.2784939924250795
-0.2858830581562487
-0.6334582848238339
-0.1934603042044522
-0.5522448170010346
-0.1310553009849299
-0.1738881941909948
-0.3847404757782090
-0.8372011942674771
0.2845295780829696
-0.1506627021387156
-0.3631121930460693
0.1541644550967521
-0.0026121371977158
0.6655292627962464
-0.4102061021983293
-0.4828848588083856
-0.2389047685154440
0.1457112357438053
0.0261449249358306
0.8531081538631288
0.4134784637305194
-0.1491684554521794
-0.2405442757871094
0.1741131054711252
-0.5043669875818195
0.5715013831459095
0.2400428409802594
0.5226878832375349
-0.4948354238065046
-0.0365924811132317
0.6946613301967230
0.4907609730847635
0.0087593009667106
-0.1741306174829829
0.3192623048649500
0.0015240444823659
0.3714187664906266
0.0777216257524764
0.2908838088628596
0.8182073798928634
-0.1308491003960268
0.4280342501020563
0.2998952959183566
0.1529967845320265
-0.8034994681054665
0.2017637079066887
0.3802585665662686
0.6044431451788045
0.4248691052317108
-0.2747951718735548
0.4203237320713633
0.2394863753776218
-0.6002950477646941
-0.0737871173402414
-0.0696370391033160
-0.6670247744556895
-0.1938857068443748
0.3831948364377031
-0.4299082456212752
-0.4957928122606816
-0.1439785249453711
-0.3202420257395420
0.5180786012884965
0.4215188961947334
-0.6205537194100400
-0.0965740223933296
0.4882555918708124
0.0334831828278486
-0.3608898753076472
0.4856237132803221
-0.3483435020620223
0.3582078830040870
0.0640952327441448
-0.3515739105868992
0.4391311562979205
0.6555877753798164
0.0958048952688064
-0.7437728319900344
-0.1135544427553441
0.3785841642305923
-0.2798674881851526
0.4506406601909528
0.1276956724434434
-0.1625092108434944
-0.5122117476044283
0.8144609104213448
-0.1504022989180651
-0.0946375777482406
0.5343374283418214
0.7898660618360074
-0.2711041884682041
-0.1078991557183520
-0.0009579843010355
-0.0738545224686199
0.2784217103976261
0.6075729851028184
0.3973731989525355
-0.4702251881684147
-0.4056535257033756
-0.0988152275873479
-0.5575175727231336
0.6610927545529627
0.3435208664149565
-0.2893215415863545
-0.1673846995503556
0.1496641181129666
-0.4272803946299046
0.1137638875422184
0.1102875852343573
-0.4079208252169891
0.7758820920632822
-0.1547044613744676
0.0920371883293472
-0.1557556978557210
-0.7723576880034725
0.1583567533566118
-0.3929578655748438
0.4373101586757993
0.7240988533466888
-0.3482796223814505
0.3520459776385156
0.3937324224651781
-0.0880588052428855
0.2601272979971240
0.2665402977883383
0.1939987852744495
0.1747706950524367
0.0008096616005111
0.0889846342417120
-0.9235025849637842
-0.3159026760496274
0.3348733604535647
0.5255334568058225
-0.0549813413601747
-0.4250110879417884
-0.5729070995630244
-0.4132524512314493
-0.0693655759805800
-0.1709238952412101
0.5960746431671711
-0.5465990376599037
0.3756599023825272
-0.9161350040883806
0.0750963656360708
-0.0564088280170532
0.2719751158214025
0.1966095945364872
0.1981147091563676
-0.2336838060931597
-0.0384376251585547
-0.6697546869511927
-0.4918220053693300
-0.4953338817559590
-0.0899919311269594
-0.3016018547789591
0.8433858312861521
-0.3249565210057853
0.0730044908637129
0.2373108418519938
0.1746248232317009
0.0187689383298806
0.2950122136462596
0.2899401437058944
-0.4328229712268529
-0.3617672122608157
0.7143801463735571
-0.6040694514157601
-0.4902812967910459
-0.2947932729223072
-0.1798073478442952
0.3033005334962206
-0.4283682739944873
