-0.3307144253798063
0.0160368518405649
0.0526707604493276
0.0721174187094730
-0.0290531983579078
-0.4690401844817271
0.3908834553265638
-0.1522530323600238
-0.5010779676539848
-0.1557954352916428
0.1237645483016159
0.4227238924869713
0.1273479980808024
-0.0075902735808662
0.1686398937213349
0.4514817449721354
-0.0455898244533292
-0.0483127179192402
0.0596750224955840
-0.2300442886042484
0.1441876014988772
-0.2791662872921746
0.7282171629756027
-0.1613322822831929
-0.1692579575660300
-0.1518969906514553
0.0615478606212486
-0.0706880642218404
0.4301459510749724
-0.3806887089890543
-0.2344574361516573
0.4639511289440914
0.4185034558284201
-0.2274102552084831
-0.2352292748463674
0.1101119464549064
0.0157692978420404
0.3100754480222844
0.0181992638439103
0.3255244679508794
-0.5138521455888868
0.3053504640260289
-0.1521184983308630
0.1380385811406840
0.0184486709247496
-0.1938320697921253
-0.1262123892338071
0.4547414031359663
-0.0977207855026011
0.0174528350420664
0.4711185025541874
-0.0460333298839028
0.6823948367434842
-0.1251767827767943
0.2324939119212658
0.0297338931855703
0.0190511497116205
-0.4123613621705942
-0.0797182700831029
0.1656017324854539
-0.0028774832469374
0.0677513117206487
-0.3327652417754650
-0.2514929537344129
0.2845467072198576
0.1559867930789022
0.4509207808853412
0.0599341987459670
0.0139716321694303
0.0103419591400063
-0.2009009280981950
0.3175623556934142
0.5106013653586539
0.4375985491607335
0.2924530806600314
0.2466579781274389
-0.1629156642893861
0.0460493812855671
0.1307874198195527
0.2401429418571102
0.1926327873198764
0.0728215079409223
-0.5675372222017688
-0.3070322110273490
0.0281903502756138
-0.0592273490138991
0.2180774799289729
0.2612612641629141
-0.2730190194665293
0.5201067422133464
0.0357793225285606
0.4794566417711825
-0.0435240675081505
-0.1733388128975747
0.1083197234092088
-0.1722258730034564
-0.3984730193328984
-0.1083164913963487
-0.3670841981382373
-0.0397291189774026
-0.1989594121315816
0.0430426689466949
0.0482609693591413
-0.5883677976313517
0.0210899715187253
-0.2311092559009753
0.3518057360744138
0.0752859273242498
0.2459365407407221
-0.2901581634611575
-0.3562562060131981
0.4176559527071620
-0.4296007458572776
-0.2457185722491040
0.0483754281928067
0.0975598207481461
-0.3374676856152001
0.4440208598246269
-0.3513634402064840
-0.5114395104774593
-0.5980532622570882
-0.1402861642815200
0.1004865551360722
0.0283191924241388
-0.0278384168730862
-0.1417450395066761
0.0392202340721094
-0.0095493557982464
-0.0462824731057982
0.0702373211991496
-0.2490646078518114
-0.0327789128067115
0.1379760952504957
-0.0302314646063515
-0.0583491701009452
-0.0789856946101235
-0.2107330721574437
-0.1516480669793729
0.4560568133694453
-0.3153692936635334
-0.6515513270519006
-0.1024262422020099
0.3121477452629773
0.0271563725043781
0.1731454845411419
-0.3889904477509499
0.0680545114968759
-0.4009831621373919
0.0943637746688972
-0.6288912558113889
-0.2505272721206065
-0.1408676182648552
0.3092628582106225
0.2591426802882313
0.0091245446233162
0.0515039438626121
0.0525859777700249
-0.2619459384978316
-0.1108555168861132
0.6005241046231697
-0.3919193024091842
0.1496006419153789
0.0620814991612252
0.0955052810851267
0.4214542282367226
0.0799427194787527
0.3600265900335164
0.0984346368960687
-0.2083780298039408
0.0974872647169257
0.3199119789053884
0.3914596153607410
0.0397660079117778
-0.3416109641127704
-0.1651880691830643
-0.0355787536876007
-0.6007858606462306
-0.1760334542038833
-0.1904450615387767
0.0681325145947324
-0.2932828262791490
0.2631007256919011
-0.3138630885295849
0.1114381559884853
-0.3737329772538444
-0.4294543411708960
-0.1272179990736025
-0.4631008404473122
0.3188199841984459
0.0252924832965379
0.2290784659851674
-0.0164432788854389
-0.2711890985110445
-0.0293277511873209
-0.3238525292853890
0.4231319100647025
0.2264291791751240
-0.1664744968174771
-0.0353952462163998
0.3243664308177267
0.0800871960195735
0.2517376083706703
0.1024478743198738
-0.0434858320778962
0.0633278196574128
-0.0335701076066823
0.5703518878472454
0.4721207924879608
0.4687511534941759
0.4889548853322261
-0.1183764448288279
-0.1536265601730229
-0.0252429588442083
0.0627060823704210
-0.2576394868731476
0.2641371738724133
-0.1726292068365103
-0.4894856219995556
0.2607078034976348
-0.1521121699001907
0.0485991125237890
-0.1913770485432280
-0.1631854519940419
0.4533460274610026
-0.1510761632350782
-0.0915513529731011
-0.0602281731098705
0.1054062996185533
0.1294416836904772
0.1210299486501795
-0.2926541051240200
0.7391463809626455
-0.0540466133184940
0.1377348999892128
-0.1198699383201595
0.3424783840879890
0.0013300186011754
-0.2077450776141245
0.4017138137233921
-0.3587422854746619
-0.3294875590918317
-0.0621460512025471
0.1389318533202041
0.3024729026796401
0.2387006406332745
0.4481836385402428
-0.2324807150727640
0.1807639660363538
0.3803095264767259
0.1209946251229586
0.0239927682662603
0.4471269440313309
0.3815306797511014
0.0029862166632157
-0.4952010906533512
0.1721123502330713
-0.3201099700551884
-0.1361154649474658
0.1101982928979215
-0.2323539573254655
-0.2320612558248485
0.0383646758978136
0.1360559273925999
-0.6267215033995679
-0.3492303616838238
0.1421932961372996
-0.4479392654124343
0.3376995029619239
0.0889333272958340
-0.1011175067212948
-0.0448164194117477
0.2190017893876690
-0.0917015055802214
-0.1909870657268302
0.1019632115313551
-0.2335223255497654
0.4211969116598808
-0.2688203078471755
0.1509871137057536
-0.2397565892337998
0.4052468155073340
-0.2366550702040239
-0.3142271289110894
-0.2211751693500473
0.3880888778867491
0.2239252461152501
-0.0875210262664631
-0.3057862725169379
-0.1163585905872338
-0.0960690083496328
0.2662211668930111
-0.3179828425602903
-0.2090572644230334
-0.3585804446979733
0.0392313920375153
0.1204933624391538
0.2423498152736492
-0.0135501596834933
0.6758844459199969
