-0.5348471406054864
0.0039936446309195
0.1569857952807763
-0.1163616963024070
-0.0400489056569936
0.0283351274535992
0.3065609812605916
0.1757689099703761
-0.1813532608111718
0.5329162515660580
0.3570845272718929
0.2007657973856898
-0.0124157835998609
-0.0433645390645937
0.1602012531389164
0.1898757109840321
0.0482692882660179
0.4432050755359910
-0.1632406622028315
0.1974494103904548
-0.2099067919404072
0.0473027080755141
0.1951557904906990
0.0407408346489690
-0.3764755209420746
0.1265287613692353
0.1992237603071818
-0.4913397770562926
-0.2348494025047964
-0.1362998198675246
0.2853575420877664
-0.2356957988923130
0.2318106315552826
0.1256581600729924
0.4104269258621772
-0.0986455943269945
-0.2607940831709961
-0.2050824455867740
0.1200614021723028
0.2267195261549413
0.3365399474500979
0.3660236116287087
-0.0571624507560025
-0.0241867866626893
-0.5514776423125198
0.0845921781305621
-0.0070364097417922
-0.1182619611600263
0.0949466367329936
0.6422113072300918
-0.2740322441122393
-0.3581180979786221
-0.0425148570320777
-0.1054595657196761
0.2416231989937098
-0.1080200026386631
0.3555462777244092
-0.0149477672843348
0.1135937544394620
-0.0808718461885462
0.1359941276329026
0.1167339080430558
-0.3207285873568197
-0.1056398745930548
0.0082249206466731
0.1347175955615015
0.2681527326678445
-0.0345198745498575
-0.0587861686559645
-0.5568557358908148
-0.0204528598655874
-0.1201816204351752
-0.0075527195568683
-0.1397522396096361
0.4862893671774558
-0.1482353679065585
0.4545698704438967
-0.2054037679394662
0.2241622494828917
0.0562845511153885
-0.1355320972209916
0.0449048081581092
-0.1365549868027866
0.1207098989338729
0.1294448562199715
-0.0067738966529894
0.2330485512681560
-0.7560424851776525
-0.1513891983970040
0.3474167510690935
-0.0713085638091570
-0.0174793212425358
-0.1540745651261335
-0.2181711830495244
-0.2882801727875059
0.0152355037205741
-0.3752996334641792
0.0855664268213921
-0.2111983710211989
0.1346577522644672
-0.2208523338628735
-0.1380189410755999
-0.4672886532888103
0.3837549297901163
0.0180653828719571
0.1724236210570932
-0.0577852490841247
0.1367381963373043
-0.1996565464019607
-0.4020725708037362
-0.1109852757963602
-0.2995063334776553
0.2040391816534981
-0.3812542809896293
-0.0508618292065256
-0.1241347797003504
0.0283458369489095
0.0373111816106284
-0.0890958082224579
0.0195417891883823
-0.0949196222498359
0.3281771261533900
-0.0487089055219513
-0.4846207724899832
0.3625862940449869
-0.4116450893405071
-0.1312775467998773
-0.3352717631075453
-0.4985576019910057
0.1506321631339362
0.0720684104780216
0.0769670818332291
-0.0810467472751165
-0.3540061708421895
-0.2417330788968478
-0.3022801663488055
0.0473514209392603
-0.0480201996079881
-0.3584884461655732
-0.1046189579538244
0.2353859430712001
0.4164978507210241
-0.0400760040957417
-0.2478811808605861
-0.1197345632905523
-0.0981615517631473
-0.4581901049429840
-0.4604612815587676
-0.2139528926594628
0.0438112492409843
0.1342922587807597
-0.2246597598034389
0.1321570365277172
-0.0450831367972556
-0.1054448500921850
0.4377403096548700
-0.0826736476824673
-0.2710705377979264
0.3652772700370298
-0.0434589072805734
-0.3993931321724118
-0.1087809856597540
0.2561170665248985
-0.0186016683647489
0.0093921262733419
0.4909340985774006
-0.0254608089363558
-0.2930442909907508
-0.0717100755472116
-0.2506284003403692
0.3815078612343112
-0.1588996041279967
-0.2341341400547827
0.2221234575022735
-0.0490237987080938
-0.2996112777011683
0.1825044844677621
-0.1525711998049703
-0.2216179596017054
0.1041756242762670
-0.4516895985260562
-0.2435086650874883
-0.2735423440003394
-0.3860044953057321
0.0537627972084727
0.1392529420593219
0.0812493719165173
-0.1951490532367698
-0.1993819163826757
0.2521457855822876
0.2771462300199556
0.3862578173287864
0.1350662484502169
-0.0558019934524018
0.2164164391868892
0.6490377959188893
-0.2409924889107150
-0.1180165139620784
0.2422212570567449
-0.0480301854666530
0.2231648454133888
-0.1615391732772497
0.0349015432977564
0.3637206495025885
0.0386659402416057
-0.3263457821273422
-0.2307036379142550
-0.0833350027594153
0.1673566465460724
-0.3000944133891386
-0.1729351664032845
0.1731686266582253
0.3749535662622352
-0.2245313145930331
0.0225795750436976
-0.0348320951966876
0.0403513676164025
0.5348442052772855
0.0913447916963673
0.1378027465009216
0.0127657212749525
0.4795020548458540
0.0970422834925574
-0.2734796829643731
0.1228967938410856
0.3138908237005372
-0.0031684346557108
0.1435234966945558
0.7024770702929041
-0.1539331363528238
-0.3600559840927842
-0.0751360549177961
-0.1545219572564759
-0.0202814752471881
0.0684608726476307
0.0756786886847303
-0.2395555823834167
-0.2651079048103913
0.2206383433292073
0.0474534222777198
-0.2097390717196796
0.0014590412947674
-0.5066982627489314
0.4586548128896790
0.0358300369417498
0.0801753488742445
0.1756314630967265
0.3334920090198756
0.3994754086044434
0.0586687539004693
0.1906754250666553
-0.2223841915778235
0.0301016565930766
0.0969945689976909
-0.0113906630210965
0.2825713053519480
-0.1476532879284806
-0.1919436940350785
0.0365562779708731
0.1252498849649113
0.2544139225361536
-0.3148601857994029
0.4042351924813686
0.0291753883443320
0.2374139289209612
-0.3850971780632593
-0.0896814969249987
-0.1628141391175186
-0.2564817709538595
-0.0001245257521589
0.4334854525008808
-0.3214071843946049
-0.2321813637287462
0.0590194655663405
0.3268071369486297
0.0331350240952259
0.2891406529524990
0.1899888610078713
0.0648059396042851
-0.0309722521533099
0.3455550534702863
0.2681430414771415
-0.4929880721196770
-0.3068560063223250
0.0814971368631248
-0.1879216880873635
0.2101517348251114
0.3085831790139270
-0.0909326951555474
-0.2425400313443491
-0.0858916894114231
-0.2395505660226030
0.1665324518835207
-0.3387146866993790
-0.1307384550308968
-0.0208772284291528
0.1785623239553978
-0.1773627434589501
0.3061548869513299
-0.3555127894853654
-0.4085116027856256
-0.1805836907714319
-0.4441690907960866
0.1670749489042812
-0.1859008976741484
-0.0689277158225683
-0.0358533079256304
-0.0683323645252807
0.0139126642729208
-0.2936763678496342
0.3940641633501573
0.1496853777004211
-0.6475208516349790
-0.1857547202352493
-0.3157074504407812
-0.0901829309701727
-0.1368369488530763
0.1319312747301303
-0.2360541899501153
0.1927677073568243
