-0.0342967447114793
-0.3265101484834083
0.3506297662202182
0.0781920149117539
-0.0941187764070351
0.2468404187357513
-0.4020453307984010
0.1540311775849535
-0.3215657091325544
-0.2268819789563330
-0.0678279827022436
-0.3282057220222832
0.3542191101229443
0.1799138496830122
-0.2533526050057884
-0.1370319721341405
0.0208283857880555
0.1274488257947336
0.1460947519418394
0.1211518585106582
0.4526823790655022
0.1050270156760271
0.2348791093558898
0.4826211465043345
-0.1364594109571334
-0.3911730145604911
0.1930282839883059
-0.0102011237029857
-0.0447395762971193
0.1496545523677270
0.2476845113011614
0.3853711678457207
-0.0833870201014109
-0.2700071856263934
-0.4106997508139850
0.6003536661601578
-0.1576904245520940
-0.0042201507181511
0.0538665197800331
-0.1877620139632369
-0.2118570254686988
-0.2397500234374083
0.4001184123134352
-0.0096422562810310
-0.1615204678955481
0.0283798127903005
0.1042807943330000
-0.1663842238399908
0.0053955532829513
0.0749201573546656
0.1011072566368621
-0.2581261254184415
0.0863382752530394
0.1410912441242951
-0.4030883829755921
0.1031479479834315
0.2332596312594677
-0.0337881435187222
0.3604989185529655
0.0937638008448352
-0.4107915464844205
0.3443302168597832
0.1969676420669533
-0.4434109196688980
-0.2060592270723026
0.0054250787568084
0.4210330472303323
0.2897247046792401
0.1758782947636461
0.0374379512429460
0.1860022630960458
-0.2240672689054303
0.4290578123972739
-0.1698824441545480
0.0550643790986520
-0.0377775177576943
-0.2679974373090402
-0.0543367886685249
-0.5356728156454943
-0.0057287110580279
-0.1247775171217109
-0.1936944551091247
0.2607856011594399
-0.0484571142036600
0.1193753855365219
-0.0251489684316150
0.2690881792996284
-0.3530871781707391
0.2475825607503467
0.1495279041420649
0.2332826409882280
-0.3298221387252287
0.3937226121521478
0.1198814941140794
0.4931240248839122
-0.0719327917306407
-0.0486914234904577
-0.4205954817713700
-0.0403451663812803
0.0644086751796294
0.0160000585008007
-0.5309900295654414
-0.0932421297212458
0.2413134060548353
0.1050562919261190
0.2683274099872366
-0.1474303748659608
-0.3169726114972324
-0.3280072618007604
0.3070340982052169
-0.0109593157053679
0.2420684301698720
-0.2386632000973703
-0.0464421233208690
-0.1019464167836694
0.0518603085444577
-0.0919259993233188
0.0253630508199048
-0.0837241647571027
0.1664241753821812
0.1792358668012696
0.2975024248354745
0.3999933610812876
0.4416405340459896
0.4100211465990529
0.3079475764135644
-0.2679253136064306
0.2712798626657764
0.1865648969639942
0.1175699367374660
0.1868724952444214
0.3558200666453605
-0.2896506526368782
0.4005255782128486
-0.2361679294011205
0.1398541775601230
0.1748852877292051
0.3766382551158586
0.1037841457165269
-0.1938267527429666
-0.1645741974412129
-0.2845054411742293
0.2139982947837852
0.3091672652501757
