-0.7409273756064780
-0.5573476764314799
-0.2474374491555923
0.2813625781952914
-0.9341571743681552
0.0744568192115299
0.0285020241244121
0.3478421916188680
-0.7306265949158449
0.0411954432030579
0.6636701299648320
0.1550150729879016
-0.4150619676036113
0.2889130578254660
0.3444954099790616
-0.7909334488882841
-0.0538563009395972
-0.0694377775123869
-0.0828319095497001
-0.9926816048782178
0.1483566085065387
-0.2942561558982805
-0.8799967254752949
-0.3420663599086626
0.5334853755060106
-0.4897375344144730
0.2006738855882562
-0.6597579049543517
-0.5577519136528851
-0.4556915771482281
0.4307386874677711
0.5438034318126791
0.0263058254815022
0.6037798730025993
-0.0893815908580858
-0.7916873118336428
0.4661751034742645
0.4895167794573990
0.7241055775843293
0.1368400819996831
0.1951164191012724
0.9279029363257987
0.3090525432599899
-0.0735679907268760
0.0559207132073984
-0.7298505575806863
-0.3924190289291946
-0.5569545252242819
-0.3725309619195868
-0.8562016687985603
0.3577429752640320
0.0126233278918932
-0.4771614383438574
0.1913751251807136
-0.8277792348014652
-0.2246643310612261
-0.6074455491382995
0.3364128411140520
-0.3062011937626756
-0.6512120500297532
-0.4061138946151741
0.4998066597986455
0.7234725820955926
-0.2487010864016331
0.0816202397233520
-0.1414003488012923
0.5683079202384497
-0.8064553215278720
0.8631865765566555
0.4065228775651504
-0.2550770991998806
0.1567920837680427
0.2075365200212805
-0.7488882538193542
0.5333400577964093
0.3341307512016488
-0.2492599693517105
0.5638316376715998
-0.7256643404484722
0.3055726051870979
0.6612135419435642
-0.6352365356269299
-0.3206396718383374
-0.2376160697397083
-0.2279416679345262
-0.3854126348994046
0.8832482848599675
0.1391839220996817
-0.4555571560067525
0.7984232775546684
0.1119132951222657
-0.3774431902217567
0.7597742105515713
-0.5556661739535856
0.3374854246111579
-0.0090465617527593
0.0253310310976656
-0.2127789452543706
0.6567707079367908
0.7230046310475289
-0.5264349503794850
-0.1844096410958143
-0.1463211260041430
0.8169757985244984
0.8883297915005919
-0.2716964407063231
-0.2182688567562844
0.2990149357646458
0.1770798118894828
0.5441219545031699
0.5696640706160998
-0.5899634611549524
0.2428220064660375
-0.9344672966806336
0.1453439930182794
-0.2160635746804605
0.4932957539718816
0.1950490568285269
-0.7178524048349776
0.4508914386149447
-0.9050875414687570
-0.0956444848969135
-0.3629353084349259
-0.1998665471710823
-0.6774886677989849
0.0331164201194282
-0.6239380070804001
0.3880899007227178
-0.4780318858677580
0.2054359589640282
0.4252344871631297
0.7405789720113277
-0.2216859717274194
-0.6765604611657822
0.2937763982369553
-0.6378218404580825
0.5369644262443969
0.4161337889730238
0.2655371539781361
0.6840993308578603
0.0881878257038103
0.0716143278616072
0.9559022849306696
-0.2708230365144174
