-0.2586213932338934
0.3899065164412319
0.0044888778728627
0.4874365590548589
0.0386848744388409
-0.0834918827111503
-0.6986232506410698
-0.2166367326778370
0.4474944586782440
-0.3499594259029455
-0.4157201693863831
0.1395385186330149
0.5090845872450559
-0.2771979924241335
-0.0083191190855009
-0.3858857350825622
0.3324042110748402
0.0274282061153800
-0.4991199556746919
0.0509759205136051
0.0610584951154969
0.2308806879817938
-0.7429442380686985
-0.1674386053331045
0.3849557779733208
0.2372272844877856
0.1644949469056720
-0.3599623871870368
-0.2017365733494455
0.6216828855222748
0.2251748392004678
0.4012602563992380
-0.4604132697743570
0.0890834234831528
0.3209730962066760
-0.2231148896612555
0.3596555986620480
-0.4126163854237143
-0.5711859745426507
0.0377085337268245
-0.1298140192326475
0.1440743919925242
0.3368977899801118
0.6692471157557633
-0.1919972760870457
0.1252393569768658
-0.2805376034121371
0.5193744984620530
-0.1633171006952019
0.0956840063485311
-0.5201720466713093
0.1095524246576283
0.0260524137744348
-0.4885378131972458
0.5671977286041870
-0.3471746205330298
0.0427195988537156
0.3674627756137057
-0.2939004828483332
-0.2065103377770827
0.3513450956700847
-0.3682704515848245
-0.3963186204614720
-0.5639035203812485
-0.0485794633778089
-0.6268786578759993
-0.1812433015965922
-0.1811979870036851
0.5709256574573018
0.4115107286411495
0.2036390965764510
0.0470666695804337
-0.2941917248707454
0.4587205973149344
0.2578391018855176
0.1528617636587051
0.0602735865409427
-0.5281468632869404
0.0891778186884446
0.5680266046465198
-0.3584668387509636
-0.3049208300376566
0.2953142383651849
-0.0193378230886335
0.7231025082470680
-0.3143045066780794
0.2396849579284557
-0.1087516562333796
-0.7199661326634736
0.4694141302745051
-0.0134445742927870
0.1721751679416846
0.2792388123163972
0.2368473356442221
-0.1452267854819787
0.2762468156477149
0.2901046868629575
-0.2335479536035926
0.7953958888907697
-0.1987987726475283
-0.1293204396340572
0.2633149934663611
0.3105443205963015
-0.0813800651957484
0.4324973082074143
-0.0880818767766371
0.4589311284179333
-0.2866145597930417
0.4517676426244324
-0.2753419363071060
0.0304024884449876
-0.4812384842727135
-0.1701270596799112
-0.2773292400002314
-0.2460416102510465
-0.5145487491563565
-0.1706787762349550
-0.6013101943515561
-0.3791193188099943
-0.1855040015448209
-0.2448181401706411
-0.2204339113686279
0.1974996201082740
0.1062110658197978
-0.5536355646582394
-0.6979282208426686
0.1770409339292134
-0.1273830692322875
0.1624155289521537
-0.4693954036852337
0.2365716999054603
0.3491308300515203
0.0361864985875391
-0.5170983493665526
0.3135421788393687
0.4565323446994398
0.4071893404883087
0.3663356428419396
-0.4863752055396843
0.5114258605014754
0.0813398885059567
0.2145553473251852
-0.1065628624181418
0.3713111474869751
-0.0612362352175584
0.6168790203955620
-0.5503354563731974
-0.3133748226918558
-0.0006770214975197
0.2783893481609346
0.1186763523573935
0.3507881690096033
0.2940809311800032
0.0507779595090595
0.3189506240094211
0.1969429979451834
0.0935856025087776
-0.8054254595572894
-0.3360181027018528
0.0067348723379431
0.7384310306595437
0.0615249212828767
-0.5525517418261231
-0.3330859581850252
0.1041415875786642
0.1276901047877740
0.0617264508222521
0.0609444520023912
-0.1553188628244198
0.0124733299916027
-0.1549581255910032
0.0431860880925066
0.4177320051885460
0.3150666230876710
0.3025630013605835
0.7645469462782534
-0.2457386802037853
0.5141062742537467
-0.1455301955584286
0.1365485092111351
-0.4514243152895801
0.0859325139584035
0.6500128837194290
0.0423986821310518
-0.1133141291655265
-0.0980698360995142
-0.5122843566069775
-0.5644800946652694
0.4958279927090523
0.0297542628823959
-0.3745749134298039
0.0971189775318340
-0.1895130732001817
0.2626348346896579
-0.4517570987169429
-0.2534733220207550
-0.4750145427158153
-0.5260959836024554
0.1385067193120145
0.3243063774082221
0.0971165296194527
0.1946423765028908
-0.7348395084050321
0.1817919386810454
0.2396106461511567
0.3511957377019250
0.1857991672060503
-0.4054285071355772
-0.1881030842625555
0.4707236309308075
0.3325511650937841
-0.1532881452491664
0.6842584856442233
0.1780931224960486
-0.0788326251611952
-0.3206361518119008
-0.4927459071587442
0.4390794983079230
-0.2322464367900606
-0.4283259586766931
0.3752741667431165
-0.3931819872983220
0.1745948822469423
0.0332111818302111
-0.4833838460080790
-0.1309933410116965
0.5227684108550087
-0.1317047914038622
0.3153634682897691
0.5280848271899125
0.2231660443642535
0.1744048547640952
0.2568653867953885
-0.3219229907435512
-0.1604471797027943
0.7176722760492470
0.1333194836894368
-0.2057176598462477
-0.4688549467751250
0.0983370041925008
0.3935475180630626
0.5987846869893342
-0.1710245597911788
-0.2688901429442681
0.2299171422085396
-0.4501545383310466
-0.1812977208497610
0.3108956036717725
-0.0948463218977135
0.1078585639082835
0.2994254534579710
0.8135604723367219
0.3762123270395100
-0.1140739557027010
0.0838715801972175
-0.2573935444721435
0.0582414410084102
-0.8282379329575502
0.2369425472833238
-0.3486414529848805
-0.2465705117107360
0.1660219169396764
-0.1469563440302430
0.1515940840092245
0.4017436905245326
0.2570429151899746
-0.2111958760039120
0.0847037579014071
-0.0288097518790395
-0.2424603676557613
0.6075654232090130
0.5403700094050763
-0.0539055616036876
0.1622712573308055
-0.2783542774216446
0.7252087286264091
-0.2993006473433917
-0.4433149572675975
0.1835273784417595
0.2180873636012924
-0.2623303332701934
0.3828549535511505
0.4089731669524882
0.0481894883228490
0.1451441071299865
-0.5779183225503469
0.2155754137245993
-0.4620545902155177
0.3518364538957447
0.6368855126869984
-0.2301903768640202
-0.3329213266013347
-0.2853722508750366
-0.0909747407852697
0.2350316241889955
-0.4022563172075056
-0.3215009568913619
-0.1037445951173874
-0.2688980901580971
0.3385919101346423
0.7182020247229762
0.2009262177170970
-0.3232345898266507
-0.1955950813795847
-0.3368976553084519
-0.4139187107285671
0.0363482351189307
-0.5468968180486415
0.2157211879305211
-0.2952300474432025
0.0930155513371408
0.5219249393758219
-0.5847199400713707
-0.2494303936272807
-0.0707029803510422
-0.3605757003766342
-0.0869722429925785
0.4196832310960538
-0.4109469091682875
0.3290862738187358
-0.1367277958030083
-0.7928515342560934
-0.2065738891945821
-0.1097143394481794
0.0439108673676561
-0.3897027721807104
0.3317833370546082
-0.1846763353537252
-0.3511643018330350
0.3917546936190427
0.4350579511360364
0.1064155397294279
-0.1614205273802050
0.4475405608356859
0.2402966872251331
-0.4883856745020050
-0.3846369001674300
-0.1982794792843452
-0.1119796170613225
0.2219842751456241
-0.2522727750259260
-0.5012110896427294
-0.4883435172136188
0.4445106858901026
-0.6769255635447771
0.3442048678127067
0.0036586197226579
-0.2700845621680437
-0.4195844709250112
-0.1786619353417500
-0.1029220102442722
-0.3630035517727633
-0.1095551403167758
-0.0643606288014152
-0.6660800457069026
-0.2095012764412750
-0.5571583259116563
0.0239662642839411
0.0498115485432544
-0.4275757198980564
-0.6105691581440047
0.1709187454200879
-0.3123500644368040
0.5602199946859857
-0.1310355872113203
0.1013928311503998
0.1141630753381703
-0.3822290429736148
0.3839634673893696
-0.2385277851909066
0.1203384489460834
-0.1074161828124054
-0.4908139695163105
-0.2282261255399290
-0.6817474914722564
0.1090495923764800
-0.1065592187822709
-0.3678342838987584
-0.4106750326667411
0.6683400478708598
0.1653470365827959
0.3494358734002309
0.2494742065673826
0.1622597256537438
-0.5589838263105750
-0.3363951742313710
-0.1064629293611071
-0.3131914257685766
-0.5506296311380853
0.0349493050921641
0.3752882573308575
0.1403439470366000
0.2731179203786649
0.1245095287742916
-0.0594727330850548
-0.4174758457385964
0.7523446222871221
-0.0529152215082214
0.3687831022201598
0.1650983440920398
0.1865892850695536
-0.4332447745798377
0.2220859138684795
0.3377968923024733
0.2728770213366949
0.0848101476015635
0.6944822577552032
-0.2238175019115829
-0.7310756359854949
-0.2699440415102612
-0.3475200667354706
-0.2724103235200700
0.2211477397665107
0.1009185216891598
0.0878383441424986
-0.3617659495473804
0.1829265961426278
0.0041594057282825
0.0742270223330483
-0.4302869981246305
0.0783266647159534
-0.7735653502180081
0.4105234053899194
0.0528783919172269
-0.7099622539727896
-0.1958315532102239
-0.2199234183399315
0.2742942784889517
0.1468999949911620
-0.2860895486704992
0.3428898717059218
0.3361541864229205
0.2782450896521312
0.6530450390504187
0.5055314944943828
-0.1638841895158416
0.1532636740678227
-0.0791177984272339
0.4161995510316543
0.1035387920609259
0.0316602684838129
-0.1063063100597936
0.1133991848513714
-0.1404232610858658
-0.4343251411571072
-0.0346099296373991
0.6389416765963501
-0.5975248002381639
-0.1193577822394596
-0.2852482868699428
-0.8118635838156480
-0.1781930911838474
0.0374613277752972
0.0327176203223551
0.3606318835785486
0.2845746456965906
0.1242382612083569
0.0731716273114420
-0.0057957866619507
-0.1480516108330368
-0.3123870059877064
-0.0477203954026004
-0.1454513857188401
0.9144609961831928
-0.1524255417853751
0.4068507587867686
0.2828751655718366
-0.5661195644730507
0.3129468719061871
0.1399224175951995
-0.1537265413390415
0.5192141336828170
-0.0634319219884481
-0.0952632111999515
0.2692004347588442
-0.4220811491651121
-0.6535409738685837
0.4245488352350361
-0.1280065932471341
-0.3354649540124466
