-0.0127144607187110
0.0935143103432429
0.6859685834483992
-0.2488141230414986
-0.0496845874485750
-0.3362744145166795
0.1194138217417428
-0.0896082249726924
0.4899950653934529
0.1598898538883225
0.1469639775376985
0.1831266661966138
0.2282874237857940
-0.3497063362994665
0.1695516680159382
-0.0768162722877622
-0.4834643617680051
-0.0183445282491548
-0.3282831773554640
0.2044766419448890
-0.0700538600454567
0.4575800396647626
-0.1195922178249545
0.4227264312233432
0.1192656290849179
0.1008870135505835
0.0307594869573103
-0.5523481551482359
0.0431314667946431
0.1213430928641251
0.2465274199796211
0.6433065267923270
-0.0635606630088476
0.1419407955457359
0.3486698952566826
0.1805589119168466
-0.1602139726611471
0.0518007157078908
-0.0897871008379969
-0.2674418088403789
0.1748763438539191
0.1091775095261842
-0.3474082648196521
-0.3772160009185526
-0.3598595930958909
-0.0923234603911519
-0.3180635026602166
0.5893967308844813
-0.1086460664628127
0.1368524762208696
0.2771194442909015
0.3929016806880438
-0.0974522946231879
-0.1489107622702477
-0.2681340194905762
0.6726418447026221
-0.3863761622950599
-0.1059365268370282
-0.1123773307427142
-0.0956477675088594
0.0303322743321024
0.1587702342932321
-0.2173682782376983
-0.3480786774177002
-0.3909404322333389
0.0310393622651379
0.0192024949525976
-0.1926270368091350
-0.0864640318788342
0.2632110960170223
-0.6757254988054671
-0.2843086306840250
-0.0988741136261860
0.1958035457063402
0.0696937202058540
-0.2352174898657671
-0.3537346509631368
-0.5239437775898238
-0.3374505774552412
-0.0863567517226074
0.0203108019941139
-0.3766604064555432
0.1271700148871928
-0.4607243532234937
0.0420860992487445
0.7089879168532722
0.1662864527804643
0.1233002239503805
0.2364483477162251
0.1372203249474767
0.0318302361028932
0.0228919306898118
0.0628418320643349
0.5710409452280019
-0.0340494374045640
-0.2126972028316371
0.5033310101889272
-0.2001530440872737
-0.4769430532679638
0.3293025175618933
0.0627843950756980
-0.0649688562202566
-0.2421970451062352
0.0882860742280368
0.5191380849892362
-0.0177561316285450
-0.0002176843952645
0.1620045616766570
-0.4880854660261004
-0.2051434400961764
-0.5203386839760625
-0.2481414558479490
-0.0391099681889374
-0.3910054614556064
0.3114621443457309
0.0766722861436778
-0.0923080527215463
0.2238390976205335
0.1542932864982337
-0.2182404978121062
-0.0727448578431338
-0.0275247766981861
-0.0224294808109934
-0.2825310261042692
0.6196561040939389
-0.1283105324145546
-0.4758445691019292
0.1114922071842984
-0.3442152594171017
0.1414852926249029
0.2124660636328976
-0.3011375145804784
0.2269937091884781
0.3110693387359837
-0.1081920681195523
-0.1347167660610427
-0.3008443272300276
0.2240611988571095
0.1144562618316263
-0.2659280442008876
-0.3521153397534421
-0.4303226892462297
0.5049234524085749
0.1822536118669458
0.7147754645207017
-0.0016288964975984
0.1057226656911285
0.0634716691942945
-0.0040337640157495
-0.0807107320736412
0.3048183239022752
0.0751839817495676
-0.5439250837174334
0.2023406330488056
-0.0886548207859904
-0.1553518787583636
-0.0842833437400906
0.6620127656498661
-0.4999233476403330
-0.0239540995763173
-0.1075040365990104
-0.2615751292762492
0.0156288817882694
0.2830026361511758
0.0662971881350936
-0.1800223772583207
-0.1576341123001878
0.2866582576827609
0.1819095195277172
0.1915907784360108
-0.1645075137471853
0.1146868310236554
0.0000074924691532
-0.5939955920137692
-0.1770452884624537
-0.3999010449613946
-0.1516697377894128
0.3718006187844307
0.3474484088479048
0.2528431518106041
-0.4319331554836600
-0.0208074677789272
-0.0278177896538266
0.5114845801112418
-0.3698594772881099
0.2561765389998247
-0.0204570606012628
-0.0756655525788439
-0.1734203023551751
0.3914494123639725
0.3983744244214637
-0.0059032511634958
-0.1642539389217148
-0.0688687137658320
0.1216116754356605
0.2768631508378784
0.2658102125255349
-0.5295301207871629
0.4799741572663480
-0.0235923030702578
-0.2463899798040316
-0.1657242802876800
-0.2900581916309031
0.3500568808786195
