0.0545336803493604
0.0285956350778277
0.5390845664993499
0.0895753084829026
-0.2917836906905052
-0.0936372301752323
0.0634403767924477
-0.3933512316410450
0.0237448426594372
-0.1800028951727941
0.2583329851897597
0.2795346806012301
0.3276532118335757
-0.3996496963857752
-0.3519361439786523
-0.2492738898070441
0.2295414897155877
0.1723861093398202
0.2586298186838378
-0.0001690140012099
-0.6523211379324130
-0.0052157637912489
-0.3332098791956188
0.2903025482632570
0.1176239131682753
-0.0477740057447249
0.1650062275765757
0.0225508432111171
-0.1111691164498200
0.1083029324227952
0.1917498876109727
-0.2381982777711400
0.4499915293564484
-0.0905840948610418
0.4238494896539945
-0.0504410168307610
0.0727847297749629
0.2896130857296363
0.2200310705147880
-0.5249137216627437
0.2273294124690255
-0.1572094697584250
0.2782435236717221
-0.1385021790031615
-0.1158600589431202
0.4635071248096496
-0.2202625628333565
0.4743197507151420
-0.0130611442070445
0.1963070799992852
0.0310865616179461
0.0041031588227455
-0.0448259626558162
-0.4355879268516987
0.3522086291038888
-0.2148326248513007
0.3510436627933957
0.0921263629352318
-0.4474895085894132
0.0104808190204232
0.3248570499005282
0.2730169135259494
-0.1062237261223945
-0.3916733764793516
-0.0188713701631828
0.1885387513050665
0.4471312815748160
0.2682370524859662
-0.0364391715766971
-0.1185504894752281
0.3062843267933699
-0.0172927762006837
0.2870297606333619
0.4998496705918569
0.4726627465327131
-0.2340461979653820
-0.0783929941206099
0.0448580052977166
0.2747364074291825
-0.1939386671220235
-0.0786338603123280
-0.0506934494468543
-0.3914418618329996
-0.1106234888787398
-0.0552830484412337
0.2688404735779274
0.0327126591175235
0.3765666840258046
0.2081306189826689
0.0405224632064111
0.2645239270011953
-0.1276424222466697
-0.0179670365925065
0.2715773852897810
-0.4190873358789303
0.3536011860386711
0.4064202668599994
0.3326372806222982
