-0.0065134618085519
-0.9992849506478763
-0.0372446267794441
0.0467892859453938
-0.9461925945396183
-0.3202035864244897
0.8786710506948228
-0.3789694107529860
-0.2903779784770034
0.7075872283108120
0.6832302130839580
-0.1803241255646959
0.0384076706808259
0.8195844993279573
0.5716695717757023
-0.7204598364251681
0.4525412844081073
0.5254940627680589
-0.6406071989746767
0.0979627889270160
-0.7615941889270558
-0.0882128605112365
-0.9547054374361474
0.2841760351793929
0.0931381508683097
0.1936470071239327
-0.9766402211074331
0.9695377065395597
0.1950728956673384
-0.1481323765217122
0.0257615079722627
-0.6236130499371052
-0.7813085873425024
-0.0353329220366672
-0.3764019278388777
-0.9257824654526176
0.1529875016466905
0.8277093102471428
-0.5399001037878239
-0.6766234887381614
0.7359822471472603
0.0226005834408804
0.7282863196200171
0.5659230277801746
0.3864326115669458
0.0392324968726835
0.4660599705712158
-0.8838828627257642
-0.5297958966270025
0.6827851744648129
0.5031110349100342
0.1004627264582936
0.0252456156503632
0.9946204801244545
0.9004818266509310
0.1119526899203458
-0.4202369273290980
0.9568734673816039
0.2556149125639682
0.1380368932424282
0.2951636813756536
-0.6732293162243735
-0.6779680589620974
0.8351113570030342
-0.1509549160426522
0.5289627914391585
-0.1357760722976459
0.8790982936444937
-0.4568928192724899
0.6671289279425426
-0.2302814546397657
-0.7084556762079244
0.4379643164519563
0.4441558943228330
0.7816091088600843
-0.8372224060342607
0.5343654772003136
-0.1162419012692277
-0.9677945497513167
0.1007862514614076
0.2306855890340880
0.1856061090842422
-0.9657862723512045
0.1811277129778149
0.5483940895103113
0.7827454474651581
0.2942337286286642
-0.5045041571478840
0.4733575070727603
0.7220860239046072
-0.8596241882796750
-0.3052926173676514
-0.4096860660375440
-0.7462183579319198
-0.6567692349703705
-0.1086845632177066
-0.9429450927130428
-0.0358742318245386
-0.3310099569792281
-0.2921800807954094
-0.2358777894534232
-0.9268184659516417
0.9985903807374467
-0.0201867729515587
0.0490891606818025
0.5429113160901711
0.8397789310918931
0.0043185362562015
-0.5064452220356502
-0.4963097948293688
0.7051168872135249
-0.8855971532469327
-0.4607817071619264
0.0582915131547440
-0.5151223524560435
-0.6361233218701265
-0.5744528539167223
0.2429955703143290
-0.5141071275146893
0.8225855665195014
-0.3126697060044802
-0.3615605396053760
0.8783573482059231
-0.3136310961011732
0.7164709579460427
-0.6231411573457948
-0.5554166856036994
-0.2162784527108653
0.8029545044683387
-0.1577588460549947
0.1617046023262525
0.9741477136850988
0.3943362383428946
-0.0383626329692516
0.9181651482828361
0.2937039646271675
-0.8472826461472787
-0.4425495437800711
-0.5104563534951060
0.8236176767116811
0.2471603402338903
-0.2549753560517922
-0.6600517704447024
-0.7066252388211700
-0.1930893214208220
0.2487421800561201
-0.9491279375374931
-0.0375410619772435
0.6948758818747407
-0.7181491331571893
-0.7873757372001191
0.4710295346245259
-0.3977067084925419
-0.2839141340372142
-0.9565462305204938
0.0664234399209599
0.6704213672878170
0.5867014058996413
-0.4542209270820957
-0.7229738314706082
0.6269148532664615
0.2903215558008048
-0.7482272418300066
-0.0471382438740250
0.6617658049098141
-0.6718207772738326
0.3646002144591257
-0.6447662575224786
-0.9300637800452722
0.2500160448848770
-0.2692087337885287
0.3152690772902160
0.8236343521392958
0.4714147461425644
0.4547323337852125
-0.3122323188004744
0.8341040005339461
0.6551897642503864
-0.7063734405140836
0.2678860492034247
-0.6772397359059453
-0.3965704882811871
-0.6197404198004728
0.2446124078989838
0.6212750034933920
-0.7444341071821918
0.2286503422646762
0.9480995226861607
0.2209667759291447
-0.4279420093366546
0.2188424214925750
0.8769114158227004
-0.3487026033438823
-0.0568497350263298
0.9355076707588427
-0.5751938976927723
0.6184301195827513
-0.5354401621562027
0.4519625028175903
-0.8876859116654510
0.0879978310956404
-0.8542112061529157
0.1680959251947549
0.4920030235839010
0.2469742230247653
-0.4483015655321146
-0.8590863981595616
-0.7749219311642981
-0.1205700278038013
-0.6204505371066942
-0.8553748221055635
-0.3901140913444586
0.3408003953084022
0.7271790096852779
0.3362552203231768
-0.5984505950189625
0.2730016526822265
-0.9525724829259042
-0.1344461319828542
-0.4120731813370259
0.8315050445644410
-0.3725520823813361
-0.4271432188487295
-0.7249620012675567
0.5403505966589522
0.9532841917591960
-0.3015343518951044
-0.0180633432458095
0.5583227236483070
0.1787900908202415
0.8101295203129102
-0.4566178975893690
-0.8459690072706793
0.2753843393123980
