0.3184384612588795
-0.2157292268632059
0.2731562541721005
-0.2303072158085692
0.3315276662796808
0.6704090857310918
0.3596684460370112
0.1888961815572892
0.1806870235327265
0.4251477795707860
-0.1770792606341393
0.0781186118920870
0.4767941149297407
-0.5956502346006924
0.2285900826395435
-0.3387576229246900
-0.0420253863138820
-0.0936084809330050
0.5970726648240334
-0.6838691083096371
-0.2311867294550964
0.1267220962575519
-0.2864726151651332
-0.1171590458594262
-0.1122690360765331
-0.0391976077335710
0.5947497557421715
0.1404779262924257
0.4900931923112773
0.2537964004485160
-0.2950869670907619
0.4698059420423630
0.1300181241398166
-0.2521733403377940
0.2543761919254939
0.4872044579856353
-0.2774380144570153
0.2088545591751627
-0.6631479855525498
-0.2388956538364458
-0.0442428891796406
0.5145351807613179
0.1448968403931347
-0.1945651586445570
0.3187867406180359
-0.5256732197753233
-0.1967171915513674
0.5077306823178772
-0.3019571060628574
-0.3131832397291465
-0.2316783874098035
-0.2952622211570621
-0.5155739491794428
0.0435761202977820
-0.4913838486366566
-0.4008865774528073
-0.6603201601019686
-0.2395919448446390
0.1406196044420149
-0.1152346284439219
0.0958024416204095
0.1328940546746331
0.3105459134800395
0.5918128009894584
-0.4232037797633998
0.2051716898603321
0.2210063521875442
-0.2300035028008513
-0.4679235600819793
0.0479284813696133
0.5670115573182437
-0.3664778518918576
-0.5696240969635356
-0.1936944761604384
-0.0568531370423222
0.7320276381377421
-0.2451850213870505
0.0209303319196939
0.0266427962030697
-0.1940373257339442
-0.2855380703552861
-0.0535784687809015
-0.2367716752527569
0.1879343532504902
-0.3886857705392714
-0.5277804472027204
0.5027765894164321
0.3765688292899009
0.1361378439602584
0.3955266574216422
-0.0183737508340098
-0.3167410885515283
-0.5961162076058666
0.5768019589757123
-0.0846448227724214
-0.1707127995886757
0.6535751386524283
-0.1204391691132773
0.5034655741943596
-0.0154500712672031
-0.3930812481008130
0.2132883613221245
0.2121532072229592
-0.2441390578313657
0.3278408854764245
-0.1858529777675990
0.2571657942581696
-0.2155854233303647
-0.1468701792208005
-0.6888979699051963
0.4758670619399174
-0.1508873117687591
0.2175812355493233
0.2885170081687896
-0.5866086645189561
0.3673979881663322
-0.4853224145437119
0.1342244578038162
-0.3562057369589034
0.0994422282688636
-0.2559574899343615
0.5565456739697660
0.1877270763168830
-0.4643115682174338
0.1851080871896785
0.4575410829730564
0.0367616745908854
0.3591040535821308
-0.0549874898872889
-0.2968519358133887
-0.6962911509365850
0.1898865765950921
0.2899572030753860
0.1230958260241748
-0.3545754101079625
-0.4037642156791969
-0.0240841838841973
-0.3686067435746711
0.0038801295280714
0.1977025597050766
0.1233369882464711
0.0550026313838357
0.8964750551342027
-0.0504265461050719
0.2752415666408858
-0.3807581008000556
0.1459143647920295
-0.2211255925610337
0.0561976693330877
-0.3466243827744676
0.1139485038580997
0.7568268737474410
-0.1552779181681090
0.3501258091445271
-0.5770259802263042
-0.6729071986121063
0.0212329987434343
0.0818546613613248
-0.1921960501185316
-0.1531249770506670
0.5301914814620453
-0.2166291705162547
-0.0015674407127991
-0.3421518259074620
-0.5430537296089777
-0.3451342510178607
-0.3648482306828658
0.0880864956961320
-0.1315813355447019
-0.6304886573797377
-0.1451710854768942
0.4412587429918692
0.3553493926097057
0.4236902136728510
0.0459312828971537
0.2479722000298682
0.3111839317960283
-0.2856141726308126
0.0003620030598193
-0.5626242241964535
0.0910355920377695
0.0318647614347379
0.1538526277454182
-0.6870731279728343
-0.1766289743011850
0.2859738593283080
0.0104129702514302
0.6314188553024342
0.4620041243850235
-0.1620420161090562
-0.4559043528139374
-0.2016649488362716
-0.3578509366127112
-0.7184498047244791
0.3266946671443064
-0.0295555780711125
-0.3889648614873991
-0.1925020579859379
0.2265491674502033
-0.0921651585362023
-0.1986338502740493
-0.2880591075178934
-0.0971837414172605
-0.5802094873056370
0.2628321823687889
0.1562740406727117
-0.4819665280013368
0.4535248056671147
-0.0378198090010574
0.0449635776332819
0.2312657081618225
0.2751781941629838
-0.9262625813605353
-0.0862344517620837
-0.0163923927065200
0.0409097981065064
0.0549294923777485
0.7454215347463271
0.4463289243156409
0.3543992549251847
-0.2120860902826710
0.1469641276420091
-0.2203689816211834
-0.0371442225056148
0.2553512456234550
0.0427257332874797
-0.7066961989711545
-0.1723809436624266
0.0459373908267624
-0.5402361366079722
-0.0626848154834457
0.3254855333653080
-0.3670731702318769
0.7828778134293681
-0.3609335542110212
0.1400794244400904
-0.1661841571686829
-0.0687862738029158
0.2634464893190246
0.0266751370573762
-0.5164971537988117
-0.2380997737159137
-0.0429581856719811
-0.4864972987725653
0.1882970668541094
0.5633669179127948
0.1150971044458665
-0.2681953530706322
-0.1329606325821701
0.2373477764562776
0.1109899835319095
0.2834889935017743
-0.3134782707399153
0.6000748980990258
0.5216907713238245
0.3205977961160322
0.1034610035439193
0.0625454359017706
-0.4713626213605839
-0.0425802208337829
0.2151156355904211
0.3588964131015634
0.1687890725384922
0.7468714549039376
-0.1480401041637767
-0.1591273510556244
0.5929572784550334
0.0734642748371628
-0.2164859942663747
-0.4998722216213730
-0.4792318411096468
0.2633736865359155
-0.7860681841830331
0.2666501062353192
0.2678564165929369
-0.0415854798921439
-0.3444011513860331
0.1124578810828628
-0.3196739239688889
0.0637790941663002
-0.5318651469799084
-0.0889460075187965
0.0382109664876712
-0.6034778189199478
-0.1027398451766170
-0.5694954879920450
-0.0360853473801660
0.0859056363718219
0.5833451317030622
0.4891918639731452
-0.2102199931972553
-0.0732048218469077
-0.3073002658573312
0.0167427308763296
0.4875111619649148
0.1961312840567775
0.1332408899042964
-0.3235478044951293
0.2097266093063553
0.3681921077922761
0.5505514206805954
0.0843643712679991
0.1395707598733426
-0.6068844977487433
0.2414699237391419
0.5478137653496741
0.3513370238344270
-0.1924805204672804
0.2523190171350282
0.2465687497420282
0.4125970755262409
-0.4317505273378336
-0.4168132135494836
0.4265153003145096
0.2502319457046852
-0.3502291653599549
0.4487026054279756
-0.1458043526180316
-0.2851073486684668
-0.3939489955099691
-0.5677126148823518
-0.1823697679754332
-0.2464550058201397
-0.0258113833277545
0.2163288262997247
-0.3118972340680161
0.2827679532054703
-0.5991674191421171
-0.5063679664116291
-0.1162780218196962
-0.6488494252440541
-0.0129303559438725
-0.3889377867363358
0.3296653353291797
0.1713212535162189
0.1399833072692837
-0.5064555674950068
0.3229752079747619
0.4467816725023265
0.3219375748957057
0.0977317118411709
-0.5144696340822842
0.2428694691416360
-0.0521156141665861
