-0.1788794026272213
0.8196560953940221
-0.1033501657807450
-0.5343077650869832
-0.4308186610253592
0.7250167274229916
-0.5171788577879712
0.1458494268974053
-0.0650220679814911
-0.1366427969038521
-0.9719415958140659
-0.1800844553427925
0.5556437804575971
0.5665853465488764
0.4916868523143352
-0.3584481462863220
-0.0051595343104191
0.1835037637671801
0.7106781262882709
0.6791438350632149
-0.5274721167473763
0.1475902290364630
0.7021537961934993
0.4549399266255544
0.7819119829891443
-0.2615722716823123
0.5658468311447680
-0.0033107745865851
-0.0841247690055945
-0.6385970385991033
0.7350229736396388
-0.2117972468049427
-0.1474481137641147
0.6534765801692911
-0.4011085199644676
0.6247714527165650
-0.3380645748416468
0.8381730893497644
0.0672356958280016
0.4226790469535164
-0.6998290217210965
-0.4077304961953205
-0.0916550475938488
-0.5793052175492467
0.4597432121952381
0.1007791178996744
-0.2194764336120817
0.8545816773864798
-0.8133810538354711
0.0833582837449656
0.5754831835627497
-0.0167858043916490
-0.1616287354106502
-0.5897260786776587
-0.2202031533647213
0.7600064968572697
0.1543755036039288
-0.7771947977093158
-0.4622210195611494
0.3981057389393687
0.1017560415503261
0.3975822160372844
0.7996554048813720
-0.4383210272652902
0.3069126407010099
0.6526457817040077
-0.3393865664513047
-0.6038831618072256
-0.7873590794822911
-0.4343469542171672
0.4007354142878133
-0.1755549231854351
0.8004773424091958
-0.1248861976729818
-0.2112838831088263
-0.5468076285667126
0.8556534007760254
-0.0210431677951842
-0.2291546989499744
0.4635758479242776
-0.2340380195952605
0.6159168850584112
0.6814249459243892
0.3186418666086044
-0.0362125057583187
-0.1722176165658578
0.6044752380996303
-0.7769423617588851
0.8525970382377149
0.2988902540858578
0.4261290582305157
0.0464427834258655
-0.8023966032712491
0.0891911861915938
-0.3334088174821636
-0.4868708081099581
-0.5768944647411332
0.4024744164183635
0.0281335790558286
-0.7102222345218775
-0.4386653049919318
0.2982953621080546
-0.7025386910049980
0.4743753943683673
-0.3630611268691391
0.3313830643091948
0.8622628585335288
-0.1219616564299891
0.8351557862800286
0.0162380667505827
0.3314621658416121
-0.4386159714907547
0.6474489085636771
-0.4951181977900771
-0.4586395341037318
0.3540023428932660
0.2677180388257762
-0.3428370728824804
-0.5012785400202490
0.7480037556455321
-0.4738017210570534
-0.2965231506085058
0.8291967457333842
0.0043251753427171
-0.5259731287925984
-0.2641626270213275
-0.6808682719766584
-0.4358770130310095
-0.7469423905509773
0.5179711661210596
-0.1634065646631037
0.3835117089349214
0.0630973516663487
-0.9780190531886245
0.1985742910272153
0.0081059703773623
0.5966277053916086
-0.6047264979686655
0.3787347161959584
0.3672890667603167
0.3069261624998260
0.8922943681675829
0.0912230714974864
-0.3182537392335069
0.4101891572979975
0.1660239375441219
0.5077783148152344
-0.7391495724147482
0.0307794365141672
0.9304243342109371
0.3494458611943714
0.1060696690394061
0.2076835609419086
0.3152140038143864
-0.7763265267170265
-0.5048017375458117
0.7062405554185067
-0.5507679972672291
-0.3843472439328330
-0.2239555472624872
0.7719757236613038
0.6009976069091836
-0.0129455123847308
-0.2066101940276363
0.4640176612215042
-0.2859907041835053
0.1750572127251432
-0.8199096898244661
-0.2165238284938266
-0.8628467092349873
0.0565795315775921
-0.4532237247355763
0.5143681396318940
0.1401255344352449
0.8337346975831604
-0.1437939691947387
-0.5329326436894858
-0.0395441352150285
0.6942082303549179
-0.4821763075553636
0.4268831922420495
0.7987100966248528
-0.4178542716192203
-0.0723237818447486
0.6276645360090549
0.3486555509777514
0.0079797205565866
-0.6959977450170204
0.4047246146971916
0.5339313629063988
-0.4621952035379431
0.5809396524507902
0.3100206135962202
-0.3526002033210888
0.8815005722290045
0.0501702792825346
-0.3494500199116503
-0.1004739542375733
0.3968603547971792
0.8427879489491235
0.8966512295744713
-0.4227385149392978
-0.0030026436600958
0.1315283415107034
0.2702827676005116
0.6036391303692956
0.7474335680201590
0.0625306902397767
0.3522859215137308
-0.4573724616940569
-0.3501254060663638
-0.7376430443066646
-0.1230125735566975
0.3946189930936511
-0.2780818216308857
-0.8670722331588985
-0.0766345420505695
-0.4551508923886154
-0.0064263389161559
-0.8870870950987176
0.0934983913255880
-0.7241702360223153
0.6100153917754606
0.3077608517598406
0.2022299134406461
0.6354411587784936
0.4450708259058949
0.5976868375390901
-0.0594725071101431
-0.0780342429180291
-0.1426689716751624
0.9848955489550126
0.7076150673085140
0.3412995972666533
-0.4819475612965357
-0.3879717123501528
-0.3479716819450257
0.2579138394459951
-0.6919855603438615
-0.5775397339250068
-0.5198293238944932
0.8405703928140050
0.0911676593244166
-0.1220956454473732
-0.9899141242623924
-0.0945714914848435
0.0725833933570511
0.0765369883973007
-0.3908225612373100
-0.1031050630081613
-0.3458761771929341
-0.8467566011909173
-0.5609750594972186
-0.7470498979324630
-0.2983337304116808
-0.1955004294620331
-0.0526371697461790
-0.1184349278542186
0.9395744466549335
-0.3168633071505023
