0.0789332755828312
-0.1062218785961309
-0.0761011534502686
0.1811368242213392
0.1269718278167627
-0.0718254204478956
0.6656245350294301
-0.2817485149877964
0.3628658950703563
0.2918543924838308
-0.1367481080475886
-0.2623679031947423
0.0388130210658466
-0.2855294591474325
-0.1128911152890224
0.2110527401863068
0.5273536582190201
0.1660151342878651
0.1760636313970081
0.3505935396931636
-0.2318728550753439
0.1535719850764072
0.3573916095672652
0.1449113135260166
-0.1987556355579815
-0.1977121885062696
0.1850544820234929
-0.0711113793254397
-0.3739064491659159
-0.1100010975969881
-0.1324844806597016
-0.2270925186586308
0.4311848705468523
-0.2128977805517153
-0.0171717960756975
-0.5086921122961929
-0.1944201828705740
-0.0987433227027697
-0.0767989601256578
0.4142663505412040
-0.2162543875817939
0.2615331204000791
-0.1764025642819040
0.2360385332472418
-0.1162184549810758
0.3476129946102030
0.3238913940346674
0.3720267344107970
0.0132619796327862
0.3032475261600219
0.0037746519777366
-0.0413499705207559
-0.3217521078126150
-0.2610910039351963
0.1450611171087246
0.4545157374248568
0.2611426269687921
0.2010951607147673
0.1373120537163567
-0.1232360320124196
0.1988017867389578
-0.0678541090788369
-0.1278486956221294
-0.0557293703859267
0.2307833641068905
0.4037732343957574
0.2412528842239397
-0.0013777546845517
-0.4646365267566844
0.0863365952750643
-0.1356330765336905
0.2619447046895735
-0.1463787930219252
0.1947063541339911
0.5405868983110528
-0.0210862565316410
0.2246921631421967
0.0975603913346519
-0.3868027420848196
0.1026451158116107
-0.1223247845236966
0.2516560875113227
0.0392373449785238
-0.6197226471046113
-0.3926555451795397
-0.0855795614077221
-0.3642079521359153
0.1220868286959323
-0.0439857483899941
-0.0672228533180316
-0.6010644820976137
-0.0446325548265549
-0.0570025173029366
0.1899894937447562
0.4733819296611287
0.0847961207548844
-0.0722256715319743
0.4764452327646658
0.1256862763065249
-0.0149070142757782
0.3328388953055689
-0.0185133397292997
-0.0349642522892651
0.0244784562143956
-0.0701516996341509
-0.2557119204620412
0.0767095192361831
0.1193225440462119
0.1967367989367155
-0.2499942369838817
0.4328263154604873
0.4090555238769223
0.0867131571996672
-0.2991100194715198
0.1645657109678097
0.0833597912170312
0.0512237152477831
0.1669075106511144
0.1137395390816530
-0.5330912624122115
0.2879725607875230
-0.5310152136844484
0.0572818585364527
0.1826245807925743
0.1011196077164222
-0.0868229777445449
-0.2091573521457387
-0.1721859018739209
-0.1483143207101487
-0.5400793708143471
0.0827895095967260
-0.0055158150837452
0.3972718319469128
-0.0704946386560825
-0.1547311112615417
-0.0034493252311532
0.1459022199012389
-0.0310131508198756
-0.3368873299951153
0.0367283585578493
-0.2076986123748227
0.2840751768309035
0.1062731143900284
0.3306586569940378
0.0266157695744728
0.4353319309854615
-0.2871517488726341
0.3917796365322845
0.3594759358815892
0.2510728841975611
-0.1770752325398212
-0.0866422280782321
-0.4769599989116515
-0.3281486055653959
0.1728074940021418
-0.4476798954274525
0.4056316581463977
0.0542082580593426
-0.0712233087652685
-0.0597215353952721
0.0844998727445140
0.4298671224893766
-0.1455128211077540
-0.0783279187540989
-0.0183086153755321
-0.1442645816270353
0.3115993597441710
0.0568858861509256
0.6602329377875104
0.1072728195474640
-0.2024861045743978
0.1474753178038994
-0.2247589997879607
0.0403671442272360
-0.0871014099458149
0.1036030996968550
-0.1005974277182918
-0.1174720704621821
0.2585712457264005
0.4554645897023775
0.3499816085073874
-0.0793167833194318
-0.4051034018178215
0.2201082855200860
0.2890604801889433
-0.0721703113490432
0.0538103234633326
0.3762607397389955
-0.0991747664533378
0.3721239836713404
-0.0371866073917220
0.0827415193335578
0.4651830554997111
0.1424535716432597
-0.1794544408217021
-0.1172633583792430
-0.3334023921205290
0.4392920988710748
0.1069602668972180
-0.0233196673823402
0.0030501418582701
0.4932543719259527
0.2343336617936280
0.2695480152692624
-0.2860042641901057
-0.1070288631286269
0.3689697342736164
0.0663702831914848
0.1918674762028318
0.1692403474953983
0.1751543038210619
0.0850568747709105
-0.3153262465873305
0.1690066980004791
-0.1772755719499106
0.0113451274452377
-0.0276938163304775
-0.2958924586995462
0.0559554939417248
-0.3446382949050649
0.2564676373642691
0.1486501894768696
-0.4060376495481575
0.3912848768085262
-0.4318196731419865
-0.0737038481572747
-0.3291974160324154
0.1436692522385033
0.1850795822492829
0.0159703096445982
-0.2903741379623626
0.0986814064408814
-0.0621195674603517
-0.4304091403358533
0.1770988859704566
0.4841366236662312
-0.1840515376817991
-0.2606721049425626
-0.4130065650175838
0.0986346560621661
0.2883496294479967
0.0809585361301046
0.1648244830961076
0.1982028941171208
-0.4603399146499702
-0.3323083452884765
0.1348094071596236
0.5416452271405791
-0.1441792741099337
0.0211148826481493
0.0298679087337101
-0.2394923735763069
-0.2036410176721298
0.2924283202020839
-0.0590570113463422
-0.0105363439183440
-0.2311143615128587
-0.0912819074467518
0.0975968376298070
0.5545316892976292
0.0168398335553610
-0.0862848951222178
-0.1599418018456444
-0.0642110782014698
-0.0210155385769059
-0.3938517684409455
-0.4284743219914807
-0.2155916164822721
0.4170902757037795
-0.1551900504667025
-0.4049106814211679
0.1183681188596918
-0.2413740778210289
0.1736025355383727
-0.2755322026240568
-0.3027340822151968
-0.1374628850588909
-0.2079997595441180
-0.2984728305338139
-0.0169140259181881
-0.3380719463974231
0.1708835458004261
0.5205762174521278
-0.0037036033190704
0.0056499471224489
