-0.3629500256955056
0.0711503303835756
-0.0859521737913857
-0.3366237950002782
0.3441002152930860
-0.1502678682146618
-0.4292344320188931
0.2738227180947754
0.3260301328664456
0.1873406080412218
-0.1672581885363576
-0.0434773865173092
0.3253644536348177
-0.2552945777294862
0.4243317810492140
-0.3478557543482853
0.0482935547194168
-0.5445338901069003
-0.0316202849177862
0.0041760156310473
0.1749146843310045
0.5309909274069973
-0.1330522606178373
-0.0677281502130958
0.1170345022747616
0.2129173712256540
0.0715133182614126
-0.0095211753528002
0.3012955197889516
0.2356311562764435
0.4143848326791520
0.1315770830735222
0.1363151882746403
0.0118063067797920
0.3252894498973227
0.0498617781128495
0.2234669101594266
0.3242751537946847
-0.0563307111361990
-0.2305849823956654
0.5099927191992425
0.2571459021111070
-0.0923078398578981
-0.0685617262379349
-0.1331847841752154
-0.0813761875203357
-0.0499704175425566
0.7607524143509479
-0.1045894481279052
0.1368189695141654
0.2824677838443300
-0.2834912748770885
-0.0872574262900977
-0.2415493515397455
0.0239924995729698
0.3533096100687635
0.0441131523976405
-0.1535661777629463
-0.4302770312675963
0.3552181438910003
-0.3671217794148811
-0.0671449212817960
0.0914261240564651
0.4073563421205860
0.1830886851531472
0.4650740145484427
-0.2920206316138985
-0.0135817958078080
-0.1183745195891469
0.0167359330077425
0.4494954871223401
-0.2218696425553022
-0.2683831631258026
-0.1097929845170797
0.0632139536270596
-0.2319516285049432
-0.3926806888514074
-0.2562431219657820
0.0832639748531810
0.1213120231856692
0.2459789491442328
-0.5174447270640476
-0.0645435074884581
0.1814314592193322
-0.0663988775806207
0.1387001264643377
-0.1553194996269789
-0.2414333684109458
-0.2263715512180718
-0.2595823454593409
0.4471477585778447
-0.1166944714395698
0.6459966224794647
-0.2700174174133266
0.1864758759897820
-0.0844060789444780
-0.1030550320639411
-0.1378928373894147
0.3643840133693405
0.2415936172228042
-0.1907390712024464
-0.0426168405083986
0.0375207900261907
-0.1373405143653461
0.0002771895054799
-0.0550957302468529
-0.1193202066779369
-0.4232077489227717
-0.7230007147350296
-0.0994014309669683
0.0915493830547703
-0.1141021719814367
