0.7380461815476717
0.1584089045606066
-0.0798498658962375
-0.5463138908034884
0.0704988873872501
-0.2023301247657332
-0.1587502072802478
-0.1264972111563283
0.1955731045872862
-0.4194660162211472
0.1309224210218331
0.4594345364180161
-0.0272947656069960
-0.1600997614710479
0.5457102357846647
0.1281158634982512
-0.2904554459552409
-0.4133676908007722
0.1234579785413501
-0.1028014754325979
-0.0705952375735379
0.3807945311115594
0.2504812008161616
-0.2667002030269482
0.7992526711847996
0.2097197898478741
-0.0868606285035554
0.0694996046816632
-0.4144522185884456
-0.6328879487541996
0.3969352707792858
-0.2862908872703303
0.1142891979221326
0.2914692669238346
0.0738171901704124
-0.2826067843626460
0.1350469263362182
-0.2994274669002840
0.2016895823217971
-0.4444951111257400
0.3312833852815747
0.2627316413451432
-0.3223940783420147
-0.3448950759332361
0.5021790282762426
-0.1216909672493264
0.3300383173598795
-0.5952298568594133
-0.2650975099498221
-0.4516552326537933
0.0187809325922507
0.2272191628500473
0.1380198673895772
0.4203183804125265
0.2544558620551196
0.7451425213484674
0.0614284391970950
-0.2503536173197254
-0.1578152683461034
-0.3496156767559789
-0.3294307480342021
0.0559952696521547
-0.2340247464831168
0.4500354559737536
0.0537825121040024
0.3410930236618312
-0.3676015316104305
0.6206587594650854
0.1756842288747205
-0.0969768311848939
0.3376362155208745
-0.0601267754931859
-0.0723007287168872
-0.2797107556289015
0.1992080982198321
0.2568950862994032
-0.5149284811984937
-0.0192458574965583
0.4623549272161937
-0.2537795823145718
-0.5168729506855242
-0.7464026857015980
0.4033590680420655
-0.0068396828588453
-0.0309798691706331
-0.2923369349046949
-0.2214141718180018
0.0815101654407383
0.3691748324777547
0.0419389610477035
0.0509816937148758
-0.0825902191973297
-0.6872350322121306
-0.3304934117759462
0.3164890614364493
-0.0897483127766576
0.1763433238806544
-0.3123705255463829
0.4149330537682005
-0.1068668616495705
-0.6297882795842699
0.4170017712591920
0.3423724775437267
0.0243491606521310
-0.4636750040427556
0.2852139618577141
-0.0623214795529790
0.0042946846176995
0.0792475412205112
0.1285887703921555
-0.7517307999613256
0.2868096309356778
0.4511721064516732
-0.0036490885834766
0.2019840307870214
0.2919729636771472
-0.0145068822516539
0.2473926156598100
-0.8187372600953186
0.0057476181956530
-0.0265461802677568
-0.0464003753917539
-0.0828101940381185
-0.0632726777159473
0.0449642564051037
-0.5026855067279546
0.4361928126529322
0.1651237869824588
-0.2752572392971659
-0.1110967542895303
-0.3876928009525362
-0.0265750523349991
-0.6074647955977872
0.3802762243456766
0.1724108539304720
0.0231338356658267
0.5136034629060610
-0.1249280455435034
0.1858972719892269
-0.4785799253976323
0.2427247408597298
-0.2671613980410607
-0.5536664923984574
0.1401272779113386
0.2658159800393174
0.1045842363401280
-0.4859776754735428
-0.0740585865561947
-0.1888945395439734
0.1590080737188354
-0.1597921371688933
0.3908310511583166
-0.6614362212153934
0.1688604553245345
0.3535552653498119
-0.1414698039211240
0.3399702347028516
0.3220701178558864
-0.5470420202495482
-0.5152717656787553
-0.1955845743224856
0.0644119873362122
-0.3912538952414199
0.3393023817485492
-0.3481466089558819
-0.1498534393849497
0.3975170411097529
-0.6065340284499148
0.0272194406943675
0.0832754003750331
0.2335661633788769
-0.0719658056625560
0.1583184934748827
-0.4227407432744728
-0.2109064166983419
0.4519290480192327
0.0544856890933110
-0.5611170652841383
-0.3140078670666244
-0.3548282239591952
0.1721284239072522
-0.2099025697737401
0.0207944423235958
-0.5466602811766097
0.4812008011232079
0.1266501658605216
0.6027117328178041
-0.1173368074248735
0.0491834349240622
-0.1383743663198861
-0.3348281957810559
-0.4844180111575803
-0.2167318766275153
-0.1785012705145032
0.2121466152370839
-0.4107426779059109
0.0680315398564332
0.5804329163433301
-0.2128874494722765
-0.6934567940629696
-0.2848308981397952
-0.6026113002640329
-0.0189726969973702
-0.0863084816267978
0.1325785782682318
-0.0118350507711021
0.0632560179714860
0.3232222805870160
0.1128271516175979
0.3928967621995039
0.3525253374019595
0.5813095352717167
0.0714876365783050
-0.2709359950386037
-0.1201052972804006
0.4162842275525538
0.0340457217254444
-0.3250185716655152
-0.0312076649813047
0.2392450623765659
0.2434804616881297
0.0004652625362120
-0.8551088938363337
0.0595102223574963
0.2023760363862787
-0.2579492640013494
0.3805251839358726
0.0572569805736060
-0.3812642036653159
0.6388954066332755
0.4638835728048744
0.0500732965553331
-0.1136750949291048
0.0348903253124084
0.2735335092891273
0.4765967343890583
-0.3570716016389271
0.4183127448729718
-0.1560170707056601
0.0524101030428021
0.5406800868755175
-0.1501507493640244
0.2314755747690985
0.3634342690117237
0.1586182522217383
0.5707439033432390
-0.3431186923420760
0.1920039693369564
0.2765368569150066
0.1565606963671218
-0.4743952800323250
-0.1907261153972856
-0.1714780309368920
-0.3702832972724760
0.1312871602512710
-0.1802241690991475
-0.3006712487678764
-0.6049594971890916
-0.1645156094805361
-0.4231560257476198
-0.3482282213269387
-0.2997096269099614
0.2236883159013324
-0.1446317361177297
-0.1533689837236298
-0.1194400447078677
0.0272112415001333
0.4259453307900345
-0.7375698001238972
0.2743214934806177
0.1828409170384567
-0.1248245086916563
-0.0179621825100057
0.0176151412556979
0.0764210797615683
0.0671277468964459
-0.0514128461075525
-0.6368992045703947
-0.7291947027521828
-0.3902925091949170
0.0515473771251296
-0.2508689091738130
0.1169301150037166
0.3078060301462459
-0.0411088583456973
-0.4099598718778312
-0.5483340973147350
0.4508158099890495
-0.0803837515550705
0.2483380820840193
0.4324162557389352
-0.1447522110332524
-0.5397240630583016
-0.5535950380267005
0.2239211514025227
0.1265843007018807
-0.2449404642865425
-0.1384511068893948
0.4410458253626999
-0.7204492002900872
0.0825335030853965
-0.2030117931623119
-0.3328164681340261
-0.2199025230651398
-0.0959550950976151
-0.2256234740696805
-0.4443537338177346
0.5368196988796239
-0.0523695108273425
0.2957561553296431
0.4576520313814169
-0.0079329299619468
0.3803397172902883
0.1801911924086165
-0.1937127292718442
0.6100900278978312
0.2763973520735544
-0.2608171737456174
0.2302256827853688
0.3845687105575529
0.2256998570222692
-0.4279810688198382
0.1527459698871757
-0.1582167921144718
-0.3555222144664824
-0.5458465458865162
-0.3183374178552822
0.1358962953377809
0.1992092357471857
0.3055540937303233
-0.3210865420138970
0.3761860065599574
-0.2796227563611356
0.4897330347106629
-0.6319488401979978
-0.2000320510942861
-0.0220937932944743
-0.1177158066913594
-0.1444078431564710
0.4657702847709522
0.0329377979553472
0.2599303135428832
0.1233819521005944
0.2888432744470293
-0.5050850880655435
0.4950507331605752
-0.0170729392671071
0.1403871587707647
-0.3445587683890992
0.0280832336891896
0.5115181615762662
0.1385975359973743
0.4960947384360130
0.1062555622668254
0.1632655097174654
-0.7359722989080334
0.1724899614103975
0.0679766113894383
0.3442981592572039
0.0465275039561731
-0.4095490400276386
0.4371659854295192
0.1451291082811051
-0.1295406436220395
-0.2422532510461811
-0.5134938325115425
-0.2485050678033082
-0.4333321988935159
0.1772516053065354
-0.6397874642975384
0.2211050565722858
-0.4123506998444925
0.0591400536970334
0.2211013723156987
0.3908144246550198
-0.2158247990106785
0.2361342336376250
0.2535595735727876
0.1218961794723882
-0.1368980356880418
-0.2318241340742057
-0.1292098600396017
-0.3653174103393245
-0.6139816773746746
0.1437001901175871
-0.4065906030559200
0.4467288423664018
0.3142265213499744
0.0041406184998305
0.1696853671013439
-0.0717551250757348
-0.0260677649223298
-0.2297823861274354
-0.4089891988660588
-0.7975065367345718
0.1026367990042836
-0.2052402415308374
0.1481700093398200
0.2543652250038256
-0.0758524359019276
-0.0090490591351612
-0.5516816856886401
-0.5899420309346424
0.4485573866114090
0.1086136967544143
-0.5231320475501607
-0.2611144189214188
-0.4361561986199748
0.1048558925224109
0.1895354670267582
0.3201285032197986
0.0281695096198058
-0.4956269286892959
-0.2684764565413569
-0.6341309478771331
0.0667871141285356
0.2810372547755854
0.1661228088392507
-0.3859286982126821
0.2307044120357272
-0.2842708571862284
-0.1565890796359214
0.4234892562968831
-0.7207299499096420
-0.1059129296461815
-0.2526760768152125
-0.0501310552884404
-0.1260644400041476
-0.2074408845201508
-0.5494166676557921
-0.0865225450666516
-0.1862892348770605
-0.5715824824165695
-0.4766108425725210
0.0436688010436507
-0.0424289136132828
0.2540095478321452
-0.3892716699402042
-0.1558775109932163
0.1946655019057893
0.4051945880292964
-0.5193239509684865
0.1053375600976867
-0.0470826869759312
-0.6133026311588293
0.0797547531527687
0.0168999420681620
0.0289160516350997
-0.0765208787089847
0.5722864003023360
-0.2319761595846208
-0.1130503965548819
-0.2710239686044944
0.3562880560798590
-0.4628557489894481
0.5434338907129159
0.1353612286849730
0.2764006690013461
0.3587975317033302
0.7792913064349875
0.1549726523265130
0.0124595406491821
0.3842795839809733
-0.3070714027759338
-0.0782907402088754
-0.1429790771851104
-0.1937940199099164
0.2498821179219785
0.0733720406722710
-0.5779071422668712
0.2569221226155430
-0.2217807652264018
-0.0762620911099747
0.0304339937249949
0.2925625874480579
-0.6671701251941373
0.0894047851653256
-0.0466113272124135
-0.1889764065975693
-0.2257738105555022
-0.5082543770884852
0.1367294658016564
-0.5031014551113716
-0.5426986671954813
-0.1928784129332418
0.2220113286695705
0.0402378583529054
-0.1812276276917039
0.2127291445118415
0.8095362248168695
0.0122053743249813
0.4201049847244707
-0.2564428005295669
0.1113803551957662
0.1006439798556121
-0.5314007922482097
0.3097089833600613
-0.0593455204810701
-0.0678341370560644
-0.0387560212692038
-0.2911582097457455
0.1598437043902123
-0.3156510669923002
-0.6341210014336482
-0.5224378568946026
-0.2510061590855632
0.3409590961203737
0.1614490179198558
0.5004657628466154
0.3895224898510525
-0.2992740683316036
-0.0757707243229308
0.1556784591663233
-0.1853280994498470
-0.3073663226615811
0.0101264803663675
-0.4039144954115578
0.3361635901522461
0.4922218674636868
-0.0347541769086086
0.4920964587749675
0.3305674973960329
-0.1106699023493412
-0.6983453783995911
-0.4169562814309355
0.2524126642558500
-0.0510226476637726
-0.2917505284895391
-0.2397011477959288
-0.3163671451738986
0.1312810695864194
-0.3744589298180434
-0.0758308839812639
-0.2541603961645649
0.5876519681438687
0.2188716393499255
-0.5637754234955648
0.1324938169961845
-0.1611973936883921
-0.1865773575458149
0.0667007347685377
0.1334780991241227
0.5374843847750447
0.3721043967844125
0.3911320380137553
-0.0198326498439836
0.2210254247171609
0.5876092309037526
0.0535631522309856
-0.6256870467514566
0.0068376883924176
0.6484911876452206
0.0634291417510986
0.1480093980722390
-0.3494633301713913
-0.0885920321408540
-0.0391519728066079
-0.1746197665856261
-0.4142080159810670
-0.0220931485164182
0.2177726753118821
-0.5391613706391111
0.1770520435827860
0.0226750016178117
-0.1846901596261080
-0.6300636410203890
-0.1639251718008096
0.2593540273194417
-0.4826671960699370
-0.1249436232583773
0.5745143130338045
0.5361412710673018
-0.1905894369432737
-0.0537548578606798
0.1647182169284651
0.0172275863023515
-0.0157995390346115
-0.4715864565135481
0.1265194474146327
-0.3275893518653619
0.3227337248639142
0.6245253651305197
-0.0392772668395778
-0.2102671732422355
-0.3377730863760520
0.2752368484345214
-0.0212335106707860
0.1498100745305601
0.2748704275292832
0.1419899584041800
-0.7898171869680638
0.0302249241050781
0.3362360686013193
-0.2604926638967941
0.2012319529853865
-0.0831151310034881
-0.0425529675524889
-0.1116922783731100
-0.7818336956013989
0.2183418262239593
0.3444900297733792
-0.3314494398973552
0.2254827344214455
0.4071003953101515
-0.4668999843698477
0.4079918704335396
-0.1326010438305451
0.2868480269442566
-0.4385364653393039
-0.2916919334315515
0.1075843190510157
0.2469386114809418
-0.4118882509584508
-0.3960680707727908
0.1324526527502741
0.0815262810087733
-0.2743492921129531
-0.3847791614560561
-0.0640165005656284
0.5065428874557224
-0.4065483562513174
-0.2587717731150485
-0.0851454789759339
-0.0254853498020829
-0.2968292882324404
-0.7553015559567987
-0.2967896748515492
-0.2952202793735934
0.1492964833587528
0.2627190183747241
0.1711316336298738
-0.3217952655793841
-0.0605131422931875
0.3259274326449872
-0.1863457590275333
0.3553679545748311
-0.1566675731323650
-0.5387625615820750
0.5305188856216199
-0.1421242052780070
0.2075656899978935
0.4386043976278625
-0.2475876601026011
0.3260239284017112
-0.4868791586451003
0.5490457693102323
0.1156287291268954
0.1577325291301751
0.4253616062566682
-0.0917343671862036
0.0455164328259528
0.0694709970952506
0.4777758525694971
-0.4594270988754125
0.3468777317007581
-0.3873318255742121
0.3066940109832329
0.3137923108245028
-0.1959387164628208
0.0567824656078664
-0.5276634413239429
-0.2666237952279710
-0.4738351738247804
-0.2585305392548361
0.3432142691365545
-0.3181938952059322
-0.0426879705968368
0.0802558175908569
0.0888087668486202
0.1210513224849739
0.0177926607360301
-0.3367656763109072
-0.5495403704982812
0.0549314923799424
-0.7419275800136609
0.5902826857376239
0.0794109038186415
0.4859287431854392
-0.0950404127519657
-0.0833027867288210
0.0611452466193036
-0.5858113036987810
-0.0199872742591113
-0.2141223146445566
0.3589807511656544
0.1873763155420029
-0.2227885675720329
-0.5195440168009569
0.0747751756158697
0.0564590179199916
0.3512677849614717
0.5902010237414271
0.1896231859819200
0.1773297203600673
0.0488661750018880
0.0412865664004374
-0.1039037302781973
-0.7658061325300867
0.0070551478166135
-0.3187628996400865
-0.1745081249435321
-0.4848649522260575
-0.1036698663152564
-0.5440760866402374
0.4614034195006623
0.1966959211124843
-0.3388572845168036
-0.0161808940029404
-0.3383326715028813
0.3343128883240418
0.3167509831848243
0.0171944202506337
0.2682217635364456
0.4099248700843001
0.0935236658146893
-0.0193616880813792
0.3773624890723520
-0.5533557330455631
0.4583122619796051
0.3032265529222327
-0.4508299630191611
0.2477348492201749
0.1486249274098549
0.5983730982461631
0.2688279030501723
-0.1940585418344129
-0.2391862144590739
0.1945717572243511
0.3876140892173772
0.2448655424329443
-0.0042766672632403
-0.4967959367230982
0.4751299796999200
0.2574250222992842
-0.0333485597309487
0.0137014540104386
-0.6320473276444247
-0.0204096331554009
0.3947774279483219
0.6342493914967469
-0.0446690829318889
0.0534978804683721
0.4917391089228059
-0.2871958836439746
0.1887102846844636
0.2365545783300972
0.1454739656538925
0.1230157089636632
-0.5145985532460053
-0.2634201230878995
-0.1672378142549737
-0.4619894139822040
0.1096660424953895
-0.0267357760274898
0.6289240291408220
0.0312365318517010
0.1111321275897472
0.1793454882031032
0.2011506910681195
0.2107764359835289
0.2314877463279653
0.5983412035810757
-0.4705159514808173
-0.4555030299963483
-0.1735785011424578
-0.5497630286537732
0.1782504607001788
0.4450227434864449
-0.0330831989874001
0.1220655116695223
0.3554648701089544
0.4149757544860098
0.2267442220380521
0.3193345631944181
0.1601938153631079
0.2917530927176130
0.5457810790155196
0.1707856322287477
-0.2610624046874589
0.5018283534375294
0.1215225855855731
-0.1843558108400177
0.4398105009763827
0.2967791313036426
-0.1083262089864216
0.4070430168954722
0.5909734424841255
0.0576123950585454
0.0821362308570169
0.3244044214022551
-0.5195015091048197
-0.0082678457341363
0.0315709532804849
0.2403791183263545
0.1752560682329963
-0.6079355256745278
0.0399728251405961
0.2587239495489166
-0.2922281859475893
0.0310396539141121
-0.6213084418827054
-0.1951249751707630
0.2450312252390367
-0.3528210668185216
0.6335926351185251
0.2015790093352550
0.2132272087205412
-0.2698698724479012
-0.0295748231736491
-0.4649292983787260
-0.3795168813560032
0.3945862238929279
0.3723935728206131
0.4689264250502351
-0.2311696204909027
-0.1999141574641486
0.4310544203452253
-0.2200521022184627
0.1185908036434827
0.1539783332241318
0.2142404345247069
0.1431955652720680
-0.0845553856062135
-0.2547800298264818
-0.1204273807154772
-0.3981295556385267
-0.1523883696763317
0.8009944756698801
0.1261096299294573
0.0794825602918590
0.6229038585129865
0.4352012343563079
-0.1705320611744998
-0.4796370431186757
-0.2679072113587533
-0.1404301852497676
0.2230286184899340
