-0.1884936388368287
0.7830184289562943
0.0674855456941083
-0.5308044287762766
-0.2550385216917774
-0.4801093810926897
0.4454100751487042
0.0123545075767719
0.7219457935183073
0.2230391994842549
0.3663368149075766
0.6044169212833685
-0.0938291035483591
0.6902223107907122
0.1235588294042451
0.0387202813934492
-0.4908435185596349
0.0516871116048415
0.5383770049567548
-0.6819472289881032
-0.6994842709444227
0.1365132903167659
-0.2036815341757603
0.1053448488390944
0.6629495996884808
-0.1642998025174039
0.8449722247293956
0.1799449795664080
0.3287839180333154
-0.3443086607974089
0.0686911484112110
-0.1228917810956735
0.0965282575898220
0.9848942747587386
-0.0290637111053177
0.2883484937477581
0.2922616785616411
-0.8750037179752321
0.2483547356057459
-0.0642392109964913
0.6700944438320631
0.3937917718065778
-0.3754902260244232
0.0540151755443252
0.5019869796856065
-0.0802566049319205
-0.3212338575030546
-0.8038956979236122
-0.4547194486591616
-0.1932604875020389
0.3845007269864978
0.2766703684850173
0.2641187295794585
0.5917323992737464
-0.5964115713869809
-0.3548037391551956
-0.5556397709415547
-0.5581777792030733
0.1722280878925087
0.4734488400812955
-0.4619454690137687
0.1176635223503534
0.3703023407045888
0.6234558820013418
-0.4969312013069705
-0.5580977022525077
0.1332548324269765
-0.7688201068501014
0.2800782183333410
0.0352411590835188
-0.0208302485009872
-0.4838241741592147
-0.0326394740856193
-0.3194236991094488
-0.8138694209915934
0.4916424568450710
-0.3966329248068906
-0.6643613903282036
0.1405046051649132
0.3739684700012854
0.5877946900838099
-0.4122242348835138
0.4747610572264865
0.4838822688329148
-0.1582038903892040
-0.2422881236772211
0.5328169820076681
-0.6012296348604651
-0.1130836571516515
-0.5321067011981445
0.7088147252255124
-0.0970517467530572
-0.3238031144195819
0.5923921805010802
-0.1799602493024969
-0.1791631845557388
0.8224799725200030
-0.4599991029012341
0.1669326005638978
0.2279508286942066
0.1497733574433793
-0.2921749103966595
-0.1191726572989498
-0.0075725761804782
0.9369857506798808
-0.8492576283878019
0.4286882007134253
-0.0845088768768106
0.1129174250195727
-0.2740361509914000
0.2586515059164562
0.5712310810181783
-0.5809446683516172
-0.5156057515605096
0.0587235203091936
-0.0093304542810898
-0.0394615435637088
0.5274846485953424
-0.6977370293401745
-0.4829893503859841
0.6607639895509734
0.3543302282428690
0.1519944225709190
-0.6437218537958493
0.0189976292996226
0.5203210863886838
0.6859666822032372
-0.2563175687254736
0.0615877517248035
-0.4349987709942743
-0.5696307780048889
0.0844776820851635
-0.1168132240986699
-0.5823721803498796
-0.5617665104020214
-0.2768154179953772
-0.2434845282198280
0.2229968352238006
0.6140956630774747
0.6612468804820317
-0.5399337901735870
-0.1944917203713737
-0.4108722737222845
0.1815883068163751
-0.6847292417077064
-0.1404429031622895
0.3316364539603683
-0.4083119912963923
0.7053096055206529
-0.4539964002938968
0.0092971727486065
0.4350470238174009
0.6846463568370517
-0.5430266995737724
0.2168617515060529
-0.3065124058266801
0.0354848742367096
0.5170558848474154
-0.1498648240887803
0.7842096117877164
0.3366398270762748
0.8833863237399058
0.2002299460752557
-0.0737381763755433
0.2465215607099301
0.5098063689239924
-0.7243794776052411
-0.3064135572003865
0.0420146936479475
-0.3460019307899403
0.8074520354203570
0.0029292247738003
-0.4967709183385673
-0.2526572703200784
-0.1933793902803778
-0.0571580726588299
0.1716689314374868
-0.7485351403412535
-0.1224438760755181
0.6260713805908579
0.8854403565801746
0.3150844674955284
0.2844036960883062
0.1892103048648884
-0.0055813498796421
