0.0538642297053398
-0.0458086848148574
0.0679496560531441
-0.9810337657785063
-0.1671998917418480
0.6133367006921795
-0.5831462572510698
0.1971362262143075
0.4796551067250548
0.1217654349339691
-0.3456220159198226
0.3636477725054827
-0.1615676940368621
-0.3970283232765991
-0.7513788062110229
-0.0805015001463041
-0.4116340547989540
-0.5124324982083190
0.0843675110796783
0.7445615966850343
-0.3570470968919133
0.0535749959649490
0.8234865106587601
0.2484308323356240
-0.3602765308988378
0.0036431596580143
-0.1113566555584096
0.3550088118450341
0.4184349061517822
-0.8285332796434182
-0.1198870791483237
0.5626130747770065
0.2188314549418825
-0.7163257001505315
-0.3287611625102878
-0.4707967038880060
-0.0123999529167503
-0.3798756522548457
-0.7954443862549155
-0.0340502859804170
0.4517728925317300
0.4654571092946291
-0.0605261283449532
-0.7585896461946335
0.0113696725754350
-0.4011625071095462
-0.5905258715582332
0.1219331674230050
-0.2324345439994432
-0.6491951350310142
0.4053292063390764
0.0769307639896386
-0.1589739796804955
-0.6420461161252877
-0.6263337373904460
0.0357939290769295
-0.2711240822281865
0.7029640360992785
-0.1574426235607264
-0.6373883517248233
0.5488111335673672
-0.0640349596615328
-0.7191874902622354
0.2314486224823668
-0.3520039099427296
0.3429064135974259
0.1331610218042386
0.5375027036845655
-0.6315033866655522
-0.4206871164506022
0.0853921134780519
0.3672048220395660
0.8162045275953856
-0.1393477549703257
0.4150435855957370
0.7996111991274752
-0.3555821901652151
-0.3910762810763548
0.2020831077986776
0.2010099405232143
0.7489042612461106
-0.3771435232094811
0.2135152212771916
-0.1309377794406770
0.4839129245914534
0.3445067343233087
0.5784876643375213
-0.5060614131008067
0.3372929849721270
-0.4204787993159891
0.1912314583349323
-0.4561345059028205
0.1034572241707919
0.7670143327335095
-0.3954206089926633
-0.3143452986642304
0.5144135697401109
0.4040747629952272
0.1810561624258633
0.6637077402237390
0.3375924046904265
0.7182880226346866
0.5017113416684676
-0.2902952344038722
-0.1846837604082028
0.0404197899171282
-0.6321867439436669
-0.7200216501142515
-0.2664909810648255
0.0962161199738221
0.2509259755473082
-0.2818077177285548
-0.7952841350517720
0.4141982616539394
0.2314811214809207
0.2940239170163826
0.0562043570298582
-0.3472536479354218
0.6409994497011626
0.6155693429269790
-0.1990017735525742
0.6976103508427447
-0.1978689244721140
-0.1447946547265253
0.6431333370389595
-0.1944197816421618
-0.2710537570351355
-0.3448873124071007
-0.6224655743285242
-0.6183204345805009
0.8956227939235665
0.1990951625207014
-0.1693816727256551
-0.2318548312349550
0.2752709818398407
-0.1262532979179651
0.2302933864105304
0.3413496113026363
-0.4350933788938501
0.7906954252091506
0.1509853471851826
-0.4361114579575902
0.0597501478264804
-0.2770129593679901
0.8406568630246094
0.5912280233057429
0.4351936138592786
-0.5717040061828470
-0.2888237993143717
-0.2253692196777991
0.2637966642807535
0.6910657065056602
-0.1141639211120519
-0.3010243535796120
-0.5909233849446799
0.8052310625417194
0.3512270655422220
0.1333705141206370
-0.2990592100995932
-0.3478769598095536
-0.6361713154505463
0.7390893860837491
-0.0505880382242082
0.1462303970530645
0.1583996784800964
-0.5805797234899177
0.4964002901102858
0.3540353237299309
0.4615972698129289
-0.2794653586824101
0.0119731993685134
0.9310093217027541
0.1660422683391855
0.2166694960053099
0.2419970661496594
-0.8551666366036931
-0.2906026557837604
0.1471053631857409
-0.3431564667997691
0.2117634801065630
-0.7158514599422422
0.3611591004565097
0.1096320790794171
-0.3432905629019746
0.4767108013409967
0.0014305717840558
0.9059869747103783
-0.1617326738256711
-0.3896992444607585
0.0340968650086827
0.0416319299017988
-0.1295895841193473
0.0437909675835343
-0.2125150395686841
-0.9666400732514895
-0.3880419252200987
-0.5548104172854329
0.4645960211374416
0.3630734898699742
-0.4403828371314430
-0.5293567014089273
-0.2157867268573808
0.1127829192062508
-0.1158866450936567
0.8044052895213277
0.1746641825952206
-0.5598287449840209
0.1820048224577747
-0.6249641558701101
-0.4820562706651934
0.0742091931395552
0.3149397385699014
-0.6437199891950196
0.6910061853158636
0.0586599018843438
0.5050113949688368
-0.4458335615100438
0.6737685225418125
-0.2895322340313572
-0.0916678235344010
0.2517634515807313
-0.2314858555701909
0.6407568165586733
-0.4422659082093841
0.5261758561435681
0.6707376961431404
-0.1956724256164225
0.1675172666202424
-0.6951932848549466
-0.0216219079326866
-0.1072607360684704
-0.2990610803871221
-0.5077586951688474
0.7679978364643788
-0.2267554527728059
-0.2460029138238854
-0.7906748029119953
-0.1729356544417181
-0.3269648375338102
0.4213112588924482
-0.9036147321406868
0.1163077624658738
-0.3843043635079606
-0.1161279494112706
0.0936876502148039
0.6119562456665461
0.3216058167838217
-0.6207684952349709
0.2608161632200326
0.2621081004612564
-0.5980337804965733
-0.5154984835164885
-0.5172071774059336
-0.3027727317274718
-0.1320693735854326
0.1628137502255662
-0.0503768594862548
-0.4497697846184290
-0.8262692275529879
0.2931555205161075
-0.8269096620644709
0.1946029563910556
0.3299020730336049
0.2851333276267141
0.2970079255389165
-0.6235885222189901
0.2466771598830940
-0.2940306296192576
0.2057829800856289
0.6492203691363413
-0.2392713791502039
0.7163298635477207
-0.5249632073125317
-0.0559324053103591
-0.3884661255677271
0.2440702173058709
-0.7089576386545581
0.2276555467497231
-0.5831437993374341
0.2143013227817437
0.0892250624789015
0.7962116701263928
-0.5330704474762932
0.1882197096296191
0.1962016909064319
0.2871889153095689
-0.1431231819106419
-0.7279476502986510
-0.5364855623023334
-0.2816269546561705
0.6850890093388873
0.2397858750636175
0.5513481090164815
-0.3479390981822368
0.2193386195887978
0.2339705393878464
0.2609200410471157
-0.0555417859727295
0.7708695097346591
-0.5290121244838697
0.5469435608386912
-0.0703208919064016
-0.3192340532638588
-0.0000715746328985
0.7707122209569411
0.0177653450216977
-0.4494295820281302
0.5008513504356554
0.6775568548630165
0.2962466480978268
-0.4559626356295803
-0.1678544864130798
-0.3841376584793448
0.0158528956539384
-0.7849266789567797
-0.4040458686852575
-0.5790488338902449
0.0426042051798407
-0.7013459698050388
-0.0880232713999376
0.3388002458596844
-0.8132692037833716
-0.1776939667616239
0.0892229163908734
0.4292688213115462
-0.1101803279112067
-0.2061149645062638
0.6290841783602639
0.1438913763596217
0.7272724971385113
0.3051783387257302
0.7000203326320471
0.2547620674578978
-0.3388578698180488
0.4869387523305921
0.5977023624891421
0.7964510837672656
-0.0822785803639516
-0.0129516158177068
0.0384713906929481
0.4724996298966954
-0.1211817237923956
0.7577185193445352
0.2791102061657703
0.3316914648021801
-0.3459045751736046
-0.1606174184479713
-0.8990293811158339
0.0485914845916148
0.2096118061578141
-0.7934331394087588
-0.0928325555727723
-0.0750062636820515
-0.4073730364897265
-0.4361963313272909
0.3127890152723918
-0.7452239438464860
-0.4572485353604222
0.3211395264213565
-0.1860039970630536
0.4742219214107937
0.0925605830132812
0.0761844550620969
-0.6361830792649568
0.5966683552774907
0.5414537195881216
0.2245031612435536
0.4786537290376032
0.4024310024550402
-0.5151369682688935
0.5329878881497949
-0.1155823213366142
-0.3204352350266401
0.7737698328181579
-0.0341488514308080
-0.2845577957188525
0.3877476360855386
-0.7119685642028983
-0.4161391896634974
0.2976702370388680
-0.0814866897262773
-0.3175010740471734
0.9381471721089976
-0.0186029268412845
0.1099399925103400
