0.3513087076181955
0.0575066061144606
0.2143039137747746
0.2756250219667769
0.2356398286227596
-0.2309324304902944
0.4840397221124312
0.1009340971386227
-0.1063619606885965
-0.3558511407210753
-0.2982902418728139
0.4136687463992362
0.0772518427392865
-0.0832216432227650
0.3233061325527750
0.0727682647453903
-0.0087305259734930
-0.1098124125705299
0.2051406836361701
0.6209023049244131
-0.0802457522856325
0.3023683074841126
0.4194231794300940
0.4046790051843052
-0.2296753004753379
0.2199675796075212
-0.0056718685793344
-0.0373544652947319
-0.0308165990412705
0.0174473887483902
-0.4520770170994933
-0.1126910310865157
-0.0981418871239853
0.5008459106143431
0.0599090864497603
0.6442371203589543
-0.1462022944182400
-0.0006278968542413
-0.4028591751490660
-0.2297408793078464
0.0921188475345749
0.4389959470116744
0.5745753913874999
0.3740990762907577
0.0829088103071694
-0.1334243762940239
0.2333026615555734
0.1146809421267040
0.5332926547952327
0.0657940150188192
0.1715053208827995
-0.2695528757648872
-0.4573719535862779
-0.2361585591153987
0.1751545113287004
-0.2012670984187564
0.1595619054016028
0.2549909878478654
-0.0220092350057009
0.4267141142789588
0.1575509219840464
0.5231874866406975
0.3003642750843334
0.3479044808298015
-0.0516112156897815
-0.0857351293575295
0.3465091279553968
-0.4664854699844040
0.2785804465683816
-0.0199759372025180
0.0221206508055866
-0.2530008089964267
0.2413687720434470
-0.5493595928473520
0.1635830194494430
0.1139923170724315
-0.1779309108589884
0.1699156528310541
-0.2463573382943726
-0.2754278029232806
-0.3144120062703233
0.2237879757161504
0.4836919905209054
0.1421774971583332
-0.2598212107009500
0.3036039835860826
0.2279470129145281
-0.0596598389851455
-0.2375566606552658
-0.2715270391705821
-0.2742381620911108
-0.0451967959669402
0.0054068443130445
-0.5676150715239809
0.3489186750963094
-0.3652788761800902
0.4328398978679012
-0.1024295973776599
-0.6155607422066320
-0.4038540038654582
0.1286117323669956
-0.2767379511013250
0.2314394242630476
-0.1098474814511231
-0.2362434773989902
-0.1683227098641989
-0.1211870468979102
0.0505900527635488
0.5551880012407004
-0.1156423717251332
-0.1277508848981870
0.2460055309337358
-0.0191330379995504
-0.1384552127867918
-0.2351712547409594
-0.3108339767694733
0.3374383204950037
-0.4996979713743108
0.2458054562968369
0.0781787116599266
-0.2953173338535478
0.6186574891467069
-0.2989691439871447
0.3287846878893245
-0.0926621236345447
-0.0601996743913040
0.0745153362193974
0.2455130957075485
-0.0544431623921370
0.2372351652213358
0.4284896541694622
-0.1080796589245411
0.1089456561136158
-0.0182377898921038
-0.0670249229750278
0.1270362296007815
0.3626405058778194
0.1757117462132654
-0.2565162498897243
-0.2399186378823484
-0.7348161125950960
-0.0933718909056550
-0.3018733395618465
0.2040167814237389
0.0108679226142208
-0.3108572774109244
-0.2460464468377425
-0.2842496890465069
-0.7368343743990317
0.1934550957383573
0.0393613625661059
-0.1033865714750542
0.0097840503195555
-0.4016221824715846
0.0884983294505265
0.0098474777075381
-0.4501195245477376
-0.0985691834394171
-0.4368828081641062
-0.0929541595329552
0.0927744340094085
-0.1185015763626514
-0.0232461737589009
-0.3460006991228882
-0.2282012313314934
-0.2244712823286310
0.5253410486220738
0.2584888823918862
0.0545342190723335
0.3733958861810860
0.2160060157925074
-0.4394131152351371
0.3969787380766867
-0.2581089565861408
-0.0981016161367293
-0.4780129649314392
0.0242892379854981
-0.2456663133149263
-0.0171208990025139
0.3070689547732972
-0.3329230948639433
-0.1271697539693163
0.2797471671038931
0.2272817865492848
-0.3463954626046484
-0.0351323673194874
0.0062895558166046
0.1156856405824347
-0.3169675225905844
-0.3908879314811120
-0.5851679014955072
-0.1128915169114154
-0.0707795849465075
-0.1378503836011435
-0.0784529213129789
-0.5024440473270443
0.1769936569159707
-0.4770568854018454
-0.1781309108131142
0.0222476808361143
0.3309024016826664
0.4674234487037231
-0.3126196219198749
-0.0231284565987229
0.1524996719361114
0.3768852409614792
-0.4089715208896079
-0.0855311088891407
0.2724979592381962
-0.1996592200333860
-0.7049568513058259
0.1799117286236470
-0.0201191937895794
-0.0975392281849788
-0.0166785164604518
-0.0804978234521968
-0.0671147819349172
-0.2357460543724248
0.1672325471227908
0.1639271363531396
0.5532981976392609
0.3915260057939313
-0.1064599966075566
-0.0402032254882342
0.1874211962772241
-0.2017417018704881
0.2124138119233242
0.5401416365352871
0.0613833360794157
-0.5386262418917919
0.1087508350803578
0.1186162639573052
0.1802750492491112
-0.4985893636363873
0.2075646630977620
0.1319722031650719
-0.4696495058053942
0.2340170845965230
-0.1403896214382751
-0.2087658897169150
-0.7066859769219127
-0.2912406893344321
-0.1992538299131910
-0.0362093814302223
-0.0879301581568145
0.1787966567743663
0.0202712885654292
-0.0793033780820956
0.4419041524041014
-0.0229790631270097
-0.2940226109893010
0.2147185640079509
0.1748912417879525
-0.3705578298375238
0.3463077287190862
-0.0711731843872322
0.3152305649129908
-0.1327802210810899
-0.4163275926674545
0.3395983357563183
0.2448030741336427
-0.0102134163083372
0.3083363218049514
-0.3825500576303193
-0.0092153544562063
-0.2085632524507603
-0.4288044032346552
0.3630772543378827
-0.2651793966989519
-0.2783762713798485
0.0399062048320358
-0.4885072701993113
0.2679853656437930
0.4211415032604964
0.0531332918482752
-0.0259489946898549
0.1460242245654668
-0.0259357695968838
-0.3087646681598010
0.3814183207946514
-0.4254073015212436
-0.4197563747781901
-0.2010137949812914
0.1729028633239927
-0.4259891850733993
-0.1263305643925385
0.0737383276030876
0.3268890261601954
-0.0035341578677208
-0.0159439385979958
0.2549437154266874
-0.0396900466727324
-0.1942626064999100
-0.2510711324931816
-0.4168904596073235
0.3880417894434940
0.4112013144727640
-0.2896829744683745
-0.2137252408755149
0.4575278329017473
0.5116145676130653
-0.1418068895742941
-0.2392560267265466
-0.1269242016513418
0.1195096542313542
0.6973092610153004
-0.2391027855946176
0.0890804960032861
-0.0365542902266093
-0.0672892649757818
0.0059332681494369
-0.2706670208949939
0.0773667891375449
0.2476707567209092
0.4414325378727594
-0.2681193729414163
-0.3852731706702778
0.4558255227912474
-0.0886388254871293
-0.3650036964590977
-0.3432259339715953
0.1032035454241987
-0.1269321482600168
-0.1551104306133798
0.0268575631917100
0.1563309464731749
-0.2290171362211989
0.7397839927558106
0.0763960089797493
0.1937799058215453
-0.2333870267749087
0.0236924962374831
0.2177005031076125
-0.0690574543428931
-0.4415297909414400
0.1719920456825270
