0.8293127550187703
0.0537357625068238
0.1636777564965496
0.2323941961405964
-0.0262192383382768
0.4773551124271847
0.5619502419339480
-0.5043219292037332
-0.1644506241009031
-0.2247407050995441
0.2673291468401758
-0.5299566513107360
-0.0880689043772224
-0.4851570855124770
-0.0734904430219419
-0.2122395404915478
0.8299036752632857
0.1329657567936235
0.1534737064814647
-0.2577008185976320
0.3766973791634438
-0.6473961105124455
0.4927595435757379
-0.3258857197741755
-0.1278003028548205
-0.1936369901140707
-0.3211890923903747
0.4376480408514901
-0.7214058632885320
-0.3620043346853839
-0.4823675078117514
0.1756092145628978
0.0042747527122224
-0.6449764740245008
0.5532148666613955
-0.1200973643219053
-0.6930793784475376
-0.4418084018542811
-0.0571027283892673
-0.3997335249725743
0.2446366606787096
0.3186716223594640
0.0262977864969957
-0.3461420033162533
-0.6602894859100027
-0.1610104994346093
-0.1877382918631372
-0.6183380043329076
0.1509326661285960
0.7562545338164610
0.1982170299442775
0.5404196559170892
-0.1044816230942888
0.2510748998834182
0.0043120051436110
0.0646834330326993
0.0599953659757240
-0.6593900073253117
-0.6527569776453042
0.3623688211464643
-0.0794116708194006
-0.0168208213338009
-0.1308849467814752
-0.7651776774556116
-0.0789149252031253
-0.6201254177318966
-0.6866959943033775
-0.4044660498780578
0.4034642421440782
0.3351891695151666
-0.1036228485298789
0.2810390668877331
-0.2156353495762393
-0.4548961598357041
-0.0397839387082511
0.3208603423961220
-0.6843161733088132
0.4168310612540128
0.5794390318811496
0.6915173036660874
0.2158781070700397
-0.1686079152891350
0.2514382679367584
0.2186344855453771
0.3910835612705981
0.1061386168934706
-0.4410769145566047
0.7888738356465307
0.1327097583898606
0.0361329353015845
-0.2740349276798578
0.2638545247923097
-0.3898102779079062
0.0477607496678914
0.8370269858771607
-0.0209363583279676
0.0244512981822959
0.6155794350369578
-0.4707753546536863
-0.4547613220305676
0.3576988948713182
0.2531369179324194
-0.2970335022132624
-0.3758181612365527
-0.0841253298528916
0.8730335166534748
-0.0284878361758222
-0.0213461732994244
-0.3007805983635259
0.7966387767176891
0.1879608882038947
-0.0152719971291456
0.4474487286380306
0.1977998911206060
-0.0450075322277173
-0.8063920320114192
-0.0046029117207897
0.2724754568447986
0.3841623357328358
-0.3547695747615154
0.7698067714169682
0.0229005681332066
0.0045214091402244
0.3007348369779591
0.5135644418592945
-0.2294837192585533
0.7841853996948744
-0.1270281027296786
0.0560304902473325
-0.4596071117612129
0.3601749357645890
0.1575214990102047
-0.2050962796409441
0.0967861826842106
0.4716593908225880
0.6618951824987159
-0.5125962821863326
0.1588873463856354
0.1580001424149054
0.1161183139888613
0.5332118054782963
0.2838405930848661
-0.3744287632960447
-0.6756295446364491
-0.3944983157050599
0.5486690047382311
-0.0183159914855514
0.2727343544850780
0.3904376857998697
-0.5622920166534300
0.5162274190820493
-0.0751269139514301
0.7194967300866152
0.0720326772776830
0.4322234621039884
0.1348474181945672
-0.5105463850141733
0.3016555467176882
0.2727217961596612
0.6850183532335210
0.3072548493177244
0.1015551824715915
-0.7935788484124893
0.2265505246484573
0.5050803893700864
-0.1626188248594731
0.1686937431559662
0.0943335053357560
0.3648533919671395
-0.7886160486947051
0.3630954773521831
-0.2095858079860336
0.2373035417225175
0.1135307122077754
0.3186573176084460
-0.3298230817058059
0.1011802605633487
0.0120701488380887
0.4659108071299807
0.7498121330623589
0.2668172729933171
0.0203889725154821
-0.8933924946942211
-0.3198540634513023
-0.1043035363185326
0.1306018126265771
-0.2646167324827493
-0.7413326549030641
0.3594347752866047
-0.2831003009623018
-0.3933398094669404
0.1278613931676049
-0.2226719175676014
0.4137564883017069
-0.6345141714859452
-0.2796573710271796
0.1859090166611542
-0.5136576136423566
0.0544067997695919
-0.5319094916107212
-0.7319597016035180
0.4175945517561076
-0.0628769366335349
0.0029102035912971
0.2900895196231258
-0.2158532864269123
-0.4872427704420405
0.2739383724936906
-0.1247610169727697
0.7356917620273581
-0.2445388765881868
-0.3505513773111569
0.6764360854088957
-0.2878581814434439
0.2886600336628989
0.4399565255803524
0.1856434846095068
0.8398398268456684
0.0745035782969607
-0.1684746776198607
-0.1136196109594739
-0.4619108633634071
0.2907738981030005
-0.0479335515095545
-0.6965688738842094
0.1503722978190734
0.4981164464803529
-0.3965008153229310
-0.4904602853121155
0.0606355130349632
0.1237061595039034
0.0861227342623087
0.6185238470255331
0.5920134749270990
-0.2926895818501670
-0.1936162867041837
0.1543096668568989
-0.0092781309954370
-0.1291255971275213
0.9144804893301243
-0.4100197429471002
0.6358677802704370
0.4891789695902120
0.2189322254131143
-0.2598819453377179
-0.2697961587594319
-0.2531845191411795
0.2280805731008617
-0.4911700877533818
-0.1528871258061309
-0.4345923329157192
0.6560364526999857
0.2104051400967568
0.5664098907374067
0.5702925222086295
0.2857508426743016
0.3623008605440426
-0.3110634889674386
-0.3122791903714181
0.0920644486798719
0.4543980576303324
0.0447898937787575
0.8035121882775125
-0.1997255078271052
-0.5499737723315784
-0.1450286243122029
0.5049546635512620
-0.0440633237680564
-0.5145448474568396
-0.3934696418905074
-0.2205229350869120
-0.3260679766003069
-0.1594838077738827
-0.4118157934182262
-0.7430717507141048
-0.3128359799901076
-0.4075263489244079
-0.0269885700595050
-0.5804242449363597
0.4856920336402240
0.1078478977902526
-0.4987721597174291
-0.3543694866612035
0.3476338102439034
0.1677493599201196
-0.5935663110055014
0.0785325274687680
0.6057597128514398
-0.3496912524302686
0.0668005812889440
-0.4732571963696595
-0.7866649049448515
-0.1035468295428635
0.1404197914015971
0.1786320236159364
-0.3090834592866095
0.8328513133379127
-0.3172701116886716
-0.1742950193156542
-0.2188095694352188
-0.4406414364558867
-0.3064117463338593
-0.7361422263569177
-0.1932349760294337
0.3485856956280960
-0.1057820665490543
0.7542591424640624
-0.3927971115015692
0.3772728146822132
0.1604835695482440
-0.1965107852204378
-0.2647590106195866
-0.0750003775656762
0.3684295679049323
-0.0214974949790585
0.8026993207922672
-0.1935713870090239
-0.4199718717950665
-0.5305653106885583
0.6002534987587571
0.0436643550971383
-0.5253917287684760
-0.2032918216467931
-0.1972956639386081
0.0977868271289278
0.4384076651681924
-0.4457655222575908
-0.4775986622797046
-0.5564756521244005
-0.2485234820084581
0.2384499552988735
0.2039571446870447
0.1664834517743965
0.1627783345651417
-0.6277594766975282
0.6732366711989179
-0.4487795620219188
-0.1871593194005026
0.2665557539148959
0.4791208111825684
0.0809403691495402
-0.6755799204102433
-0.0660609220312212
-0.2774264883133586
-0.4056013124696687
0.4948762834450139
0.5894617386939518
0.4022317692387547
0.6429840786536396
0.2379128797399227
0.4492228380847883
-0.3448774507284451
0.0698297554058800
-0.4520521288898431
-0.0295295342847390
-0.5095388105534865
0.1841692936280779
-0.1462973474243827
-0.2080314146688569
-0.8005622368539894
-0.5289577821957607
-0.5170960532613452
0.4598075717396952
-0.2096211285076808
0.2809371044845324
-0.3442755569800749
0.7125514974962869
0.3235036039912382
0.0959387387514080
-0.3206413117995675
-0.5170521270803616
0.0908723669571487
