0.6139002834242371
0.6720842483724426
-0.4140401008372138
0.0471465186740233
0.5517346184031763
-0.8326860852881004
-0.1799536926211273
0.7479985371257484
0.6388386783607903
0.8473439624929897
-0.3253675997479979
0.4196952873942064
0.9453529172303358
0.3087766140267013
0.1047132489912309
0.2779626473584734
-0.1138543233510491
-0.9538207167637658
0.5209206628929870
0.6159173086463842
0.5910055261001593
0.3772857356633257
-0.8588753130228590
0.3463938081791721
0.8447164121086873
0.0064953066182172
-0.5351747323128792
0.7467074573713413
-0.6276489071564819
-0.2201926939099039
0.4229117081556407
-0.0182269051283151
0.9059875645031348
-0.1894680290868882
-0.9792249429921255
-0.0722521762717145
