0.4288947042152205
0.3730142260117463
0.7809996253757968
0.0794643276173459
0.2462411941332822
0.3223874642676287
-0.3483436277042608
0.5296436491860719
0.4690338147620748
0.5236486660037631
-0.5344371051421377
0.0105192791035687
-0.4859522443025823
-0.6409834509467692
0.2593394634144349
-0.0722500207414476
-0.3962777875973806
-0.4966479839742208
0.6850546778599191
-0.3489766724530028
-0.1078169854722053
0.9187221607848862
0.3191927752419727
0.0974512308895650
0.1815056989680278
-0.3198915869391492
0.0556432550333622
0.5425677902985026
-0.2048478052103934
-0.7471484259542610
-0.6216543041369346
-0.3928731940746151
-0.0532205347195118
-0.5433918188762158
-0.4013595462776494
0.7504793241443504
-0.2623607947088458
-0.5669302497928460
-0.1909307156341820
0.1004148949549933
-0.5159750090804750
0.0553972150942526
-0.6798858590375259
0.2057353574233928
0.4755303564977523
0.3014111627650589
-0.3815208589340203
0.7230235020358482
-0.3792884623018346
0.3114007434599191
0.6875799338054454
0.1331636640397362
-0.1311631626578033
-0.4886676790663186
-0.5034892227298928
0.3391460038740686
0.7433818716496280
-0.4280689797311948
-0.0330242196837688
-0.3847463196251766
-0.3082881608118352
-0.2700642199951160
-0.1006781992250711
-0.1795602697725565
0.8886201307092302
0.0728423041175864
-0.7467945651660289
0.2912154163480395
0.5601370503708236
-0.1960406647928795
0.6605421278111592
-0.4775358689131073
-0.0051698062342359
0.1524293825013148
-0.5589115741706182
-0.1684469844173245
-0.4474264072794258
-0.1198521679073579
0.0678222556732540
-0.8674507611346211
0.1817182638484484
0.6796865862888253
0.3599025147546376
-0.4248623220681133
-0.4415504548328852
-0.1532888784962456
-0.5708502848679032
0.0688205252358566
-0.7439822844752549
0.3039515877386375
-0.0594001860558605
0.0812573009215400
-0.3107264284146434
0.8730757540484115
0.3620175179752390
0.3359851684071113
0.0412825061227537
-0.2847800528362261
-0.6874954056209289
0.5758993923033613
0.7004297684912233
0.6106987525587221
0.0547583929016393
-0.3006466028777093
0.2075049676983058
-0.1303725557288140
0.3252175110846585
0.5295573939613953
0.7316496949208132
0.2479803573264098
0.6040760080654332
-0.4214253381935268
-0.2354353606103038
0.6102191375226974
0.1723242756652530
-0.4223623893626807
0.6811782701832199
0.0326969241596816
0.1336566506355807
-0.5819561728974253
-0.0468632345772241
-0.7189994642701554
0.4924506080311256
-0.2804599848523907
-0.3995975515072147
-0.3215677078025952
0.0709166606185046
0.7167248750610299
-0.0338030989627300
0.6137815902375793
-0.9295909105146316
0.1670998939727485
-0.2811339109634096
-0.0051196126802508
-0.1699290387052682
-0.0937426426090276
-0.2249402440653845
0.9278418353761413
0.2565753759637091
-0.1178677586594244
