-0.6384990229797253
-0.2472486351289192
0.1844189366035085
0.1866869523997919
-0.0583639161963521
-0.1115520152532679
-0.2765311766654454
0.6082804100229730
-0.1911805321569291
0.1009833841858306
0.4473956044083761
-0.3649231223297950
-0.5536145511798679
-0.0197760299898289
-0.0311546700099391
0.5586321437977183
-0.6789504675704259
-0.4107561450720913
-0.4349447538326508
-0.0118467529696018
0.2533885880314737
0.2260386929053060
0.2335951755335947
-0.1054627619657920
0.0766314689876561
-0.6400528681229919
0.1595973761120211
-0.1223153618155977
0.3494418659259090
-0.4509896966945765
-0.2300359725895501
0.4069517181420128
-0.0840582196698552
0.8673861173496089
0.0508812552909236
-0.1506130338939185
-0.1714303083262559
0.0433054210132410
-0.2605786946221917
0.3407893555019279
0.4345565224004807
0.6067480498589181
-0.0707938781523302
-0.1625819311725095
0.4496533791907505
-0.4473705311511379
-0.0329072387027460
-0.0903401095019218
-0.2157801300694512
-0.1731838572637266
0.5724373634310316
0.7325104234197428
-0.0253264355898677
0.1959775604320466
-0.1003391474347839
0.1003675970595222
-0.3303943354588476
-0.4237863367299834
-0.2484566915990759
0.2440944391687574
-0.3753343643059678
-0.2521468548752474
0.6208640373436575
-0.0024138651803258
-0.0248774529018530
0.0169848659597697
0.4732365059233304
0.3880759080849468
-0.4451429631439469
-0.3983526657581517
0.4085061866869270
0.3175256165670308
0.3428668797374239
-0.2540274844017336
0.4380288911075283
0.1688598429171851
-0.6902592158865567
0.2541608583711027
-0.2014388997670912
0.1260802386145686
0.4416314922526100
0.2551272361879633
0.3278163520482075
0.5554807671733414
0.4753109651363518
-0.0348651345277972
-0.2106882822903035
-0.2287435934779721
-0.1537441019603839
0.0069830579771169
-0.6335530808694039
-0.1030592888910008
0.1216749860959867
-0.0341671582955152
0.5758253975963366
0.4655708101281942
0.1415219731165455
-0.2350888344816112
-0.1559463001717859
0.0812901476952792
-0.5604739123840081
0.2117616828947790
0.3751256568578789
0.6277612278081274
-0.2119728158864708
0.4346230924692640
0.3528503861167299
0.1595366471113366
-0.7185214453284490
-0.1788584466107825
-0.2000695744232344
-0.1671038902376658
-0.3596108969775930
-0.2808736903070681
-0.3025255606001258
0.4275303151018142
0.3827912949478039
-0.5048841490869653
0.1593558140961531
0.3010890777617980
0.0709916774681859
-0.7009476211120879
0.3057327525240194
-0.2942723406547866
-0.4306628069509351
-0.2127710301018398
0.2549903563042166
0.1667388418983115
0.4884124509573342
-0.0000819582520452
0.5476819236040585
-0.2100392665026895
-0.2113759323607931
0.1624613704234149
0.5034568288309597
0.3046949752773916
0.2013062709126054
-0.0033185023398460
0.2903455583425440
-0.5000451950875343
0.3921896561796421
0.6610559594264606
0.1195663331594816
0.1414751445355653
0.0175389066518251
0.4514822674633913
0.1356141648613729
0.2071937026256390
0.2025924073424530
-0.1792532793687694
0.3108587518988204
0.7514832875662926
0.0010287322636500
-0.0484170804003904
0.3014579711286683
-0.8668976357965105
-0.1395078109183640
0.0037095273692413
0.3319755403957620
-0.1599448636475841
0.0910938229418052
-0.1038074905897463
-0.3932367747781358
0.0332373888377116
-0.3678507280975576
0.7711792435303677
-0.2882189465139925
-0.1099285691757984
-0.5616494382882596
-0.0204927585665973
0.1962600764707545
0.3709025757520741
0.2089222947571814
0.1416064506675704
0.6059158753550212
0.2778637379660561
0.4787273410660535
-0.2465151053244368
0.1877017319655146
0.3079441995349602
0.0708681435168681
0.0398811423712347
-0.7042419971103067
0.2782431953819391
-0.0939226890246780
-0.4375593175307393
0.0059547844442313
-0.2750754372328636
0.0053227116078288
0.4110159604991794
0.7366702237348632
0.1112337490165755
0.3598829676820026
0.1492689965101201
0.2192129874709688
0.1724069926938688
-0.0787752536919808
-0.6109331377608634
-0.0147501099249397
-0.6251096752540291
0.6331743089306729
0.0083185020920178
0.2958623706639936
-0.0693254357739767
0.5492543069205748
-0.0487566384238687
0.0007913391249774
0.4501359893789123
-0.2576888953127057
0.2165412367572654
0.3862494897279278
-0.2263305763631215
-0.2025613866304427
0.0087041367560050
0.1293456690753519
-0.7927515048521440
0.0729979647739164
0.2139576046416544
-0.0186056590886855
0.3909900197353772
-0.5093627042203367
-0.1868287109068772
-0.3496718584863130
0.6156690135007811
0.3485942440701104
-0.4363995869428722
0.0076465945465071
0.1617249517106824
0.1685380825489506
-0.2852323855978884
0.6193697782073923
0.4104174726829793
0.7205393105413679
0.0506554852401057
-0.3934922004492455
0.1595691663805979
0.2866561581669572
0.4169381151511808
-0.1975892680771412
0.0539261473290326
0.3046159669681003
0.2555461715360841
0.5754518132566683
0.4151979805945739
-0.2915370443151545
0.1639194614714135
0.2950538487198180
-0.3734312556678516
0.2439909699166949
-0.6284084934680368
0.3173651123974317
0.0863428369673633
0.1097408286251503
0.4281113092172226
0.0307582058685756
0.4910469041735860
-0.1239653130244722
0.2544557586122407
-0.3270349954561892
0.0125951521840087
0.4327190567960397
0.6196546539138404
0.4845635179746726
-0.0821879965732181
0.3662964120408621
-0.2721893826785584
0.5830602778959594
-0.5263806657057764
-0.0439309795805333
0.0388151843668858
-0.3653221482417435
0.1944406441405292
0.1732653240307827
0.5523032790048040
0.1789423603499541
-0.2971059926268484
-0.3689795076033220
-0.4223575847651275
0.4793893999966646
-0.0173744938823554
0.2721121364248369
0.1861650061378692
-0.0411180732927344
-0.3544928416791531
0.0699901099147476
-0.4116038370018427
-0.5184953342234463
0.5663814608679639
0.2467375698782867
-0.2732998906477122
-0.0791202653666953
-0.6375880641909387
0.0690491147331435
0.0091508071274773
0.2072372734309735
0.6354922347097897
-0.4221756825584305
0.5035533159365179
0.6738260831038690
-0.0512865411252695
-0.0507285759943072
0.2619366102581168
0.1966055558754308
0.0411330849433249
0.5982039765934536
0.0287272825552748
0.1618885823452355
0.6317941081763955
-0.0967306827225070
0.1585931834410575
0.1615091581476572
0.3941588593766671
-0.2943103332817789
-0.2443351468983811
-0.7387488041332666
0.2687505715420211
-0.3659365517087934
0.0420161099483538
-0.1307473470084672
0.2879849237021852
0.1194218829675791
-0.6573249003563333
-0.0316609410712839
0.5616346371055173
-0.3038458284487376
-0.2210453879725570
-0.0864772888166734
0.2975984475146480
0.4497088752280669
0.1928060534982997
0.1111208936063184
-0.1555792498718962
-0.1786180486098514
0.4640406629186525
-0.2453021503090191
0.6454639480339293
0.4835649988623552
0.6764221571125945
0.1876553758638990
0.0689421741512318
0.2111128927948291
0.3921365378040504
0.2496655624579538
0.0893184354569667
0.2066524620937403
0.7045385580485101
-0.0449739248986698
0.5737828206371441
-0.1766677428946879
-0.2811586859387223
0.1390816948258781
0.0080861029230450
-0.2252791635910911
-0.2756991066776127
0.3404563281489175
0.2476942931582067
0.8141615776138943
-0.0705913152111581
0.1267491466864069
-0.1098579644693969
-0.0079937613043571
-0.4321434692169814
0.1137572955764759
0.4746130842353384
0.2585729905767500
-0.4261485638753964
-0.4586064342922935
-0.3408920184543903
0.1178886484581014
-0.2134644470385025
0.3772385482414295
-0.0708334215553290
-0.0440322490469029
-0.2931323918659916
0.7418081739103717
-0.3937817866906572
0.0082324483073317
-0.1503994599823705
-0.1380237096031689
-0.4134865012508585
-0.5897847201159702
-0.5025344588678764
0.0803138264500226
-0.4247980566712086
0.2136221886960701
0.4583641298841822
0.1806352870082436
0.4817038294912658
-0.2469887034192358
0.4619114323396436
-0.4530266862638260
0.0011955179450345
0.0146189390167804
-0.1431453604853035
-0.2590954357628526
-0.1581839985569950
-0.3533155977890370
-0.6933744011436733
0.1738959720083140
0.5013015951279688
0.4184809279026530
-0.3647623241287241
0.0310025585476508
0.5783941310000749
-0.1050714839579653
0.3550048911158989
-0.1935321439711215
-0.4263778257117914
0.1116947915931397
0.4528438860823483
-0.4962928007731209
0.3642669506207453
-0.1372502208808414
0.4306158051788818
0.1166926533420387
0.4307841255307994
0.6193339705965886
-0.4841009003987409
-0.1241195562250187
-0.3887486331378425
-0.1826563427294883
0.4014101394764722
0.1125345780831985
-0.0915593589752535
-0.3175232060134049
-0.2617378824922111
0.6305838783767722
-0.3575548947487063
0.2935471892616934
-0.0061455319179249
0.2498827576109007
0.3956534489256847
0.0578279665963437
-0.0257601555982392
0.1164550022123086
-0.7079626204558381
0.6401657554315805
-0.2080347307442942
-0.1627296192697081
0.0405946862177722
0.2748967724335049
0.0597804157943041
-0.5003310542993574
0.0678375545099079
0.1127565858959653
-0.5890517762693317
0.5021564854759856
-0.2325248158806886
-0.1499353940360457
0.5108396465532055
0.2189721475687313
0.2925983767307893
0.4241392937936107
-0.0666729052944256
0.4965966937401834
-0.3899383650969380
0.6550313219432222
-0.2438376957177783
0.0942298151806756
-0.4464832179437748
0.0580662967185451
-0.5169543962475143
0.1651172408185484
-0.0733033260921900
0.5038429755773727
-0.0238173587263167
-0.0519639496423967
0.4012865008287136
0.1403922047911756
-0.6966670697244083
-0.1231638182586393
0.2482329112794724
-0.4772912030260408
0.2077386153512245
-0.2574807085196189
-0.2383610412292923
-0.4189414508226137
-0.3777454162184053
-0.5006223948270794
0.1926114043260695
0.1485346261572809
0.4341458906374069
-0.3627533664430051
-0.3386778467093217
0.5056797134424045
0.2201832551433630
-0.0448502681941263
0.4867832544036093
-0.4658177716676449
0.4252000918174607
-0.6722426257838535
-0.2751820307655512
-0.0498285806264295
0.2633014709362608
-0.0459379110139387
0.0257399267136167
-0.0312358759753045
0.4133013668487444
0.3732581159314501
-0.5608503694529523
-0.1207323906212120
-0.4170496122813308
-0.3818785429463954
-0.1999840778082668
-0.0144160179093101
-0.0713022164881663
-0.2647206411273559
-0.2542476175389682
0.2067283704212727
-0.8212551558180434
-0.3247621113241571
-0.1931896074894186
0.2038353535906854
0.2313633076128497
0.0620504199526606
-0.3919645267387378
0.4738549363849777
-0.0734419537873703
0.7073913765237312
0.1307705730908959
0.0098908812013839
-0.4246610345775320
0.6849650934752267
-0.1542146659485648
-0.1108382247140324
0.4351026462066547
0.1676340500608645
-0.3112960555064052
-0.0719736050571997
0.2215269372564759
0.7300073608695536
0.1026664745896251
0.2040608394971117
-0.2401661743237213
-0.4076229573799082
0.3698883229134740
0.2510799011634055
0.2316496311272286
-0.1435511154045524
0.2841444721821553
-0.1853466276445563
0.1339589103788046
0.8539269141031314
0.0215125811106810
-0.6382455148880393
0.2375488727975702
0.1399554268780510
-0.2365201007374239
0.5452696352816518
0.2152842726437274
-0.2789853107647781
0.1979515581196637
0.5325240232073331
-0.4044346027049642
0.1688354734713967
-0.1394093253923576
0.4950208504168963
0.0753122017175195
-0.3205195203089469
-0.3891787593885435
0.1339962923954744
-0.1650981641679594
0.0606258793263519
0.7927633831879863
0.0890264388225362
-0.2978416383868944
0.4079465061166023
-0.2440954948902690
0.0898459139693356
0.0222754705709420
-0.2057978961588284
0.1517613927265560
0.7673946659886132
-0.2184921896707468
-0.5060358642000836
0.1825965897177047
0.6979959049555109
0.2970838156888107
-0.3484414100793400
-0.1111963463364552
-0.1328361058118938
-0.1734205238946411
0.2630140343303631
0.4169776829214779
