0.2794338635350296
-0.2453269601891628
-0.0571372082758742
-0.3197601675844973
-0.6911895863985889
0.2831772567020844
0.0934059244512589
-0.0006840978648989
-0.1881436819604856
0.3926379889130739
0.2189079002500259
-0.3752646216415099
-0.0498215589700404
0.3265734625851712
0.2480019341132410
-0.7364635134740626
-0.1648622001791844
0.1030714332012466
0.0697355199628740
-0.2357405493593827
-0.0395463477184606
0.2237774590143115
0.2330297334580428
0.1185936382334703
0.3686743952201362
-0.6252010078177225
0.0428344318278177
-0.2053547622960267
0.1866032507943482
0.5238026131018574
0.4425282945861302
-0.1935569477318523
0.2986140520283380
0.0260021123659987
-0.1739485459136247
0.4633866386255708
-0.4683733372385762
0.0479677205571446
0.4393987806130223
0.1308698109623196
0.0342678292287906
0.3912020858167143
0.0864735434836070
-0.3750373342168328
-0.1685569062193787
-0.1267722425374921
-0.0833038034611261
-0.0771696082318312
0.7260784727359364
-0.3362866565372341
-0.3753007892309600
-0.2040420757023120
-0.3626914415280275
0.0441312366834911
0.4139728693019524
-0.1100056217274594
0.2829412886928831
0.5438657175796753
0.3205093399955073
-0.1482457391532093
-0.2729999416200331
-0.3132603715664896
0.0872921962572586
0.0104247029358963
-0.2082613265949737
0.6084826765857456
-0.1575442382964476
0.4881929501982059
-0.1724080837106631
0.3363173065578038
0.1103305340572078
-0.1157305517412432
0.2980416125783769
-0.4929139661345405
0.0184348519304009
-0.3358537475625218
-0.4106310820723903
-0.3879825985194044
-0.2504163572397720
-0.3842477247830912
-0.1448729017463541
0.2601864043520703
-0.1283536672319834
-0.2019990649622770
0.5033502485085587
-0.0219731600594170
0.6315824670845155
0.1268740747925026
0.0730046353733755
0.4241098659389554
0.1746737858820848
0.3896593061789824
-0.4010513227015994
0.0348581035999755
-0.2470332538161527
0.1891349271551741
0.0066977405449394
-0.2017728788819881
0.1206518513285828
0.7095674527736660
-0.1108581132642800
-0.6757069945701792
0.0301401451606369
-0.4707146893442678
-0.2071474136825896
-0.0603384617691800
-0.4660843237588210
-0.0031747763491366
-0.0730295749055963
0.1987989267177058
0.3528199100421520
-0.0735083173721326
-0.1971813945372240
-0.0881755180072004
-0.1325912641546818
-0.3795284304523070
0.2471713386913004
0.3694841706817203
-0.2250867306202583
0.6430868384748905
0.0978001461824092
0.5066657590328699
-0.1617690968874654
-0.0979211755421883
-0.2608024429672299
0.4303987881318023
-0.5779025897021673
-0.2421037701707982
0.1783477584958831
-0.1425221033527918
-0.6487848371501782
-0.1169983200279757
-0.1251925431712188
0.6130916034114910
0.2067300554865481
0.0873325104467035
0.3063405057662659
-0.1553581219547926
-0.0096785620974278
-0.0734610906410825
-0.2645339252943731
-0.3938454153946302
-0.0921487705712857
0.3130221324942762
-0.4895664874471677
0.0404642208260858
0.2663750315424395
0.5511151184518436
0.1019832981625511
-0.2050280875245188
0.1422708013590356
-0.0895610036011814
0.0795401214246364
-0.6648868378928134
-0.1872444972275592
-0.3363941088358099
0.4750432471308571
-0.1516804431151982
0.0970842866645741
-0.3420771948090020
-0.1040967470352467
0.1836817535317933
0.3746323953518251
0.4232214051265608
-0.0897439178029855
0.5553834316446211
0.2105005890723884
0.3857207171831378
-0.2062150889794709
-0.2895491871114932
0.0513972092781653
-0.2785447646608549
0.6539978255715850
-0.0842462999746898
-0.2265326664965004
-0.4872030564641111
-0.3407679989714355
0.2355086856641925
0.1529242793500853
-0.0361064186490130
-0.2459273022742720
0.3090237411385977
0.6242957493148773
0.1350109928508540
-0.2715018852249713
-0.3577132104373252
-0.0127559926849777
-0.0403011096893141
-0.3999753436515701
0.2694656818274898
-0.0125780097832560
-0.2936445557234144
0.4555868608292685
0.4447085198448367
0.3422559374340208
-0.0806232322857036
-0.5332617140337422
-0.2471147090687697
0.1954901007679342
-0.0316269868529853
0.0005761937470343
-0.0643686817150436
0.3657538284505907
0.4769490093176503
0.6454819064503120
0.2140710752390417
0.2733327365906359
0.2038090873741892
-0.0107005843065979
0.2361426941449259
0.1906827352171632
-0.2507515681268734
-0.4816682121682731
0.7527970602882721
0.0897043315550825
0.0169237689642979
-0.0852238667227261
-0.1785659037366603
0.1837073241658990
-0.1443104761810849
-0.3228326914368747
-0.1166109983488730
-0.1652327321034341
0.0399962363518319
0.5442000810763024
0.0901133786062105
-0.1069689653652106
-0.4132991301960796
-0.5095209197951559
-0.3273150259225883
-0.3278323485046914
-0.3337686319049545
-0.1091016210482324
0.2483559034795874
0.0514083097024452
0.6196387235609632
-0.1302710627525064
-0.2026633666344779
0.4890655684028103
0.1540050353576305
0.2974958511918380
-0.2972841909663158
-0.0121971356013366
-0.5095801324487136
0.5087172121026481
0.2383261066166101
-0.2169705630808274
0.1680971640600280
-0.2503420470925237
-0.3312115479360405
-0.4530942766966634
0.1865506763037053
-0.2020067887420430
-0.1704968877994114
-0.2387279988482195
0.0048228977685610
0.0572782973667272
0.0031319194074686
-0.5620545034502901
0.5601948725703230
0.1641591822038192
0.1147673385763150
0.7941982833945045
0.0219266492910963
-0.3858502625356523
0.1411429759181984
0.2024308840948878
-0.1442217664417889
0.2843206946758864
-0.1312643389366936
-0.4782055212906533
0.6298831415606156
-0.3376100602664764
0.2655632262256691
0.2588939341230523
-0.1168391613701077
-0.0788455610968167
-0.1219059648031754
-0.0029273739410541
0.2971508243897488
0.5161137301147279
-0.2583430101287795
-0.0428277435702803
-0.3451312202980361
0.3486403230565689
-0.3388177301988883
0.2436190083117799
0.3954260236263168
0.3063803004433966
-0.0027116104611229
-0.2499439444317975
-0.0994147794160143
-0.3589934576081563
0.2559890118460095
-0.4881312438600377
-0.2992812410669816
-0.1544733462889177
0.0174994365994668
-0.5893323695318428
-0.1841624017660309
-0.2742333819625781
0.7047384743640664
0.2680580220329125
-0.2020125454549619
0.0958640445092143
-0.2520882801362092
-0.4257474724345142
-0.0656520238295837
-0.0574094183146522
-0.2320995636160560
0.1983118763496068
0.2230560520621766
0.4129892480883960
-0.2105638632247065
-0.0476066273753085
0.2797673519641807
-0.4025155968516762
0.3537067762831971
0.0599475112789601
-0.5698806736530441
-0.4061495724155113
0.2397902339776974
-0.0674305183889442
0.0089929852641508
-0.2691901643819133
0.2917040128911714
0.5461596562761127
-0.2136970288359721
-0.1416042170597891
-0.5013504758336246
-0.0808015539605669
0.4219392949912839
0.6241760708338675
0.1477540170174735
0.2541509495379461
0.4694882299021935
-0.2645160375017716
-0.1810239608363297
-0.0007154674822554
0.1275166644774189
0.1082166359646446
0.0537193094339697
-0.5199683103303859
-0.6704294881952301
0.0624798101037945
0.3399283821061334
-0.2435039893432951
-0.1916821977713309
-0.1037911475808262
0.1982341075301795
0.0981196995225126
-0.3494919865812876
0.7434083732337515
0.1048280980250458
0.1125322756831299
0.1265501782966369
0.0471466263137938
-0.2358607043267987
-0.4660861056267560
-0.0285506843616664
-0.2929355058579286
-0.3529585519958171
0.5009838966901087
0.2047556393458705
0.0899230800502275
-0.0930230361424595
0.3342894487214427
-0.4605128373538618
0.3142565349364422
0.2395437103551321
0.3346957669614333
0.2559439756030452
-0.3377585371979807
0.4112507068849972
0.4474652824652811
-0.1657712970064120
-0.1206935317528044
0.4970264719571467
0.2093359933706036
0.0783220855861454
-0.0590938666713839
0.0322336778625439
0.5704001172418779
-0.2138805754460800
0.6397520864145002
-0.2405926562534929
-0.2809302826110603
0.1847750808410558
-0.1950184173265635
0.0781301160338330
0.0336645384727312
0.1388995262794691
0.0422351055905181
0.3801728781780191
-0.3881356922365178
-0.1157250558060159
0.6182505799841643
0.2250271517818008
-0.4773158652974591
0.0922787132478686
-0.1058049951835894
-0.1611795252609280
0.1671763092630507
0.0914107424656872
0.1217629542536518
0.0531760673852925
-0.3339612701178430
-0.4372897635993956
-0.2118245330206756
0.7491639407805289
-0.7075008208867914
0.0381549912260815
-0.2849897281714527
-0.1827509660911316
-0.2168379394330053
0.1149540578763016
0.4039115650785364
-0.0060945398685212
0.3109810126395481
0.2514869994176110
0.0517596289904467
0.3371751114698858
-0.1351909662473323
0.3436965131451379
-0.6748308722907418
0.2384205688213307
-0.2125660931869256
0.3501107834332902
-0.1788992997786511
0.1876754021307567
-0.4297282156855715
-0.5037024087283837
-0.5045806754809939
-0.0594294915492437
-0.1688447916115337
0.3284603094080258
0.0521569050527926
-0.2766480520775576
-0.2923368138147782
0.0487235350229633
0.5171321560689519
0.0056178067387999
0.3970758909394126
0.0985381409888975
0.2192007175161203
-0.0174362193494572
0.5758327033879684
0.2060665251834952
-0.2005973405935672
-0.3201948790373678
0.2193957203597695
-0.5572976369936290
0.0781946739840938
0.4039289153353187
0.2506660176251583
0.4132377967987216
-0.2266078343095579
0.3460425133691127
-0.0710976368090585
-0.2495226469109740
0.0236749954970719
0.4963643441518233
-0.1898692524052280
-0.4621718229032589
0.2701956192090749
-0.2570574789768694
-0.2495195341688610
0.3145369973672677
-0.0080517619940381
0.4506287095766459
-0.0111759143636159
0.0337633806594018
0.3462528299876473
-0.1928420211868391
-0.7246272952160385
-0.0774963338164254
0.0459665804235208
0.2938433706654436
-0.3319120945819912
-0.3345791018547645
0.3423347734858673
0.1360119623090331
0.2649496639573214
-0.2567895226238775
-0.0965598969618036
0.4608539790336761
-0.0405054165776869
0.2348202795309091
-0.6701622618083536
0.0236548581709821
-0.5773689901538120
0.2357505476361955
-0.4350490307616632
0.1565375836607123
-0.0744521068202737
0.2973336221349330
0.0214563575553763
0.4531914489774015
-0.2731660711469656
-0.1512682651434133
-0.0742546538772923
-0.0656038856590824
0.4747423494467963
-0.1424074415932159
0.0785732529511753
-0.0148956128692615
0.2395556922524811
0.8117879390951286
0.1256156163969165
-0.0772055217511351
-0.0377594364860141
0.3598865677597750
0.0172521453875064
0.1990927964668987
0.0993104765169491
-0.0055976957651897
-0.4058352781332665
0.0600365046301855
0.7038815907455523
0.3942974151281716
0.0833226091677813
-0.1941572412530580
-0.3455048104366778
0.1989079497945176
0.2598336727313130
-0.0936519292947247
0.7237895082073598
-0.1931988066527849
0.1189594843777435
-0.3805124841472806
0.3177069943107675
-0.1385603787233188
-0.4822966833007771
-0.0132662318544198
0.0140107692894326
-0.1360778586428342
-0.1702617163175490
-0.2490746617969599
-0.2389073026826158
-0.6930077776236512
0.0868198248844301
-0.0738829728827904
0.2882477487596254
0.4539592451806382
-0.3258313570419511
0.5246433893390002
0.2272012811024456
-0.2549636818500814
-0.0379391253812106
0.4453704365293283
0.0926420880210755
0.3162757516885081
0.4256410018586940
0.2395513029532326
-0.1170366491041620
-0.1468685309187845
0.0448960096237508
-0.2959831742318316
-0.3419417629568511
-0.6411070115361410
-0.1956757428563287
-0.0698322362035751
-0.0912484171599360
-0.0918276446281108
0.3563851386887414
0.1112613372438432
-0.6045777584402863
0.6573276472704621
0.0471041615530668
-0.0295586932456515
0.0045474201250517
0.5326106720482867
-0.2266969573610430
-0.3065622040961399
-0.0817450097532734
0.0661024994623911
0.0068209078510378
-0.3599845285105248
-0.6180922964435444
-0.2195632892926123
-0.6428415610512157
0.0252399129032652
0.0738875063132174
-0.1963745944795260
-0.3183633698968033
-0.4498997708491960
0.0909932180901240
0.0542698724050212
0.1517891476525587
-0.4517359405660962
-0.3636345100373412
0.0805749340180450
-0.5044354516093200
-0.3905534464805209
0.1393102415961351
-0.0310075420899069
0.0883603922124326
-0.4768582617850831
0.2346187902520581
-0.3790440016090257
0.5060337862477459
0.6046237582088680
-0.0467806724632783
-0.0491543819683729
-0.5251650451983129
-0.0337506799140494
0.1558419588230116
-0.0662738596372475
0.0238742302028733
-0.2599403413107484
-0.3342397239556301
0.6777536978299563
0.1959768290408198
-0.0640030493613610
-0.3630904202808271
0.0471563211755249
0.2552792835088233
0.3898598051107079
0.1772107262083544
-0.0617270647276410
-0.0412149042464186
0.1375238060106739
-0.2279231087969929
0.4147996502713377
-0.1264813297996198
0.3964753757207313
-0.2825450325290314
0.4186906151345295
0.4581053607877119
-0.3423398056428880
-0.2347931057576927
0.3058110496465881
0.2302555602052747
0.1803264547855106
0.2395913735776345
0.2270664272701131
0.4623784874624402
-0.3741302205958915
-0.5104763408239581
0.2061552212375906
0.4114608873839095
0.5269460825934935
-0.3143592259437341
-0.4213794367331390
0.3714564551908556
0.0870411416998459
0.2283481574304264
0.0301439968189189
0.1784442382570005
-0.2149313038869771
-0.5033169133315545
-0.4119521474526507
-0.3452587641543813
0.2400368188938045
0.0258381447339711
-0.0812943178191599
-0.4075238600349488
0.0862949643720571
0.0931797674819395
-0.4589824201848633
-0.3661175566524320
0.0062474402599921
-0.1848083516241629
-0.3954989778579979
-0.4415076989805675
-0.1740194903253682
-0.1751219671795641
0.6218722737304718
0.0197668522188538
0.1798609127684066
0.6886193113470326
-0.1436055293614264
-0.2251042171000770
0.3318673517985027
-0.3258996137578045
0.0041896422740970
0.0538553485270459
0.4420405615637787
0.0031293605747712
-0.1995867915236503
-0.3057233808693555
0.2117850570016220
0.0548518686325303
0.2526085821429939
0.2775886011541134
-0.3104524807540348
0.0448859129164196
0.6088881648700702
-0.3731013234834871
0.3308476482862063
-0.2799677074087076
-0.2829739374375749
-0.0037242366708982
-0.0797127555037673
0.4436354907340948
0.6368294161038552
0.3725703305251548
0.0829751378672814
-0.0322560716272308
-0.2933900262585743
-0.7131919619707753
0.1614400963477880
0.3590069571944159
0.3119825986004882
0.0090433031455510
0.0321091587817476
-0.3296191581679100
0.2500760729113113
0.2521122030475556
-0.0567010539494291
0.0715514540405607
-0.0986587815157910
-0.0332220417924748
-0.6687200898446271
-0.1653611978427678
0.4214025253417112
0.1306632255865101
0.3823609607424885
0.4079517151659572
-0.0472733835052157
-0.3354883674542845
-0.3600152557338437
-0.2505500286765402
-0.6857139228335978
0.2334444235021108
-0.0868100345773872
0.2715738665357429
0.1810200094350667
-0.2227372381971920
0.0818101647460759
-0.2405284864483803
0.4277250571368964
-0.3609304263339361
0.4085855017090407
-0.2514383333300407
-0.1953510545803111
-0.1250840686595692
-0.2377540211004658
0.1528214564845420
-0.5148531552844041
-0.2763000463059691
0.0612671874940565
0.1955731637352236
0.2226430699721939
0.0305016529566369
0.2230938573534431
0.4799692561408892
0.0804186286751995
0.6851449899390021
-0.2740862952228019
-0.5482488582771440
0.0057886552736091
-0.0647441513829197
-0.5430097910056252
-0.0553808804892565
0.2104840092034702
-0.4261088015149417
0.0534110604492969
-0.2348954600742728
-0.3367051429325220
0.7134815742663346
0.1714711346954904
-0.3704455809758314
0.0697412776324538
-0.0097985459299066
-0.0843992548649346
-0.2705747595762190
-0.2298355617833724
0.4290311412842054
0.0461071250742660
-0.2442943160733270
-0.4604589081945291
-0.1167146353546262
0.0382077346330420
-0.0823247166228694
-0.5012721250836059
0.1226011318923046
-0.5880888238663849
-0.1514508847658467
-0.2671100311852134
0.2127204254249498
-0.1579602586864882
0.0443915120671313
0.1911134322378900
-0.5735302340439381
-0.4740621852808053
0.1432591141715795
-0.1394125116318805
0.3899090368512588
-0.3816328901846055
0.2830612576471553
-0.1011965768290446
-0.3084711266308970
-0.0510864985565779
0.3265264064905565
0.2909533159723291
0.3602062463211899
0.6239729899103081
-0.3090138495093051
0.0775731495537431
-0.0807633197286058
-0.1840183725346098
0.2982846553720985
-0.2362639614632928
-0.1951795253860601
0.2864013601394270
0.8173399270038308
0.0811130698128427
0.0324140287144839
0.1379303729898280
0.3509056052781063
0.0235755142376365
-0.1389368787539030
0.0935533659927742
0.7182311747667509
-0.3229235424163251
0.1947570023669960
-0.0417201023546933
-0.4242628386852619
0.0919147153186387
0.0660778178147635
-0.2932278582895358
-0.0472927563691587
-0.2708268658158007
0.2392668563941283
0.4385471801607008
0.3436787105584920
-0.5908132928511395
0.0103378282607791
0.3423635749808012
-0.3066657371345861
-0.7001535838588827
-0.0772099152448387
-0.2640144873995781
-0.1057678176905264
0.0369706327832688
0.2360714322428524
-0.0707508389714060
0.4477289414826276
-0.2575379540638058
0.4580815379865316
-0.4343752016831754
0.1248236269306834
0.2771032154168998
-0.3746203944017819
-0.3918900146516721
0.0654391794221058
-0.1865680318795729
-0.4020689172381497
0.1201865402893815
0.1222886802262186
-0.4821512644967715
-0.0020322177847276
-0.0504165790096201
-0.0827257418594393
-0.2755010301619039
-0.1633597401892415
0.6425209968363227
-0.4666280950393105
-0.1001194003568599
-0.0018050739716639
-0.2692084133098692
0.1095795965468281
-0.1268225722483329
0.0641419593292358
0.6739818527935372
-0.4767942110313478
-0.3592214989096444
-0.2904332033725589
-0.0184916112154832
-0.2359021482775676
0.0423728716942680
0.3005181186815483
0.2393729230821647
0.0797991829633777
0.0664315099385952
-0.5129890222677127
0.2136249866035646
-0.6373792447591206
-0.2629019809529863
0.0203610240281078
-0.0181095019632930
-0.2164940446482006
0.5433830448433402
0.2415703607273556
-0.1389345227717778
0.1697935958414172
0.3521252673446900
-0.4226915509590159
-0.4979692889170768
0.2262236759222969
0.3406711920025905
-0.1500265607942164
0.2337735353670126
0.5233436469141411
0.4890468553795310
-0.2906893527462536
0.0358098466680883
-0.1369856845888568
-0.3714900138459961
-0.1704366089634398
-0.2020655156847945
-0.4046978948434664
0.4568052233893172
-0.2049612288081659
-0.4078316009270256
-0.2538459439312368
0.3630065111652741
0.1249230685465888
0.3708321830781541
0.3137391518324011
0.3505090115066591
-0.6459645337044446
0.3265428391117253
-0.0970615106163698
-0.3730052902821985
0.1902559394275637
-0.0812351793491914
-0.2401471844770544
0.0760903567852622
-0.2603846276816844
0.3509110774116797
0.5444637512396834
-0.1232709572956672
0.2502731053799623
-0.3270618620611807
0.5219717933694121
-0.1094148200228662
0.0826930028704751
-0.1911919939776699
0.3701775475030536
0.1056288971131131
-0.1955777707845364
0.4831772764364734
-0.2255210932223853
0.3794490317214027
0.0464412823852998
-0.2341908723180155
-0.5340179528021428
-0.2075608635207739
0.1647245081771389
-0.4206426966776586
-0.1185788082810990
0.2651819581532034
-0.4090629468493727
-0.0941774315615291
-0.1852503613250202
-0.3949205440558170
0.4151444688055089
0.4155916359425366
0.4831543415918130
0.1392277929545047
-0.0364903486738932
0.0732183384676038
-0.0814159650815833
0.6777441211271603
0.4310135756168021
0.0045232567118760
0.2590463422609041
-0.1470415264035713
