0.2841009116809740
0.0860061078300408
-0.0590424187315933
0.0481999386502113
0.1388742760895204
-0.6609886875923622
0.3421982307358821
0.5768783591877721
-0.2039626040593551
0.1057457772123648
0.1822400707954216
-0.1639711214715087
0.1959049608675192
0.0233646754784595
0.4142601670668284
-0.8225466350888445
0.6404061211623634
0.3455495305327024
0.2974951212312372
0.1587857488608201
-0.3455060674457191
0.4058193465003215
-0.1255123033669060
0.2386255179072546
0.3272803804496447
-0.1490420245047661
-0.4854946240892906
0.3287015808145223
-0.4507562238812201
0.3508563625306068
-0.4305237975343282
-0.1236615037731814
-0.1517295258471456
-0.4344684938169971
0.0584018046515018
-0.2750919517404041
0.0824224377012260
0.2693500127420606
0.7935795757554367
0.0041827635307228
0.0362225489985850
-0.3503228803676726
0.1154592474676917
-0.5279491282780369
0.1991848396741564
-0.5588923333344703
-0.4049510159340332
0.2605381366278726
0.2772435341452952
-0.6470950209540850
0.2462801670728111
0.1334348606891034
0.1622706895397290
-0.4875544851452432
0.3659337684696668
-0.1673218405205159
-0.1088629447186965
0.7953810468426993
-0.1545132965725268
-0.2234632158765132
0.0095315234052994
-0.0397076759191997
0.5248964730081193
-0.0672593865665595
0.1932138971649648
0.0633528968829393
-0.1028939555893709
-0.7746831827393953
0.4235721239855629
0.2036713140812244
0.1854883477252061
0.3043555899663394
-0.4059111205122111
-0.1140243345125975
-0.6610470030716500
0.5845607258653815
0.0889328068894764
0.0471653268187465
-0.0814100822695222
0.1636429564598440
0.1346069334745767
-0.3952007327441043
-0.4769445728997285
0.1970332540181350
-0.2986611931189169
-0.6517231370717745
-0.2074909932690684
0.0490413859300517
0.1730152491861363
-0.1416935287603354
0.1621822438412159
-0.5402671392985064
-0.1844897801865065
0.4248764887054496
-0.6085958163341696
0.2164523691853432
0.1790158904252772
0.1215892786056945
-0.1599035198684082
-0.4548177233780068
-0.5483153906898873
0.4122963767733904
0.3473801376402075
-0.3597638546929550
0.0195169514193454
-0.2353371058975126
-0.2976574714337828
0.2387135287130251
0.2620143412544664
-0.1809415753842400
-0.4721823875642938
-0.6886972050565044
0.1715051273958564
-0.0147590776163908
-0.2111802494337386
-0.6063309035388406
-0.0321096211150650
-0.5710955732184971
0.4012847729060661
-0.2644300438368001
0.3430235493310436
0.6639206635152627
0.1414198790768377
0.0137611781152386
0.5462564679657468
-0.0233275413279858
-0.1166823452771079
0.3298487111728218
-0.4174502299487176
0.3226199843335483
0.0569263528887172
-0.0763829484943426
-0.2000000551950867
-0.8108175486052708
-0.1189414535103649
0.0316938193190315
-0.5373984413855287
0.2120440456978449
-0.2910347296565315
-0.2150037659194931
0.2789655153333990
-0.1511812123657209
-0.0292679699877235
0.6586184577354934
-0.2627271295258381
-0.0239913521846782
-0.5441280086712638
-0.0562636108747314
-0.4366078545971455
-0.2115066936833053
0.5605076029468472
0.2857056414778330
-0.5003408369881093
-0.1137558943114458
0.1493340326518423
-0.7768291589539500
-0.3104075866263263
-0.0186973286494780
0.0858442976203090
0.0829623075531762
-0.3523990957022412
0.1202606214416071
-0.5423588643746760
-0.1769427118003667
0.4037098046529045
0.5122948738029398
0.2519306805997421
-0.2167802743068654
0.3314152878922386
-0.3349889871269365
-0.6349034332715535
0.1087756878755099
-0.0000706410765820
0.0418210766936430
0.4217069065576217
-0.4282826673095721
0.1842707244833228
-0.6080722617960651
0.0114795599757889
-0.5625983197747965
0.1957617826399999
0.1398066647475801
-0.0693150732260243
-0.4658010480831762
0.1352158356431304
-0.0080566611691315
-0.4421110967485701
0.0183022621795576
0.5339695311547465
0.3363591725571665
-0.5997379308066584
0.1670569798595959
-0.3891827066221121
-0.3267713754900385
-0.2694133097138022
-0.1180362993475671
-0.2435757851646952
0.6156931886851292
0.0290312117651045
0.4647484401734031
0.4525270420611194
0.3937075448579777
-0.2715760387922083
0.2690067011145040
-0.5630131011572848
-0.2923334371320995
0.2343046693873971
-0.1917139186334548
-0.0495993025537311
-0.3909223490467966
0.6749705680091674
0.0007418396264351
-0.3814985309336409
0.4796333702274288
0.0930977547016861
0.0698377929671709
0.1745141055340047
-0.1161643982591759
-0.0505612935064829
-0.0221867423378251
0.9312640631440841
-0.0668059279164075
0.1546728523027616
-0.2395046660553053
0.0264306267166894
0.1607119630070576
0.7569314893978921
0.5607774116128698
0.1693560102926965
-0.0334956907305454
0.2371739044505792
-0.0012733531840876
-0.8656254244709096
0.1405876413544932
0.2600621346855985
0.1878256331587838
-0.2086124984280142
0.2114101147884142
0.1994020735600616
0.0065083918081739
0.0800960489647094
-0.6468901200477208
-0.4530502694300237
-0.0758211647035169
0.3813970228428436
-0.0639574816053193
0.1375340883417770
0.4423172231946098
-0.4353106398875782
-0.5133433272860484
0.2555862289697181
0.0707114699596811
-0.1919754390267943
-0.3390425954025433
0.1613684985810750
0.5466393689514164
-0.4026087591200764
0.4942772817295948
0.0495853117054870
0.4213891773325677
0.5136665058994369
0.0949943896432947
-0.1617903234322742
-0.3384010813116419
-0.6573390461801871
-0.1713090425721347
-0.1473412381028362
-0.0676757655882635
-0.2010763627204291
-0.0550785019089496
-0.6823613935602844
0.0564510776457029
0.2337794187743687
-0.4529740912959388
-0.0888450683643955
0.6022886080899003
-0.3329788487224950
0.1538211249992694
0.3795363422583683
0.3015509162266517
-0.3209807120805510
-0.5078248788997375
0.1179519025196890
0.5268025342965021
0.3297156940083485
0.2769511688844847
0.1977014209370734
-0.3509294412429239
0.4584529482212036
-0.3145902141416087
0.5085173517762505
-0.0410734265955529
0.3586265876824570
0.0853583725273340
0.0332132884954165
0.5418254002147135
0.4345352434034322
0.3223722097990378
-0.6491315820573647
0.0014555315087470
0.0012700088696385
0.3167633757973630
0.2091715942625270
0.3765474022987510
-0.0982391090697445
0.0680657125212590
-0.0387779324616409
0.3933514202560540
0.5184095578534679
0.3287527463154921
0.4753971588804955
0.4760858870091073
