-0.2941335678268370
0.0767795494055208
0.9526753618471199
0.9503675253033395
-0.3094215195384650
-0.0325559533006488
-0.0483738856663438
0.9651609649871148
-0.2571464152009139
0.5079159965560782
-0.7511781472813207
-0.4216073190653225
0.7629184009776576
-0.2330294827870135
-0.6030362954264952
0.2508737380221281
0.5125141799801082
-0.8212134819217973
-0.0612743375227771
-0.9392915336433217
-0.3376046065845688
0.3249710039327806
-0.6459481069954071
0.6907567514487072
-0.2841712773173474
0.1020606616785513
-0.9533259182910971
0.9410509361502860
0.2239723308852148
0.2534946361730643
-0.8895385474970733
-0.2996418196205645
0.3448709214347799
-0.0244636086367156
-0.5737315407306385
-0.8186779898246426
-0.5857584323392694
-0.3688957856193023
-0.7216667917368509
-0.6255729045709765
-0.7405288232655427
-0.2455109019566803
-0.6149936687099042
0.7691165746230787
-0.1739036574853872
-0.5202833537566891
-0.7792786350614347
0.3493279844794566
-0.7867914784687269
0.2809755553006670
-0.5495560997136479
