0.0591226656228861
-0.2438029830901465
-0.9680209790319579
-0.5626699798088951
-0.6725394820279821
-0.4807214775058331
0.7498102477793568
0.5722632428742784
0.3321134944263399
-0.1044583099488513
0.6382959855893606
0.7626707653130127
-0.7858093412261552
0.5378313560741840
-0.3053540758940683
-0.0429049321475396
-0.7988985541515612
-0.5999335521305339
-0.3353231351097544
0.0815475727713041
-0.9385671997439897
-0.1907489556461462
0.7566974229286155
-0.6253189954360068
0.5350656514968349
-0.1978153607423669
0.8213244375048359
-0.2887047943116398
-0.9477741588434383
0.1355495686827765
0.9193674036766584
-0.2097167269052928
-0.3328400088826026
-0.4104755394721794
-0.9074555959772941
-0.0896335474279443
0.3188303152971402
-0.8981588482979879
-0.3027505793083775
-0.1031730431133362
-0.9429899392370400
0.3164258170131782
0.8301598089176406
0.3033522563197151
0.4677735565886175
-0.9446117591550872
-0.2447756019939832
0.2186173120647467
-0.5307918527916595
-0.3377881667672618
-0.7772767611359610
0.4239214761043251
0.8396965926726799
0.3394115707388623
0.2811043781803317
-0.3320752985821853
0.9003923170703989
-0.2437601312611135
0.5632991918412696
-0.7894776873848541
-0.1828049210137912
-0.6381781429253429
-0.7478709907099634
0.4500249389365196
0.5677762362352284
0.6892805668969205
-0.4291796104444945
0.6552144570028940
-0.6216903387644969
-0.4507545414318543
0.3464087336355670
0.8226915173013282
-0.0416362695993694
0.4315457994875853
-0.9011296488288850
0.6981466786391710
0.5311104038685317
-0.4801176460074129
-0.3963293849485539
-0.3330135090906434
0.8555846079666445
-0.7655374286969061
-0.1191332533656703
0.6322655401068767
0.9937892436096084
-0.0795177605563711
0.0778451349921255
-0.6005454710086546
0.7261147683966318
-0.3348170849393726
-0.2688513148029276
-0.6882744657338846
0.6737931658509700
-0.6794277805017114
0.3329778095986088
-0.6538376475834280
0.2891535033414516
0.8378163356144289
-0.4630918259729661
0.5565753094833253
0.0603425285606401
0.8286028627276454
0.1290891919418624
0.0669369315402442
0.9893712284677445
0.9499466717440695
0.1354043165243574
0.2815439431224485
-0.8291715623208757
-0.3079309369544443
0.4665330195224303
-0.4713421239559180
0.4421722042811902
-0.7630991704528561
0.9569670376028311
-0.2773158405106222
-0.0854986172025541
-0.9372507444043073
0.1193074514695334
-0.3276076527455011
-0.2121325127936614
0.4319309906953078
0.8766044811046867
0.1926109636190506
-0.9656880637933992
0.1742055686271153
-0.3483990964009588
-0.1856050191484656
-0.9187866164098676
-0.5933073981398820
0.5123562860897203
0.6208682367594852
-0.5499958565115401
0.7812541590181334
0.2952058550181665
0.1793777131743681
0.8975646781917352
0.4027422059815697
-0.0001655154706465
-0.6466578148937729
0.7627802062464912
-0.8218598826457553
0.1221923124183932
0.5564309230114295
-0.3570875516747060
-0.0878723107615466
0.9299284582377240
-0.8595984517583027
-0.0491328560497917
-0.5086024618413868
-0.0904502727314042
0.9842667907307758
0.1517815299282289
0.4371667262198214
-0.8804475213688454
0.1835685583145990
0.8946033057014647
0.3832387798835764
0.2298107112850906
0.3245320486396910
-0.9446627808957068
-0.0478662699206345
-0.9183400509557053
0.3428159824219796
-0.1978098910740456
-0.1630217029900053
-0.2697819642919771
0.9490213991775955
-0.8642148476840457
0.5031206810254852
-0.0015090947266259
0.6637167517262046
0.4602074629753055
0.5896517315329861
0.0427299667549132
0.9966179987372498
-0.0701905587246831
-0.9842585243160219
-0.1745549439098158
-0.0276718063719744
0.0808906794641214
-0.1874821224129380
0.9789316379356492
-0.0457308898503066
-0.4653781216340597
-0.8839297990326231
0.5968020862551009
0.8004819149036920
-0.0552808624541780
0.9847372250153510
-0.0161899400666589
-0.1732930567267601
0.9110036925053032
0.0694751724617214
-0.4065039638836466
-0.7160997294882444
-0.1907587482990526
-0.6714255560925887
-0.9087804101934681
-0.4164118330113357
0.0268207266257186
-0.3044127646635105
0.1657439353559022
0.9380094970748734
0.5566920685321124
-0.8297207364241548
-0.0407116737705093
-0.8376535722976314
-0.4754021487590973
0.2689410525974981
-0.5744982892353732
-0.1519482381251542
0.8042782159155444
0.2155934408059685
-0.7852549014808673
-0.5804258850031730
0.7314353548631426
-0.6649110170243328
-0.1513131226823904
0.6244059698612100
0.7554730088774749
0.1984381960694478
0.6645129365540490
-0.2744724328376339
-0.6950449199616562
-0.4724594559482711
-0.8357228053930079
0.2799097265746665
-0.1315682525905487
0.8992633124898370
-0.4171513990388566
0.0793203567122794
-0.9127967334902731
-0.4006374974219515
0.3238471689903228
0.7578609159696926
0.5663654678584598
-0.1154127238820937
-0.0188870796839572
0.9931380474974905
-0.3781887416748560
0.8204838041658101
-0.4286952329709181
-0.6804018092238133
-0.6813933886769155
0.2697339946546441
0.6587983438455349
0.3531017194829232
-0.6643070960366021
-0.6977666162132555
0.5951640623073114
0.3986244952786547
0.1685709009272094
0.9733997122787836
0.1551671727401461
-0.2006852707913675
-0.5023457817059793
0.8410553713576795
0.5022875852135781
0.6981253032054566
-0.5102237183477479
-0.0564174011186986
-0.8161931783852906
0.5750180626800598
0.4729230445873023
0.5291557725734481
-0.7045125706830745
0.3670435863893529
-0.5779821754558525
-0.7288453955028885
0.7895383241820921
-0.3704090059843601
-0.4893121732937082
-0.7170262747451609
0.6888888371682986
-0.1063272841277654
0.4592797808906889
-0.7139963014698111
-0.5284613177446685
0.7224113890663878
-0.0795566046919768
0.6868715539291582
0.8572135901335314
-0.4491622439223086
-0.2518692905557537
0.5350793293353329
-0.1018760761193941
-0.8386366176315972
0.6468606807022941
-0.5545732378652263
0.5234689901083388
0.7748873112269226
0.6314913401370409
0.0277189868399777
0.8338514943702103
-0.3254329499771818
0.4458532049965730
0.3004612352746901
0.4310541754907106
0.8508321478935966
