0.8201053284786215
-0.5172981713891918
-0.2446014147104855
0.6314291269820106
-0.7551062315792216
-0.1763854773754432
0.8438266707359153
-0.1252369577722222
0.5217971388985376
0.5921469706846378
-0.1781914217330444
-0.7858815319943351
0.0329996161540702
-0.4104379766453478
-0.9112912227498721
0.8034652087337648
-0.0564620506566075
-0.5926682842788693
-0.4777172230265875
-0.8768170040876182
-0.0545728519190598
0.4017126368545818
-0.8307768414970599
-0.3852749628817168
-0.0743974811173757
0.1359885257339187
-0.9879130202968807
0.4372485164566099
-0.7720082074426077
0.4613209972435083
-0.8265670026587898
-0.4542858053119765
-0.3322821048562700
0.3772569625111533
-0.1308541489957281
0.9168175259709328
0.4234555211236097
0.8323121691317513
0.3576896346626937
0.9346819991029235
0.0807739162554008
-0.3461865609837101
0.6248806823641432
0.1307924372202307
-0.7696866058170136
0.7312150546296521
0.1799014956315085
0.6579969572517044
-0.8653868848991875
-0.5003743191957466
-0.0270384935577724
0.9967848135570658
-0.0430379268941829
-0.0675852965566959
-0.2979557587167699
0.9264746169071471
-0.2299285760280117
0.6261736208849784
-0.6289741196810530
-0.4607582373427955
0.3581252559385756
0.6628363277528100
0.6575669575564904
-0.9708926068337643
-0.2171749614530641
-0.1010078319408836
-0.0018767062867097
-0.9509494528336225
0.3093406150652504
0.7919796246457017
0.2703665318461774
-0.5474214213962799
0.3244205052586175
-0.6241638383578941
0.7107537116709868
0.1532083153615535
0.8456405846098115
0.5112917110269353
-0.9237352348491832
0.2289552109607853
0.3070712087969607
-0.8905213815254304
-0.3755117263463912
0.2568318757911334
-0.2021583924733298
-0.1570375570876286
-0.9666805004842857
0.3835308778633518
0.0071329970417497
-0.9235005068101312
0.6435578246084637
-0.1011371166891945
0.7586861076973918
-0.4504131698876037
-0.8557362635856773
0.2546437189019690
0.0598985158189502
0.6613449656019555
0.7476864344600852
-0.3278764850829611
0.3132151556488604
0.8912874265922880
-0.6141218310497008
-0.6222460441850209
-0.4854526105854783
-0.9027749872569408
-0.1601419562035828
-0.3991890232039453
0.4575656713166303
0.7131467918648808
-0.5310887964223967
0.2718387419127834
0.4394130891634200
0.8561657756924973
-0.6907888447765840
-0.7134232508183647
0.1176351865896823
-0.5042425225306476
0.3787961763057942
-0.7760495701229653
-0.5674565784161504
0.8142703425145285
-0.1222981639825724
0.6911751408141147
-0.6352146161155647
0.3446437525819157
-0.3913541538108034
-0.3127097325528537
0.8654793755265073
0.7075936848135077
0.5828246206838624
-0.3995330258398602
-0.7226894145965038
0.4096926547762519
-0.5566614219187005
0.4930735417909707
0.1530423781049403
0.8564207569236587
-0.0192289063244221
0.6377578172708654
-0.7699968932868939
-0.5503666720497671
-0.4258235084689064
-0.7181718916332602
-0.3692636249545225
0.9249074655532167
0.0905016875498516
0.9387938088140247
-0.3441549792476638
-0.0149510799441657
-0.0938531627309461
-0.3878925386349897
0.9169138249130623
-0.1506026601070562
0.8093244460057673
0.5677259725132686
0.9665304030273685
-0.0977367416956748
0.2372056267175502
0.2428555450125681
-0.5909757299431844
-0.7692651499156641
-0.5805724386579048
-0.4631829191068066
0.6696246910908459
-0.1057787889165900
0.1176668478593686
0.9874033424746850
-0.2162138944131221
0.3959510198118529
-0.8924541118582316
0.1437213579036488
-0.8214359130663406
0.5518942036361668
0.1297564305926824
-0.9481679822041174
-0.2900702436356049
-0.5239290433198295
0.4718847094430400
0.7091002598785492
-0.7908948975074866
0.6098216164372531
-0.0510182048143414
-0.0850466850790845
0.9962778524972224
-0.0140535397883169
-0.6905586257867663
-0.6970321209267724
-0.1930673632383742
-0.8748401695520103
0.3910381109824794
-0.2859088552274380
-0.7619265669194741
0.3599975484661966
0.5383954603454907
-0.1737259571554570
-0.9593508117797216
-0.2224079849016434
0.2168485137771838
0.9724586796904522
-0.0854449434860209
0.2872574036521077
0.5855249562423777
-0.7580525771108572
0.1671934942989050
0.8244939874274452
-0.5406070663246217
