0.3558877984976495
0.0782056722099456
0.3684626767589709
-0.4898816932044751
-0.1046907413975826
-0.0956388485751470
0.6153707764085014
-0.3044516333749266
0.5702524407565932
0.0552032853420146
-0.5052806699954162
-0.1760564358074098
0.2854255012011980
-0.3537848682509375
-0.4204778664664404
0.0450248943464960
0.7558135674360732
0.0947083254605114
0.2588897443446442
0.1141853091154854
-0.0930465591149629
0.4229619138402588
-0.0914930074972454
0.3791946553947571
-0.2376698336694327
0.0415266513056747
-0.4855996359386880
-0.2236125633062848
-0.5913145445487979
-0.4169993381328982
-0.3618910417869342
0.0383736599613249
0.1714354552220463
-0.4922546995603411
-0.0835396059270515
-0.5532777737152109
0.0103920761721233
-0.6305955026573662
0.0729307873166689
-0.1101020065683111
0.5485950522452826
-0.2869535186512064
-0.1996606004319739
0.0104353589917313
0.3018946830809726
-0.1010607919550262
0.2086531679770220
-0.6571438707418336
0.4534467431248896
-0.2535973193529638
-0.5475289108372092
-0.3517156465357087
-0.1915373938605983
0.1061105664984066
0.4996650413940032
0.0947178303436866
0.0741803996212099
-0.1231348463551406
-0.2992695532543481
0.3757618370759124
-0.6311940958967309
0.3607659434533734
-0.0194346842517394
0.4686577585133452
-0.3300138716267492
-0.4615272403056118
-0.1870739206253138
0.1565703017285726
0.0212807641994765
0.7830531664311037
-0.0587275519530466
-0.0387102323322613
-0.2412646147867258
-0.5909431938940298
0.4862353242929309
0.0877262352309871
0.5059396863974682
-0.2606146008773084
-0.0512638495814481
0.1481010653836276
0.7225501033511434
-0.0810846538553939
-0.0032716762845991
-0.1613703143175511
-0.5653616706024048
-0.2165659511996217
-0.1396792759133649
-0.2434144920145999
0.1626326995212695
-0.7846085649389323
-0.3746662568837561
0.2554990041450529
-0.3255666396092008
-0.1377049107000363
-0.0550663544396838
-0.1558745555114312
-0.4097644170584352
-0.2349310189746103
0.2328727490851601
-0.8127120779293180
0.0055159084787315
0.2441544327645505
-0.0307097485710875
0.0398120461094124
0.0094141528613752
-0.0507089164345439
-0.4072758251883064
0.4793139780877475
0.2070553247484190
0.3450770350638139
0.6202585237927798
0.2346354367398818
0.0059266536569403
0.0907575814284700
0.4036402106498322
-0.0726463415717519
-0.6229371340961768
0.5349025574845517
-0.3795638322328584
-0.0726973439247900
-0.3994671310200963
-0.6024925440112572
-0.4515169465393895
-0.2391131355726127
0.1952639245308391
-0.0773352191728435
-0.0377698078251841
0.4133410290534293
-0.5695258839477799
0.3568364399949260
-0.1889755949957314
-0.2532510875321478
-0.0316201560495330
0.3358232793088177
-0.5221907716518042
-0.2489976356763447
0.2123388662522376
0.6216039045504290
0.0133491089368573
0.0794228792215776
-0.1234011581900124
0.0127791047599491
-0.7023220553734464
0.2310566563595122
0.4461544569519155
-0.0944597665965327
0.2619865075011605
-0.4784162465965138
0.5438487970769530
-0.1166635044768038
0.0385504013896421
0.4285282920766812
-0.0732263869855824
0.4089983028839107
-0.4814080443318636
-0.6785229561711899
0.1352289901741668
-0.2758701529717891
0.1777869030353646
-0.0959779834820953
-0.2637909902048701
-0.3589080426474012
-0.1532570695781624
0.6638392177799258
0.4006506659722328
-0.0092487588028364
0.0368286412354673
-0.4188869172852726
0.1768702979582591
0.0684356591411858
-0.3910213280779652
-0.0192030083797440
-0.1376322467325157
-0.4351180699774539
0.1285926802018686
0.7654806177509234
0.0299113200399638
0.4194322665931378
-0.1916361320078972
0.2535040421016170
0.7380023325137910
0.1234757807950699
-0.3547899314372471
-0.1908496097276817
-0.3106438423706549
0.5071858813871623
-0.2532320152511341
0.0469643467034253
0.2241511877926499
0.2809535493413496
0.4476783167581136
-0.5003361413465522
-0.1170653660254787
-0.0520855208250138
-0.9506433847415865
0.0869777470381502
0.0917669580142250
0.0664155150932341
-0.0319560885293413
-0.2417466408092492
-0.6033360360912881
-0.5311277100659774
0.2030259638323115
0.0248173462176779
-0.3715878016748886
-0.0341914347712217
-0.4151876924405579
-0.0206439330310322
-0.3337378783258663
0.2081889624005613
-0.0590031787321331
-0.3151990356376242
0.4570663208507138
-0.3968696741379932
-0.4901765419450232
0.3684513199299970
0.0188448174052715
0.1769188533338608
0.3249951921791125
0.4164665554603884
-0.6905098486430050
-0.3941697601340643
-0.1955692882624838
0.1373219867566332
-0.0847368109743024
0.4226546815327063
-0.5275840063400690
-0.1717910310379065
0.2409048545033841
0.4024610046285089
-0.1144977688397628
0.5226910203115391
0.2005052389220306
-0.2947517553016789
-0.3850890345782133
-0.4612934804976069
-0.2549462619904966
0.4020318998980387
-0.4967073496295379
0.1961845457595193
0.1102426134491919
0.4509222894724716
0.1623594101230833
0.1600436121785929
-0.4052464556424349
0.0019401393292963
0.6614378033707887
0.3616803803121785
0.5471494022700238
-0.0873743387814786
0.4650557546101245
0.2093051740975884
0.3785125011827527
-0.1931664852821948
-0.4625076306875425
-0.1959832459317301
0.3982061272587146
-0.6788128967125868
0.3689759859928786
-0.2858738358706754
0.0063136633650350
0.3717939452665097
-0.0176350332430632
-0.1555513057355846
0.0385989509191251
0.4001151659036234
-0.2805176634603053
0.0042456850925275
-0.0397022284472485
-0.3576823107514690
-0.3130701921193222
-0.7295093845077716
-0.0754707682655710
-0.2243448903899150
-0.0839111107960178
0.3431738572472203
0.0838267379989402
-0.8009625465177798
-0.4052280110539475
-0.0799155717608088
0.4242610726910446
0.3667313683724683
0.0073559783641744
-0.5279090698706514
0.1874740543767650
0.3529131948591871
-0.3268776564471713
-0.3744666910777715
-0.0478875717583714
-0.0049563758905674
0.3307566048052472
-0.1646153516445265
0.3859643132210187
0.5644566223081336
-0.5451089615868930
0.3105810033465541
0.0987276700767528
0.2598798953696753
0.2572208158038183
0.4532230055941833
0.4402061535235320
-0.0920379494931419
-0.0960418609290936
0.6630725190080242
0.3643133675023215
-0.0362361525298613
-0.2741329381444113
0.3739187504805985
-0.1206644602814357
0.4478084259273294
-0.5126865300920138
-0.4160034078321711
-0.3895136520689709
0.5324601326240583
0.2080255293221776
-0.2969917985123225
-0.5121667598244607
-0.2245702531925154
0.1782308186822772
-0.2979492567003905
