-0.2064242611855061
-0.4020046438990902
-0.1894245987095511
-0.0595245625446327
-0.1589865510035902
0.7214186219170030
0.0582934663719783
0.4552326425739631
0.2933324043582831
-0.5527244074687037
0.3777088857834113
-0.0349112639057549
0.4428565150868535
0.1148606056605693
-0.0215815101632684
0.5047657059725862
-0.2678720094168844
-0.0050946924622811
0.2788557903107096
-0.2090616640215297
0.0996306296047279
0.0177031704059710
0.3785214943816707
-0.8082283793703509
-0.4160482253717808
0.5121095980591984
0.0917632340907648
0.4324818324296442
0.4804160424932437
0.0955925200223729
-0.1036551223449367
-0.3442451438592813
-0.2418160845977175
0.6689721432318058
-0.0120167244224139
-0.3840925521516856
0.2736484779689187
-0.1834734572687021
0.4873126144716485
0.0176119074891088
-0.0058502548632001
-0.1105566197473287
0.5010545238431914
-0.7472646052481736
0.1133656860606163
-0.3990916278444311
-0.0547441828746631
0.0562152157117427
-0.1719073552731835
-0.4060000595400280
0.0235649598456370
-0.3565281628356252
0.1724544891446821
0.0451745681106551
0.7905421641026105
0.1456226938867168
0.2654291983339080
-0.0169621838512815
0.3185415645712217
-0.4265121507385806
-0.1678154300628213
0.4367416802318144
-0.6072654971759250
0.2412500446103196
-0.0799086904828640
0.1919028696653618
-0.6346700503123319
-0.0806343118223222
-0.3694830631398296
-0.0102584671055243
0.4899877437358400
0.4132420182981276
0.0799328730140732
-0.1020172582722404
-0.5139629033076644
-0.5646922290593712
-0.0043611020729601
-0.4759829716298940
0.2359449746934005
-0.3433936454185800
0.5914799650401925
0.1065661105833706
-0.0576160060448346
0.0032859860225561
0.2181320813584482
-0.4601624934019737
0.4906147452102191
0.3680091842673338
0.0213116833483357
-0.1078796055924924
-0.2601059710673421
0.1516793734968634
0.5872305329743960
0.4717175886435688
-0.5675558236528914
0.0881434005775498
-0.0135592708230428
-0.2334561385118553
-0.4129116653521252
0.2688971941086161
0.2017481533301329
-0.1473768666549637
-0.3106052238218011
-0.7373023599039839
0.2061191428753030
-0.0469723330781302
-0.7247608943333315
-0.2256280641766517
-0.3343762267156540
0.3030899631769715
-0.4073242647561604
-0.0976630848183224
-0.1078860490494780
-0.4738360232920030
0.7060293709831530
-0.1197544772390568
-0.3758593616923329
0.2854737325767543
0.1566788044926089
-0.0608905280100483
0.3299263153861950
-0.0867310709264090
-0.4339092944052599
0.3526374674238454
-0.4850548846730043
-0.5726679779581800
-0.0755898959896509
-0.0453343363213250
0.2238257315888167
0.5223465624374315
0.3421389761232060
-0.0624138935132179
0.5440846153000645
-0.1135692148619106
-0.3246280225381202
0.3765529834098175
-0.3422889720728439
-0.5616395186857477
0.1273911603584837
0.4610990835795641
0.3792487506161391
0.3266944600348582
0.2016108284267066
-0.2176065872902063
0.3843916790772901
0.2249370204155192
0.1041963423066159
0.1406092023370398
-0.7730330069330702
0.4053241029342482
0.0892854617866443
0.0343365178330938
-0.2329116801356389
0.1189736938832527
-0.0355273155292944
-0.7571129404084017
-0.4379591164055286
0.3451115441299805
0.1870248188604448
-0.1059564360165107
-0.4497552992604786
0.0370387216202350
-0.6143401654463256
-0.1715791915325141
0.3166686782536877
0.3983543558205592
0.2414568786235130
-0.2687533761974464
0.2363570516327038
0.0612870570932961
-0.3620550024362392
-0.6531726153216671
0.3815839917773739
0.2174875997181984
0.0451228796050642
0.4332639813154278
-0.3932133861721863
-0.5779735004154111
0.0816550529997421
0.2877391123482689
-0.2368372600955148
-0.3129168760055190
0.1428281840674464
0.4974532863240440
0.1810637277300464
-0.6000875043363159
-0.6704147959617065
0.1482255268642479
0.2746770573691698
-0.0547163669464289
0.1482893844083465
0.1877578227300868
-0.3556256729747962
0.5347215320744596
0.0550273838469633
0.3764253546584654
-0.1840033889989507
-0.5032774644039953
-0.0481026755927750
0.3916885018929915
0.3053917961394767
-0.6628581165211794
0.2248281856148332
0.0941018828999148
0.0579558924823727
-0.4724221424166823
0.2598379158169990
-0.3374830102174232
-0.6244237582348199
0.2238092606982373
0.1625314988856088
0.2265440305302583
-0.2654465049442354
0.3578465923454471
0.5324458240246674
0.0158465427475155
-0.2292976885394871
0.1430183437308013
-0.1658511395360622
0.3096524682404511
0.5532048627154575
0.1833532973603877
0.3510748843961801
0.5836689520399273
-0.4076847668005912
-0.1454711068391046
-0.2236790317550187
-0.2713310031448860
-0.2154243562894484
-0.4776019550274166
-0.6277138751467685
0.1429771859380867
