0.2717904121476621
0.5094766814193304
-0.8164333916214783
-0.7018493825568184
-0.6848650212299933
0.1958758456274123
0.2641431806601901
0.7566163615479827
-0.5981304720114254
-0.3973240125802833
0.8506042745908156
-0.3443922140161353
0.8521257331899859
-0.3316285977605196
0.4048508465877532
0.3729390005566389
-0.9247926190375801
-0.0753333501009260
-0.9655357203707522
0.2527486459945363
-0.0621200019000436
0.4705774868174478
0.6516589507016235
0.5948927977972451
-0.6479742536796903
0.6449854171255121
-0.4051211896009360
0.0054148584566806
-0.4812253479521683
-0.8765801981542869
-0.2937297245250964
0.4188488449971019
-0.8592371581670598
-0.3284593536650903
0.4855984730919883
0.8101287403373866
0.2006180926548586
0.9783821410320271
-0.0502072406044510
0.8336541485179978
0.1946615797709092
0.5168439126272322
-0.8116934007604730
0.5559599345255269
0.1790596949742460
-0.9274178992713670
-0.3027339224245764
-0.2196547571178813
0.5976777521416964
-0.3083882330330209
-0.7400527023946473
0.4040347755209623
-0.6462909503899252
0.6473514560220073
-0.1601605524475038
-0.7011053724073671
-0.6948380057403578
-0.1665622329955928
0.7314147557638205
0.6612786686340886
-0.3489183787983848
0.1754773991680383
0.9205778876976830
0.6414429701966892
-0.4173437377213491
0.6437197531302135
0.0889022803943715
0.0129433994254032
-0.9959562505210735
-0.5825549364210628
-0.7545251475974056
-0.3021945527215287
-0.7848161260277543
-0.1786571781906511
0.5934182850298279
0.0358568620421938
0.8899400778505610
0.4546657489627130
0.0242283174654212
0.3320075431381327
-0.9429655242542941
0.9508352948104443
-0.0321739009500379
0.3080212366710983
0.7565428174443914
0.5006201082917544
0.4207403861614122
0.1510803109634136
-0.9748996213476590
0.1635404168252903
-0.7677864118573666
0.1074614647158706
-0.6316296853127710
-0.9284226189590176
0.2598398950132986
0.2655459838987535
-0.5924625096005389
-0.0148565959470993
0.8054610209530291
0.9426744306389012
0.0638019836260970
-0.3275579715180180
0.7329243145419464
-0.4734436415621316
-0.4885417765325767
0.8004993456048589
0.4457940259846306
-0.4005851770630149
-0.1549008111484640
-0.2071772202689256
-0.9659623895924671
0.4249482632231424
0.8471030890329002
-0.3191164836459463
0.2872115856612746
-0.8749186678747316
-0.3899061805950776
-0.2996027055725325
-0.9183362168530491
-0.2586441795781373
-0.0390956658644968
0.6156744415191834
-0.7870301842818059
0.4651750350417300
0.1443292417127520
0.8733734921329749
-0.1420323682149030
0.8221326556745787
-0.5512936629898180
0.7960570180076801
0.5956228209712984
0.1073623733852438
-0.8184366160228966
0.1472531546455124
0.5554079707745779
0.5188815061922128
-0.1789424568664983
0.8359076382365950
-0.6120571188066934
0.7840733516868459
-0.1030294253725849
-0.0585208213743247
0.9863840584702859
0.1536938601940956
-0.9217033263433237
-0.3741612565170542
0.1023050943464284
-0.3457205423032210
-0.2038189851668558
0.9159340194113984
-0.4778011886876590
0.6633900490111463
0.5758642782476173
0.5054043083244024
0.8628825815339647
0.0003682559069649
-0.2233332749979235
0.1154773874356996
-0.9678776892096064
-0.1075676906237805
-0.9258506521566061
0.3622564862567044
-0.5783744792409209
0.7665244635341131
0.2791472883023117
-0.8284559126980898
0.5396083734139642
-0.1499453368968536
-0.9976049132614296
-0.0691289957695511
0.0023704388937365
0.5627188103865186
0.3765545263183451
-0.7359036819763496
-0.6183194033729763
-0.3731086707178113
-0.6917160076560862
-0.5627921726176361
-0.6342748742454233
0.5300569349996973
0.3290246571994466
0.4517013164367447
0.8292820362724003
