0.0983151524269298
0.0327266398766863
0.1117449954911112
-0.1971280724338943
-0.5297597737275188
0.4401900473401644
-0.5826660984384259
-0.2898577277760693
-0.1636751633534936
-0.0439761584296074
0.0101764625607655
0.1056393611748929
-0.1761773226959051
0.3340963868973750
0.0586892211295875
0.0364284727135215
0.2093650478657643
0.3026427357473898
0.1379609323922394
-0.3498015412513040
0.5396253457147943
-0.4383336057170206
-0.2112913435547067
-0.2185706190962419
0.1420179221912464
0.1260038560075522
-0.1909160647795701
0.4917150425072024
-0.1141784875073585
0.1184118208619719
-0.2338110967754219
-0.6603099617293432
0.1407827881739422
0.2241517252130466
0.0273494922225538
-0.3117283533438023
0.6212859826508913
0.3171525551162235
-0.1211534769627137
0.1566621288279073
0.1499041196617956
0.0731389335473946
0.1158540083365931
0.2027948850354530
-0.1090757066804282
0.4531857025819932
0.0961107035151474
-0.4065910395923017
-0.2155423379290968
0.1660549497389238
-0.1854203780319756
-0.4712679710496922
0.1293575082916615
-0.3121787111012012
-0.6160505250657691
0.0778878748750186
-0.2461111083095153
-0.1394484078015054
0.2522024683400842
0.1615448324438565
0.2142482347802884
0.3321629619528018
-0.6172860156004665
0.0031906823732745
0.1828036708063978
-0.2190299075079819
-0.0738919227418191
0.0624161754631553
0.3719717369515299
-0.2827628309666487
0.3366315696291339
-0.2008172604713051
-0.0399922609022513
-0.3270349007536111
-0.3236595345965258
-0.2044793842110351
0.0871486829535761
-0.2519377127616494
0.2001030359971919
0.0092354400870848
0.2836676271371889
0.0938105690839675
0.4945662360976634
0.5475618229826817
0.0850183221174365
-0.6140691782660014
-0.2012569677957383
0.1926797353517485
0.3488605777239874
-0.0473306156997505
0.1192187505394004
-0.4423310236137818
-0.1228427261274496
0.3138782675439910
-0.2347409869846104
0.1885049435248998
0.0546233622337799
0.2847987292729376
-0.5388175824470335
0.2266719332291527
0.4051600467460709
0.1714157745369381
-0.4331111947830229
-0.0093926736484627
-0.2195636356862658
0.0293849582339059
-0.3664281818096023
0.0982271893133395
-0.2483708718692179
-0.4080882438088418
-0.3305870231953787
-0.2962247894032524
0.6155683827003026
0.1336215182127950
-0.1724505352736297
0.1317928016278737
0.2849414743309927
-0.1687019942119199
-0.0746584587835336
-0.1250016952284324
0.0718693052044496
0.0047508832779821
0.3791500170731288
-0.4757065798068937
0.0741902243798622
0.2236799887426452
-0.0480757287490020
0.0848932360791362
-0.5129948306898506
0.1242295414309840
0.3426824789694845
-0.4045710393785873
-0.2556835775054039
-0.0556116563288666
-0.4291221580886466
0.2346479297737644
0.3686366208808783
-0.0282910529015939
-0.0169999427398006
-0.0768681317270035
-0.3433900730145520
0.3066387912412906
0.5268092623088805
-0.2448767757755555
0.6460974819821598
-0.4588277504498549
0.3976479270013307
0.1304042360002562
-0.1548557819129017
-0.0651369518443794
-0.1739317586997946
-0.2050475054131831
-0.1380011482340258
-0.0010694574539917
-0.0183903090580709
-0.2774931793932232
-0.0988004496173540
0.0942500475275481
0.0792966134959644
0.2049594986667388
0.2873498901839915
-0.3527268370897603
-0.2701038982252811
0.3106167047186141
0.0434939261253640
-0.6970311453672686
-0.2516531002384138
-0.0745693940605817
0.2660865786620699
-0.0793258508527183
0.0847471978514049
-0.3173214060711584
0.4331455760564005
-0.1711466528218468
0.1921934441605667
-0.4949922453102232
0.2761903101973324
0.1554632479923531
0.2694826675926777
-0.3782825041774447
0.1604885291582824
-0.3775163309658365
0.0544907140902994
0.3703736783799090
0.3995140750373289
0.3061793302003553
0.0874680639966579
0.4452180449414003
-0.4471676630120527
-0.1123978417388614
-0.0661130423735841
-0.1240515058563430
0.4341740717033380
0.1346662996841222
-0.0390297897436736
0.4424938729079497
0.2853196327315073
-0.6037454588394207
-0.1409117504827460
-0.1745795950194521
-0.1767941399916341
0.0080731024584541
0.1238059527027609
0.2305090583590199
-0.0002875820072926
-0.2047771410013401
0.0228331253227843
-0.1495390059351291
-0.1795046264105073
-0.2493679149595454
0.0356376063498987
-0.6397235018351570
-0.4672910560348690
-0.1185418113083975
0.4269471045879883
0.1247541022037949
0.0194733908516774
0.4895576548897589
0.1082792981158851
-0.4876023581292802
-0.0950128550674015
0.1068025846175259
-0.1500485745762529
0.2162202132049820
-0.1689798283212747
0.4770811506103539
-0.3420325346510685
0.2182355884979286
0.3322736264289674
-0.3545000886564316
-0.1805738056670624
-0.0863066241452507
-0.2355811778118373
0.2438922487279030
-0.1494109546162839
-0.0315954259800505
0.7505751971140758
0.0795957126859312
0.0522816063117486
-0.1145966695308463
0.2949443261978662
0.1560180558616290
-0.1629701777148194
0.1139639676951997
-0.3721228632499799
-0.3702974374735799
-0.6299099774096816
0.2402441457758096
0.1478809375622870
0.1072202602250622
-0.2294889497468985
-0.1816302981497567
-0.0371160180252323
-0.2155078435770673
-0.0917817746027791
0.3619872719666493
-0.5492746159204612
0.2187303742601894
-0.0492416357548558
0.2614495956620814
-0.1391230583406899
0.1294133719484044
0.2615725960904691
-0.5365357509418526
-0.1794815460595773
-0.0484918548923296
0.4162508905042603
0.1987051165925891
0.0059587689087744
-0.5331340347316386
0.2040849210800788
-0.4977290751557950
0.0257904591709034
-0.1229195109925481
-0.3535036275953665
-0.1956908928736215
0.2319951363714160
-0.5901916674678687
-0.1912023069231545
-0.1191970107711477
-0.4459389234379264
0.2780411752982526
0.3022910008230914
0.0148692394318437
-0.1949839471724278
-0.2407420247553887
-0.0621557285707111
0.2819177965497273
0.3557978187965525
-0.1401259304034826
0.3750446282356758
-0.0174902672570871
0.1189246673244660
-0.2926483345611837
0.1100434051524474
0.1159999268178306
0.3740077539004217
0.6032573857154390
-0.1116860130207371
0.2667987181185915
-0.0794682831715128
-0.0227405442038677
0.5817791293745870
0.6315214716509547
-0.1371225054643500
0.0100347156964439
-0.3409588615302421
0.0784226650460287
0.3320957450562008
-0.0049296933658531
-0.0251630154972435
0.0602489444236645
-0.1973304890192454
0.1195589634586240
-0.0456854506437968
0.2867552318686586
-0.4356013506325042
0.4470211594249632
0.1850641190092894
-0.0994011844557009
0.3173012558694921
-0.1794045164328673
0.4467624238844818
0.3102935719688112
-0.2628800883145198
-0.1976966857617553
0.2632058171244670
-0.1859860711503245
-0.1103535096935928
-0.1122279167157894
-0.4853288328113771
-0.1479514935077650
0.2533139098659592
-0.2380985341701869
0.1228510184845036
-0.6080986879996810
0.4779697141291618
-0.0565695540346558
0.0435842969339046
-0.3057112568564037
0.2899005386981541
0.6401292143016658
0.0288827403821253
-0.2091358909239075
-0.0005263442869076
0.0570471967623389
-0.3620878877745461
-0.0156143955827797
-0.3126823235851445
0.2165859908729312
0.3885188504194143
-0.0737370908785335
0.3952638261222897
0.5236608062200530
-0.3685760907697568
0.1847128860048457
-0.0945757406354016
-0.1939594257454928
-0.0297173810953253
0.2259799723999669
-0.3024490604112937
0.4216059045575266
-0.0145535554509358
-0.0473052133682707
-0.1423628193871964
-0.0218660340504074
0.5605852292390276
-0.1603354946625584
-0.0855604151440649
0.1577063258387062
0.1092015457400808
-0.5687688674590559
0.1371591070404697
0.0202766574523500
0.1695322018391780
0.4561280563949896
0.0350607191900393
0.2877057896485617
0.0132810722882075
-0.4468693230924045
-0.2698922991891031
-0.4463405630527076
-0.2139657646588298
0.3771825965813785
0.2153621843143347
0.0238659255802886
-0.0365921827911410
0.4113289289518873
0.5989405336808236
0.3374078638549252
0.0005287457627278
-0.0536911483479762
0.3957578014678312
0.1343677996059859
0.2888772767548568
0.2212084967864044
-0.2352462705738850
0.1111189218583317
-0.1155104254537327
0.4382115525283140
-0.0870294849416120
-0.2454102052186722
0.0858218997356545
0.0939242701882771
-0.1649665681046513
0.6339432387125921
-0.4503181096204213
-0.1052040341207779
-0.3607879146901779
-0.3263809544152237
-0.6802062703846055
-0.1040584207731690
-0.3392444773540866
0.0215234357355731
-0.3007563507249855
-0.0673641530181623
0.0072048170657027
0.2583164971487868
-0.0976354584294082
0.0542626746384102
0.1571849340619279
0.7114922981671922
-0.0849743896853919
-0.1236036869602549
0.1557477220521248
0.3192567111816448
0.0169893301968740
-0.3868778038495639
-0.1924581656826038
-0.0166517077223046
0.3379792301139091
0.1374060766954026
-0.2582467827812242
0.1884189653683127
0.3502044031075234
0.2232227627136822
0.0488278315841930
0.1765617938099520
0.2660437793122410
0.5053891406319022
-0.0702913877507281
0.4497527497506553
0.3894740419479387
0.0816775509047472
-0.3324894812362119
0.1212657886289464
0.0246079295300997
0.2528271800821167
0.0106816087436600
0.0073834604481977
-0.3347716901248434
-0.2880057287533427
-0.1374862678335600
0.3993049667707248
0.1669014747936592
0.6393959579284503
0.4665759379687930
-0.0862460079887520
0.0131109523648967
0.3362438534892665
-0.2261399588566674
-0.1663781593267034
0.1951468406954693
0.5972396192337606
0.2262659421055319
-0.1940565144419763
0.2621797711781163
0.1744873326505104
0.2329244521606958
0.4186042775008036
-0.4965204965854951
-0.0163816610289465
-0.4936266318143273
0.3309375779847135
0.1625543527253499
-0.0262265056420334
0.1089944737550601
-0.0420054532170827
-0.3465746194029699
-0.0982791764605961
0.2495000532552509
0.0989334919779655
0.1616150131328935
0.0407601098451055
-0.1513870708426968
-0.1003946826821044
-0.3791655728451547
-0.0474038160477791
0.1659236542748755
0.2438250817357369
0.7953809468942517
-0.0394729960393290
-0.6070603858129583
-0.2418471207455313
0.0428155174670207
0.1772228424298968
0.0897577537345633
0.0006205355627765
0.1431069775491539
-0.2360762675654238
0.5298725946554347
0.3773748420828801
0.1346438875280927
-0.1190478422544654
0.0028713654926579
0.2857788203947927
-0.1025190642325112
-0.0631372441162993
-0.2015485646813145
-0.3123624639908342
0.5742150464351305
-0.0890137539405867
-0.0178257059628400
-0.6115114728176408
0.0356738097488651
0.2290209429003552
