0.3941861635074437
-0.4252739665608268
-0.1153377019564385
0.8065088569707783
0.0262465073612381
0.5999174048517432
-0.0417993569172187
0.7985380654474732
-0.3962253926398833
0.7639587195441102
-0.3750645770953319
-0.3445273226729541
0.2520576268786095
-0.6487083439262251
0.5259155659596927
-0.4889348164470539
0.6142622836321234
-0.1548429297854381
-0.4851863717588213
-0.6027434766648426
0.6446840562174564
-0.1080097893941524
-0.7563561764106870
-0.0253315506719245
-0.7404619150165068
0.0291443930222155
0.4329459094679796
-0.5132490586843760
0.9025365512320443
-0.0209836868988364
0.4089552484793474
0.1332030904877743
0.2900783963933717
0.3482656316967559
0.8456233175984716
-0.2819339966347869
-0.1247849931446415
-0.1959723760225314
0.9511881870734662
-0.2031368161950662
-0.3026593757973980
0.9227365681615894
-0.0054116282918821
0.2385901135808699
0.0625161084382769
0.0174286768359535
0.0974885486787380
-0.9931183012541833
-0.5144425947073076
0.2407868257516170
-0.8039498797597089
0.1761678521456830
-0.2392970440437313
0.5996678873211509
0.7627109236036619
-0.0375152854629822
-0.5379225804967380
-0.3247481720476241
0.1032268450560289
0.7710526185697290
-0.1520725438082337
0.1663279906446122
0.8839628387041211
0.4096567352527856
0.6298789907631105
0.4775692102608823
-0.5881063554321128
0.1712046176550154
0.2511230070587177
0.5919920466904380
0.3905107303471373
-0.6587746363247441
-0.1708720802461728
0.3817447343914804
-0.8366953086624921
-0.3535741088073346
-0.6869069510584132
-0.5572733054101059
-0.4656446537842839
0.0279349255779223
0.5117155358160054
0.1887603601380722
0.0196351021262743
0.8379326939614988
-0.4184334098838021
-0.6059262737515695
-0.3976670312589472
-0.5473826490858545
0.7698348192119885
-0.5226141409505158
0.2907349412222241
-0.2229394643393345
0.2136059978832841
-0.6503461118328250
-0.4901295163329621
-0.5396253049213222
-0.5721814253022555
0.2303771898493334
-0.4575130060743541
-0.6404815502487263
0.2882333800996355
-0.0618286667167997
0.6259829190269499
-0.7219723815042105
0.1669783293295957
0.8938963560943641
-0.1055733482637062
-0.4023950922065344
0.8187437444422608
-0.4604731557040623
0.0016630297171968
0.3429582892200856
0.3513568887773865
-0.8339117674288508
-0.2598326017629263
0.3370853303148541
-0.0087362067351236
0.4940519288766955
-0.3904973001592650
-0.7767549348626134
0.1044072751316745
0.7905207480019826
-0.6032038044433248
-0.0179231186757233
0.7070794676702045
-0.5882989081584814
-0.3590640824678711
-0.1581644895046444
-0.2290698740401736
0.2955402489757216
0.6905389599306369
-0.6191436819192310
0.4426157723416740
0.4074207025963269
-0.6723945861025054
-0.4312599793052210
-0.1626596205045597
-0.9113717177127756
-0.3776582456038867
-0.0178238474514370
0.9705410109166479
0.0059837009393122
-0.1893695381865276
-0.1488405840454198
-0.0843556755018400
-0.1298770647924659
-0.4925104257542559
-0.8564166909716809
-0.4026252198347443
-0.8525069995226627
0.1399739564629766
-0.3025426244845367
-0.7876646377345127
-0.1242767933736548
-0.3677873885303397
0.4784058255595911
-0.8462950659659655
-0.4099947690124258
0.0134688940664535
-0.3398640016193780
0.4748231663376565
0.1790004199175781
0.8055218885275202
0.3060004860804477
-0.5488626076537177
0.3284784124418055
-0.1068609954261889
0.7612046361759737
-0.7267631586667676
-0.6293509969686590
0.1325152046861653
0.2411894573695995
0.2776849961128297
0.3537609326143923
-0.5658994776865629
0.6910152144806136
