0.1750352627716779
0.3554803103713710
-0.4212969269898965
-0.4576223739163403
0.6124426902805764
0.0162789666888807
-0.0698587715022410
-0.0882200957979034
0.2609079934225958
-0.3075405636613418
-0.0300581108716825
0.1430875095098526
-0.5857793808243364
0.5923083810085565
-0.3394603387467225
-0.0595756201205219
-0.0976896049139805
-0.2484929376883850
0.5536005507071438
-0.4349324611818038
0.1776070411260015
0.3368424597429597
0.4641465157832276
-0.0639646178402273
0.2003007733760274
0.2882984232297117
-0.1288147492445508
-0.4708641860145501
0.1959452393872938
-0.4931593546964154
-0.1991158304906294
0.2771530718678333
0.5995898435444245
-0.0829197365478053
-0.1161838249785773
0.0185188766003730
-0.5339265608930851
0.1893125504327867
0.5827865831050014
0.0550605646875051
-0.0738819251300357
0.2917403875015041
-0.0570475591509208
-0.4123534248006984
-0.2693521024239755
0.4605718074017083
-0.1925997256572264
-0.2594824739815353
-0.6620163350014091
0.1204803285723730
-0.0594732344415558
-0.4166011551095223
-0.1248064764037197
-0.1949267031795832
-0.3018671270313881
-0.1858206302622915
0.7487566530838636
-0.3844285774178343
-0.1137449577721853
0.0940248901013960
0.1442956658135471
0.3158139691305878
-0.1535798706410611
-0.1210198390726533
0.0180241248454955
0.1739030431252651
0.5004040966333305
0.1353527623022320
0.6794427111057646
-0.2859974276739423
-0.0441171409927323
0.3750722362900983
0.4358219738962594
0.6398499078448032
0.3638866186674179
-0.0006664862331934
0.0980932028135546
-0.3879411177973926
0.0257964707179766
0.2103374013119792
0.2514150342417250
-0.1111373748390916
-0.2999507558364222
0.2481697135309639
-0.3010847676619221
0.2481839391992980
0.7137657137995861
-0.1771069272851122
-0.3781720816095751
0.0001873001693030
0.0305481133152368
0.3926553232950767
0.4723501672154292
-0.0367274245683575
-0.6099553576291724
0.4309970466128807
-0.1865580027096565
-0.0403998773132567
0.1618177824763102
-0.3592619784248526
0.0376993679951802
-0.4401025857115654
0.0973002010091587
0.1133884706366007
-0.1536319709580528
0.4591129423467942
0.5654386279371493
0.3152565778489905
-0.1475509099199311
0.4442071006720405
-0.3295784743381104
-0.5452503692662964
0.1767995396965545
0.0851286987984708
0.2154503475031419
0.1167283424095708
-0.5257751553709308
0.5709451026590042
0.2875628635183407
0.1147069141360140
0.2536712879840391
-0.3932601251988981
-0.2178403917631625
-0.1748576090452124
-0.4582442321444801
0.2667425138351019
0.5915376083545379
-0.3125784781612355
-0.1463220862491827
0.3424146011253128
-0.0039370086890098
0.0520109107150616
0.4180231626551930
-0.3557093257733697
0.3312505352075021
0.0214599951727593
0.1104619325864070
-0.2118274537848657
-0.2352238058482967
0.3473458629035972
-0.3895157120880889
-0.0818355306772532
0.7279928102081455
-0.2794535682470498
0.3878173225789545
-0.1401607377073945
-0.5569414667515419
0.1789226647766988
-0.5273223678203712
-0.2053767820498515
0.3022138412073432
-0.1049863824728702
-0.2552483614521051
0.0990386359567628
0.5620792215256277
0.2499405936734782
-0.6098623875595388
0.0784289175844965
-0.1300703445771402
-0.3742493778015352
-0.2769679709707493
-0.0035527188060023
0.0091850834133526
0.2518543301894288
0.3871920959647007
0.4291785921853778
-0.3441496972758013
-0.0980619404068381
-0.2303000822613206
0.6133424108149459
0.2123460580150299
-0.3328557215565869
0.4198120499764083
0.2547757150437267
0.2602361663891003
-0.1467574030405137
-0.0795505499709223
-0.2699029099157956
-0.1477935992579523
0.6765905925581628
0.0628481905203192
-0.2703515830257952
-0.0617818052638540
0.0014148318525899
0.7653405087285700
0.0368541238608819
-0.4810074087552552
-0.3160178998284633
-0.0283085191601231
0.5923502148165547
0.3744822576130449
0.1156811496478379
-0.1340412154588958
0.3905732907837627
0.1171512468925311
0.3925338276657564
0.1633973464973607
-0.3612224758896302
0.3939984819126104
0.0273911882366273
0.4720737576001934
-0.2679943447944191
0.4638994120564725
-0.1675451407370330
-0.4427573430611562
0.2669113062628945
-0.1969532144051372
0.1361258250677320
0.6152790918889001
-0.1881562874716937
0.0188752330342510
-0.0260887740652175
0.4349441599636528
-0.3421143748838473
-0.4235644041912985
0.2843171459443888
-0.0277245580367083
0.2281671765257919
0.1731064111045222
-0.0135423947160477
-0.7059550446334018
-0.1381151143074593
0.0724670649399008
-0.4968587856951539
-0.3839966460150491
-0.3069472936502786
0.1342573506808044
0.1600443394600025
-0.3492188939167527
-0.0650687689507451
-0.2568473033074180
0.6356052981352162
-0.5074834520159609
-0.0919362020678531
0.3515216254936429
0.0754359932109766
-0.2768959382530334
-0.4139928202980169
-0.6214883528659049
0.1699858066411356
-0.3425479168301903
0.0560844396694751
0.2950475469379334
-0.3707207865955196
-0.2780623307159665
0.2478538179026236
0.1060451932686087
-0.0587690064204465
0.4001724660120726
0.6590153837415049
-0.0409293947201074
-0.3361577762429023
-0.4126182805560867
-0.3172139914460678
-0.4921239917872958
0.2517792785587033
-0.1342543502804059
-0.3344517996389137
-0.1735966409926131
0.3213361171667096
-0.4003344588802862
0.2904172949256300
-0.2017329942603239
-0.1529771742128702
0.1790399408244390
-0.3837604772197830
-0.0340905010599203
0.0568587935771334
0.7532600436675040
-0.3169170169977961
0.0240656098247523
-0.2069554806173169
-0.4754519957041778
-0.1151823270229734
-0.4122978095697875
-0.0150760150074448
-0.3149800461070832
-0.6683884085074769
-0.0331125763325348
0.4581770079236580
-0.0196655739790886
0.2036980688337235
0.0824906670215439
-0.4437664014134582
0.4264292489425645
0.3556722181233544
0.0486594805519908
-0.4834754244513397
-0.3113246062244263
-0.2923453844669191
-0.0887749187597747
0.1960723007943935
-0.4136594468056258
-0.6717736258200436
0.2685660205729867
-0.2697384314355381
-0.0632879239810014
0.2592314802158577
-0.2445814558294925
0.1627134049101350
-0.6554540706478246
-0.0524092266603832
-0.3518391605727393
-0.0564443699817090
0.4655677129752253
0.2653421867021626
-0.4603397454016000
0.2666648851287340
0.0415350325462633
0.1382294816202561
-0.0638188875681173
-0.2336573641575095
0.4102261720561344
0.4521652997622976
-0.5145260193040005
0.2472329041777048
0.0041690075041787
0.3143260083875461
0.1496928707179904
0.3014329430581724
0.2440759044073406
0.4117911851530698
-0.6272308209103897
-0.3228379875928224
-0.8741643767864806
0.0524896814262525
-0.2716425237066809
0.0467508441079778
0.1548713690974201
-0.1885356793157445
0.1664315239893245
-0.2246043092830247
-0.1393871669977515
-0.2172683523817237
0.2127319943258884
0.1656009155935952
-0.3371723692079223
0.5862008677143320
0.3704850490253196
0.5260483021165442
-0.0929327693148275
0.0132946308030670
0.1221451799195437
-0.2697010776100456
-0.4822936111622322
-0.3975649135394006
-0.0367203172978844
0.4791529785002229
-0.1016654066806420
0.5294342196784071
-0.0102220116801180
0.0869130762513005
-0.4671580997969487
0.1133327883591280
0.1007956178816191
-0.4878023207654580
0.5076544645208074
-0.4990711119213491
-0.0755735435012892
0.0275291617275247
-0.2257695774937597
0.4390095329188982
-0.2405365852406448
0.0109574716885383
-0.2865781352575379
0.4868738543544641
0.1219611727637372
0.2960558053964558
0.5259506323097967
0.2924572500309590
-0.7325922590067517
0.5310957445633261
-0.2205703003740832
0.0816794555773225
0.0662445001228496
-0.1682397876985350
-0.0097315004299485
0.0872020419596138
-0.2648640319243373
0.1837144312300343
0.0942811908661209
-0.7972961761298957
-0.0155040233732995
0.3892731706622498
-0.0258836337021327
0.2070026784771535
0.2371325987703471
0.1693759368617350
-0.6290309361929622
0.1042959053131742
-0.1182136836320797
-0.3452162712939327
0.0002635433638760
0.3478162602107860
-0.4862647534315364
-0.2723524513262439
-0.1523028484478053
-0.0840121633489654
0.6154330772911916
-0.0020657427929301
-0.3938739017541166
-0.1761083139505837
0.3906087583909973
-0.1511582043949877
0.4789664552278346
-0.2541463291116224
0.0201338228170365
-0.0896343961251173
-0.3276719901136971
0.0725897097887104
0.2426798370666827
-0.8389411398514875
-0.1270062426385605
0.1883757505988365
0.5622824226841567
0.0148326445423324
0.0957372121708165
-0.4132027615143681
-0.4190926226458704
-0.1952255591135156
0.4635984436899568
-0.1460995497828073
0.2317241747274310
0.6148803436805782
0.1503854785966082
-0.0276148581818655
0.4876204719973691
0.2823463498958892
0.3490301454280315
-0.2523792219485929
-0.2047306769026433
-0.2315569913126041
0.0511789935834148
-0.1324589849654190
0.3239464697795288
-0.1741195247525479
-0.1416808881737018
0.2784398629188756
-0.3941849123814720
0.3427806722528423
0.6885447247490730
0.2459684046264093
0.1815135617575037
0.1231744438584287
0.3170094628716568
0.1190336021319294
0.6112093666580524
0.5790240951721743
0.1683431972443504
0.1988245570300334
-0.2543583756387453
0.1598094279759865
-0.5286733845804903
0.3259359382287557
-0.3751262832273234
0.3369635981666171
-0.5168377674021033
0.0032931950100525
-0.0513484398560702
-0.0316800308449078
0.2912289457665870
0.2925794772307382
-0.2546773742003339
-0.6068019282642670
-0.5240749394082933
-0.2590473138423109
0.0694725324378192
0.2211870148401110
0.2610439675263165
0.1556842172552265
-0.6311388768060653
-0.0688956104273156
0.1957126409487129
0.1310201636387568
0.6678296084482604
-0.0443620327377614
0.0331886665556654
-0.5406293184552207
0.3356858598401087
0.0708224522542520
0.4310917443848722
-0.4021941553426880
-0.3489945397133793
-0.2884682484236130
-0.0061091469157604
-0.1933143873170216
-0.5254512260339841
-0.5197740596462577
0.4672641773756198
-0.0553580565891268
0.1575739238016100
-0.2874758197966537
0.0182641948660162
-0.3484398279687818
0.0558554127312687
-0.6995517622529217
-0.1228567268018885
0.1723550083943670
-0.0714398632345882
0.0092155300981126
0.4032100587854629
0.2270620882858546
-0.1524688991970366
0.4725001788051555
0.0748513887000281
-0.0434326379282448
0.0079702312009581
-0.4864682295138747
-0.0217437326963871
0.1276271993882555
0.6858303145537465
0.5128423536233613
-0.0752596883757150
-0.3958589884162406
0.1057527104534902
0.4475131475188957
0.0246164831670470
0.1619992264469484
-0.7135565115627287
-0.0616579118460750
0.3021997607689865
0.0265518174706959
-0.1402488152918899
0.5160961332821032
-0.0295548800077674
-0.1238567608503732
-0.2614999594229351
0.5480944561990887
0.4414224250731647
-0.3201735552071879
-0.1777819967657230
-0.0474203936104208
0.7471964128321777
0.2448616991744051
0.1565819461950196
0.5030761133725068
0.0822780867593929
-0.0288471909858826
-0.2356028698756282
-0.1969201289751259
-0.1319519514716472
-0.2633557387032827
0.3166652990971258
-0.5999980286301967
-0.3810945315683002
0.0282721106147776
-0.2088278984085234
-0.4521075011370073
0.2427246452557551
-0.1635148281291653
-0.5294456235889535
-0.1633622659190865
-0.1563883934493676
0.0671888564560577
-0.0436843358452631
0.7100316858446692
-0.1038102663154273
0.3470755583248175
-0.2971609545136786
0.4986152267884117
0.2308151049929996
0.2648599621639117
-0.0194264491447067
0.5625155997264032
-0.0334813707187712
0.3816844909029881
-0.2757654271910352
0.2560132577398784
0.0573158592178942
0.8702459211940267
0.3332481821945549
0.0047915388973355
0.2083317908250041
0.0396029078656846
0.0186635763413896
-0.1320907890281787
0.5092016313859661
0.4381233782314495
-0.3222197593958621
-0.2890651955112066
-0.1172575368786865
-0.0064907379607356
0.1066411091236625
-0.5004294388724030
-0.2928889454391703
0.0894060066779193
0.3862588743091734
0.5631867062540635
-0.1636726905966136
-0.0092702844388560
-0.3657002198334276
0.0897859679039237
-0.0165922446226966
-0.5972296213894818
0.0784190405839154
-0.4079244221809596
0.3170854756427370
0.1329628634223768
0.0686809864736768
0.6431896633830171
0.0198289258155296
0.5045142943699499
-0.1894410658775121
-0.1445281371124733
0.0547487634928487
-0.5300718539400568
0.1838831604822772
-0.1923091695873372
0.4620479106551613
0.2979163053933457
0.2512215905194055
-0.5089081473310390
-0.4632377806046668
-0.2554812078404050
0.1384373978977857
-0.3038156649643260
-0.1761329967585802
-0.1507145056746970
0.0623617263940823
-0.1511702502196687
-0.7267682680250914
0.0313637205911467
-0.1835519187092513
0.0641149832465258
0.3792368292695801
0.2795067157128329
-0.6261884049147985
0.3598218575408133
-0.0066327724846657
0.4665211903058823
-0.2329470585976564
-0.6092415435102111
-0.1901850061307341
-0.5807594929977801
0.2821717535522979
0.0587654096959301
-0.1661259853073392
-0.0117827977425483
0.3004954826474507
0.0090726211820267
0.0988206598120477
-0.3579814466743651
-0.4607018639655733
-0.1391176915107871
0.2394253109319515
0.2531770620790119
-0.4237705016904891
0.5739311514830446
-0.1426147954476845
-0.1324850320424557
-0.3764236643300654
-0.5699269269733513
-0.5613129870339754
0.1813283463689262
0.3012945962658369
-0.0812890587213086
-0.2241844683078648
-0.0779582270922577
-0.5394350598359011
0.3259555722282033
0.5180497775985984
0.2015761540210118
0.2667194521853001
-0.2002829739617928
-0.3048729925447121
-0.2889233473186609
-0.2506990933987097
-0.4154844124533287
-0.3129249786378184
0.3888528484016546
0.2236804340874568
-0.1394940803518467
0.0944474663199562
-0.6233097311321549
0.2201526918907851
-0.1082756944823092
0.1570781817242395
0.1727558320379028
-0.3040687928851023
0.2965984948601106
-0.0987160572857118
0.3170598812944792
0.1728859896663195
0.7830506686237988
0.2392776748299455
-0.0023999688853725
0.3252295765956899
-0.7161616538259024
-0.0213568128152940
0.2384733109027949
0.2455397634414425
-0.2503567152648470
-0.3791895947918521
-0.1057291690552545
0.3182426237236896
-0.2245083494371237
0.3041563504909381
0.4062020592256146
-0.5990664404320506
-0.3509483095295035
-0.0243125428627550
-0.3114343623819837
0.5508046906415066
0.1763015767896404
-0.0106536038972897
0.0986902567317534
0.5261004295349964
-0.4160552460022550
0.0568576532794992
-0.4451232547773191
0.0665398104604352
0.2787720960997772
-0.3051846246218451
0.2772225956542351
-0.3929375777563893
-0.5935319568726293
-0.1173493531177395
-0.2370122587246318
0.1233798475592242
-0.4005592386907789
-0.1072712680915286
-0.5418163220611190
0.0070293064207828
-0.1966817110007378
0.1179170787111705
0.1071036151151080
-0.5877913070463199
0.2931321970249646
-0.4465356807746244
0.0768655497809155
-0.0250574434225983
-0.3120367065868429
0.1074017804481966
-0.4706216011559050
-0.3608584367608555
0.0708150282130979
-0.0292942490590438
0.7259375585959192
-0.4193104742271533
0.6754870836711269
0.4426333088526380
-0.2201268105154226
-0.0877337545451416
-0.0447290240506320
0.2833436965446424
0.1301737580543527
0.1287987276593351
-0.3186236294995035
0.2888471882582819
-0.1964630260369935
-0.1483716467089861
0.1643021489660015
0.0323472666319578
-0.4053663912366816
-0.5492242582347213
-0.5103172342983961
-0.0157749136467839
0.3646861471146360
-0.3735381108485649
-0.1960975643957836
-0.5619616276255949
-0.2191015861524208
-0.2512652407201880
0.2479421615221732
-0.4476095157067928
