0.0975676067669286
0.5225910429814218
0.2131862249373917
0.1077745061476445
0.4684670489838009
0.2817184662979493
-0.2239985239226920
-0.1091858148164397
-0.1546024436111731
0.5248714000046667
-0.0054929867330783
0.6169782731513035
-0.2861832411603561
0.0124720913185996
-0.3099541572094288
0.1804607549275331
-0.0341316180762992
0.2185982329296502
-0.1920742971168365
-0.5681292836382038
-0.3984457147583665
-0.0786008780553627
-0.1231164889086070
0.3813186483565064
0.1102795065474349
0.2355560828654533
0.1635877230679615
0.2749472987625385
-0.0660017269260913
0.7072057034570206
0.0248827918615920
-0.0841625996743891
0.3606133437987374
-0.0129083411489161
-0.4854874304627712
-0.1950986597184698
-0.3133601278363570
0.3605294122611027
-0.4353302988183329
-0.4130845754016938
-0.1009613856540716
-0.0101481098238603
-0.5863792360545186
0.3619834762233929
-0.0919004529116844
-0.3619593569260734
-0.4747621669646577
0.2046201411251666
-0.0132159874540125
0.3285235455306145
0.2286703145965344
0.2131775287595577
-0.0404627265346185
-0.2166770905839893
0.8123675815373862
-0.1248615117886381
0.0587254009236323
0.0212886451415086
0.2390605865616049
-0.3421924996254379
-0.1083274836001298
-0.5856865283185052
-0.7320730153028687
-0.0328350215531325
0.2611822870306671
0.1547865705645855
0.0811721991521510
0.0844722493910089
0.0316036635926881
-0.0364562833745202
-0.7100297959447679
-0.1430807092801770
-0.1150098860577048
-0.0468657373078170
0.1804307690354890
-0.1118626215714007
0.2790261459011097
0.4651576855401856
0.3338618764197119
-0.0959291651090352
0.1628373047558135
0.5573428559082291
0.0597532489368107
0.1880052208343510
0.1855183388139239
-0.0142575521596973
0.3399469461221788
-0.6524014559704201
-0.0121911436652742
-0.2190342383843051
0.1216214106359384
-0.1405800696105604
0.0524457032962587
-0.1044459620289151
-0.0982261168107469
0.5495147544088212
-0.1325917677835414
0.1986684647459607
0.6608578632534827
0.3826072126812085
0.0311285800278295
-0.3436797377340719
-0.3487287963546920
0.3839648364443616
-0.0442074097155993
-0.2552748152479669
0.4023231453198742
-0.3806800807889205
-0.3436286363419251
0.3462557971880904
-0.2905628644774054
-0.2717550275428213
0.0298900840943780
0.1228129333718881
0.7095722777770663
0.1167419820754586
0.1939575631360000
-0.3978407757937384
-0.3223509974233927
-0.0939015472236356
0.4874058235080927
0.0993277887165852
0.0524369309653389
-0.4726042554076175
0.2383529719917762
-0.2536828065000290
-0.5502229720726173
0.0951940071183483
0.1234365884695355
0.2797395658624391
-0.0458552216531173
0.2126065491319380
0.4686920379530725
-0.2210312255447894
0.2529363896462785
-0.1862993763667217
0.3589101276704779
0.1453516032201534
0.6016050495713627
0.2713157680491934
-0.2423592079397359
0.6731652441227071
-0.3360776479203596
0.0186317851178540
0.0747148216760019
0.0972541643156049
-0.0884097633614989
0.3476484773152571
0.4133651246185202
0.2454141117391983
-0.3544201641234553
0.0335934603361594
0.3040849185856073
-0.7213962084893216
-0.3376311125967959
-0.2266498462609306
0.1414789941036108
0.2721820617066562
-0.0187879039079772
0.0236730337556753
-0.0412632833586902
-0.1596360074915349
-0.4481175195627292
-0.4022809053789077
-0.1403047605604225
-0.3880300574841473
0.1661109049353332
0.1603138485086666
0.4431562295799550
0.4361661271378276
0.0472841448695556
0.5446841627624788
0.0070117533655153
0.2651372378985177
0.2572052072318239
-0.3137626978620109
-0.6236686883043848
-0.0670587410017434
-0.0520041247297284
-0.2645202585289255
-0.1914682227525948
0.1874852149852410
-0.2181046878422815
0.1040450378454980
0.2812446319031270
0.8293444792463537
0.0777407108621683
0.0579256178127323
0.1647081990158191
-0.2575957971333057
0.3808693485231878
-0.1656359267578614
0.0909173091217498
-0.0351279147984588
-0.5170998689369520
0.6282417118547065
-0.0675945170484976
0.0476040578494106
0.0337948717148063
-0.3846377129778679
-0.1877408092950507
-0.6407354003752339
0.1131347810266080
0.3404678187826365
0.0326296977842526
0.5828990587581988
-0.2646161828806446
-0.0861579568562429
-0.0481320010100157
0.0699721641426392
0.2086493547367196
-0.0509147583302418
0.4270586567326484
0.4445847764702446
-0.0961240179108818
0.3854210358328133
0.3825809632200279
-0.3449475773833612
0.0589360250246006
0.3836909343524390
-0.3035346573276198
-0.5172821074312973
0.0988062722458128
0.6046239276590476
0.1084510998086649
-0.4224677380520610
-0.0881811228424632
0.1670949587886414
-0.1264762831796672
-0.1517222566720542
-0.3461010574854583
-0.1519544103262981
-0.1435021401593131
0.0418575958088973
0.5948672399185466
0.0933629430655392
-0.5599672288977122
0.0754502870525285
0.3675365438605788
0.1336269659828838
0.3543681677344025
-0.1154111431130265
-0.2699473825004471
0.0990930795678900
0.2103833738817238
0.2153420835184152
0.4420236439424365
-0.0636919889761799
-0.2774424683159633
-0.6413759978170066
-0.2357240485161194
0.3477642167026387
-0.0715549121522730
-0.4108645368606517
0.1309806411145275
-0.2342084592238159
-0.2763266363424698
-0.5125853355775929
0.4867799426754965
-0.0387307360899570
-0.1234695832159002
-0.1301603185496590
0.5228530746185103
0.0790689610652015
0.5719877198391646
0.3559591065891602
0.0515599534052457
0.4792343947057328
-0.0242417044868074
0.0373869488254498
0.2853749983333340
0.1424403312086917
-0.5760824265146134
0.2638697893617109
-0.3596843811055413
0.3963871842337219
0.4015635194413311
0.0122419804441388
0.1093975455177952
0.1921120284157485
0.4687370273666605
0.2867911922045243
0.2553659203233346
-0.3329756572215110
0.2580459306785606
0.0252740291962637
0.0528326772854711
0.2959029468891781
-0.5778106006899882
-0.1746724212820668
0.3500574333799606
0.2067421764870817
-0.3024799540051528
-0.0012822545587878
-0.0437366172715678
0.4855869664433822
-0.4074882159648442
0.5021631930608765
-0.2204855854174429
0.1966867900568843
0.0492674464194481
-0.4574783001256760
0.0012439045775807
-0.2891307619335186
0.3940674494005644
-0.4692057995745262
0.3422568233950196
0.3767207724214565
-0.2421782246394060
-0.1074075220241751
0.3819991422056471
0.0226191229320763
0.4933116203713461
0.3986026599473518
0.4773746761193818
-0.3973776979523030
0.1555659681184884
-0.0804876430624064
-0.1764571619823121
0.0609328971429558
-0.2905211804119855
0.0406413308932681
-0.5297837328966801
-0.0505762739411710
-0.3366379463539500
-0.2094859420092347
0.3577871700228390
0.4046631786332490
-0.4214400969887070
0.0642790282928145
0.0697447639402118
0.1018653215305637
0.2684291837837431
-0.5346179523397334
0.2458729352062191
-0.2035291217887326
0.1175250742161967
-0.5427205179604467
-0.3452507234200189
0.3121781111990787
0.0582817682011512
-0.1464371446043171
0.0987681682616848
0.4396057203317560
-0.3754839951757022
-0.3518790257548628
0.5135840383265204
0.2905909688849736
0.3121610114821493
0.2483702994626574
-0.4134375319043667
0.1902216757586480
0.2179558729618950
-0.2194864209032948
-0.4676570896787776
0.0984478503797044
-0.0370305204544526
-0.5042016159563752
-0.2917911437919455
-0.3578803381300922
-0.0513358711419514
0.0896808584330771
-0.5570892791326197
0.3562012913606805
0.1684699616111231
-0.4456658857047633
0.3545581001528187
-0.0756700208936446
0.3263370383775561
-0.2952298703789392
-0.1918720535807164
0.3544246617665874
0.3027102923940554
-0.0129402683848032
-0.3807664192424957
0.5084403497537808
0.3578957128902801
0.4377864443527825
0.0153531693946404
0.1493004195035650
0.0881983554523231
-0.2991185110849122
0.0284469278838985
0.0745711281425649
0.3772659241400219
-0.1382244190843883
-0.4047447218661810
0.1436958049552144
-0.6497041630764425
0.3582753748945124
-0.0034229793139645
0.1645936047346170
0.3630401022688818
0.1672640858932505
0.0615258770661543
-0.2980712520885760
0.3995625725455504
0.3941447817525711
0.1169538959662502
-0.6259483694314417
0.6091324910838742
0.4703450901355115
0.2009600982557662
0.2595307546364310
0.1327305138456297
0.3270581200489325
0.1585160842006391
0.2326532791570047
0.2846782199113924
-0.1229265693731501
-0.2334859434717691
-0.0247335559149178
0.2809527584749202
0.3888067896764736
0.0139048093685386
-0.1837436345917855
-0.3660425486130741
-0.6561779047679505
-0.2349386870997477
0.2471023056269790
-0.1836432077336895
0.1600850582285854
-0.3798932176070027
0.3654792504407739
0.5363178253702400
0.0046533237345836
-0.0202448369019708
0.4592253821896102
-0.3376376771101336
-0.2231558598700250
0.0851807549895730
-0.1589483270052214
0.0851119860530864
0.0744013065336645
0.0307971071228915
-0.5649494941987578
-0.3063665836710051
0.2491294255272027
0.6612574642610093
-0.2034607643763346
0.3341855372909268
-0.3941710373519365
-0.0015048335197596
0.0561031181375482
0.3311693255727433
0.1359408851084316
-0.4894864272862090
0.3310400607259226
-0.0577220188857707
-0.4991292752166884
0.0784803971094719
-0.4615025593333873
0.1200068056628244
0.3122074568420566
0.2906144466410887
0.1884926516869873
0.4077260413699793
-0.0028158808285828
0.5644101376547450
-0.2533527021073042
0.0958801878898675
0.2765707783510382
-0.0435010130522012
0.1059090184778681
0.3249648678576655
0.0032536633010842
0.8192231053988768
0.2421642733989580
-0.1742858779566314
0.1882768842663019
0.6283407490278874
-0.1928030767536254
-0.0747453084665213
-0.1997150445720503
0.1166721034349276
-0.3182249092568314
0.5047618176275332
-0.3200492239295051
0.2233486119233775
0.0237032324200619
-0.4651835105407018
-0.0675790477063017
-0.0449086332832299
0.1526974988555653
0.2012441505580501
0.0061626884861562
-0.2041288765770461
-0.1777588793602957
0.1762771583535669
-0.7802732992148155
0.2784748107028204
-0.0519683006020696
0.3921152580848352
0.5853731157141209
-0.1304924067280608
0.0180671359079971
-0.5439968585784900
0.2500236295514598
0.0188459188092276
0.2172113246726614
0.3947684139805894
0.2669008793226730
-0.6714302034068128
-0.1404790223207074
0.3209178006990997
-0.0644641601697133
0.0532527157469175
-0.1527015254414740
-0.3798072793254875
0.1575370000787138
0.0593319988469826
-0.3013958341241564
-0.2397979978883660
-0.0972213739190648
-0.0206989717455943
0.3639106154751442
0.0157112006890447
-0.7727440609320104
0.1805119230756819
-0.2754288045128105
-0.3933103824668636
0.3143497211280981
0.2857416268649198
0.6626431541326473
0.3269928650039076
0.0070897144972784
0.0446472438069796
-0.0539744517900412
0.3372763021463868
0.0105094813349451
-0.4065093921269840
-0.3757633768896732
0.0340523681727508
-0.3337876215949499
0.0366567873334694
0.3752075006143493
0.1048088419682679
0.2566852777532990
-0.4220128961665890
-0.4288201957895936
-0.5007363512236436
0.6165675418759631
0.2555775924083425
-0.2107136109046349
0.3617549637605387
0.0330767223938467
0.1744793515194854
0.0656482796585789
-0.2288117280369364
-0.2007963404068949
-0.0183255079826359
-0.5141765092304241
0.0466866838820615
-0.6649833511050268
0.2182453681583267
0.0487996369059671
-0.0908481669473479
-0.0179143260343046
0.4375625528784223
-0.2021297700311928
0.3972277989695156
0.1159595944799730
-0.6039057297302497
-0.0939750143427286
0.0436414012283735
0.1320352070282662
-0.3331792351478185
-0.0277340256305410
0.5100185940018129
-0.2529735193987965
0.2070731242415260
-0.0726935063856621
0.2093544688530287
0.5910564055514412
-0.4441377261374737
-0.1569228967116654
-0.0033803049110573
-0.3716684707895677
0.1734665226249996
-0.4105323114825253
0.5688676361312254
-0.3459558107481500
0.5499739620535525
-0.1791108531678313
-0.1092104637149890
-0.0682440118336885
0.0694139169310803
0.4148168971112763
0.1691593754746521
-0.0078560850908893
0.6650671513893435
0.0917323702820443
-0.2366728073317650
0.3350681512937569
-0.1237422879089764
-0.4295514841938868
-0.0636352255091452
0.2870520104534280
-0.1779387916907924
-0.2510956571391357
0.5268844630425245
-0.3351856492416298
-0.0117043375769884
-0.2561043060494568
0.4334075106272145
0.5500453403984437
0.0720446513310598
-0.0856054067984811
-0.1051216420348074
0.1742289074950187
