0.3316245458444681
0.0244791789719140
0.0636140887112914
0.0650304666590733
-0.2711833214591396
-0.0480100623306673
0.4811702567926320
0.2198740853862372
-0.0244434567664489
-0.2399197375871862
-0.2057773911486094
-0.0413076216108151
0.2766535656735989
-0.2138906613481716
-0.5485794376016814
0.3277752102890566
-0.3831342967286915
-0.1271010543367118
0.3326578354843869
0.5371586883979086
0.0031106964928748
-0.0270208262753585
0.0023335693946422
0.2093113212017985
0.1722578438889439
0.3764848534851234
-0.0307678076836412
0.3185319406517259
0.0154829272616562
0.1086144097481215
-0.0721636993778249
0.0218980461475956
-0.3625976266192040
-0.0557252654644513
-0.0745229376066221
-0.3277094817171544
0.3628065325981788
-0.1882497476071466
0.4556197313784128
-0.3200363876256383
0.3010394288385675
0.3204549660860106
0.1496378720120292
-0.2111628105156384
0.0969888370048505
-0.1970221659514247
0.0814098953429924
0.1533614226708069
0.1523411368524571
-0.2742632785744501
0.0399123110803185
0.2660825845353154
-0.2812267392261691
0.5852548586184105
0.3108522861575871
-0.1351083746610423
-0.3535776824237165
-0.1269254541988861
-0.2522736191420846
-0.1376571622830278
0.3358526884357048
0.2244539606556038
0.3355342353552470
0.0250112608861383
0.0895169957994933
0.0725786803953606
0.3267052302226253
0.0551044847825977
-0.0285879140049029
0.4541594434964966
0.4146149868866723
0.0138810699306995
-0.4271519158335473
0.0198476397477193
0.1962952048971749
-0.0811076002433470
-0.4254425016708065
-0.1547024551949720
-0.1180490726091621
0.0835803118006831
0.1622299294652127
0.7174426157484515
-0.3627961975842701
-0.2074431270652772
0.1313536572596022
0.0637344148431485
-0.1124282151475241
-0.0077825000562923
0.1246324290755565
-0.0481681662085395
-0.2703856247470740
-0.0667986782518936
0.0467543263856248
0.2672197684251440
-0.1499385536784794
-0.2099971235773576
-0.1661254940276031
-0.3477302906415367
-0.2620892093845794
0.0889322717497189
0.3514542536532197
-0.5598620524230157
0.3045926594430267
0.1443244165473709
-0.0810632103267879
0.4591629263833841
-0.3218768301971523
-0.1760829710210108
-0.1592334637284426
-0.4296984601735152
0.0878867907184872
0.0208126044572531
0.2160902297919845
-0.0221287061289703
0.4608749928873786
-0.0192691236599037
0.1766446786868080
0.1870284499236858
0.3305215224426231
0.0318904338491913
0.0528016794339072
0.1993952796502196
-0.4874285183818577
-0.1045011129883686
0.4340066133973004
0.1187599534218861
0.1210837313531467
-0.0221877830043587
0.2425709543552745
-0.2999015524399379
-0.0959458429972211
-0.2166538714932417
-0.1102028794264875
0.5233957609712441
0.0177007378741478
-0.2131625822696581
0.4318819150391885
-0.2424732229067188
0.2424541558364585
0.1158454398520944
-0.0121497414895068
0.1162545914544903
0.3794288512728577
-0.2377159943490966
0.1979095994378550
0.4340763113108499
0.1065584282483580
0.2679007695557425
-0.2880453141902897
-0.1709336320366111
-0.2481929162462482
-0.1420468471808456
-0.2026402460259899
-0.6067105742536141
-0.1611677079302564
0.4938954681324266
-0.1052037712487160
0.0140586966874834
-0.0487078218941237
-0.0013503439087466
0.3104447537301756
0.1895884183884566
0.1415379023182179
-0.2703872384640841
0.0072601643889283
0.1247306445138364
0.3400864095544334
-0.4163242752853041
0.1068152826078202
-0.3823854202564043
0.1542773245001614
-0.2532407034135443
-0.3045701687153122
0.1128304868792441
0.1014024680773712
0.3790467113190162
0.0774401262890162
-0.3084553724177080
0.1434284298612228
-0.2621662763591976
0.4041509945426378
0.1315328871589070
0.1445248177543006
-0.1059574812726171
0.0238440753409933
-0.3279547215808912
-0.2408898552438961
-0.5235170123762141
-0.0136961747237501
0.0268613317644015
-0.0212699803784243
0.2987277706900970
0.4345797502695231
0.0791611700486420
-0.2475883254470884
0.0340715631092085
-0.2251722905057945
-0.1780942281691134
0.1820693114326553
0.2475286185101182
0.3519353366942891
-0.2256015019140306
-0.4805680917404220
-0.0634018569528000
0.1935251209791100
-0.2880813764636406
0.2036038566000632
-0.1753122243622126
-0.4324522435420712
-0.1806451119858042
-0.3600901702372368
-0.4000565717992199
-0.0249793907221504
0.3272306367580001
-0.3661064494008673
-0.2364912042478285
0.0296734445268308
-0.0034090662556401
-0.1172376537851229
-0.1352289967736950
0.1115253958911619
0.3719375678198731
-0.2526528738653647
0.4062926855719603
-0.0041897139461002
0.2240642129709086
0.1203451803996128
-0.6131860487639590
0.1347687970962932
-0.1660966607818267
-0.0703570277586353
0.0692505648196219
-0.0086973484212232
-0.5069245705051493
0.0499038768620797
-0.2969334656987518
-0.3350668178412011
-0.0491245081586872
-0.1470450403438053
0.1407315760806155
0.1232644857331849
-0.3180317120720932
-0.0718020494979960
-0.2512359426618642
-0.0384576998641839
-0.0120351551390920
-0.3056584315357221
0.2982966259935669
0.3254364008074548
-0.0397117689608431
0.2023349709736125
-0.4978239421977423
-0.1109323999751163
0.0326241903921523
-0.4708827256954147
0.4461408271862753
-0.2405219788528561
0.0045002333404284
0.3128168031314240
-0.1076057468539500
-0.0232404280106617
-0.0799349128225601
0.0465415380935242
-0.0493022682106047
-0.4903161636069436
0.2318175306516786
-0.0025100827842714
-0.4393526086371924
-0.3568083249026149
0.0873435679630179
-0.2047647908228188
-0.2506853162050661
-0.3485986112773292
0.0605357849166890
0.0982727219657834
-0.5153456777277721
-0.1270911607948431
0.2933016849577896
0.2088190453345312
0.4601713262474813
-0.2300987163862215
0.1144848720404814
-0.1099455690717062
-0.2431481127238467
0.0012889409600391
-0.0630970029794906
0.1016228058516729
-0.0360715667724393
0.5910586692474126
-0.0721551298993802
0.5486918699400453
-0.0088052971270578
0.1821920821800448
0.2731351966091980
0.0351039986638447
-0.2054854203557403
0.2090161942561699
0.2160192291721839
0.2625260458984486
-0.1347889469205070
0.0756171960551442
-0.0870513553010691
-0.0187069730537262
0.1244022901018055
-0.3514043254934443
0.2027448729388186
-0.1018287385523484
-0.0053846079930565
0.2147740467339858
-0.1239528655370733
-0.0017229004188705
-0.2335585609927308
0.3838483418714810
-0.1819125318764786
0.7066916997286213
