0.2869727830759196
0.8671670401085436
-0.1435486427477551
0.3808697067086410
-0.6886572758882192
0.0041591723288457
0.6309210088519978
0.3573129416085197
-0.0074745889751244
0.7187795657570996
0.5704243454150881
-0.3973866285212131
0.7159241641530285
0.6292710849362977
-0.1621466580818360
0.2553016923519595
-0.3103113367686327
-0.6758006004911412
-0.5673697631328618
-0.3536834383049870
-0.2749159303886151
0.0762108416506000
-0.7745208416642906
-0.5645623124696763
0.3854397149614168
-0.3154513890750593
-0.8467582445491225
-0.1868879946630227
0.6958092379315995
0.0930232370683672
0.3058327046122131
-0.6431660272153279
-0.0664490197988798
0.3661161737833371
-0.8998396170272516
-0.2276667272358149
-0.5488949976041796
0.1380483871666087
0.5673781404046752
-0.5981128406887272
0.4254867695278522
0.6719137703858661
0.5900186950225779
-0.1391791422823702
0.1523626947504895
0.4345696493477324
0.4228776959549761
0.7804545363939971
0.2756767347868933
-0.4593451174193904
-0.1574325514046157
-0.8295898943203421
0.6874745874387757
-0.4982788471888545
-0.4841860625419547
-0.2113308754303304
-0.3764590838250664
0.5740975832670578
-0.7240658718723283
0.0664765844661152
0.8375592653885882
-0.5273248494996917
-0.0060240061255680
-0.1427819715932488
0.7583643717080396
-0.2274698615976739
-0.2323361345595792
-0.5649432381810745
-0.2797154831858835
0.3419293567246774
0.1104886642871597
-0.8903009707621213
0.4996146274720628
-0.7201788687347062
-0.1500738267978158
-0.4573898419884400
-0.2285100455736730
0.6889153942248120
-0.2191720075661628
-0.6520294240073892
-0.4444787108472965
0.5869306453295368
0.6489162686947594
-0.1919863781622278
0.4199994300184884
0.4853926606392476
0.4807598051296812
-0.5973813301011073
-0.0622485320131627
-0.6650497241736196
-0.1895114075253188
0.7196661802923431
0.6684951964630232
-0.5779988208853447
0.1096925903020273
0.4549715056944193
-0.4283006471834691
-0.5075164682142171
0.6786940269136268
0.3136239913421078
-0.4515441864279011
-0.3185344134440908
-0.8217610710332974
-0.1391129659277011
0.0302375743699593
0.4459263327328092
-0.6252911983128014
-0.6397236217181839
-0.1929434778012024
-0.2249207838479318
-0.2845392822831153
0.9117131414019535
0.0932987235391300
-0.3252503527614079
-0.6301101543202138
0.6989053939104386
-0.2141983917727268
-0.9504709856534340
0.1960965634808008
0.1107704481528696
0.1097537599897514
-0.9297149664500771
-0.1266576677211027
0.3279360128657641
0.4833811362303941
0.2623218005432401
-0.4613983815923621
-0.6961619664706733
-0.5406833078363463
-0.4617738482221221
-0.0007633163852458
0.7031542441551323
-0.8677023482119715
-0.0914003816825983
-0.4736136853471021
-0.1201194496642494
-0.9585023544779678
-0.2842574668859632
0.0124520501160725
-0.0177728846188379
0.8376676679605867
0.2179236998740529
0.1405254924530790
0.4807023247889443
-0.1194266928749961
-0.3921573262772432
0.1975204772186756
0.8904692906301327
0.1972901330441921
-0.9638640398777679
0.0173663116518972
-0.1781603975453661
-0.4093917984310332
0.3301394361836935
0.5804193988237194
0.6217070286902261
0.3269292226260044
-0.2529640022209251
0.3819569855492642
0.8265805212824989
-0.7076827549465132
0.1734695458948590
0.0943073816388504
-0.6783800946127245
0.5322963437635437
-0.7398948222135689
0.3162709831743074
-0.2630378673869442
-0.3226738060237892
0.1410942850609455
-0.8989631181564349
0.2604598430156215
0.0231965939485217
0.3545135240041697
0.8018402991234523
0.4804520933755465
-0.2493360129065935
-0.0712590647746500
0.8355315715855712
0.4843972452843130
-0.8742262207455127
-0.0824002442087349
0.3279774339046584
-0.3483812818804627
0.9428807448032303
-0.0884511225644437
0.1948072146945069
-0.2553477023577146
-0.3769280798060097
0.8596001425134518
-0.2791892392391853
-0.2026479369193104
-0.2117416860108025
-0.5925171644328615
0.5074271300517900
-0.5887330260356964
-0.6497274877140490
-0.6835256919487607
0.2310419471364668
0.2393040718795830
-0.4865358403025404
-0.1708205924690642
-0.1552801401118472
-0.8426098025637156
-0.1949776276661763
0.7218367760881786
-0.2173168942729040
0.6274621589067138
0.7793161013910826
0.3502232035202520
-0.5190194076378531
-0.0250794003889300
0.2082629936995229
-0.2792222741702533
0.3212135177371301
-0.8806153093635398
-0.9433548872739979
0.1203983885119610
0.2892743767754246
0.1091151668704932
-0.2589603792245848
-0.0904778621000413
0.3737037950348260
-0.8860579845801481
-0.4045081466132120
0.6481420049792733
0.3130152624407124
-0.5641866235423912
0.2679806750189639
-0.4695388795613981
0.6423273512329181
-0.5432634464555028
0.1888409828766235
0.9388435246718480
0.2835680070228258
0.0500110463901191
-0.5578169794659736
-0.2801881614226105
-0.5519981783188422
-0.5528406847824737
0.0033774589471305
-0.8080539754668262
-0.2353639975115716
-0.5400381043766181
-0.6105700480567118
0.4253740563843301
-0.2042934737183307
0.6360230382362445
-0.6854437253107071
0.2727227148726654
-0.5812993096858476
0.3433370541951742
0.6604019137887605
0.2235854429283024
0.6589422028642388
-0.2822658946084737
-0.0076941475153654
-0.5927047205356455
-0.8046840779931114
-0.0335477118914318
-0.0328407069132058
-0.1028057181208856
-0.9921705571700978
-0.0628494850883255
-0.4172559300496534
0.5367808011193482
-0.5999884328300606
-0.4216369775745448
0.5563996430293607
-0.8006773033974749
-0.1843109420097803
0.1239547083269350
0.2551492295572374
-0.8295907366348565
-0.4676289728702885
-0.1673356629002417
0.5144307334748621
0.6077315785027031
0.1689180082591602
0.5809389429474379
0.4716197389914446
-0.0029250472785898
-0.0705113057866772
-0.8789735045200836
0.2097321507577846
0.3407287723257265
0.8450297535228128
-0.3547408128607300
-0.1800043120583657
-0.4970667999335266
0.0820039291435940
-0.8448659063125049
-0.0844019430052540
0.0040693730003507
0.5287532492660652
0.8445589106811321
0.3788851367734370
0.1756765596222339
-0.9085444203626607
-0.0114383460057313
-0.5392973323979156
-0.3096435364165301
0.6795158680407254
-0.3892781174235418
0.4027844743257587
0.8168951929467958
0.1675699860181606
-0.3773157971360504
0.6016648723491441
0.3655119371932768
-0.2600767354208338
0.6608785795009156
-0.1143683467759881
-0.1681827304864762
0.7657004619288019
-0.6101944387028286
-0.7194780517221283
0.1818461520660137
-0.4261418499819897
-0.5173842225685300
-0.7573436826642700
0.4792456064754376
-0.4344529217611375
-0.0894698484167857
-0.0838843834083395
-0.4982999577498849
0.8309835754100624
-0.2326517993168651
0.0255364726254616
0.0617828129500268
0.0614262100483403
0.9958702693167060
0.4181595254349163
0.7194328687731809
-0.5402712161620322
0.1251637791201413
-0.5711647143648829
0.1723272308653684
-0.7853809860373462
-0.1650784702429774
0.6960930621895167
-0.1247672600960354
-0.6948688532089129
0.1305559513001240
-0.9496108303099726
0.2014127293540323
-0.0822950338757863
-0.2256096425500183
0.2621750943305305
0.7335476013352247
-0.2887239795395365
-0.5566063241888016
-0.3381814865730310
-0.0208980388420401
-0.6560196115366950
0.6744144299991328
-0.7746816126439985
-0.4851578859441410
-0.2425346605802257
0.3250648599198946
0.2719387980341125
-0.1941183507395128
-0.8875125144321309
0.3173151316220051
0.0578540465003514
-0.8399371895606629
0.4847436892428718
-0.2370273879442640
-0.8393199782195475
-0.2534067035618883
0.2193321681326087
0.4280425408457490
-0.7330329210338751
-0.5614113365147555
-0.3477835570997210
-0.1628700258621152
-0.7836856061300875
0.4182878383930162
0.3352763278394744
-0.3137864544359630
-0.0046772073202479
-0.7643216838401062
0.5953986901496308
0.2475699640740210
