-0.5008286086578279
-0.0872673693884456
-0.2226392882939061
0.4115371678585248
-0.0823849289024872
-0.1311896760313028
0.2531834346448765
-0.0460495463004379
0.1682332454610022
-0.0817471720139971
0.1954279147175062
-0.4075803405666329
0.0182064794925795
-0.2684470270456275
-0.3474327082548661
0.2201726727068006
0.0235272270498306
0.0357230812517229
0.0586325409109539
0.4098586170071972
0.0418377083663398
0.4123633122764121
0.1080306079569643
0.6159403191600371
-0.3142979135104863
-0.0194317220092804
-0.1111567729546376
-0.0956009061838387
0.2276581104788500
0.2072224247547883
-0.1913018571633641
0.2844762480557356
-0.1263001342846661
-0.3158354612856943
-0.2913943432769475
-0.0295066511826727
-0.1280386763806626
0.0222904537492812
-0.1449222383331749
-0.6417216738308209
0.2209213987032023
-0.2652023403651765
0.0540730946238736
0.1665087285448008
0.2854895176095690
0.1026905040344819
0.3268782305355920
0.2113136825370351
-0.0196600495400298
-0.1080647572999933
-0.6566309445770278
0.1927038328824139
0.1146044638177870
-0.1071475791222037
0.0422974898686807
-0.0432340944804083
0.0096083713735182
-0.1791592462255562
0.3801988770198981
-0.3906068901652786
-0.2413941638509615
0.0671617823315058
0.4287387523195134
0.5484166815309173
-0.0734293592860474
0.0231402403238497
0.0437106091230836
0.1553475639800365
-0.0968941490830485
-0.0931241793481505
0.3323994205335062
0.4258473204977605
0.0575317426634251
0.1041704073731032
0.3108251511395599
0.3474780553263010
0.0817803974186229
0.2207264876285555
-0.0068027465814989
-0.1558742738589151
0.2305082605867421
0.5018051431299800
-0.3515754914701589
-0.2896464741206941
0.2110126544724222
0.3249655784973389
-0.3472666018490850
0.0827137028758644
-0.0020404307624868
0.0974477929547849
0.2788437174590815
-0.2252153061802626
-0.3621575713297494
0.3912639273123125
-0.3530966683247837
-0.0126455172602282
0.1920569624761187
-0.1110557913122173
-0.1530707479447022
-0.2772159034341663
-0.4221844673752644
0.1538294354280658
0.2511122722652104
0.2187920667057248
0.0106007298924295
