-0.3155086921896337
-0.1314777362408759
0.5461329398813891
0.6795041377778258
-0.3509712363500554
0.2112935692495745
0.6192418329933037
-0.4728073135224857
-0.5373098801844711
-0.2442251354809083
-0.4494400099626966
-0.2335616298687734
0.6114164951015958
-0.0491812786648552
-0.6059733606721861
0.9400523801252034
-0.1551936953108169
-0.2464764281754087
0.1707163823325124
0.0481842994543399
0.4828865328644514
0.1938563494162094
0.2362650698419299
-0.8031328422115062
0.1685134021466117
-0.2391070722916368
0.5992761258051844
-0.1371867274048651
-0.0171839807970380
0.7513856836857895
0.3519712491187296
0.7226553161943924
-0.0993751636854105
-0.4086681414481291
0.4207142269731485
-0.0591193311317031
0.2790614777916934
-0.4021197120705630
0.6184668045640906
0.6119053399961687
0.7696024616633785
-0.1648023410179547
0.2954025817163708
-0.2355169389163832
-0.4876692789129016
-0.5410323508602766
0.5743444988630617
-0.4895168458492734
-0.3646257041610534
-0.0695251425253901
0.6442905092470381
0.5313026676397482
-0.3717776238559610
0.4033653405166432
0.0410489405830141
0.2746634197754931
-0.2109944836430402
0.7509796541091787
0.2264352399817220
-0.5145852455307249
0.3592722087847262
0.1075407569685453
0.8088764091449415
-0.4128733938966903
-0.1860456420521321
0.5329924616231543
0.5666363697916350
0.4580697174418616
0.0409871153474214
-0.4281757239971437
-0.7211565401188313
0.3279238132806867
0.2219192120403169
0.5682044650195545
0.0171687677640653
-0.0264447451483812
-0.7797176716234272
0.5915302655709116
-0.0658388777879405
-0.1926089694105906
-0.0413214521117077
-0.9375677826707672
0.0327702257507445
-0.0057119514291039
0.3437334380131175
-0.1818642639230199
-0.2226953724753553
0.2215231320728833
-0.9060242521217144
0.2176688243862885
0.4564515325505518
0.7382643093430756
0.3078766853773476
0.2519191944015656
0.2972649896566499
-0.5804878231409770
0.4577209539316104
-0.4932682883837024
0.4049964701219041
-0.2149178223898533
0.1421630400135307
-0.0302278286109066
-0.2305147977576794
-0.9093531486340189
-0.3143496898610095
0.0657666513384071
0.1893549401182779
0.3079444300902622
-0.0099245917431896
-0.9299952605683808
0.1292672836716195
-0.7729758694299947
0.0417176307763126
-0.6094976310033768
-0.1121184718714444
-0.1240826730259206
-0.2993283625162334
0.8108937836916199
-0.3898130698172594
0.2924090693156179
-0.5148379370785717
0.5361228998858752
0.2062277578898508
-0.2288288223643152
-0.5938195152516682
-0.2807726093142998
-0.2267717962946700
-0.1874710261550079
-0.3020598164581676
-0.8621808255219867
-0.1699086774596179
-0.4867230053701382
-0.2455894429829872
0.6198440815919330
0.5382479887358086
0.6145762221297100
0.0420602348590989
0.0932710471118595
0.7170097357751777
0.3126092679538441
0.1928684060271633
-0.3885803999183816
-0.8290781222255096
-0.1594129750585914
0.3146808246236239
-0.7497647342386218
-0.0006855526584065
-0.0041043480422439
0.2753470525127052
-0.6016805866149874
0.8361418504854096
0.4299236655363824
-0.0970561818289337
-0.3019034925298156
-0.1243656964186047
0.4609782023744289
-0.3216564147521028
-0.5363942410301784
0.3518206392090474
-0.5220533534042852
-0.6759016560262648
0.1114101290120274
-0.1640247598594629
-0.5550649175297616
0.4424291468870479
-0.3807177504071914
0.1840275847964078
0.6297009610680887
-0.6199224819280269
-0.2008996231679122
-0.1782372031999730
0.0342262015756438
-0.9072329028044304
-0.2998098415065001
-0.2325996249482131
-0.8402289694699988
-0.1088983041929281
-0.5024422766627827
-0.1046681934770645
-0.1369407393855309
0.2685851812722883
0.3662960536511266
0.5238726839115976
0.7038279221182449
-0.1545084741317330
0.1996769500726231
-0.4506469857353838
0.4902257579059662
0.0791806916361145
0.7144617094112572
0.2536165528635411
-0.5307483068964055
-0.1963023618539763
-0.5196549156391927
0.5877150927301322
0.0497648128262455
0.7484029585219362
0.5720838357628937
-0.3270700926410902
0.0562291244689553
-0.2026908323458037
0.5347269559077460
0.0419203355559084
-0.8130292328197826
0.1010428679123707
-0.3993859371784349
-0.4520814415844147
0.2008964151803299
-0.3512846767013030
0.6872793825233041
-0.5902123581910329
-0.0844486771553807
0.7573101787452334
0.2006171256741106
0.1753620689328423
-0.3421558323634737
-0.2370221331384313
-0.6414004582263703
0.2803859697626723
-0.5802922151204636
0.4258690275024086
0.1035902991472270
-0.2897952469886433
-0.3492383763486646
-0.7758581652885279
0.5544372715991650
-0.8063997942961024
-0.1629283641476948
0.0296383107201203
-0.1220434443740893
-0.0079233540094958
-0.1542253058576916
-0.0358468636415369
0.5989652108445778
-0.7849251264033513
-0.2291055519192101
0.5217288277597555
0.5838777206032287
0.3734993099035274
0.4414688542230271
