0.5161584361353048
0.3044967303427430
0.2472755433193913
0.7341640616751898
0.2017923344372214
-0.0535446405318134
-0.2897326308404408
0.0398534346597011
0.2040520321486618
-0.9327177740444439
-0.2557341081712572
-0.8210552041726741
0.1150892466109275
-0.3656796738966259
0.3368994791213052
0.6920357842863015
-0.1188151168043548
-0.2424640013033350
0.2258268927276031
0.6302244551578297
-0.2596882998666626
0.3041152462054148
0.8677244978918021
-0.2951132081735890
-0.0061882192668253
-0.4320042650343867
0.0519639663522116
-0.8198725819757470
-0.1070948650186578
0.3563870093088459
0.5572060095721237
0.4754939343690031
-0.6381690340209517
-0.1647181456492861
0.1703971765776146
-0.7639506565453144
0.3877405156191663
0.1262435075360699
-0.4393605773597603
0.2388755884942092
0.0576798671284064
-0.1059624066030830
0.4297538031171286
-0.7827947353294034
0.4335770662314441
-0.2771413276289786
0.4485859693307112
0.5538689533519663
0.4666452392244764
-0.4443362644007375
0.2395613501131458
0.7968037313262638
0.2671841518532942
-0.4826683681980818
0.0579486722535296
0.2250679416227663
-0.5692792020752377
0.4792282893467307
0.3898885485605161
0.4935511909918280
-0.5205063866036720
-0.1926231592621361
-0.6467707378701995
0.0521005842568049
-0.5205214325804461
-0.2375433265943590
0.8446576943729392
-0.3525446054409152
-0.0276050299293909
0.3241555349275760
-0.1955408988213078
0.6323272266552826
0.4775744691382678
0.3407547255552579
0.4666207011670793
-0.7693792020850191
0.4337929029156222
-0.1994548772982520
0.3893853992094716
-0.1687486995015866
-0.4716522371777661
-0.1511528944391646
0.5381970125918473
-0.0498846230429368
0.6801121008252583
-0.1768365591279331
-0.4493702981458994
-0.3020888395186671
0.2452146573901162
0.7844789808142546
-0.9028888268302173
-0.3623253362341220
-0.1545710960242179
0.0362271519307479
0.1682482892776117
0.5084620062281404
0.0842025749233528
-0.1628168346777088
-0.7556829147810871
-0.3698787980571796
0.0239205616792642
0.2897036639276548
-0.5060482873308269
0.6569042216601844
0.4773798993363725
0.0628919597181986
-0.3354447429174527
0.3855274639130317
0.8025392986909337
-0.3013646868451892
