0.0343613088089995
-0.0507572614587256
-0.1267935011148714
0.9900335393011575
0.2777829440325770
0.5121609244885702
-0.5857384071721115
0.5634166680131901
0.4591414782217508
0.7806998257482485
-0.3578964890987676
0.2271717151050628
-0.3492427686685313
-0.9223790188360630
-0.0454203751112238
0.1586928595385320
0.7312093850614805
-0.5101540392633501
-0.4186044218554418
0.1727600342219556
0.4253875805000460
0.6730513634481249
-0.0080141001147563
-0.6049653235651508
-0.0432777093627913
0.9084034202141166
-0.3317137432937368
0.2507912648511947
-0.7569355566095143
-0.3740517005190186
0.4139444992493954
-0.3402702455699625
0.1911091052956778
0.3850509103581060
-0.8344995432347216
-0.3447080194113858
0.2166889828542840
0.8209768570220453
0.5259463413731459
-0.0492273393551032
0.7828492800474155
-0.4254219231553460
0.0068771912062865
0.4539998857589752
-0.0742599653772484
-0.5651395451805048
0.4844189017986577
0.6636573510445919
0.6249789717780351
-0.5814889629687576
0.1566648359572188
-0.4967172233326390
0.1433195122702531
0.1247445174656096
0.9125960380409315
0.3620314822178921
0.0739672231020567
0.6454826321309896
-0.7482505486597409
0.1341720460983475
0.3597941619194501
-0.0904290846002520
-0.8976974884262837
-0.2377182386359603
-0.3604931914083953
-0.5732349935364326
-0.6331908168535852
-0.3748542257808570
0.6830299166489078
-0.1050310334495057
-0.5534456471439080
0.4649048619153988
-0.1843055807512962
0.7802053645558895
0.0048615816839427
0.5977352315579779
0.1394162382040826
-0.9847444378115555
-0.1040372307223749
0.0042141841257191
0.0112141896729316
0.1207267416651710
0.9833343861169929
-0.1354724358561818
0.7249155362018358
0.3509455632267394
0.3213864317922030
0.4980416031663893
-0.2851274039269709
0.2859779167673447
-0.7165410063071218
-0.5687600380930898
0.1045121861776387
-0.8106460608859972
-0.4552405535491590
-0.3531093390362852
0.7904233012165487
0.0624253627335188
-0.0928420317226727
0.6022577821225128
0.4194953638524088
0.1887286523808949
0.1025932034045726
0.8819749259996084
0.7506626439788802
-0.0603686197355987
-0.0744113087519639
-0.6537003761783190
-0.6404991522828810
0.1399350870273298
-0.3589845908103281
-0.6643109745475427
-0.6323410353264358
-0.7070747443918606
-0.2873337561117505
-0.1327758768910581
0.6235721255483050
-0.0770850844814837
-0.5639644186113301
-0.5358729593196845
-0.3422476139307816
-0.1722907582404338
-0.7528526954675808
0.5351591205527764
0.1200816755520940
-0.1444032590440339
0.5480255076504789
-0.8151049827712368
-0.4006613795106804
-0.1119646444884248
0.4063683305630165
-0.8135103916168535
0.2460592614129635
-0.3047179664427483
0.9158705952579993
0.0882204825517361
0.3908057168045396
-0.2963668849709885
0.1299227211690508
-0.8617178469368683
0.0579822929849292
0.3757630809362996
0.4706613677362976
-0.7961896995227127
-0.1478281938039322
0.2846753529795590
-0.8502421435084278
0.4173668241784735
0.1808527738427103
-0.2081044125112161
0.3375925096112647
0.9000089583671528
-0.0404146574139226
0.8911375972500560
-0.1912394396010128
-0.4094727279985849
0.4695830715668504
-0.8400500552938039
0.2698327974342285
0.0315896332289224
-0.4653264316799464
0.2909281579510485
0.0852064364823960
-0.8316080699904189
0.8085868902960586
0.3109774436212538
0.4953535688690104
-0.0640711495829011
0.4241029619704199
-0.3585106050518921
-0.8087720996903406
0.1936350032295838
0.3145474590100107
0.1920902001411665
0.5857085596254694
0.7218772293274878
0.8467901381375520
-0.5074564566884805
0.1560895340417394
-0.0327179443240382
0.0179097397608158
0.5474606378333804
0.7451921426886227
-0.3803350650675109
0.4085286416121792
-0.5990172594122463
0.3005539012407407
0.6196370101581413
0.8479237632651446
-0.3545954830569713
-0.2711482068694861
-0.2859475214044189
0.1930025811737212
0.5989402509842919
0.2862488959292545
0.7225525233437619
0.7956081441986049
0.3861618558996592
0.1478504908318385
-0.4427492905626925
-0.7641568952428798
0.0914505129371832
0.6371804770277908
0.0412563065594313
-0.5138049956058888
0.5114771864473241
0.6363400085549149
0.2635657560205663
0.5787666012039213
-0.2250776718021160
0.5213006790039492
-0.5853331231504175
0.2510640624636031
0.8976350462900141
0.0864949760152069
0.3517623904503225
-0.0952567879409906
-0.4701821729925839
0.1889501329040178
-0.8568271213183505
0.2045260752645670
-0.1117818978985228
-0.7707767667025477
0.5929393457602923
-0.9230579888038649
-0.3646956749730874
-0.0260108672895376
-0.1195175666759251
-0.1804493265705953
-0.0896323260374881
0.6519093969785420
0.7310391404024835
-0.6573858430882497
0.4296819676373833
-0.5525045000505864
-0.2792060841354817
0.5609743836591823
0.4232034414261813
-0.4404851554718799
-0.5587301816191347
0.1041873376121383
-0.2233407625214250
-0.2927213597773423
-0.9238929093827631
0.6092699071761520
-0.0679185261616315
0.7736224195532595
-0.1602672954103727
0.3052835367540334
-0.7779489043023811
-0.5363337042905088
0.1180831153200779
-0.6164229925053976
-0.0628266804727839
-0.7082622875494599
-0.3382898676677555
-0.9014904352715959
-0.1796847597493422
0.2845948449963498
0.2720921836972782
0.3247528896154162
0.2343542159396435
-0.1872818627201447
-0.8969610727639329
0.3390173769500225
0.2322515681222564
-0.8784710046610154
0.2437521716837528
-0.4507877081237571
0.7996052793560291
0.1126508940130701
-0.3804360859704988
-0.4817360216375158
0.4837490372092528
0.3034223668860933
0.6647195963180421
-0.2139324307248702
0.6993691603080976
-0.6234503364026922
-0.2764513894583732
0.3916302630650986
-0.5160294953253998
-0.4959812347223736
0.5782230640583658
-0.1320533682140337
0.4100754676698712
0.6748642630587530
0.5991312420537187
0.4882992231892524
-0.5562056535460072
0.6461635882614448
-0.1862035359528005
0.9190112741723649
-0.0539172501930963
0.3105804760180594
0.2367508732657539
-0.3110319083595389
-0.7618418393831652
0.5121998541724727
0.2459826683593712
-0.5678881913561297
0.7775239089319852
0.2012336826977220
0.1801792943301273
0.0355380350180934
-0.5695115807208557
0.0016372293210938
0.8212130825626413
0.2222109052108862
-0.6006664554877238
0.4812505721706593
-0.5985148366102430
-0.5035856853403511
-0.1818694486932688
-0.2867690652086385
0.7944107655310690
0.6219047259497625
0.4049900979819555
-0.6636370734994986
-0.0938262599432479
0.0504936909373723
-0.5380089864292364
-0.8317362208135700
-0.1273246900002791
-0.7104397473511839
-0.6478330844325164
0.2068391493242846
0.1811221311851330
-0.9629625448377550
0.1012477892330169
0.1980387608617883
-0.1524226742035074
-0.4094448066354582
-0.4030701774355414
-0.8146778292058500
0.0786728478051806
-0.4587980823332726
-0.5960607556634452
-0.4831861811383090
0.4480479991722001
0.5331312649849752
0.5739445152549344
-0.0906874215632578
0.6149264502967057
0.0207011414075852
0.8134284757927416
0.3124730174915131
-0.4901695531687674
-0.9089308211125903
0.0835453327256008
-0.2760697982190567
0.3010820591178600
