-0.1354498163621961
-0.4275376824146148
-0.0254997642088407
-0.1303768137663741
-0.4202834092951907
-0.5768546959931791
-0.2832516566798722
-0.1188829250614562
-0.0372891908303942
0.1176922326788336
-0.0363979595651664
0.0743609986774046
0.0453315376879763
0.0807020830338883
-0.3683222326193233
0.1054847571538503
0.1451590001235652
0.1211406742327315
0.6414141315396577
0.3020626985090203
-0.2110197512959804
0.1435031672304873
-0.0474819095328130
-0.0273205120983668
0.1217380381929720
0.4099223412687212
0.1816052238296921
-0.2025821437713892
-0.2736799978673811
0.2025555520311600
0.1361752383440805
-0.0461167720345983
-0.3325906948554996
0.3545784830909277
-0.0580447315151473
-0.1026165103510347
0.0937865386644512
-0.1434226392078691
0.3502795262850478
-0.3222454622348058
-0.3431817042832961
0.1842120968067500
-0.1823201030208672
0.0236968426321348
-0.0496796599187508
0.2714332161793376
-0.4243783354526989
0.2282616198489552
-0.0433638559733871
-0.0079922122326611
-0.2856372218494984
-0.1300904031320719
-0.2158512536904001
-0.0760557938163425
-0.1102350837308068
-0.4509099615862127
0.3521654758419725
-0.3064980704412035
0.3956072279871531
-0.0280770915078808
0.2286872871510277
0.3777831460444172
0.2438608100644142
-0.0442118029809051
0.1241780472287703
0.3859647677307175
-0.0531985902208450
0.0069116497815946
0.4887947239368789
-0.5003063415378796
-0.0108398301208590
-0.0099078518244601
0.3090171426363981
0.2281807441648674
0.0352177250072212
-0.0234916862368033
-0.1365615352249300
0.3307934885872019
0.1341383664510549
-0.2188014728010170
-0.2570782504194868
0.4741571809503599
0.2153288784508222
-0.0934841966348235
0.1380003803357656
0.0916801663751117
-0.4138685170833146
0.0962305068884669
-0.2845698900398789
-0.3278731385263841
0.1632985434243808
0.3331781282943192
-0.0229167096654107
-0.1993186834529496
-0.0827645579332043
0.2696759542174903
0.1277434064209169
-0.0820718337463084
0.2074775382907324
-0.4057313001083045
0.1375759667337100
-0.0759876384839918
-0.0227840476793423
0.2600794344993751
0.2745364872295106
-0.2407860764788946
0.0752819919918860
0.3247612056927552
-0.2489301206213007
-0.0438160498030601
-0.4820252036967777
-0.3683741873095699
0.1629197089660676
0.3163029886265507
-0.3682685275905455
0.1430094252015160
-0.2229163365387904
0.2168604239014825
0.2204182419706571
-0.0381251264960612
-0.0535040233326843
0.1690855254746749
0.2789399218645575
-0.0938099215547139
0.5085546599362195
-0.1347971886337801
-0.3513357315660310
-0.2286548122838769
0.0892280065501720
-0.1133809356276352
-0.0715447067824093
0.1787688449260339
0.3611982794289304
0.2022789047929838
0.1876162173733548
0.3524477055708531
0.2177735086610084
0.0848038794673517
-0.1637056891593352
0.2555053178110348
0.3481715773480710
0.4537450892557946
-0.3106238844959957
0.2025122926440205
0.3785900659151703
-0.0312851382841277
-0.2277557970991479
-0.0429496038815639
-0.0928226945087218
-0.4576799103813366
0.2429565946881297
0.2258180163077399
-0.5593828820132680
-0.0774152787663124
0.0055591013981058
-0.0372807242034940
-0.2550727410289303
0.1890523515659128
0.1962390512155243
0.1192855565476656
-0.0831718339125758
0.1026758093489150
-0.2914006996854756
0.0721006166617064
-0.2845125418783516
0.1474037076209924
0.0119926716474550
0.4965243542734680
0.1831495318433674
-0.2485185800918547
-0.5337100592586267
-0.2941152661761615
-0.1628300000739180
0.1206470683571141
0.1330371661489946
0.1328461329144608
0.2647401814311843
0.4746744316487866
0.1187789366274031
-0.2459302070900323
-0.1523427771257633
-0.1337510570731079
0.2720203203104106
0.0529959357912947
0.2789936849880689
-0.2260227623077361
0.2637660051715032
-0.3237514413984616
-0.1415927686509834
-0.0785558393347199
-0.1631065464854383
0.3949314911169650
-0.1709298735291696
-0.0408433225462878
-0.0652955135275261
-0.5274212300033725
-0.1381628103418733
0.2749031124634693
-0.1378635525061202
0.1761068126733070
-0.0457721185016708
0.3974112201383482
0.0890516738068933
-0.5028482655697513
-0.1620343188759047
0.0543152716136992
-0.2935791490776797
-0.0760668251923341
0.0989603593897732
-0.0195962499698911
-0.0553049841653080
0.3629041631128812
-0.1157305800213353
0.2050561074965000
-0.2157011054987206
-0.2744003102593170
0.1752099800220303
-0.2951721760471480
-0.0296660616736006
0.1106385669737603
-0.4619294477621766
0.2484665669199924
-0.4491932511123928
0.2645100093761158
-0.4953817872782223
0.3533717057210384
0.1543178014026378
0.2623884304019169
-0.3246261212146269
-0.3660340527149287
0.2199204463281251
0.2825440630871138
0.2147074549743450
0.0380995349757476
0.0483962904950080
0.1422822388365569
-0.0352716871493177
-0.1983891245829906
-0.1067814999471070
-0.2176293315767419
-0.0764372820753221
-0.1661326241674470
-0.1094838612829041
-0.0241878232382038
0.4269541164391292
-0.2040191812716407
-0.2787936585851947
0.1758442360381022
0.2075806018412925
0.2719871726021582
0.2228177170800944
-0.1797013137123343
0.1141267067592543
-0.3309686360472806
-0.0300338014412667
0.5467637379601833
0.4482564324639389
0.0152491259723008
0.5204749808633402
0.0011213079752842
-0.0838853216878469
-0.1428506508473373
-0.1430956437319069
0.1510334455616902
-0.2634756468682779
-0.2467776802125798
-0.0625731365381854
-0.1283590534967738
0.5054992349925059
0.0773843835885096
-0.2070083234167379
-0.0461226837931440
0.3454538160730702
0.1091271474402952
-0.2256640618730263
0.2348688620598250
0.0384297610784514
-0.1640539818113838
-0.4169282132779163
-0.2570008649727897
0.1378046929415215
0.0982286814689927
-0.5240352169597486
-0.1632222102740284
0.1101266816233916
-0.3510847002820216
-0.1270921500436241
-0.1138506353796558
0.0108346858430953
0.2726605191733644
0.1168909938715124
-0.3560729897509232
-0.2139681009991924
0.0652096628179903
-0.3732538171742205
-0.0560442034362043
0.0628207538204477
0.3126327555396219
-0.3973889910845631
0.2320769487888217
0.2545888599142535
0.3923023495265335
0.2135862867960087
0.1216315294626063
-0.3061378786200971
-0.0430072144853076
0.0715770270300978
-0.0320059865489561
0.3341559020706241
-0.0318983905385139
-0.0202967242384500
-0.2297040640604577
-0.0969453419311050
-0.3349954160101532
-0.2602703345965095
-0.6270599010163113
0.1344223124321527
0.1578715773422820
0.0506484716523495
-0.3229637460119848
0.1684894952523974
-0.0268776166856190
0.1555351680160010
-0.3992480629987821
0.0140138274138834
0.1101012276288205
0.4257284979052293
-0.4018940790002803
0.1728114493285185
0.0512052827716470
-0.3931410961478176
0.2636078493919097
-0.0539990026556446
-0.3908273502064413
0.1029623816114620
0.0970486853913161
