0.3656581649686740
-0.5614745734016638
0.2126197659098840
-0.2296428634302990
0.1191875504863370
-0.2310673503035850
-0.6208861471057862
0.1023728070929430
-0.1085636015032638
0.4687996150919341
-0.1060535579528413
0.7180310797580636
-0.3822922931226597
-0.2915429430671184
0.0770253600139739
-0.5025930197303978
-0.2612628975507061
0.4061257260786551
0.4780968140087816
0.5024761257014965
0.1649609740155496
-0.1592103738794602
0.0477769317231319
0.1036401290856445
-0.2868462429496990
0.2118659451596792
-0.1400129744066728
0.9026940602842312
-0.2992606029553572
-0.2429178035686901
-0.6106402252366210
0.2533777140730759
-0.5451162291852845
-0.0925184672555997
-0.3296072078364213
-0.5848938158815657
-0.2477948514785408
-0.2170943105532517
0.5041349818697638
-0.2148084085489105
0.4502290592394205
0.2153277918381206
0.5818942238530743
0.3115534530596576
-0.6503342675907080
-0.1191236601574977
0.2434098514349811
-0.2594331097293595
0.0255843296086732
-0.1499512073865640
-0.0813851827107651
-0.3118678098075574
-0.6041294212344024
-0.7115912445278170
-0.0443285141976942
-0.0181681750224895
0.3184075046632598
-0.4646889598406444
-0.0087467990733507
0.4930690113507002
-0.3934558195605856
-0.4463355645450896
-0.2923428757539232
-0.3784460247923519
-0.7614924931570728
0.0991655844422769
-0.0123541245102342
0.1162450870971059
0.0791487345291628
0.4971357050165657
0.2856332129262087
0.0048770479098507
-0.3935459146833693
-0.2507572677966878
-0.3303078206363739
-0.5427475264950202
-0.5449349996745418
-0.2192356509128918
-0.8092694248802048
-0.0044745446433675
0.2744921184394649
-0.0956208580625734
0.2191617089358356
-0.4055583552676656
-0.9231882850383789
0.0442568655560443
0.0704028656372702
-0.0540417266321112
0.1980791079914425
-0.0251817796851494
0.3130785739410076
0.3091613083248637
-0.3906278276148749
0.2564997838151130
0.2072518766989492
0.4859113630589565
0.0049918016074075
0.6379254936136394
0.4584709768348174
0.1951408718455582
0.5070000961509765
0.0334685288766231
0.3332502840256051
0.2325314416622724
-0.5730868524478099
-0.2202200836478724
-0.1897166028534693
-0.5581801922754365
0.2617017178537383
0.0661472854743884
0.5752176512628310
-0.4474449681063186
0.1591971307837997
-0.4169120281175124
0.0948933300122938
0.2062227684010012
-0.1815898744009064
-0.5863485389517624
0.6103511845303079
0.0478124441995061
0.0031947985830117
0.2131875233266274
0.7284622329498566
0.1260815043683282
-0.6308626160032652
0.0878261492437581
0.1020587352633791
0.2583182344189447
0.0774058504458288
-0.1347952605264790
-0.6791183853894553
-0.1670782611835992
0.6399823041657947
0.5730043970001958
0.3946924499131415
-0.2181206978170221
-0.4760713770279891
-0.4699916947582466
-0.1375874439750831
0.0429038259036252
-0.0029995920284915
0.0637586015811168
-0.8674285781439596
0.3850113217122661
0.0286014428860706
0.1907959495100612
0.2409121214467938
-0.3382944691568130
0.2920517170345850
0.2874971761905219
-0.5581767085018748
0.4128875165403531
-0.4754108389245700
0.0977507821028870
0.4040603880820469
0.1345485540706601
0.4385068794225477
0.0695197933123449
-0.3107890064144991
-0.4135445943353655
-0.5948963492956357
-0.0472506603054142
0.0967856135610195
-0.2213665649832347
0.7227118747809992
-0.5126433700469227
-0.2152682142415046
0.3285432713518630
-0.1264228390467486
-0.0526539796329826
0.2899057855977249
0.5376035107463869
0.1184418754766947
0.6827605009016930
-0.3577590606096893
-0.6176681076186170
0.2217711562719543
-0.6018934261632705
-0.2396912972776242
-0.1516604096246988
0.3538170972894900
-0.0372643320824980
0.2763740464333124
0.1340391623437476
0.0219620242098326
0.0665259104880155
0.5931493690511224
-0.6384319867039988
0.3759272356321789
0.4677169002320531
-0.3031563389827193
0.2900256163557129
-0.3644381239567780
-0.5599308349031183
-0.3981456114871841
0.0190961570600085
0.2064477910892139
-0.5136976416785320
0.3162598949955287
-0.5164891063799980
0.3310534956460163
-0.3710803247102578
0.2818079131784451
0.2167564531176550
0.2633386944254931
-0.4434400539129423
0.1828710626095226
-0.0331211839754193
-0.3549054656429828
0.7256263244430191
-0.3085197694482534
-0.1137556891347931
-0.1951322863434190
0.5706608923577792
0.3783409605022121
-0.1882029274645782
0.5912550274702995
-0.6654092522074044
0.2592740721272264
-0.4818191399110332
0.4516905629385625
-0.0490408522761293
-0.2223098232753071
0.0447970049257545
0.0800249520424654
-0.5663516213115146
0.6061656805932534
0.0211144043663890
0.4494953711227110
0.3116801761914352
-0.0759511474312443
-0.0928128118661432
-0.7566154452472221
-0.2943803302410924
-0.2631113923069220
-0.2140627335392681
-0.4635987919658574
-0.0477992946579762
-0.3412940611853046
0.3558103186157018
-0.5799314019534377
-0.1731653867896088
0.4414889594264236
-0.2846148894145088
0.3386629035496808
-0.4876038647256062
0.1305190961766600
-0.0112752392385418
0.2993304268056032
0.5793625318828856
-0.5236007919824754
-0.2136882507110448
0.7639779111589188
0.0035200661670877
0.0332372634483743
-0.2328045163175878
0.0137868371682367
-0.1148311947215234
0.5896154863432236
-0.6619191758955397
0.2547981682518570
0.0441685869974546
0.0980092557911088
-0.6929052225576919
-0.0522470664620758
0.0503668178225710
0.2431835722553073
0.3890609200659356
0.2363069817448196
-0.1865218249006435
-0.0885850764385482
0.4891234170727240
0.6721405634095159
0.5575301200697049
0.5172177078456197
-0.2830226315471542
0.2836845900624101
-0.3172666584777795
0.2562491299887344
0.3078075731647786
0.0699262553440985
0.6477368040222796
-0.2942978707856960
0.5830150168680134
0.2620958734051062
-0.2673516619937409
0.0941193224537338
-0.4005967575518296
-0.2081706456426839
0.5631133667658312
-0.5140925737756057
0.2777629049155300
0.1932324087155173
0.3167149929589352
0.3626585729401824
-0.4977159718205472
-0.6548088122340754
0.1553684582819671
0.1477889933724077
-0.0402714007935237
-0.3799740256589923
0.4355844203127726
0.0862622306206157
-0.0816781048758119
0.3533721534377145
0.3812834238914432
-0.4984190122973260
-0.5267668246520524
0.2713168160110920
0.1515802943392175
-0.1878279621476355
-0.6516447282931752
0.5588283914143162
-0.1063351427623774
0.3462572321321425
-0.3198528728591540
0.5397713906898982
0.2232874569257205
0.1591151800850777
0.5804051510433860
-0.1154786993252430
0.4253946252681519
0.4270238766894819
0.3338928712831264
0.1166336688919307
0.1446996862654396
-0.3332267973786588
0.6507964740001894
-0.3702007539924383
0.0243641037833695
-0.2056642547859621
-0.3673116360435538
-0.4028082502199078
0.5606765099127606
-0.5156822397180938
-0.2822232435561053
-0.3055201774197618
-0.1775142907159100
0.6722962918005405
0.1856495706455131
0.3497395176161413
-0.3789988769746394
0.3503429060235056
-0.1360125684249794
0.4846033419070889
0.1036141440728318
0.4903366912511609
0.3357634301032754
0.0461943576022224
-0.6169466921338024
-0.5447422602460271
0.8057493587131170
-0.0287627188050067
-0.0416876021218770
0.0818340208943367
-0.1043305142143122
-0.1840571310755581
0.0198869644935532
0.1726372428060594
-0.2787503771171711
0.0651076971511748
-0.0194316969797673
0.9217464034696597
0.1945920936510363
-0.2520099426499429
-0.3397034171297096
-0.3892736602533861
-0.4693341607079231
-0.0324728591383617
0.1227497469859049
-0.6581504791882841
0.4551571204452666
0.0964122455564085
-0.3075012750005243
-0.3204232171270922
0.3141866704742056
0.0553379141650881
-0.6960840852698118
-0.0742395633371584
-0.1289170242234542
-0.8929345589843891
-0.3590693454396904
-0.0706176119051992
-0.2131662667124416
-0.0343403882102550
0.6619456216771872
-0.1856519805552026
-0.5198011062773457
-0.0071177824753017
0.0820669537750985
0.4426220088951553
0.2333843514109459
-0.6375550721121703
0.0491339134658950
-0.3231430490460993
-0.3047989944287991
-0.1322287126449314
-0.5679293061801697
-0.2318564257335343
0.1820836873058444
-0.3080333868925699
0.6835715310390822
-0.1136808561600901
-0.2296230142667444
0.1446019150078361
0.5640311567345505
0.0099679518857345
0.5454029205371040
-0.2311402226361210
-0.1304343720422678
0.1989985327236878
-0.7421895603730501
-0.2038421122377387
-0.1253362957003781
-0.0907807157092025
-0.1469264045613173
0.0308736649997466
-0.6955932887939038
-0.6820487752128950
0.0668473477639210
-0.7461531369000800
-0.4886679642053556
-0.1419932300709226
-0.2215171909221208
-0.3516830984039855
0.0864012847654533
-0.0638826273834622
-0.4930016127590382
0.4457958763976840
-0.1368264709622241
-0.5384733878650322
-0.2412696421188459
-0.1666648585348728
0.4044158237883149
-0.6146685155901255
0.1580125546908374
0.2655351519806892
-0.6247026189898903
-0.1802618525107694
0.1630211477794288
-0.2781764535292918
0.1790840952773529
-0.2442747853114531
-0.1838570471048773
0.2713304655521759
-0.2010215713806736
0.3353978645178972
0.8049432781813441
0.0181652918700502
-0.7828835462638221
-0.1929947212563340
-0.3346885313502639
0.4484149351291766
0.1467310005379487
-0.1220412190396346
-0.2612691091428391
-0.2105413026958128
0.0262342786398158
-0.1520509824232199
0.8909843305491346
0.0270652867769264
0.2627117561184364
-0.5605297120981964
-0.4534591062645028
-0.5844059465968053
0.1013267316498560
0.3458681013638502
-0.0654531804786732
-0.0668954517179848
0.0707759328069412
0.2025391157954780
-0.1086856872039896
0.8036421259029513
0.1036437134041683
0.4334784523322896
0.3125217445469555
0.0442510682769227
-0.0330270119799028
-0.6460620131607246
-0.3377005530687330
0.5412448129329933
0.4060641637515657
-0.0876311499050691
-0.6108488893139675
0.1475156720409510
-0.2262070481457263
-0.3828252279641353
0.5429087231136062
0.0262604996052983
-0.3345720873851221
0.0228865565220447
0.1088786412249425
0.5886782010267884
-0.3199036245610914
-0.0480331398658380
0.7309504539595985
-0.0463200277957575
0.4554713848063257
0.2588994734266749
-0.3604284819929829
0.4184798505888892
0.3618517269116757
0.4233273911723336
-0.3321747310010161
0.1493093955687932
0.1615326208579251
0.2987724154290635
-0.8575071353074782
-0.1664750153425328
0.0481899530579054
0.3114390328139318
0.2034481990607224
-0.4499390400974152
-0.5511686831484309
-0.1314777846677317
0.3596549385320870
-0.1802843752001967
0.5227200346252389
-0.0571383955204206
0.6752302625364572
-0.0174874795664650
-0.3410180289274802
-0.4975285109885490
0.4192702777681632
0.0296311196354867
0.4112203165294031
0.2919264854065777
0.2856335311677417
0.7561804036576223
-0.1793930860213176
0.0172632274207679
-0.2445435810959469
0.4647173082035616
-0.2393977374016026
-0.5774029617882467
0.0205731977554881
-0.5313293920170478
-0.2073496619771231
0.2600082785068024
0.3855451294622272
-0.3888373305956046
-0.0661306112072871
-0.1645351662791242
0.0997558535065697
0.6906790531660746
-0.4262940534547499
-0.1171769156495128
-0.5509511904612601
0.0729313058024612
0.1396968579129858
-0.7747392434520287
0.0520834477522364
0.2344239488981291
-0.0327742917370512
0.4695660077504951
-0.3847991156100187
-0.7438262791473880
0.0631479989242117
-0.0964119619499306
-0.2525921239206186
0.2263347555827672
-0.3410603988724727
0.0375095178783574
-0.4513814092288232
0.3116217986662490
0.5506660787594019
0.4764000068294814
0.5119679685089757
-0.3361833509626220
-0.3560363968050119
-0.7021386770255110
-0.0186860219701251
0.0079185522643815
-0.0685349928450606
0.5376431555761516
0.3445804650395603
-0.0042722544299831
0.2185768929112354
-0.2978349614980123
-0.6654972734809251
0.1132154795137424
-0.0989091765627258
0.0349415099312400
0.5328206310964447
-0.3385192225104195
-0.7510571812570328
0.1619801075028117
0.0133615867304179
-0.0329314404931695
-0.7447472377495704
0.5530134331667380
0.0552544790891731
-0.1765607417595279
-0.3221515079625048
-0.0208534830654586
-0.6389821330697522
0.3849962977676689
0.1979278957467287
0.0822976754283964
-0.1045047447392584
0.6217190594403995
-0.0086887561077486
-0.1463098035403018
-0.2252912224390419
0.5686561627148961
0.4724958135952121
0.1378735724564620
-0.2389859025679666
-0.5523511542607257
0.6047807803751192
0.4204320942846000
-0.0616560665639195
-0.4390272847185890
0.1953767115691432
0.4715173442302391
-0.0207356981870843
0.2962610109268657
0.3066764051498069
-0.2567883529073385
0.1316336076391902
0.5737176720713549
0.2833144167656608
0.5705193292832151
-0.0363950710233867
-0.6711251461775466
-0.4486068130216409
0.4998272595524340
-0.1435346402605588
-0.1018393223426567
0.2573278732712418
0.0729258473725900
0.5839782024411628
0.5731307073582635
0.1980036951557472
0.2334944305190354
-0.4581476115038020
-0.1467927989930601
