-0.5268670053390254
0.4832358609671649
0.0855170549788914
0.2041074278843399
0.6273273217186921
0.1835505209975105
-0.0338582643829343
0.0244534337400580
-0.0472944463674324
-0.0748453940775386
-0.0557489018443744
-0.2311493224599804
0.2465259624881419
-0.3040948798595110
0.0978216708675396
-0.0248618245958790
0.3130807340576924
-0.0691481684047898
-0.2349847965445017
0.4867875921530962
0.6040512334339866
-0.1525618977629486
-0.0317035584657973
-0.0896722689021144
0.0293212209431220
0.2983001885517785
0.4355073083619030
-0.2154471324399500
0.1888477865598499
0.3843938412167660
0.6030945244961768
0.2248198708815345
0.2594953912795163
-0.5584880611572923
-0.6607186703849668
-0.0717115295805374
-0.2515276002593445
0.0677880791996227
-0.2713787263731421
0.0040603248054632
0.0784856846190758
0.0728382972038047
-0.1048077039015785
0.2870976295769097
-0.2294265980125221
0.0792037909507408
-0.2374561319921540
-0.0669255152761310
-0.3227947224176465
-0.4774453190936446
0.1918820223698176
0.3166871544614813
-0.0939567971864681
0.6169296912472446
0.1467504782720065
-0.3426539495426045
-0.1160529405108125
0.1414953802254849
0.5671317779224385
0.0235445701539609
-0.5174220775976776
-0.3324765215845533
0.2833299987937480
-0.1274283387244183
-0.0689714464602677
-0.2176443635371239
-0.1211925066848359
0.2653763403488113
-0.4828223026295883
-0.3908094049133774
-0.3770442174858088
-0.3159758840711347
0.0590816215521108
-0.0439709921789768
0.1158003402338476
-0.4443707269934680
0.2659627007717481
-0.1211359818545684
0.0689719837221563
-0.2089616542782020
-0.3136261787341709
0.2445290000665791
0.2957493683038016
-0.6291808747741481
0.0950815489788149
0.2877597684543940
-0.0729817104609680
0.4452408080458403
-0.1563216920801258
0.4567285158539460
-0.1210296335894353
0.2454573872580754
-0.0419138532873807
-0.4682354669887619
-0.0742134995979937
-0.6414681606850133
-0.1809794636994165
0.1429849590798034
0.0296067067055334
0.1406562924385965
0.0561807907716304
-0.0594394813155641
0.2498172622909259
-0.3820481982934772
0.2196033678490825
0.4126873626058831
0.0002373234194709
0.6511541552987400
-0.3254480456245420
-0.1292372420686070
0.2273730493715857
0.1831045543075948
-0.5116644695035715
0.4844711634944905
0.3208279443949858
-0.2318054883582315
0.2557093123676544
0.0698233470086522
-0.0858018827265000
-0.4274446982308929
-0.0355463263834160
-0.3248996614472447
-0.0515089838458597
0.0090893480263958
0.3951845708645703
-0.5765722501222196
0.4644394310610670
0.0235074499121361
0.3094222621352334
-0.1997814406204756
0.1739897606932287
-0.1446175341845173
-0.5244920614734800
-0.0068446953710242
-0.0905649062066670
-0.2481500561069029
-0.1354824606947675
0.1580684267733592
-0.2797685486303987
0.1002524600731171
0.2927201636839845
-0.3348975203346898
-0.5705937349892716
0.1036866071974266
-0.4984075623934187
-0.5863903388416825
0.3638870549338166
0.0921291834810582
0.0835133980326768
-0.2871139830355233
0.1495324249462057
-0.0949929242790668
0.3402431237919976
0.1397350084487647
0.0303709542131705
-0.3307973959512619
0.5901239750242842
0.2785140588040920
-0.0918744117040738
-0.3021318626054665
0.0074793866867250
-0.4590316358393394
0.3388422596487413
-0.0752419154638104
0.1812962341074924
-0.2394739864143184
-0.1015386502716029
0.0558010860075570
-0.4803820368212122
0.4085080961185795
-0.0330597009000489
0.4599930706888404
0.0994807769441684
0.0984400866106512
0.3488572198064485
-0.4214353816275379
-0.0248750921537159
-0.4186824564524055
-0.4666814560643666
-0.0418133935571014
0.0452735739610341
-0.0231610666604260
0.2028936914410434
-0.6385109682092732
0.1224415297283810
-0.1125961255975324
-0.3541584890613713
0.3004930371779629
-0.0917732332645556
0.0212910780188050
0.0006773964599630
-0.0082669141598571
-0.1535633221827489
-0.7626074351349308
-0.2982039802741780
0.1537659278665415
0.1695054186176263
-0.3928180776354389
-0.3493579185894147
-0.2017247437353575
0.0187289893294721
0.1842077642730389
0.0584351287045660
0.4675280907858008
-0.0210103492609228
-0.5510746767637087
-0.2479803383655744
0.1139566629660567
0.4498562144584756
