-0.7256056649462573
0.4592116253811023
-0.5124657082310444
-0.8850464391487084
0.1786264371147624
0.4298667194769533
0.8236548165724958
-0.5670897641190022
0.0013937605183623
0.2929386618876806
-0.6578403572879155
0.6938537343668066
-0.6129636520416144
-0.7772661438392129
0.1418904609800354
-0.4768325938548184
0.1883025989660310
0.8585876825696511
-0.4488127480733528
0.8487173070742229
0.2797249539092369
-0.5262386675135062
0.6835949252702564
-0.5057379192411442
0.2750057583961718
0.7740364168042376
-0.5702976927095208
-0.8777563069297841
0.1808875420003936
-0.4436480167813698
-0.1125050405794543
-0.2694083865656399
0.9564317733598744
-0.0485403538088562
0.5108256489070916
0.8583128744640616
0.8021533175956393
0.5970875807438143
0.0060395357278889
0.6883376145984851
-0.6656437600045759
-0.2882875527938001
0.7681112881369248
0.5693419617259659
-0.2930098627259214
-0.8354437295556539
-0.3203024533560472
0.4465871842319666
0.0107648298996312
-0.0386606281545580
-0.9991944126484731
-0.5141499940282741
0.4573447743394791
-0.7255932338611605
0.7160789425115370
-0.4709833461680418
-0.5151753446390011
0.5901947536950709
0.0840667743977720
-0.8028716772642867
-0.0088881932014819
-0.7397840470989322
-0.6727856744012449
0.4311018567281134
0.5582407119606491
-0.7088853903384107
-0.9946780827700887
-0.1029480240536804
0.0041492168253058
0.9236689947196163
0.3570077407059786
0.1392158800915561
0.5548508388879497
0.6878410373767315
-0.4679906557676557
0.2735425819523787
-0.6460414993781208
-0.7126042639081637
-0.9500497555548117
-0.0843806721293685
0.3004752304953576
0.9459477896551302
0.1081850913131688
0.3057429725506949
0.6762567024633579
0.6151874455242139
0.4052422476035510
0.1505640244097024
-0.9664287991916645
0.2081966633894795
-0.3338496792974609
-0.0645907737483080
-0.9404107738534143
0.4660433084325800
-0.8457369703942162
0.2598703745593708
0.9232624272905416
0.3488488313682815
-0.1609067531415684
0.6461874063518172
0.3511161930072574
-0.6776129093224257
-0.7097827011235737
0.2144256034098161
0.6709919357101544
0.0444180292437781
0.9028880300279222
-0.4275748401278972
0.1446322298215480
0.9773447011635626
-0.1545278395770600
-0.4186523948665228
-0.3362918653588962
-0.8435863640232453
-0.3808831647076896
-0.8721541295752667
0.3070426503062137
-0.1339469613988472
0.4741081017056557
-0.8702182021936081
-0.9748787386067567
0.1703443213110282
0.1435069935911978
-0.0044039699800040
0.7384870141720854
-0.6742533166011225
-0.2371139968128151
-0.5695940588040476
-0.7869812962774804
0.8144839263719980
0.0818789351377000
0.5743794683502974
-0.5069552701284926
0.4580284880311380
0.7302097357888737
0.6131826009654869
0.7739124274339917
0.1583245165362171
-0.3581874628592615
0.9336292404019930
0.0061792327066396
0.9762461246560924
-0.1503019225394872
0.1560539527692124
0.2326040987998204
-0.8411931700142260
-0.4881489362304716
-0.5024521825140368
-0.5740157379340604
-0.6465661117711765
0.1543186843481620
-0.9621229698419953
-0.2247334745058491
-0.8669955521512432
0.4253060447959716
0.2596795733398525
0.3706607554611769
0.8786421133461338
0.3009960813957377
0.4607754374540413
-0.1970468269065625
0.8653661330587720
0.6655244797368446
0.3232899996229877
0.6727263507658751
-0.6187435162371145
0.7852887823256300
0.0218629702479078
-0.5050274686781957
0.6848372906476402
0.5253048079152651
-0.3965954504950543
-0.3047042892729804
0.8659488118504886
0.8311544339713995
0.3587441985394988
0.4248351526226791
0.2988008630168565
0.0339708024125501
-0.9537106630649724
-0.1565586318576478
-0.5374805319160070
0.8286157569115783
-0.1347184085144160
-0.9801388664725650
-0.1455292164385508
0.1393292157338457
0.2933594650403190
0.9457946890917973
-0.0604529073631859
-0.9027276109255160
-0.4259440179930320
0.7032247103180491
-0.6616575700489113
0.2601620010590825
0.1776135583215334
-0.1926166042992409
0.9650659395339746
0.8032093998132838
0.0599918642624118
-0.5926682345747114
-0.6089769747776875
-0.0533614425701810
-0.7913909278210391
-0.8735758756045421
0.4144834646229957
-0.2550855682234408
0.2888699482191328
0.7701361521762581
0.5687217774334153
-0.2483342311919047
0.8488955430878528
-0.4665902555175207
-0.3927620216935379
-0.9196297045053055
-0.0043818839201373
0.1993297344183109
-0.2655022620197710
-0.9432794950803874
0.6990430899581214
-0.2120622053588504
0.6829116922707816
