0.0072597230679218
-0.2523631311530830
-0.3772583266328170
-0.1693614947950426
-0.4403254191737383
-0.2804175658550869
-0.1051654376728536
0.0310014406966407
0.2783981650722481
0.0108143456994430
-0.3536079819012789
-0.1663509286591177
-0.4605247452575423
-0.1807288256125730
0.0750464308638479
-0.3751529757695256
0.0276757889737612
0.1097050394593768
0.1298938709142338
0.3674217221223391
-0.4046907390019687
-0.0681606560408121
0.1931536577074403
-0.3875104797534577
0.2674160836388060
-0.2631539252066500
0.3134471598422804
-0.0242843815779140
-0.1128341808865634
-0.2938758714420196
-0.0329321090046294
0.0247783940756920
-0.0892947252119509
-0.2059942233540570
0.4227183065109165
-0.3186425077145593
-0.2128197901491639
-0.3710424999897140
-0.0247643327962924
-0.4790858290520622
-0.2861766028913770
-0.1633482040400887
-0.0092725424794476
-0.3803046663790211
-0.0356639624996524
0.1074491617196066
-0.0873044382393653
-0.4839760372566764
-0.0690535479695893
-0.0151903948466902
0.3019454420297765
-0.2897904351872814
-0.0439178093938967
-0.4970271187161778
-0.1172588029872094
0.1718562215603249
-0.0853215519053376
0.1038996447403438
0.4971453919872678
-0.0947299242070920
0.1404710772960489
0.0382585330931931
0.1235412713251041
-0.4596982811504120
-0.2338768785536232
-0.2630107918941435
0.2782266441665229
0.1895426218786156
0.2136110342481311
-0.0551564309735129
0.1641222589025828
0.0876081108178930
0.6231139546112934
0.1509123417071684
-0.1438086422246516
-0.2410307094398332
-0.2579801030357882
0.4167119326793556
0.3982311544724834
-0.1180311393354232
0.3951906529623740
-0.2963780078270983
0.0783795567280271
0.2401337824595514
-0.1440137276719540
-0.1809120859052602
0.0180357273707690
0.2708745560979725
0.0044524247192303
0.3068742235587655
0.1034539155483786
0.0397707546290089
0.3148379831221367
-0.2709738591302229
0.1432090294185990
0.1630894031136029
0.0039592592726062
0.4831248175959419
0.0097563135350391
0.2473001510676067
-0.1884003546896527
-0.2619554110258612
-0.5403866351300508
0.0247680786452665
-0.2768293469410580
-0.0281612987256280
-0.3577319302776174
0.2154731276927183
0.3825513198598440
0.1439912563721270
-0.1860700691255407
0.3695580459904013
-0.4759827690175990
-0.1268929973444340
0.1231987431879846
-0.3371424404862212
-0.2990805272802190
0.1100464840449902
0.1041330019038953
-0.0512295532508310
-0.0281538407858567
-0.3734136974795329
0.0535431309324682
-0.1921061898349617
-0.2810980757314726
0.3264658072745267
0.4598865590811665
0.2447111041293251
-0.1822574876949632
0.0690708358324276
-0.2073885885647529
-0.2269334631299097
0.1800839340427491
-0.4233161155985307
0.1374719643033837
0.5714256475039671
0.2012623362347634
0.2960205623308755
0.0657336852215099
0.0575887504193525
-0.4680573556173226
-0.0099470406019867
-0.1513350024604223
-0.1534060746328718
0.0020107072159244
0.2100569371807756
-0.2115231314557874
0.1201297689181903
-0.0609444427605548
0.4062916767835571
-0.0214515565395869
0.0292150451903821
0.4906525745897570
-0.0997904741521616
-0.2426285682271040
0.1200044038053993
-0.0983332538300760
0.0946505369258741
-0.1930241297455058
-0.4430785149575124
-0.0535109625202016
0.2206974561103985
0.0402452709674048
-0.3299307811296119
-0.5103613569572567
0.4032648174114761
-0.0892359119970785
-0.2208864432372491
0.1452840723615929
0.4852770917807455
0.3557259872284018
-0.2123746329382634
0.3709004735046749
0.0805285613630791
-0.0802985406522643
-0.0130555581730860
-0.2825311060554850
0.2047908033951087
-0.2793262611745338
0.0438379419056067
0.1044022260637299
0.3507093815324172
-0.0937014114508343
0.4094864288381058
-0.0986566992519403
0.2628086501417075
0.4415735425619278
-0.3864293876025818
0.1638808366643523
-0.0997545426200597
0.0930869462173050
0.1883637323716046
-0.1754959157178726
-0.0848741757466207
-0.3841499762162418
0.5158018520955346
-0.1004437251006777
-0.0870794582298014
0.1654253469496533
0.1192006566448127
-0.2198640932097541
0.3312502592889466
0.3646147183968229
0.3757043686661341
-0.2260493696137021
-0.0352001993853093
0.2283262265873336
-0.2477917508235281
0.2752552214898160
0.0300214618243774
0.0485516160507947
-0.0147824807912576
-0.3069612798577470
-0.2064272335539519
0.0930754646259633
0.0245647671310656
-0.2095071839997965
-0.3216892534891677
0.5790581332827849
0.3313232675218340
0.1909518943161675
0.0336096137312001
0.1861572452859720
-0.3266253539218562
-0.2827167835501855
-0.2856904516018478
0.3695943640317008
-0.1562364140462738
-0.0881372579711618
0.0050465860785212
-0.1793575734558127
-0.0131926645940414
0.1830417167693473
0.2508937454505743
-0.1866744517742475
-0.5753027963492764
0.2646251393915664
0.1757576533564892
0.2276924321461707
0.3196883861701902
-0.2087174903298265
-0.5139347662110080
0.0066908317567502
-0.0626272128511644
-0.0097848673939303
-0.0529927620916773
-0.1824935903024691
-0.0482527623602068
0.0400469623274980
-0.5654287530845237
0.3706199811100893
0.2046335968050243
-0.3487716198748610
0.1114402610228025
0.1232754083234239
-0.3481307027237587
0.0134813779911843
-0.1901929092708491
0.1886863234672572
-0.2454620948296741
-0.3722569616131247
0.1040908143863270
0.2777921769435296
-0.2568593344966456
0.1046479155586522
0.4736912972432653
-0.1241165707166907
-0.1196589373436311
-0.3304737031291218
0.2824353311545647
-0.3526952744228135
-0.0415547764787358
0.0698310526936275
-0.5420473107544962
0.2936494806842220
0.1669753253997410
0.3740416902940316
-0.1616160058487721
-0.0530413705778364
-0.1806402553899843
0.0419336739279306
-0.3507757950826502
-0.0317468742149519
0.3541445157451186
0.0915276044277899
-0.3260233532345429
-0.3015872025511720
0.1233904025993460
0.2213129258453136
0.3253033354521693
-0.2039451112913911
0.0391201039663508
0.3234514274717504
0.3920024298541036
0.0894047657125689
0.3271564862273775
-0.2994372119451587
0.1329207033899309
0.1962400578727334
-0.2654261698364777
0.2412916732039247
-0.6462381702983220
-0.1749994373478915
-0.1974383849869188
-0.0608992806399492
-0.1018118216877063
0.0733437606575651
-0.1405395996204379
-0.1400178780991161
0.3136191400941475
-0.0852945123628400
0.5246921094477222
0.0720390496766157
0.0828158878271853
-0.0524952408824361
0.0314255808654737
-0.0231263236108533
0.4208203265005069
-0.3120496483653021
0.1546698335618052
0.2510790544764028
-0.2054571745312591
-0.2806591518960428
0.1417720943208461
0.3606752459108819
0.2468498771385458
0.2426738454981586
-0.2742666139300913
0.0558859828607576
0.4095245794726767
0.1446135182165283
-0.0102983888655351
0.2758574964412854
0.0867903220206605
-0.4766736135252634
-0.1599322465816542
-0.4089481103252299
-0.0411758780089680
0.0386433070532700
0.0999974844966128
-0.0841233603528705
-0.4699927028636305
0.1138376770615014
0.3406101695818358
-0.3243206762929655
