-0.2007441139737902
-0.6440166078365672
-0.4189028743531845
0.1066894498336475
0.3391969953705377
-0.1377079101244142
-0.1819095247770983
0.3082004761268678
-0.1736626569995040
-0.2565672531395495
0.0082984404674135
0.1796672566220265
0.1709056370141190
-0.5020034998617829
-0.2848676704540014
-0.4914433719150471
0.1531038506218022
0.0964771118169843
-0.3399427681016812
0.4641752652969766
0.1555775281782327
-0.0972020891346333
-0.3258246774242470
-0.1421268207854497
0.0696916809389662
-0.5293055102969453
-0.6425404785642369
-0.1362859681056632
-0.2321034643120109
0.2639322441917972
0.4924677409103824
0.0987153093815635
-0.7373876269635499
0.3074759284489353
0.1597497454737479
-0.1151541205075497
-0.1039460592038020
0.1905900261464107
0.1220156954524025
-0.0930119831303411
-0.3183723202651326
0.1043935957573938
0.2182689429761033
0.0418673141148618
-0.1779722473634575
-0.0181832769347321
-0.3066172079810640
-0.6414279782434770
0.3795066118730365
-0.3960717801662799
0.5110302588911001
-0.6691157936325156
-0.0342467289265959
0.2799332159726013
-0.0351282277657671
0.2134655926639411
-0.1365648609483608
0.2216338873302895
0.2205392015922175
0.2199683000503588
0.1242431086177153
0.4002289446227795
0.0336100343236264
-0.3126451708132013
-0.5762319118457586
0.1947030163227101
0.1070740642072890
0.2821774392606580
-0.1853055425046042
-0.4797126403129455
-0.2476494385947750
0.0937767753558859
-0.7167289069876658
-0.2134303760198776
-0.1334753149615302
0.1627122148463942
-0.0765122973337878
-0.2212906924422333
0.0378349764131126
-0.5196890495656874
0.3546250479519286
-0.0618559311269334
0.3194381641369993
0.2213225671345807
0.3107263306492005
-0.2064406067224164
0.3016456864240126
-0.3298514168094356
0.5823790942956441
-0.2031364966582785
0.0688360386470485
-0.0466114347365317
-0.0463559179423160
0.8735011167625387
0.0578239506440879
-0.0489438146662978
0.4114313485429157
0.1500724497019809
0.0886953433167934
0.1501080840922595
0.4129050475061481
-0.1368611645787267
-0.2115990132331170
-0.3903062586544700
0.3172798849321815
0.4478577269535764
-0.0274058875546349
0.3432141112551618
-0.0483870154141182
-0.4376459120743672
0.0530806232008639
0.1615392553667527
0.1682537175630648
0.1457522566335605
0.2432286742475078
0.3391579528383276
-0.1829324067253674
0.1863992331992773
0.7284109772217875
0.3854279263028271
0.0337583799753949
-0.1190781825548290
-0.1015563531861252
-0.0417614718495274
-0.1734688576751850
0.2134054221447243
0.3517629024116464
-0.1352090360114616
0.1357052103943033
0.8582279411514716
0.2735800719664895
-0.1552982927306806
0.2561658163136820
-0.2676738665753024
-0.0435433635153444
-0.2011499821581374
-0.0017486781537811
-0.8077759053580452
-0.2114798535183363
0.1554995844941004
-0.2583092163883255
-0.1422034191174105
0.1278261361786104
-0.3292517825796614
0.5843473360615192
-0.0970629514360101
-0.0716099248811872
-0.0303102794207454
-0.6279178118816664
0.1926078407956289
-0.1694644815805939
-0.5406452914459049
0.2600394746149816
0.3126557619895179
-0.1660446720795669
0.0351467391075988
-0.4228910853312984
-0.1674489365763611
-0.4819452056023754
0.2136749410774443
0.2982181380361506
0.1634427083414194
0.5158467501647471
-0.4172722655315771
0.2504098455795255
-0.1819181294154998
0.3934333667770661
-0.0082265407758691
-0.2542835298705992
-0.3589171349985455
0.1185820152812904
0.0648099832377383
-0.1031589449151386
0.3141453119404419
0.4571800913389107
0.3631609775039648
-0.5687674340121569
0.2786769688015570
-0.2755560022568179
0.2332831712386109
0.0873749406584183
-0.2221065747296655
0.3180360696805340
-0.2110561981685565
-0.5238916831519557
-0.0426993966514062
-0.4559308563785224
-0.1495941922074887
0.3769403804037725
0.3856442351885986
0.8095848885349430
0.1336154956455999
0.0357919117338294
-0.3397691730161284
0.1740218429403932
-0.1162558377318713
-0.1126001185993107
-0.0131582747350867
0.2252790900391832
0.3203021054614580
-0.6599844839951963
-0.0879053771800103
0.1803031852350479
-0.0705928692044887
0.2187669438026424
-0.1071308733189161
-0.5865671388348352
0.2769835555583279
0.1608892395075103
0.1148838032155246
0.1169609348031748
-0.5023506819533512
-0.3425441150452082
0.3996576191481310
-0.2281300992939596
-0.3627418090589519
0.0387627980076324
-0.4757091109311813
0.1194801953691860
-0.1766325471556869
-0.5676802136174338
-0.4882965212263742
-0.2718697923566077
-0.3624815034312455
-0.1428971993045027
-0.2098367598941848
-0.0071262846122585
-0.3029561822664268
-0.0469722653853040
0.2747889311935139
0.4315557695606660
-0.2003145036748274
0.3432424209496188
-0.3479164470563358
-0.2845099393870882
0.4753183382410540
-0.0222897036517516
0.0504922932918028
-0.4156535894981838
0.2282210910345381
-0.1318903967627744
-0.0426762198327713
-0.1303295307155873
0.0515228525732555
-0.7710223384068318
0.3088919616384904
0.0607930129029400
-0.4746090784244056
-0.1961074388940116
0.0620152156430167
0.1447517387041671
-0.0415450731408584
0.5908888908224532
0.4486126775764719
-0.4004087675429754
-0.1235482742272672
0.1790187734748069
-0.2159205446025021
-0.1943828604754806
-0.3672498724108760
0.0077190900102002
-0.6804783326812684
0.2272000391247616
0.0812790170355505
0.0516534028376806
0.0087494784977415
0.6305575824515283
-0.1155152485884642
-0.2386374715579024
0.0895790731050695
0.3782223235795589
0.4803429286702249
-0.0159406886867797
0.0921813907524076
-0.1587292889117017
-0.7256591290053397
0.0147522753971466
-0.1438887893703870
0.0084399356659843
-0.2114190765957894
-0.2021559882570318
0.1847258497011629
0.4073187895886434
0.2907590354661702
-0.3660092178163856
0.5692042379435197
-0.4280570874730721
0.1507508339053706
0.0362765029727108
-0.0965868679499580
-0.1797863434478780
0.3292567372588709
0.5722375676717544
0.0010390255917868
-0.1523946663497782
-0.3129434828983959
0.0295254205665998
0.3878310515930375
0.4540270004442157
-0.2307097922889532
0.1960998072700993
0.2296212443500337
-0.2493484053405469
-0.1285445770304723
0.6715303146651233
-0.0099544145004847
-0.2643371375844323
-0.5129400259493814
0.0704796949890903
-0.2027796350391982
-0.0899983698783541
0.1059511539131704
0.1694356850961488
-0.0974472090370274
0.1185159569987209
0.5798477533905727
0.0028168739677369
-0.4208219266756407
-0.4425263525989555
-0.4682650806975669
0.3609398319359715
-0.2930237885000713
-0.0082361042596415
0.1168641722772472
-0.0954673547224824
-0.3329941178333429
0.3913221963972544
0.5080877200719136
0.1287778265180446
-0.4714503253860406
-0.2945327160184053
0.0782283149391019
-0.1894250383454175
0.1858383181611337
0.1810781146793872
0.1346985559339241
0.5340420933817819
-0.7005048939279603
0.0835163625007360
0.0538242786759822
0.0749077371230704
-0.3999422728683056
0.3006235901501131
-0.6116941863945048
0.0312098310981131
0.0092136798358538
0.2413629614369930
0.3993273362767277
0.3524586404946211
0.1639702695745408
0.1561859556426408
-0.0253846489226988
0.2400225052819721
0.6152704309584199
0.0116174816646944
-0.3160594058198624
-0.5954154366119638
0.0181387817007680
0.2849264039997182
-0.0522774661247474
0.3517812125873823
-0.3046781285594782
-0.5152317222464603
-0.4567431610198632
-0.5235220233858552
-0.0801668086990670
-0.0065734145845841
0.1424174721047200
0.0105259135439311
0.0916755502717507
-0.0913178975515378
-0.6430543695644231
0.1730400866333981
-0.2262851189731815
-0.4068349626257348
0.1887051659876142
-0.0909400383158576
0.0158827547588685
0.0067145523217591
-0.5360060900348713
-0.5589767273514729
0.2529393062195767
-0.0963488392199539
-0.3572390417739620
-0.4155880732306828
0.2733859938979122
0.0433026922075283
0.1181287231364491
0.4545496724569585
0.1294821318864070
-0.2411971116390163
0.1476079437734748
0.0272214507805587
0.3882386557393003
0.0921523273117931
-0.5576460960287930
-0.1328232423814821
0.4438089559553137
-0.4835448024075035
0.0260842518731998
-0.1850843936599332
0.3284990062430530
-0.5810887612762410
0.1458837559320263
-0.4070372131645250
-0.2726078877813740
0.4497754616390728
0.1301783125697072
-0.1395530413005165
0.1420288270765629
-0.1424645218488270
0.2813889713219498
0.2227551326157560
0.2643484488019613
-0.0928053008647274
0.1926065564247959
0.4055443499738138
-0.0522256550784545
-0.6817955536317422
0.3213644817020269
0.1107966394470308
0.4776928375896431
-0.4103542251661277
0.1100473616725744
-0.1103466235811965
0.7250860233449368
0.1046469965658901
0.0474594146611268
-0.0115942468658182
0.1666394629235341
0.4779266572206388
0.2258235603814020
-0.0757407465855292
0.3710025332874225
-0.4898603408517206
-0.0667196491535701
-0.2101011635396924
0.1216041180575595
-0.2377869801683274
0.4661790600039362
0.5861810291171369
-0.0506459307716092
-0.1176092818543481
0.0163381980678928
-0.2645557015871881
0.1971549438476711
-0.5482730150507944
-0.3259187774653577
-0.0646153419378088
-0.3462176032902447
