-0.0217270716116771
-0.0634994750894192
0.0240993365371937
-0.3460048552727972
-0.1388793288834695
0.0737308818904892
-0.2963369963381898
0.4508809666683432
-0.5234622201999025
-0.0392176857557046
0.2687148909223131
0.0488993993915262
-0.1471101261631115
0.4330954684062874
-0.1270541831790216
0.0544348261309995
0.0936735855135474
0.2853085736467675
0.0585864616040059
-0.0710815163968412
0.4104031959994919
-0.1746347180810856
-0.6124205097678622
-0.1980264834205259
-0.0848374336899374
-0.2909741072682088
0.1263215063046806
0.4015115500058946
0.0439440412883792
-0.2638859599396758
-0.4333314008692971
0.3428252143367544
-0.1572797048829549
-0.0870438347030646
0.3143904311889500
0.5276678432581021
0.1717884301576025
-0.2199792239635049
-0.0208326575791080
0.2353002669485728
0.0736238331641885
-0.2727945239343925
0.0208300539809709
0.1631828903330855
0.1573424395780985
-0.0702254917569195
0.1951971677332113
0.2051336975129603
0.4404715093318262
0.2252645682928286
0.2439490782964479
-0.1662285268117911
0.1674349291365812
-0.0560057657036060
0.6984049491758170
0.1105644405457036
0.4891575035958524
-0.0875245922188674
-0.2896448017495296
0.1223073083295328
-0.1567360409186571
0.1883818265055987
0.1397750600792927
-0.0376848413208014
-0.2828993546245048
0.0150578956880362
0.6220723840013573
-0.2602130384773386
0.1692511916792155
-0.0980329155456579
0.0704468794109089
-0.4835167089114016
-0.1882148118702171
-0.1287629180960709
0.0207867379800309
-0.3779621920916632
0.1734306406824467
-0.1514196223952533
-0.1610889874028858
0.0312333101376793
-0.1628969932512599
0.5357709106265095
0.0398288565973474
0.4133438159377836
0.2665103036603026
0.0635915147664723
-0.2704825482630401
-0.0829533070311639
0.3976024264840645
-0.6063510886983007
0.0875242900590005
-0.2758459207332258
0.0741340233177634
-0.0716594857912615
0.1573380762069011
-0.3614410196031363
-0.2259808587436741
0.1352492028489733
-0.0293039532320372
0.0576343649663110
0.0853113474258623
0.0002988972112311
0.6583209315603905
0.0429283349653238
-0.0758055636174785
-0.1309972096594564
-0.4145646076515443
-0.2138863098084987
-0.2527680305021784
-0.0247051418584316
-0.1353347131219125
-0.4795588872897900
0.1096582039960092
-0.4300264536760659
-0.2500350258316837
-0.0490875514605149
0.5505691415520517
0.3501600924664837
-0.2351079183639693
-0.3292321520596531
0.2231805741379533
0.0367412224072848
0.1060330105840571
-0.0358631109917185
0.2507058907017203
0.1489131309816343
0.3663889188627538
0.1662974500035133
0.2605964421579918
0.0502141876128388
0.2966944137291245
0.0932719525786855
0.1772178220035818
0.4671531226684078
0.0902659837281881
-0.3193676185963373
-0.2585383522360741
-0.1868912360095356
-0.3566882929335795
0.2866467226520181
0.2072725277501170
0.3884080273125241
0.2457606849817756
0.3764821632271900
-0.1306101051634568
-0.2609328254703360
-0.4429076060688413
-0.1937042525992032
0.3356813335904810
-0.3222205613035311
0.0922681823173451
0.1519451348425591
-0.1134539644312208
0.1556475336054746
0.3952111216749478
-0.1853527906059330
0.5676991273130199
-0.1299626286477374
0.2064065439616972
0.1640532284630777
0.0206772358612807
-0.0565222334776943
-0.0648717308524174
-0.1374068433451759
0.3751374121351128
0.4780830541382893
-0.0371173036723793
-0.0581578306944318
-0.1739039089727823
0.1119978699968211
0.1528854728639826
-0.2936066081842022
-0.3895070447268881
0.1099417821706945
0.3037139568144626
-0.5041376143369712
0.1011665322834768
-0.5125788981471670
-0.0467165258435008
0.2299075591063491
0.0469785134303496
0.0849503969419510
0.4009823477286717
0.2563296361023665
-0.3688204127459922
-0.1844180651522186
0.0790277583918355
0.1811783848560040
0.4251672360155335
-0.1432303126044492
-0.0257747292350480
0.0814322645375704
-0.0680902608807513
0.3731219038286013
-0.4288569460715815
-0.1674711640119119
0.2291888129828929
0.4909641403604345
-0.2297622774486867
-0.5103663826579895
0.0385469262871740
-0.2097432471074096
-0.1493353788011779
0.1345675382169561
-0.2418222380444031
0.1811946359404806
-0.0371014133687785
-0.0704305921334984
0.3777490261901668
-0.2587156322775044
0.2709902195710511
-0.2105851959357562
0.5121066166640305
-0.3069572300505428
-0.0304227416957604
-0.3725731317780532
0.2152536995810041
0.1246434078164014
0.2439997628729388
0.3990183939971491
-0.1734192672711994
-0.2391420076608627
0.1073121651918401
-0.0812725432747056
0.2152950240484741
0.3897778943978759
-0.1522118898966917
0.2141554339260341
0.1147880758520039
0.2311019812038953
-0.1009373552807328
-0.0112017109000579
-0.0054279215558672
0.3188664831334189
-0.3976259137753320
0.2431914462765760
0.2616978993001463
0.5180274572995770
-0.4244099102462977
0.1567185153034115
-0.1284951536136788
-0.3889804199740907
0.2478258944973425
0.2261926280053184
0.1887728305404924
0.0735505142537175
0.3725373422183332
-0.0312572191403589
0.3483126290286830
-0.0912503237322192
-0.3590564049614369
0.2748494653703335
-0.3737250765160498
0.2117871093241653
0.0253855274742291
0.0817038098107464
0.3621227121951842
-0.4996703258546021
-0.0291540834252758
0.2390638756329518
-0.0924627906170316
-0.0642048800605758
0.4139860856411305
0.4053670889852641
0.1350044001164499
-0.0524049736595572
-0.1341587628182440
0.2169986412554565
0.2794174367289423
0.2910866140769017
0.0343068639731583
0.1581468345760332
0.4273996892549409
-0.0827826455279407
-0.0435119708846073
0.6544544620231875
0.3394279434578121
0.0866027559604914
-0.0585033548888327
0.0076621854582327
