0.4163162543953091
0.0466082257229999
-0.5507521156256312
0.2613170647057143
-0.4977283439278908
0.1206148386035675
-0.1168335541607487
0.2275519695579272
-0.1324473827588564
0.0913757140286745
0.0269208223358331
-0.3061864361756803
-0.0153476564617098
-0.0676777757806494
-0.4008266682467089
0.1685431969096144
-0.4702025357469543
-0.1499468142833742
0.4747821382136833
0.1218869714396980
-0.0109754818249902
-0.3292429407396801
0.0074471867831103
0.3866580484126852
-0.1373511849710227
0.0964413356033327
0.0988272640975476
0.1762605994294679
0.0466122998680315
0.3582181456664373
0.2250464284037693
-0.0488495323378031
-0.0702416660387653
-0.0884387548154353
-0.1549256215496530
0.3085654575689197
-0.2042934018446736
0.3578740200947283
0.3012803746150489
-0.3304938911893215
-0.3521143413482335
-0.4367090486011859
-0.0718879504922825
0.0544495089834630
0.3447610952341110
-0.3630603821178933
-0.0684936777469129
0.2231950438317951
-0.1184261434740465
0.5014736798182894
0.0680928223644563
0.4838677401572334
0.1271921393295120
0.3647269916054465
0.1449941318501068
0.1104299135093791
-0.2046219786372657
-0.4245112869953597
-0.1490373344734501
0.1582261526373354
0.0315598627772161
0.2693744326614558
-0.1157033632309194
0.1135368427916755
-0.0648030420190849
0.6360857997238449
0.3327315732605255
-0.3243828598027630
0.0775605249395172
-0.0090069034699161
0.2187283713537470
-0.2797195171037156
0.1044420640126619
-0.2631461238276034
0.5471428494751003
0.0414391376419462
-0.1808313196199293
0.0504150773367746
-0.2720643613441308
0.4240389204123933
-0.1609046913617150
0.0773636430725441
-0.4122161114108402
-0.0425572536760703
0.3887156132816583
0.0295111494068153
0.1479521825449950
-0.0562253485457369
-0.1527210494906265
-0.0648463484571745
-0.2585686027418872
0.0859882627106891
0.6606659177742087
0.0202266075590803
-0.1646865388220917
0.1332204629111014
0.4673821094250620
-0.1448920281428150
0.1014508535399176
0.3185741213729393
0.4013854667010530
-0.3618437700224392
-0.0278135477416639
0.2823877759022121
0.3701838446524622
-0.0147159709250567
0.1575877700989577
-0.1504045546535688
0.3032882031268916
-0.0346344188231084
0.2573558386230669
-0.4141705186560858
-0.0214207278788968
0.4209203195569720
0.2032086007637303
0.0828394945801059
-0.2797121391053042
0.0687864103523399
0.0651927080446415
0.0911407414859222
-0.5821084030959308
-0.2088420236669462
-0.3433569492855922
-0.3914901779534347
0.1563351664309745
-0.0248902116867262
-0.1325511794881150
0.3656186160659736
-0.3351614786532922
-0.3749674416994122
0.0215011283654348
-0.3293915767242822
-0.1176894356405719
0.4154205709352373
-0.3962810129324291
0.1030798957437367
-0.2562765396371272
0.2163063396737168
-0.1401523551067912
0.0256975451844175
0.1954871342527934
-0.0534529211845697
-0.1395601151034908
0.0002902688422865
0.1545157650189958
-0.2128903370533395
-0.0723951604313890
0.1094052531819542
0.0816879720243441
-0.2711074544055962
0.6783241376593084
-0.4776042956171414
0.2629666514868124
-0.1244561542145378
0.3547041385936199
-0.2834508954598944
0.2399520932002328
-0.0591535797584901
-0.3437049562710279
0.0733086693622661
0.1623321880459309
-0.1581793120266793
-0.0846144111879529
0.5271653549093143
-0.0961477910409208
0.1350009046668428
0.0614006667146622
-0.4915100457232890
-0.2245898564117266
-0.2194264273156888
0.0395764388341431
0.0392263684621260
0.2126351707266858
0.2741912188137037
0.5147845056664223
0.1893256519383366
0.4406771599252083
0.2876271202262135
-0.2994948991017340
0.0391805167796428
0.2739678154309403
-0.1839788463216681
-0.0392922634750953
-0.5397263151534712
0.0549818711186200
-0.4744939852937980
-0.4227349170928266
-0.0011314625651174
0.2172781049435906
0.0772448356560514
0.2047877317627044
-0.0094288169914623
0.1931367730510977
-0.1652995343674249
0.3555489588944899
0.1184639846608836
0.1081051981223913
-0.4285262440867562
0.2464042342709803
-0.2762927195914392
-0.1524554168453650
-0.3287832557245911
-0.4037713356690609
0.0410567662958224
-0.2574760691014831
-0.0949827117655005
-0.2708826132358286
0.4325088148474019
0.1880875936584417
0.0208309411269125
-0.1154543286737583
-0.1532037290043881
-0.1895241628271677
-0.0039387491858507
-0.1821588342318596
-0.1795470592767965
-0.4984119752538425
-0.5141287561316645
0.0062871219331531
0.0916348740317396
0.0275513571356580
-0.2485118079301893
0.5224398626894291
0.0721460109698139
0.2803428943955805
0.0501338000254277
-0.3480664236851281
0.1657281585124082
0.1971290002794213
-0.5028357564961113
0.0735633404847307
-0.2122861738671265
-0.4274604534575661
0.4124754996799476
0.1965626620853741
-0.0076968819881873
0.1137027170279678
-0.1536713158371186
0.1148824802873509
-0.2261721506426039
-0.0154825954826051
-0.2052310055601730
-0.1717768854376542
0.0537403001049021
0.0273595899724707
-0.3824175703856442
-0.2695742073500749
0.3970031075094554
0.2378628504250520
0.3057222024852355
-0.0524352428911832
0.5751744587680026
0.3213535474022975
0.0726621196987317
0.0870462109116835
0.0820572382911338
0.3744747558251662
0.2955453919876070
0.5713566115416879
-0.4519434015389299
-0.2714687428934880
0.0608948402208910
-0.1727428504454609
0.1014519132274099
0.0348785090239054
0.0104637525505603
0.2878376861360852
-0.1711358866358928
0.1944924181191529
0.5735837249916489
0.1596512570724247
-0.1395803981412756
0.2510523668642202
0.1735060297256155
-0.0311450093086621
0.2818435238598553
-0.2713366532354193
-0.4297366222851849
-0.2009481133257584
-0.0620521398248890
-0.0821788323129343
0.2573649951123791
0.0902067128452234
-0.2704705724891420
-0.1567370251235660
-0.3042089024771197
0.3353326831206546
-0.1773762793726154
-0.0791658112146070
0.2569724832689969
-0.2265462251950774
0.2642758339249098
0.6199186733160419
0.0832601948483552
-0.0004064132802859
-0.3431994153373102
-0.1888924358517402
-0.1976722494623602
-0.0145415296262231
0.3370436998419800
0.2070458321810269
-0.2475102435359823
0.1287175868982699
0.1219853255250559
-0.3729840056607175
-0.4666230187364500
-0.3316171489611259
0.3020719057544739
0.2081233754835113
-0.1339869140284602
0.0411505093264541
-0.1843414070567143
-0.0239138649317725
-0.1271447281012375
0.0173550825371147
0.5328712754208597
-0.1817086112567284
0.0957641164184613
0.1880821460811097
-0.3675846765625868
-0.2447742188095414
0.5739946054488588
0.0970346333097205
-0.1202049981665444
-0.1299904101786612
-0.6110822602834889
0.3387029690519657
-0.2692891970306039
0.0914458126567692
-0.2607121111136130
-0.3445834931871704
-0.2498243481482450
-0.0484930083569350
-0.2370263515006396
0.1566831898481868
0.2408605706957355
0.0075269453483353
0.5791996702938537
0.2395384990260620
-0.4588127132923284
0.1310041792162958
0.2928274246280737
-0.0364645770200320
-0.1444051878994734
-0.0895603778526893
0.0785444353366113
-0.0241923366469556
-0.1033514676523840
-0.3446596113990715
0.3567119804875439
-0.4355711908459048
-0.0318319768355848
-0.3334736693186249
0.0070384863037269
-0.0355432625071344
-0.4220626357645426
0.2616484836315122
0.1789749114953807
-0.0079337192491165
0.1261717389705727
-0.1781953392880642
-0.5641793129379874
0.2133854208741164
0.0809359564047819
-0.2691533279240240
0.0974850446004019
0.3346831331076982
0.0309964184434710
-0.1590044113455220
0.0313672607120401
0.0702055292369616
0.0452767371741375
0.1362232164260333
-0.0818487350177864
0.7612421811028132
0.1106357018741274
-0.3125742853721545
0.2390520584608165
-0.2368782455586681
0.2960654955950679
0.1952307213052103
0.0427647083473371
0.3434469785053500
0.3515006734994203
-0.5629173053026479
-0.0519576023605753
0.3088305145272204
0.0812632680556993
0.3076175246812344
-0.1095060091676483
0.1665875136111017
-0.1373117476629374
0.6135170623717173
0.0995195085711695
-0.2625636678550650
0.0782929013583264
0.4051358214003680
0.0783015735872550
-0.2835538568556987
-0.2475358498059804
0.1925936010736399
0.0690100059222458
0.0094917181281945
-0.1914844161485279
0.0419382383108624
0.3825054252709787
-0.2803153577116030
0.2146935841688116
0.1464933845881125
0.3025512798674375
0.0318320630072330
-0.2249896949431536
-0.0889875769993861
-0.3138345384091917
0.6066292312899376
0.0923708381125882
-0.3527741703784510
-0.1888594562437181
-0.1325577241301012
0.2237573939139146
-0.2632774783966875
-0.1813554203649030
0.4207686227794600
0.5291773741716327
0.0179822153795581
-0.0149577969972833
-0.0451235291676682
-0.2545057523348997
-0.4755661107021880
0.2140047945620984
-0.0342056236057977
0.1601769963202568
0.2705550547666002
0.0370936216242805
0.3746193295484937
0.0665026955835175
0.5021035095860722
0.0181815208648736
0.3145409362515154
-0.2515416706250883
-0.2748528479025295
-0.3447305080158100
-0.1269314996871263
-0.1042873536540250
-0.0818982071234561
-0.2237125620517594
0.1412909904247002
-0.3774938345236498
-0.2299691259960201
-0.1612032414091291
-0.0843705387029379
-0.4780378658247481
0.2613123831264424
-0.2515312011228833
-0.1572034467703797
0.0943974404990259
0.0434907904626133
0.2436122183428084
0.0802671867221726
-0.0185081666012312
0.3174726499247042
-0.5928748613285145
-0.4394252481223065
0.0012878824684769
0.0128069293731096
-0.2679422335440158
0.1141643117969666
-0.0113623456363913
-0.4989546706273411
-0.2418481505231871
-0.1316864272870570
-0.2228741354267139
-0.4098397742249074
-0.2003378412011571
-0.3135248013475823
-0.2022917766207367
-0.1769252729944684
0.5443764238787546
-0.0661835078312938
0.2898736130997210
-0.1834103526993332
-0.1119167472525497
-0.2143654207646919
0.1039989801585211
-0.1167675910919703
0.4354300192311808
0.1825360578014582
-0.0891541656366224
0.1814303376467219
0.4512127372871890
0.0473610675501644
0.0048308496731405
0.4548018520221988
-0.4848707366691277
-0.0663250881518363
-0.2697790696261324
0.1657472841982731
0.2470210534512026
0.1328285999373419
0.1137724743691515
-0.5092421130980650
-0.2704201228487223
-0.1268749276290396
-0.1047782265394690
0.3891920278519810
0.1754692135189155
0.2145205022477574
0.0857179802611708
-0.1230582508071599
-0.5228464305044428
-0.0973984358088266
0.1088778508848670
0.1787789437711996
0.3394105867226095
-0.0360805966521173
0.3589147030978248
-0.3824076433421953
0.1760747042823794
-0.1060185270238024
0.2237375015852462
0.1334381301298898
0.0680956414619566
0.6468876705177468
0.0541465677394399
0.1828080701556780
0.4164020204855696
-0.3355835609479592
0.1589093491543189
0.1092681797648354
-0.1819982957695633
0.3225064593758183
0.0333477191219718
0.2980112161054692
-0.3230771818543940
0.1587960931761305
0.3137135907436814
0.4657663291646842
-0.3150581071038215
0.0774756188489631
0.0541000969310930
-0.2264260097335986
-0.3606854968922223
0.2174235853891834
0.2427636291630264
-0.1132217383749762
0.2401244145331396
-0.2086604691615522
-0.5224353274389741
0.2566399310723637
-0.0342760985063969
-0.0464037227926967
-0.5676480933599171
-0.0351746547565201
-0.2304649196103343
-0.0323232960679641
0.1416428138092629
0.1858703882127820
-0.2349824143503180
-0.3417109255105460
-0.1005776225454987
0.3698389759938783
0.2245756828549789
0.1556704425064332
-0.0856805100033454
-0.3863607456271357
-0.2722157081442207
0.2487248062049537
-0.3910062244751309
0.0725752012259100
0.1673539651374509
0.1395034100489523
-0.5048309988615824
0.0005150636013495
0.1883991245251484
-0.0726842057256891
-0.5345055541413414
0.1766653159379677
-0.0196516392580162
0.4418229085914097
-0.0619252703417862
-0.3149105349214172
0.2089054225532878
0.2427198399473775
-0.1172625930509277
-0.2058276718932385
-0.3740704673047871
0.2340261438553043
0.1607676532821594
0.2293812328453111
-0.0617120296075393
0.3770865375229536
0.0784920339187349
-0.2850913607967818
0.2555031790473262
-0.6059485246874498
0.0172451993065817
-0.0400167841710315
0.2927870347244184
-0.2706517378062416
-0.2685267456400655
-0.1162796406548280
0.1870431164880301
0.0872198051810928
-0.0433087862546138
-0.1777671621675375
-0.3101464545420821
0.0822117508373043
0.2385506192072119
-0.0913834020345788
-0.6210936728712380
-0.0810657184917127
0.1232202542289214
0.4069106176612990
-0.1912645522658387
-0.2577177303125751
-0.3385556540009183
0.1660663033014683
0.0853116567166654
0.4714388445043621
-0.0789912311137722
-0.0039423705335071
0.1303017979332902
-0.1786160338270460
0.0069729064969879
-0.1153342805748256
-0.2809847659445167
0.2200502785244009
-0.0191134026369666
0.5330710641814161
0.5123442728919975
