0.2692220218405085
0.2240259373232844
-0.3041135365655731
-0.0562706157793309
-0.4200448315657959
-0.1861649528727788
0.1954950870928190
-0.3493059184450358
-0.0549078098162109
-0.2306269891728802
-0.5951040055189898
0.2607871716088873
-0.2188101860976575
-0.1417113205119363
0.2912744090666309
0.1806206183116340
-0.6621710484782894
-0.2627607670669787
0.0812252816160228
-0.2064671639737589
0.2809851610626596
0.3329757514049250
0.2534901155833531
0.2027733813720843
-0.2108507903230440
-0.1257377219472899
0.2522488522769161
0.6741839830391660
-0.4697366938763729
-0.0459439641397845
0.0335271450097966
-0.1681157120017335
0.2530884996545808
0.1240600029275803
-0.1302732698510601
-0.1897111809073797
-0.2245655586454038
0.4774941928555921
-0.5115897983581471
0.3392432253846023
-0.2007115897793935
-0.1557994550629244
-0.4594951272255223
-0.0266981678577635
0.0534603830555844
0.5286966334713230
0.0493942311677439
0.3901706498872269
0.2276181679634434
0.0232537367303383
-0.0168617736204509
-0.0748930281840153
0.1692420181460310
-0.6799423678621610
-0.1172194311292514
0.1688229663628796
-0.0602787801983468
-0.3193480458748709
-0.4561456580432148
0.5156249556770669
-0.1494005098703209
-0.1527838012736053
0.0276072585292094
0.4957607129354188
0.3091693058948855
0.0644533692765659
-0.0052007229060282
0.3754492555725442
-0.2286063427987744
-0.2986107109202485
-0.3132459835304319
-0.0531691169526397
-0.4280961801283193
0.3886605468916212
0.4332962119282625
-0.2418653858042593
-0.1899046046295393
-0.3893751724706365
0.0347238973960902
-0.3094002392981786
0.1226933417658513
0.7350641755145120
0.3415023986332432
0.1946959702190977
0.0453751387820647
-0.0349046506361498
-0.0303093513725105
-0.1932703183855625
-0.3014882732661824
-0.5199678141210454
-0.2622231194195338
-0.3106270637620238
0.0099733364196042
0.3493715745632306
0.1575998486738781
-0.1190741306807228
-0.1695876616652199
-0.3630170248303982
0.3895773292997303
-0.4712498735785879
0.0217575243725696
0.0893123882228392
-0.6528385864890448
0.1800775217129532
-0.1495112658949696
0.2039533386256721
0.4861475322855830
-0.0616031515751514
-0.0483920117403622
-0.0664875105736034
-0.3529194615213201
0.2798369637539758
0.5302964740998868
0.0479708383190307
0.3306513297723500
-0.4136787532356716
-0.2018737273651612
-0.1223050788103168
-0.4107350478619195
-0.0851670173073051
0.0386643037381367
0.4896689722198193
-0.4204801485616401
0.2330567014736673
0.1288755352992401
0.0862396519596633
0.0717695697792508
-0.5033067193500674
0.3566619372601214
0.3087080563836955
-0.0073838390741157
-0.1550086691290224
0.1820519369889289
-0.0567333739026716
-0.4174459107210460
-0.1334403071365302
-0.3673056144574215
-0.2301546115466535
0.3302467205972964
0.4370869235561117
-0.4890232163994489
-0.1273882617714397
0.1679497017735455
0.4742091344292981
-0.0795609193266613
0.5302945246024392
-0.1869076978318245
0.0854485383916739
0.1771323578060520
-0.0897938081126110
-0.4027596653138574
-0.2518189538924743
-0.3951161434619237
-0.1554472044443712
0.2212057873921442
0.2877566685378990
-0.1616094487932083
-0.1233986589044568
0.1230520079369666
0.4065709818968844
0.1653334293803276
-0.3921201871214450
-0.0716775465735054
0.6268439870013562
-0.2594476009876406
-0.5450739431745284
-0.2534925186076070
0.0764624978695129
0.2546617308897718
-0.3167628623338978
-0.1910515060079299
-0.2401933632756356
-0.4414731241371003
0.0436827318872318
0.1437059521529255
0.3949006039166278
-0.3187470596243162
0.4512075463436808
0.4714738524788625
-0.0061249177666366
-0.2000989045593573
-0.1400817456954862
0.2180767679215599
0.1076664342906953
0.4902273934110793
-0.0156645413652297
0.3363133567741835
0.3533009265929720
0.2746827212169238
0.2416637288806465
-0.4827138436261659
0.1758731988537997
-0.1414159966584742
0.2392416475409002
-0.0236236338646715
-0.2584179719903435
0.2238112493759929
0.5317123409068941
0.2066816218244324
-0.3942965089212377
0.5007955783657098
-0.1170937607816784
-0.1869769835541651
0.2092245775590761
0.5274764226078281
0.3841900496707923
0.0595036775082343
-0.0945349074288088
0.1423361755188765
0.1524440284953047
0.2111509740707418
-0.4570049861167089
-0.0193332701852987
-0.1476687426312993
-0.2170921801616834
-0.0040273462744530
-0.2019177003829121
0.2813059626280562
-0.2950662613541404
0.6686026914171838
0.0758565071450149
-0.3025581537390366
-0.0218634797421280
0.4955703868499118
0.3252590813218150
-0.1689697007709550
0.3615099407171525
0.0344471668634863
0.6055058710124596
-0.0757793926115731
0.1342988584555545
0.0716036395732665
-0.2223785689190098
0.1281614323320767
-0.3730610031711396
-0.1493591435949503
-0.0709027004812465
0.4246300601482843
-0.6328670624760787
0.4096609281442256
0.0672147274733447
0.0965099837531712
-0.1763213194801374
-0.3780854503124885
0.1125876276229085
-0.4377183402532726
-0.0501493289032981
-0.4160770180008478
-0.4577887499456804
-0.2492193228541486
0.0781618178670593
-0.1082137451454474
-0.3956684600794290
