0.1487962830308199
0.1671747951613170
0.4242071804141220
-0.4591948673127685
-0.1853925740154994
0.4539337134683776
0.1217949904464736
-0.0806159597546939
-0.0504902536702683
0.2721713372981412
0.4698030629817522
0.2962696950113886
-0.0694972324338195
-0.2142406117402574
-0.2858581308250029
0.6531167623826426
-0.4123162171886181
-0.0356802625363885
-0.0146174647642238
-0.3770342593749484
-0.0914364847791517
-0.1766694898967977
-0.4820313280901308
0.0764652194883337
-0.1173936246257838
0.5045068570209407
-0.2198189502780726
0.2226371232149210
0.0369874996266379
-0.0885816826375589
-0.1150393479812183
0.2723804141980031
-0.5467749503035206
-0.0081523487597827
-0.2948957504144573
0.4456673095704125
0.1117853270717949
-0.2765800941748908
0.1610742245347396
-0.4318791406859632
-0.0996702325284176
0.1650304636503952
0.5045820426523590
-0.3480250450956795
-0.1719206095877095
-0.1872034011033008
-0.0610748044111957
-0.2191032759055940
-0.1522186712353326
-0.2081261999315343
-0.1457728792010598
-0.4867510425114721
-0.0831410946280765
-0.0621550274784049
-0.7404206747815457
-0.1782121414428289
0.1078020613529904
-0.4723395816376024
-0.4323479352723666
0.1955766932930407
-0.0194972103073490
-0.0351333976064087
0.4676446508577555
0.0487678354552942
-0.3268084512345217
-0.4229082711993122
0.1626167739137778
0.1109879736453322
-0.0549890074111427
-0.0445000545863716
0.1472095491727992
-0.0070460821438495
0.5329820876015844
0.4783279748026363
0.6032493472298865
-0.2361153344808073
-0.0445570063995207
0.0670414604652969
0.0278155193245006
-0.1289114798242908
-0.4996031242953288
-0.1828710159748047
0.3217231708158036
-0.1277923829777729
0.4216593784947628
0.4984465326884394
0.3641666665895026
-0.1279408038119560
0.0415164041162528
-0.0955770013398922
0.0272325048598256
-0.5635779111186399
0.1214162905518577
0.1905297731417988
0.3238423804884548
-0.2793702275486816
-0.3923834925267465
0.4418725512490553
-0.2959703963602341
-0.0961606117584419
0.1355646209689167
-0.0411319118183977
-0.3331192672371970
-0.3403134323696030
-0.6220834745031180
0.0581209145502177
-0.0578937977857122
-0.3420579377547552
-0.4756006993979152
-0.0835740260681046
0.6352824805445856
-0.3922740511723135
0.1057242084887171
0.2043435740512563
-0.0730443262156403
-0.0175485710243415
-0.3448914182546604
-0.0196156020108211
0.4772934175535620
0.0487344015852465
0.1855828593116574
0.2634026670766681
-0.4640761641810521
-0.0989588778721833
0.3507453323235339
-0.2438290524194565
0.1651968539999595
0.5805035388350723
0.0224057185242226
0.2124106128316714
-0.0207226883347414
0.3356494014685612
0.1059825016252597
-0.0661867914348999
-0.2316372950453880
-0.0299411766426314
0.2625621607987607
-0.2703865679755917
-0.5873929838882884
-0.4396764323482393
0.2644786336751960
0.3999225891071350
-0.1398356729045421
0.0915260601321582
-0.5830745919955550
0.5573410390503855
-0.2924919707862880
-0.0346823767371729
0.2410974758465471
0.1308334139548671
0.2347535319967269
0.2984907599264694
-0.1587772127452636
0.0979898645030013
0.2547104728046795
0.0400741735856884
-0.1086372333851789
-0.5978229586358695
-0.1843597030530671
-0.4448886266122704
-0.3036105702640333
0.0367754819213672
-0.2506755240894544
0.4107955822996286
0.0853514138461066
0.0636614688624588
0.5171106203055295
0.3357672083940605
0.6175714617480201
0.0882204046375149
-0.1099172612283362
-0.1900096687330038
-0.2800622936217050
0.1832439051384850
0.0507988477863674
-0.2526808991857762
-0.1477575748258880
0.3321982886600145
-0.0669579672800002
0.3510242674708411
0.1259387567259148
0.2396957488402158
-0.2447696671045858
0.3113303267673176
-0.4342521567148535
-0.4515035550291106
-0.3428218338795204
0.0870313142845162
-0.1427799985444696
0.0046605699603416
-0.1070252033656154
-0.0172289619044739
0.6899136226598370
-0.2244283131035585
0.5374443506008261
-0.3647808426867213
0.1049563048580694
0.0314686603761828
0.0873810875631841
0.2474411376432393
0.5251129413587550
0.0159776688483024
0.1359548376935702
0.0250078608452279
0.0765943276152225
0.5251737433354571
0.0675756300493978
0.5883973198089354
-0.0598114321076670
0.7109001748294396
-0.1333237891007680
-0.1836868991884492
-0.1990163897560296
0.1464506764146718
0.1324525120656320
0.3211775732030096
0.3956061664506647
-0.0613446082572682
0.3151799100359206
0.0417735642796888
-0.4491246452964741
0.4102148792063303
-0.0360395073841525
0.0220696033632080
-0.4232902980574831
-0.4492159223223585
-0.2854351095565585
0.3238862294848709
-0.0322477992056068
0.1936884614387156
0.1494143199858619
0.2264293117217565
-0.0267363074427968
0.0338464662746007
-0.4539484764445532
-0.2810277301979358
0.0649062360207710
0.5878043235527636
-0.3559780605550170
0.1284285594491241
-0.4011485501771117
0.0892321294272985
0.0846832550181725
0.0751151752306883
-0.4674322924503238
0.0748550500348418
-0.0539899082275944
-0.2230061127000908
-0.0152853397234220
0.6345457994442149
-0.5436834310538322
0.0656086582623664
0.0875523345905963
-0.2912857418407886
-0.2218297431768609
0.3351053624044955
0.0349093918744607
-0.1852323766369511
-0.2199465063729148
0.1957548959670575
-0.1069940436994994
0.0805069262665401
-0.4085736513369924
0.6682521340353957
0.0479649548700823
-0.2642600419705632
0.0285242141379994
-0.7236572462557723
0.1564021670176811
0.2484834824853249
-0.4443370683906888
-0.2309976809278247
0.1443859811691245
-0.1764418340829323
-0.1199686719218946
-0.3268647552686486
-0.2963079041238665
0.2139812355803980
0.4664805680328042
-0.5014069695623515
-0.0766870444275612
-0.1590051994663946
0.2495148822258558
-0.4081366066894965
-0.1694230716431664
0.0431175073592853
-0.3589508694727345
-0.1450046375063409
0.6558012549707801
-0.2320289821514581
0.2476187659022505
-0.2139267728948569
-0.2307207417714291
-0.1315147802693521
0.0426969964838347
0.3180500919634728
0.2926232796945608
-0.4226446646658277
0.5061506338473861
0.2495453639112423
-0.0503412725673917
0.3501704123538937
0.0555695290280215
0.3810074032438250
-0.1066680522722132
0.3453071093237310
-0.0584695574060948
0.3089792825946142
0.1464849064093096
0.3781183607234672
-0.2658268198754405
-0.2137927479110444
-0.0414056247303580
-0.4482572256285065
0.6209205765059155
0.0630253906203239
-0.0638909490427165
0.2803746492481810
-0.2105751995469299
0.1737806073374712
-0.4061308058346134
-0.2399932314860800
-0.1798878731426256
-0.4022224476781841
0.6011542333256041
-0.0403979910362689
-0.3393772290831384
0.0984801328717182
0.2534258666131248
0.0316299478683465
-0.0417483006903924
-0.4177608819260251
0.0875532781212845
0.1658726117326512
0.5923754934926503
-0.3729119283897497
-0.2360200072501739
-0.1738415532305945
0.2609707107530165
-0.2924132546650963
0.2429897953336123
0.2056218148434780
0.4241940860094747
0.4437951499289139
-0.0889775086522058
-0.3837560260581130
-0.3254935789364617
0.1638329218045775
0.0910901676705461
0.4418344493972456
0.0104928577105253
0.2987084387718650
0.0904008393957852
0.0986961946987553
0.0269174523788300
-0.2231869921554566
-0.4003153574153275
-0.0813474947160795
-0.4822419259868672
-0.5088453528036913
0.2403035428291938
-0.1001116115515329
0.4532449345401107
0.2010365921698276
0.2166248153796873
-0.3794064494874815
-0.4468663475822574
-0.0797727619660623
0.2323271456382021
-0.2058700206055346
-0.0975270744306495
-0.6243630639473347
-0.2435787567438913
-0.0873255593422610
0.0800549578889933
0.3612877619558988
-0.0650772489019726
0.0988528935066890
0.3639294502841898
-0.0406791084226131
0.3962804543493051
-0.3072630938192288
-0.0655680274256984
-0.3862206848483264
-0.5568137824308239
-0.3888772847720717
-0.3484282647343966
-0.2695106342485516
-0.1804364436644294
0.0090566557103487
-0.3049159614630461
-0.6103648977757374
0.1885265306117149
-0.2183636171998180
-0.2515635217983446
0.1003429468478693
0.1176179244580712
-0.1555021328343509
0.3071187036605335
-0.1382776913180495
0.4060775104644397
-0.1581462224175876
0.7296172905467856
-0.0109744437473853
-0.2015559359696541
0.0610125865471503
0.2860492268537762
-0.3943481243053025
0.4572461283437268
0.4393533299327981
0.2860445121351763
-0.0302637352658448
0.2902768615475430
-0.1572341891913754
0.0547355485903876
-0.3671614900405323
0.1632839543223115
0.2935956291664874
0.0811482034484184
0.3696651186786705
0.3105089550571782
-0.0911171784117361
0.2799708248251049
0.1466531569646259
-0.5437721826287724
0.0825760766227986
0.5567024299587302
0.0372660040570698
0.1958069481004477
-0.1030524588334230
-0.2957922090594116
0.0943398698789993
-0.1623502020970650
-0.3447877000669802
0.0807289322986751
0.5649779983172327
0.0514963094013820
0.3066307471571396
0.2036319210548042
-0.5328165342326637
0.2405175600436014
0.3991534740719737
0.4103117593931354
-0.3192610208350452
0.1484899315765504
-0.1958351071972441
0.0017159360172038
-0.6118171735032956
-0.2468076723922300
-0.1181820356110699
0.0542180801267769
-0.1673987713389448
0.0712734535867301
-0.3815343932053015
-0.2249110090157148
0.1660419434499422
0.6937662696600619
0.4894031931675555
0.0955446418689253
0.0889367461639750
0.0291720234104106
-0.0667660935640410
0.0000240045344364
-0.6483721616070077
0.0352589360705681
-0.1962999365338895
0.4612469524675372
-0.0906079350501164
-0.0335136069438265
0.1624592451521808
0.1136442834673517
0.4841587769391776
-0.2098504708794216
-0.1093837331357734
0.1627555494652128
0.2362674396022562
-0.2680101772871534
0.1749760288027310
-0.1023692316245245
-0.0568241782328728
-0.0282993227242285
0.3492307650744156
-0.8143353853015606
-0.0605302877219139
0.2529361803666000
0.3147862647848808
0.2840694390077899
0.1853767643022783
0.0014397213724123
-0.2595801574069836
-0.0254896231612458
0.0468954438418773
-0.6825150727424425
0.2330693328745157
-0.3626181632746322
-0.4229632011966670
0.1978079452758555
-0.0498768933652707
-0.0667110487259964
0.3808326042823880
-0.2508822220339055
0.1229843306863424
0.0215751152237013
0.4052555801286597
0.2982427539191089
-0.5461586401460558
-0.2897317222214741
-0.2064825166427693
0.1700929436681417
-0.3249705814130647
-0.2573564955333489
-0.4212784931342952
-0.3273259712123665
0.0228908891776647
0.5992798048334700
-0.0293462449443453
-0.1658653243087922
0.5152126316039821
-0.0643738190201330
0.3534275621264831
-0.1740779336008515
0.3903012418984620
0.1789238133642539
-0.4374764861038146
-0.0667439879945973
-0.2625489864007260
0.3520500603735751
0.0462314342251308
0.4144182214654314
0.7271259278561096
0.1425311840226605
-0.2662151231618319
0.1535715382980526
0.0967869664805109
0.1343035702958939
0.3269403616594470
-0.1357944214610233
-0.1682184147102810
-0.0611788301482738
-0.1957064255009723
0.6550271319508886
-0.2321423800905414
0.2880259072176570
0.0208519468090618
0.2886366683107552
-0.0198243266088725
0.4261192401127645
0.3119505688376540
0.1654250465037657
-0.0734458947472571
0.3384337376366449
-0.4993656556760500
0.1764415661715001
0.4499329960905576
0.2473781355709277
-0.1956962220179258
-0.0080934784701957
0.2959222957637042
-0.3594929752816862
0.1279434940022639
0.2641817938231349
-0.4587962113198903
-0.0236787652367440
-0.0497309388760692
-0.1172869490031224
-0.1630025194248967
0.0018385331396989
0.5368152248280534
0.3344954913545765
0.0727263280948847
0.4789766453655577
0.3337322150720707
0.3801121394781166
0.2870424645184718
0.0720833698625279
0.1259792065708141
0.3683717679593017
-0.5068365801157002
0.0350156621986798
-0.0772016541505521
0.0553715307414865
0.4473476836926541
0.3861364854401986
0.2051631116397233
-0.1500803734906914
-0.3355681537052127
0.7866840513279976
-0.0344865867195135
0.1950110025620362
-0.2912028036799571
-0.2646433604583950
-0.0869099904874549
0.0190940167655494
0.0439826318889490
-0.3552392180112597
-0.2080197875621126
0.0871783951670171
-0.3018272247171785
-0.2277945327008614
-0.0977030922071998
-0.1247110485079369
0.4542200627090876
-0.3564524387633950
0.3081842599249469
-0.4759120573136214
0.4772347508591818
0.1970203440852227
-0.1622695106661965
0.4488620095739133
0.5967914725700502
0.0212177517443517
-0.1008230740687863
0.3152316911648601
0.1379917561538567
-0.1159259590081504
-0.0836322905294361
-0.2586365097830089
0.3250546662110035
-0.1106202975026323
-0.4790771903243951
-0.1232422208682267
0.2329202978609267
-0.2820894385403279
0.3378263425362715
0.0326079849621656
-0.3192457172130670
0.4685852189551689
0.3379098271690661
0.4526973507642538
-0.3569905311556527
-0.1821483188047003
-0.0213023150753879
-0.4773972355372688
-0.3402376365199020
0.0587812569243846
0.3366803872676730
-0.2420673831038994
-0.0270686572531262
-0.0857718548663039
-0.0464646030723372
0.1802841854839421
-0.3014210171559081
0.7870371892092310
0.3111354396431025
0.0091719993979375
0.3308869470324630
0.0572552735300118
-0.1799694387301922
0.0752127046559487
-0.3861847879653785
-0.1449759037599365
-0.0708619604498630
0.1005050695855922
0.1837961370426193
-0.6786614491473216
0.0396225255605821
-0.1031808883145491
-0.3554372952509086
0.4225602928907532
-0.0570010144033566
-0.3116454594605349
0.1592679105658078
0.6931657865604803
0.1419939427917711
-0.1781397248190766
-0.2374089451872037
0.4482446967471398
-0.1713617770409207
-0.1154166070454360
-0.0191193278040416
-0.2116560306970685
0.0043758690830994
-0.1717852745517363
-0.5891201349520980
0.2538240881251414
0.4948054526687476
-0.1453805014780820
0.4211025132186587
-0.0700762915274047
0.1602343589277858
0.2749091933443932
0.0975982390112847
-0.0956653246423423
0.4297128176222328
-0.2342006085499370
-0.3122592383059929
0.3705031854673941
0.2018481366471667
-0.0790543001155961
0.1935145352729783
-0.2936277279581251
0.5154737271338294
0.2831892276384146
-0.3155133675640082
0.2638543829356573
-0.4238672330214975
0.1035766301333263
0.5505511167951586
0.1901060270951960
-0.2895797284348274
-0.2198967378075713
0.2856430860086732
-0.2880976090522175
-0.0662615791217504
-0.1816428914622811
0.2939986043679091
0.4607786292148811
-0.1390794150564833
0.1674839663059272
0.5753926576811869
0.0409477821752782
-0.0047143990503345
-0.0308154484615564
0.0394294927303156
-0.5343967057439860
0.4147533465561823
-0.1125693208848365
0.2535166129726292
0.5607661756553954
-0.2621190736728116
0.3036795456972959
0.0564869997503464
0.3972230652894331
0.0289566120919509
0.0047891904764357
-0.3373609209402913
0.2613277364653955
-0.0781976064496717
-0.1633222741000226
0.1767564656579283
-0.1898514993408239
-0.5203825556828633
-0.1115290445776576
0.3583118262040321
0.3095990890955309
0.4891428652233958
-0.2913690236101519
-0.1647488566558809
-0.5017314999768575
0.0809207389794775
-0.0317232735233027
-0.0464757558620572
-0.5785637718165949
0.3141810562039067
0.4947415255240066
0.0494423175858886
-0.1675631268731847
-0.0516903543123170
-0.0135536352859868
0.4226179707762990
0.1437532030182618
0.0575526301622253
-0.3687825882113486
-0.2386136721988367
0.0449117727603542
0.3089646760220164
0.1945978110607081
-0.2268842855962149
-0.6461230174825784
-0.3751559094457830
0.0413026760727623
-0.5441363089643471
0.1731592530442411
-0.3559255039142531
0.4180146468259532
-0.0525260344234280
0.0067615643957593
-0.3482653894180646
-0.0009753308562447
0.3255303946318795
0.2162506716167849
-0.0039981912846386
0.2574810992962633
0.2031027089679593
-0.3726018650189806
0.3712380808164910
0.1484593348284064
-0.4966658460710129
-0.4006864097272522
-0.1870275329053745
-0.3236920425141107
0.5084686392758481
0.4291231736383860
0.0294596001266591
0.2100441854867820
-0.3526124963124056
0.0206168296078795
-0.4225045004241904
0.2412900270155874
-0.0905468696518182
0.3158008979601468
0.2071376784466220
-0.2117260294364251
-0.3605656939302614
0.5245500416851282
0.2060710565865505
0.3484242989715277
-0.1018535151338705
-0.2330607908382769
0.0340086098307989
-0.2926464436341373
-0.1470187133337824
-0.4615652183119587
-0.3157030382264034
0.0404609814957389
-0.2007247399616241
0.1682567413553905
-0.0969282413278180
0.1949288405696249
0.5030113843096605
-0.7022577391995819
-0.0011160483691382
0.1351356886689927
0.1351004315584040
0.3609140208353573
-0.1973872554284275
0.2328973964648194
-0.3740635667653296
-0.0435639245167590
0.0237194413317579
0.2201909454889927
0.2164850359383366
-0.3190042079979625
-0.3659001463273883
-0.5505976200619044
-0.1781354140648311
0.4529717187410337
0.1972639972603279
-0.1072664485496829
-0.1923620528116916
-0.1342200130303170
0.0313246592921445
-0.3919419247924696
0.0684500997102940
0.7035306196149436
-0.0583660332851545
0.0726746273940382
0.0762980412076558
-0.3732616444975871
0.3174072587687674
-0.1722332819290347
0.1065410050928711
0.0892836310905064
-0.2942561048779245
0.7076351918169707
0.2007069174376935
-0.2687397284638153
-0.2036631059998832
0.1355737925747896
0.1707243786876289
0.1827446869257529
0.7104876208881183
0.1157172799430952
0.0557463577316701
-0.4371634676860723
-0.2227759781245361
0.3280280353601058
-0.0892436067155472
-0.0484455000875479
0.2825148140072300
-0.0498538479267202
-0.0704562861542569
-0.2516674291268283
-0.2543958143248098
0.2743909252853987
-0.2084706606835263
-0.5599319096141295
0.2061887025766741
0.5545694483358288
0.3256939478150259
0.1137471636142233
0.7206157341421457
0.2613984578484816
0.2468897874327553
0.1670698056937026
-0.0042774839622831
0.0511294381734365
-0.0876152722628578
-0.3953146136068635
0.1947289448763441
0.6058028600023518
0.1783103451115323
0.1232714724388108
-0.3268151300638640
-0.4167748766902025
0.0268081407212606
-0.1132538762738347
-0.2773476360517780
0.2433047697299895
0.1172083306360252
-0.3769631291994145
-0.5800462025055635
0.0412986839157312
0.4238969511183135
0.0488929995834142
-0.0057986331196980
0.1071198895100757
-0.1254846113289788
0.5910582154476880
0.2356496466146571
-0.2021219647308314
-0.0822990273968989
0.7133602454369760
0.0914909321799963
0.0638894781981480
0.2254566043991571
-0.1006037571624969
-0.4556498333224053
0.3023893307986184
0.0542982398786012
-0.1086920727150870
-0.3220852268524816
0.0124768122086639
