-0.1267600775777381
0.4362046420372069
-0.0236156125907689
0.2844052173549890
-0.3468752414901132
0.3808989837093266
-0.5814891833803574
-0.3296622951490285
-0.0448005162330236
0.0466944116551515
-0.0016577856727279
-0.2138768901998500
0.5595060598716094
-0.4948984502118311
-0.5377947796721910
-0.3207362485793472
0.4051902049259264
-0.5020424809023200
0.0044929113372280
-0.0201865873757309
-0.0235002394261344
0.2840080580725639
0.6836878241249935
-0.1862919254271771
0.6474518528179193
-0.0480539818937618
-0.1308916595901345
0.1853171045642230
0.4882468637102316
0.4740031422171525
0.0721398627142440
-0.2423916639767737
-0.6287658306872188
0.2556519109544730
0.6178189755905311
0.0017546540305833
-0.1845124841366942
0.2078002830632999
-0.2785953652154550
-0.0524506740855041
0.0282753631380967
0.6375233580882743
-0.3524645810709968
-0.0264337472266734
-0.5006756913308926
0.3164738647744386
0.2569550261088890
-0.2257802192657834
0.0096572355573140
0.1154789702982491
-0.7869834779830912
0.1551735182205055
0.4403786281748713
0.2958302765172510
0.0117209816785542
0.2481194465897237
-0.0371629080268782
0.5990503848431531
-0.6834530262343722
-0.1490632941372267
-0.0180318762748578
-0.3684187010111836
0.0083509282759571
0.1195927428336001
-0.0970665898890507
0.3353496782491449
-0.2608361992653378
-0.4372668425637415
0.0785217747161664
0.2903315715580134
-0.1796082384982745
-0.7043888458005846
0.6288145614698621
-0.3587731506893178
-0.2466834295442100
-0.4213281905116296
-0.1676879051998496
0.2673347131410845
-0.1276686383404615
-0.3487370807358757
-0.2414085840777261
-0.1459947734508015
0.4487972375736627
-0.5655542400439908
0.0031553620805131
-0.2138688188047311
-0.5786837386396725
0.1360594187859535
-0.3643248089868378
0.0735862352213976
-0.2545603160759738
0.5087497454837069
-0.5060313850011934
-0.2921727078340589
0.4239790449912825
0.1305157350328952
-0.0353014061721946
0.6143399806901940
-0.1225654653945884
-0.0349584839406771
0.2956970758466806
0.1069887425600923
-0.0371574745992187
0.7105151513680452
0.4386624286438939
0.6980433380631547
-0.0679524487746608
0.0875291387948819
-0.3118300535652208
-0.0899017095046930
-0.3853253801915928
0.2328861055346418
0.4768402634570769
0.0998338905726489
-0.1163389271318213
0.5128557080311013
-0.3663900478582884
-0.5890116060934327
0.0517211134105904
-0.0474280650907625
-0.2908698794095956
-0.0411136660333003
0.2144904460941684
0.1287988233218520
0.7108948898403796
-0.4673498127455530
0.3132382790004264
-0.1708902573500390
-0.2200422678028655
-0.5490721380824193
-0.1923935336642091
-0.4949600773321413
0.1652771999659917
0.0763037734562710
-0.4194361394953124
-0.3987918552657980
0.0324130271364064
0.5489313612939680
-0.1663872782974025
-0.2404563753093208
0.4031305183303589
0.5709421548530406
0.3482821360409734
-0.0482716911956831
0.3017846090261415
-0.3037662111931249
-0.2663771742906859
0.6031816252133547
0.3712831893066749
-0.2916319794478175
-0.1505101448921527
-0.3692066425463569
0.1863827999148422
0.2794738028908985
0.0479427004313063
-0.1649865632677229
-0.8026124813529761
-0.2717991065767763
0.2549746165366610
0.2730625792241229
-0.0074543740443914
-0.2406753196343043
-0.4689096764913891
-0.1550679292813056
-0.3084105547965224
-0.6913895190917223
0.1799763438890589
0.3042522861840585
0.1249461426342166
-0.1303873253152213
0.4636900704455789
-0.1734799974319797
0.6521424230056658
0.3173876532148486
0.4429897204919507
0.0043887516084577
0.0713171360505845
-0.1489229022878550
-0.3227725720934081
-0.0639402702088747
0.1173076467812607
0.7644331847216549
-0.4984662219266576
-0.1337071109950464
-0.4200815295826255
0.0417357401245670
0.1022094388245634
-0.1518283722628664
-0.2980047564351424
-0.3062818851839860
-0.4998530692980445
-0.5965085863208107
-0.1647118171055013
0.1524314476910285
-0.3284528619865884
0.4552982584579855
-0.3061731045030354
-0.0972539159716162
0.0575666676622306
-0.7265966343439744
0.2154450487915082
0.4622738162257094
0.5581357780873465
0.0575582082328548
-0.5132107064156721
0.4014526549320941
0.0223897722322957
-0.0026627870521583
0.0073832269726604
0.3428042393543108
0.0952409332484905
0.5747639134912614
0.6610106553186145
0.2165816052519793
0.2222368574746652
0.0988658223243303
-0.1964786996730008
-0.5627935513995016
0.1943281294421432
-0.0840499033516932
-0.5129377189542464
-0.2322488384348660
0.5240136825228637
0.0905359872124316
0.5893277397543832
-0.0009165163270831
0.2363027930034848
0.3315651864971638
0.3703001193420090
-0.3095923224373208
0.4988279608704734
-0.0715442047452533
-0.1519206346439600
0.0745666472705170
0.5636468467318935
0.2820453108140739
0.1013703655600370
0.4859501793867659
0.1361999620288379
0.5560023859523756
0.7876252158611764
0.2726102821107788
-0.0742859685003259
-0.1811252662055612
0.2297921219759539
-0.2962907491565568
-0.2203545563949884
-0.2790280064277652
0.2044326133712618
-0.6033195693952312
-0.2901866434632332
-0.3290644293707906
0.4615635163392039
0.3785440953285351
0.0722886772347024
0.2003969871867207
0.0052886776883560
-0.3737983910413947
-0.6481464503484304
0.0372966895485537
0.1602069482692247
0.2975494499762535
0.1800360002314202
-0.5405062680102654
0.3052727132594490
0.4383188078502943
-0.1965867418149679
-0.2429775313816147
0.0111709417105507
-0.1989267568948596
0.7589135878765715
-0.0368006385689844
0.3648147183279237
-0.0450236375003955
0.6200716800440391
-0.1491956552138410
-0.1772972354104660
0.0047746206615920
0.5575867609019752
0.3402569011943968
-0.2698819156408383
0.2940131613880670
0.4928080942664331
-0.0970658060965376
0.6760745024751444
0.0273192310911924
-0.2902866134983692
0.2152882551189497
-0.1699646990100424
0.3553892844155576
0.1306473263467222
-0.6197715343404286
-0.3461510647916907
-0.2982214390772320
0.2635717207198719
-0.4066919480489344
-0.1406684227524963
-0.6762107409506816
-0.1481535524494002
-0.1925485987161920
-0.4005317940287958
0.5450466911927501
0.0573297703248777
-0.0560238745421524
-0.3415793557961418
0.0218140743559675
0.1525242439162976
-0.2811610795035183
-0.1855061313343705
0.4655879408175561
0.6379857327271241
-0.3497456814362701
-0.5865619683803082
-0.2068007697173503
0.0055206502206518
0.1392252396998070
-0.0313067591998652
0.4850697614227901
-0.1550591006637406
-0.5774497749837588
0.3881097075414134
-0.0642175831151289
0.2141614152162127
-0.3428371781681223
-0.0482135285886890
0.7929018900374309
0.1418070034065499
0.1752636204414092
0.3037910305691162
0.0450570072814738
0.5976467115431030
-0.4087127823314586
0.3840074514586132
-0.4812830419061908
0.0477829614565897
0.0086512989433411
0.8536695249827203
0.1791731263330040
-0.0449963409489018
0.0840631825458395
-0.3335735504208190
0.1882423438332664
0.2838971671858901
0.0524399510768599
-0.2541407287292577
-0.4813649850624547
0.0837783768363476
0.7917379536231938
-0.1834226133797916
0.0687522680344325
0.0193981579794940
-0.1763105769148880
0.4293949433064937
0.2326160926587209
0.0535091804302280
-0.0805651639761624
-0.6298361616024655
-0.1134937512677970
-0.2084654601086327
-0.5469218298485756
0.3250421382442175
-0.1749513923023635
0.0728013694555783
0.3802886058571738
-0.3719125814474320
0.6173144050525162
0.0160352258235595
-0.4406438291480363
0.4531868244678438
0.5358046476221801
0.1762231116681055
0.5321588171861816
0.0282839566163635
0.0844945944454174
-0.0209860217766246
-0.4300090209726500
-0.1432378608231605
-0.1781350760414127
-0.2728874172079122
-0.0631221081682642
-0.0789204780513909
0.5865580040689995
-0.0956987161943225
0.7140461390036389
0.0108111625938355
-0.0347235033807582
0.6577012085995899
0.6023633149477364
0.1480102312670050
-0.4111466215410113
-0.0962220326146446
-0.0552964878030739
0.4216911294281519
-0.4083555996446132
-0.1846601925931478
-0.3985200602243825
-0.3659286120829654
0.0825023255450433
0.2607605222370066
0.5037839196045187
-0.0894895582334632
0.4014064647191947
-0.3158738066852823
0.8045293849419572
-0.0049787514566089
-0.0984866166188791
-0.2515512391470420
0.1040108096707714
0.3814877622165097
-0.3821754881030400
-0.1793254848039384
-0.5899204803066876
0.1882501267390995
-0.4173739113432994
-0.2900031947266774
0.1857531586483300
0.5085904259455776
0.1582954219683343
-0.6280956435071915
0.3029655447963455
-0.1614491444186485
0.1594021616830813
-0.3223892127665650
-0.2730867982948007
0.1727884564085280
-0.6124072081091287
-0.5518569712181415
0.0551294417331548
-0.1778127033369450
0.0058609532543731
-0.4829204937910087
0.1505067347186724
-0.2985187842727335
-0.1178479858676348
0.5724863895853493
-0.3157096294933202
0.3591932726093410
0.0119677400914957
-0.0768416416139115
-0.5783748606841126
0.4810143614453963
0.2023193003758499
0.3605797795556220
-0.3249186166286790
0.0484569382862035
0.2485549131187995
0.3029521137203213
-0.5798229014201245
-0.1066463585219809
-0.6174949243005646
-0.4735077467545509
0.3176421054904696
-0.0360276432852219
0.0700837981997750
0.4113741106321874
0.3267752905450982
0.3455058194505224
0.0647681035476837
-0.1449641388197959
-0.1262771940018741
0.8619259304923300
-0.1719836364899047
0.0023641724255350
0.2587856642731379
-0.6540128046273254
-0.0707448595709775
0.3357878766820427
0.2162959222499560
-0.1485327560156926
-0.2832094461656968
0.3341046549289782
-0.4402607201044391
-0.0344787049053653
-0.3033010909749638
-0.2958297921910443
0.1872815431390716
0.0361944374465812
-0.4836379735301806
0.6278711359902670
-0.3934363158389612
-0.5688448078785209
0.2419656814339057
-0.0978213918248721
0.3248078141726449
0.2885407694661123
0.5043560617050764
-0.3488160667373361
0.2085559677277325
-0.1173038370841889
-0.3828240317079029
0.4327033818972188
-0.0973273540224034
-0.5504492255062928
0.1662601391635204
-0.2315205530340827
0.5086670716623811
0.1717255675258495
0.2364038821824173
0.1041783272928147
-0.2786109389975219
-0.2709615291417460
-0.7926385835914650
-0.3524098940463701
-0.0160482661339482
-0.1945340232921682
-0.1232872657645143
-0.2840042621461870
-0.2860542961346724
0.4793230351582293
0.0900286763405262
-0.6271572587476006
0.3915218012206215
0.6322101422391757
-0.0160817958509143
0.4208221080190636
-0.4148592355554529
-0.3219086624277253
-0.0293071831739437
-0.3346930440502511
0.1853341530901572
0.3119693895186674
-0.0396482265494878
0.2627443905661822
0.6217726600222786
-0.4419067801911966
0.1075848003927965
-0.4442105659404548
0.2031948426068158
0.3883893110191247
-0.1627542040134901
0.3957251648653952
0.1971115841596539
0.0747039045153078
-0.0346918552935504
-0.5902007114817721
-0.5216247228010016
-0.5994312944621751
-0.1855606392352486
-0.4809925598869215
-0.2580218321671982
-0.3626570811927170
-0.1064615570527263
0.2672875858407080
-0.3066323346137027
-0.0063554215872851
0.1202515177379470
-0.3836562269234332
0.4061850127068181
0.3538057426681486
-0.4723456973133108
0.4094160011952663
0.3967497860658845
0.3438029606306606
-0.4141294487306774
-0.0211424411031066
-0.2780862973406889
0.5414189102144794
-0.2030572708484475
0.1758595844832059
-0.5169371792919379
-0.2286912925310383
-0.1267029475388761
0.2377284923456221
0.3854168376018400
0.1476988516679124
0.0185621634524626
0.8241148196044068
0.1589369070979379
-0.0017568308901179
-0.1314183065453489
0.2094014379748667
0.4231482027115262
0.3327692083456527
0.1867180353404650
0.3933960007101349
-0.6778372920155069
0.2872776031671632
0.4102684803005735
-0.1360419763305022
0.4197699382975028
-0.0475096849705078
0.6918702554515530
-0.0705413215157432
0.2617621702660803
0.7157380227922748
-0.6177483860789207
0.1611240543417231
0.2299076533151286
-0.0265622384830380
-0.0860472668043838
-0.0976915171475665
0.0981539969923910
