0.1273662342450813
-0.1629964083074549
-0.1458961115445548
0.6263158550209073
0.2073280614811638
0.1295020325643729
0.0337218302206548
-0.3312544430480847
0.5790158155538242
0.0393258826674429
-0.0623351096690333
-0.1798302328415680
0.2260278552559919
-0.1249778753262866
0.5780468222224533
0.1397769548776880
0.0699879186731802
0.3481579049163377
-0.3710207944408494
-0.1235710946887166
0.4416437719747931
-0.0367797615003193
0.0878759259848128
0.3105697701275707
-0.3735707499329390
-0.0259225283147011
-0.5646641554851211
-0.1989524908035550
-0.2204945511129179
0.5411583928318638
0.2596266577101505
0.0267705542448373
-0.0185032622942753
-0.2778768762595354
0.0482708541801401
0.1089233382884992
-0.5846078979843002
0.1284355880120565
-0.1657599532379325
-0.2971769318736134
0.0930304770610746
-0.0425823007885233
-0.1700290646117765
0.5171747970786860
0.1785508799830716
0.1403647242611815
-0.3343075817641689
0.2361262524110251
-0.2832900599664134
0.0626740546279062
-0.5521477566839342
-0.0362707520592335
-0.4173651940460281
-0.3202132204877498
-0.3822297694154480
-0.1007282775021022
-0.1025874770596577
0.0885983803374178
0.3306674367853829
0.2212355772574656
-0.2898085176207806
0.0933869272856312
-0.3263019530304528
-0.0046675610511310
-0.5487369478510550
0.1147670933211480
-0.1300711562991618
-0.0640405272868456
0.4037126141227153
0.1850221747967407
-0.1465787309517246
-0.4967789563082917
-0.2009165596088005
0.0152671355623217
0.3740444614827990
0.0355402225655042
0.4458829701476795
0.0985811240899252
-0.3450613089743379
0.5033379879224559
-0.4219138387962167
0.0141971148386153
-0.1472122237191325
-0.1933817511541101
-0.6414396829937262
0.1675218858910184
0.3915440295721884
0.2523084232984484
0.2260220518537311
0.0928226373472933
-0.2282692716035005
-0.0938935889838035
0.3747941855926804
-0.1033080313308892
-0.1865338602998492
-0.1922558061505841
-0.2702301703813556
-0.4860878794070849
-0.2816816780440065
-0.5768372828787240
0.0393999187136867
-0.0874999001414977
0.2364694850732879
-0.1266095789361430
-0.1259200895973240
0.3388249463081445
-0.0195294570435853
0.2577060495576845
0.1903782146316293
0.5460315348403696
-0.2941005793769155
0.0444493286932720
0.3530204236048611
-0.3716934248677284
-0.3038174670075368
-0.1387198722722908
-0.4352965638860746
0.0105853312608057
0.1059690370804984
0.0445257493991713
0.0543984505143199
0.4265831368764709
-0.4188516393462295
-0.5739525147383704
0.1889339609816613
0.1015473594835039
-0.0166093932039892
0.0789539082471534
0.1921653297721577
0.1120469334474017
0.4432830046383926
0.1082132158920608
0.1634006506273100
0.0220054386448874
-0.0121099669711294
-0.0900206836153973
0.3563898154201658
0.2013008139694143
0.2250650346490060
0.2041514685648896
-0.3537756074709065
-0.5025414760454318
0.3772128301258216
-0.4297710649734370
-0.6244125315979354
-0.2897338895342369
-0.1518906948239008
0.4682372818691878
-0.2849038805707839
-0.1332469109014428
0.3362528309503529
0.0142736133538185
-0.0262615789648124
0.1541741006923520
0.2121069860274717
-0.0469357877044735
-0.1971964495840042
0.0675246513687317
0.0780358383745447
0.1663768980584703
-0.0805036772856566
0.4162202165517063
-0.0867589554697008
-0.2180137608863685
0.3014465561524150
-0.2465131551469322
0.6823850152932230
-0.2659282223916157
-0.2617203551228314
-0.4687135208736394
-0.1981478244468313
-0.0530953640831585
-0.3619754583552810
-0.4932667322836612
-0.0449957919180635
-0.0436627746127955
0.2870412457585692
-0.3529691704933582
-0.2902671643856014
0.0149704185674040
0.1320306018534672
0.4959657319333708
-0.3354756581233191
-0.0586706959286648
-0.4829372775645965
-0.2421656124277297
-0.0298140358147444
0.2372408222708909
0.2055099158969278
-0.2161388102382769
-0.3686364506430447
0.2161294038643602
-0.0396675523770196
-0.5712928515664154
-0.0665127124172646
-0.0651334611988132
-0.4121161491904575
-0.1317624787416248
-0.0502183688104297
0.4913118513854069
-0.3152200861488317
0.2575567442086004
-0.0982748187502304
-0.2385733515123683
-0.4825341174892455
-0.3729974302224262
0.5835074285520963
-0.0710065309881439
-0.0835516892544285
-0.3382875243942240
-0.1367188535642438
0.2275384999881854
-0.0122217160567545
0.0412176082343438
0.1215307153324567
0.2720436944902517
-0.4894789173959240
-0.0111053374679275
0.3373001399884923
-0.2976490362920863
-0.0606175450938319
-0.1140719700432071
0.1850836772099524
-0.0333451719441446
-0.2326920228893674
0.3575493020795297
-0.4319649270706422
-0.3705201469899311
-0.1412449291479909
-0.6080713035840973
0.0722753139007978
0.0330791580654178
-0.2972469476751664
0.1323104895155343
-0.0054525297169262
-0.1026587809928553
-0.3455324143915011
-0.5004932838931746
0.3376493114634608
0.0604781362750248
0.0978825998230097
-0.4955346527493415
0.1616086672993360
-0.3523498139743771
0.3432511380645913
-0.1054520741147017
-0.2625278466621611
0.0668613496454800
0.4766288824857797
0.1541175819923297
-0.3458440486906585
-0.1474056682820049
0.2593718211215694
0.1626001918545085
-0.4024485518129751
0.4180539548910281
-0.0477656901382889
-0.3372004885195662
0.1778873571272010
0.0489551778537193
0.0795846913222434
0.3587597705885989
0.4846220672850611
-0.2227698226840188
0.5777593678764258
0.2011772485430199
0.0107554781203173
0.5078464765875141
-0.1482944171806708
-0.0100908262987227
0.2904606416677155
-0.0370199532871976
0.0522962904484363
0.2281482550267864
-0.2449701020774778
0.3808809577646353
0.0452356839861978
0.1111025719902189
-0.0237919487908469
0.3835805615320773
0.3671432742332266
-0.2093256091612006
-0.3265939933437626
0.1574653438467086
0.3060396523296474
-0.2143441782634982
-0.4369539485224236
0.4441925632309672
-0.4304347193034023
0.3619438710130652
-0.3985291710044259
0.1106615541900199
0.1715243955687958
0.1509412573850618
0.0745704182101404
-0.4518028010765464
-0.0814549173027458
0.4659957691944301
0.1380284634747525
-0.0890049996296482
-0.0432210241623314
0.0386167829402616
-0.2764250845927865
-0.2313515347351583
0.8785159706494557
0.1817147353127346
0.0686324428614093
-0.0626736989576748
-0.0965904455156855
0.0409628114895355
-0.1977740900111087
-0.0559920520199010
-0.1565521205194350
-0.3516182751999676
0.1671144420887455
-0.1206488610985050
-0.3011258753005682
-0.1486276868821676
-0.3454966117049457
-0.6843063123563822
0.1229284370393966
0.1340284967574610
0.2020648537158303
-0.1872361452022289
0.2587685413004458
0.0816734021054947
0.3837865406493635
-0.1430488049679328
-0.3666979588191219
-0.0705800788221407
0.0069191218957652
-0.3463372125833811
0.4310258299959753
-0.1707086938182329
-0.4972390337125936
-0.1923423185953356
0.3761512192696143
0.5076861479568250
0.3277926111980500
-0.1124328054066187
-0.0641095682800590
-0.3446139633743205
0.3313001443892312
0.1370424748912575
0.0904738777297456
-0.1399215837641854
0.4361031821997464
0.1063818591375681
0.1543102599175138
0.0803849089808886
-0.3131511885977910
-0.4227091888779815
0.0443121269491232
0.1524256895448789
-0.3119007815506423
0.0252354369550407
-0.3704134244867669
0.5693784127106796
-0.1723533413029496
-0.2806425634375431
-0.2922098237250059
-0.1866768308103094
-0.0250611933286086
0.0258016879810045
0.0668876717010485
0.2013486279864998
0.3292130129588794
-0.5565822059839703
-0.0405028915770680
-0.3655238366628434
-0.1443594566290097
-0.5091202083922484
0.6934061380878740
-0.0936974534516231
0.0435427223878381
-0.0946326556714293
-0.1158822331723654
0.1677398472496034
0.1454519931843851
0.1734014367721900
0.5411428341731285
0.1940003386354422
0.1665460441770921
-0.2203597843787163
0.1395793617810580
0.2250946236736704
0.1722131631646292
0.2163767870576453
0.2674943151599068
0.1826408088042373
-0.2450730195373635
-0.5450303226795484
-0.2473586681103327
0.1997747350560346
-0.5173615271914344
-0.1502824278174188
-0.2040449796918793
0.3971374879238099
-0.0769686367430703
0.3770464427723717
-0.1357676174052531
0.3635470894644601
0.0336726215862384
0.2621410829051219
0.5322937265839237
0.1219998241410372
0.1031073314515739
0.3510789877840474
0.2990583538329110
-0.1429360057462107
0.1800656684469016
-0.2364712326958274
-0.0116237315812102
-0.1486755008990232
-0.4496445900153454
0.0764273621903798
-0.1903442788554502
-0.0029891426267378
0.7236371404731925
-0.1078870017861136
0.2254380782747677
-0.1596145922957218
-0.2056832454482291
0.1437793344616619
0.3381801827174674
0.2922121752199632
0.7203719564940194
-0.0562724978369746
0.0934754858599000
0.0679131986421996
0.3137838206463426
0.1644884924919801
-0.3361517171451858
-0.2392370074420936
-0.2843826069034216
0.1603367965903151
0.4113676810989646
-0.6103924098860718
-0.2300924827192036
-0.0575849092735335
0.0150707396328832
0.3188770139462042
-0.0277680255813035
-0.1498157065873174
0.4221909359798212
0.3074606560473595
0.2274377884600733
0.0268798232857907
-0.3260395156625002
-0.1193947072499054
0.1768834637419686
0.1871579959760657
-0.4815661188873737
0.1220323871042851
-0.2259016097282787
-0.4359703903978094
-0.0560456961125088
-0.0473074533791024
0.0778116584379427
0.1025061058496095
-0.1485351352403076
-0.3636770382433335
0.0747675183154220
-0.1874689365675290
-0.6274005793581428
0.5888370038632585
0.1605208823219872
0.1298953909829206
0.2793269998428849
-0.3416236316664013
-0.2001400011282517
0.0763583954303735
-0.0793115354663994
-0.0773925748261275
0.4470747790341080
-0.2707060260084264
-0.0284703929282232
0.5001832160778622
-0.3077661764398262
-0.3580945736809150
0.0023494943197102
0.2590121323398361
-0.2589072990140941
0.1272482707125560
0.3309517238966881
0.3593202969353808
-0.7252537303640982
-0.0353129800846181
0.2370727839952846
0.1085210793002573
0.0730777254678454
-0.1023782225981948
0.1916283179748230
0.3926656282074683
0.0122688228335679
-0.4848239983917235
0.1254765522428932
-0.0751321286488768
0.4635713176238849
-0.4307634343457482
-0.2922661223332186
0.2033005892018209
-0.1471562480205641
0.0603090106730204
0.2080064617103123
-0.1313197699798446
-0.1320555480216394
-0.6524635654401462
-0.1381044617072568
0.1567824308528321
0.3385854304980332
0.2480173536071878
0.0199143708760922
-0.1279796704528372
-0.4059519490927816
-0.3081597318222686
0.0359082240206160
0.0156534907597509
-0.1795044548776625
0.1742207319718536
0.1925919741209492
-0.1784482752938004
-0.1323686936078995
0.1716130659652906
0.0449167539353236
-0.1910509135701992
-0.5809169870810024
-0.6663335289155241
-0.0035995976629025
-0.1056462257069345
-0.0474621031963881
0.4020250563724387
-0.1034078525347196
-0.6558815931542318
-0.0421350542673239
0.3273565421580756
-0.3801032255481395
-0.3012363372412737
0.1800475596332166
0.0865949613243461
-0.1388791319613422
-0.1663528953782903
0.1804711830057030
0.2693402406425680
0.4276733374450003
0.1894924853404835
0.1502456128706850
0.2429140215206033
0.0253372545345820
0.5846517895262485
-0.2106412331986081
0.4008778063113068
0.2464321067769668
0.0071223859258832
0.0982511418885220
0.0581045291924418
-0.1852715517241004
0.4265588165243881
-0.2454686744026084
0.4318245650032281
0.1995056007375453
0.1920245869112503
-0.6201100144299511
0.0444230974445951
0.1807536800814720
0.0661928053230574
0.1927356571946875
-0.3601215950410105
0.0618910685704258
0.0257083921575468
0.3334648875157306
0.1727765377067350
0.4928997125448581
0.0117289604235579
-0.2772436925196726
0.5749941510363684
-0.1492193642934830
-0.0502054887896896
0.0333197354731715
0.4977666130202211
0.4068288241069136
0.6217246584139055
-0.0287118632613223
0.0256273052502523
-0.1204555219960373
-0.3480872432319290
0.0010174506391611
0.1926746341614270
0.1752657756658599
-0.3379710474116268
0.0622047335514522
-0.3696378055945272
0.2985814157850450
0.5755204145913123
-0.0393544858385814
0.4707834715018526
0.0305323128549117
0.0059492618650759
0.1791630106046236
0.1947523569006377
0.0027414013043204
-0.2288327121486367
-0.0209241541105254
-0.0521908465703160
0.1201892271593483
0.4148300510234037
0.3846410855521329
0.0861757222899106
-0.7279417304780880
0.1127700901784924
-0.2444136161316339
0.0144102933220791
-0.2862717997495633
0.7035157244208998
-0.0460672874353520
-0.3030009007343157
0.1022456796269959
0.3016081291771445
-0.1252722482599120
0.0098223540760965
-0.1919999139043897
-0.1838515222326762
-0.2457294659632728
-0.2844692677992679
0.1507442569998931
-0.1936235906782262
-0.1061564824831176
-0.5489573626216943
-0.4854817370801052
0.1847271152814226
-0.4146651333582643
0.0237179814163695
0.3589706657912300
-0.0761610516157395
0.0125914136774123
0.2236456155627677
0.5094340961172354
-0.4931184860529804
-0.1349915893037660
-0.0440465231685706
0.0290716997657216
0.3738798837366456
0.0841037446969533
-0.2863160319179998
0.1246369386388997
-0.2161258565902671
-0.3604233166542455
0.2351953959930349
-0.2194873000151042
-0.2069607916416145
0.0157825410291419
-0.1349904335945090
-0.0214613969328003
0.0201812000410025
-0.1602499247260063
0.1470023573620612
0.4027841105566871
0.6917227695740890
0.4430814352211284
-0.0729853297032033
0.0527328831465453
0.0436064569632163
-0.1743631622797324
-0.3244965696137553
0.1591813284644211
0.4164986578020424
-0.2671349424571433
-0.5687351954232278
-0.4007257527294366
-0.1886716153910911
0.2635707889107403
0.0184089243498503
0.2652869989547064
0.0509605294483988
0.1579407369951483
-0.1746519959768177
-0.2353262050175141
-0.5055603926327419
-0.2452394912221578
-0.3830249628005867
-0.0752742611849652
-0.2671324882779139
-0.0199928659762126
0.5256722149705477
0.5433678389640415
-0.1709037019027519
-0.3317568956685158
0.2302280972607975
-0.3568741730900362
-0.2555327800028839
-0.4583808546698636
-0.1810883562273085
0.1107461441012452
0.0747207153561327
-0.1895850700155264
-0.1520629191829637
-0.4802496120440958
0.0518379638735991
0.2005711887451733
0.0545748269448506
-0.3541825965125828
0.0174199608906418
0.1364101644803002
0.4758987685064602
-0.1368065755664553
-0.4956731907347534
-0.1716509434105544
-0.2424000558740932
0.1910465493623968
-0.5316955427414997
-0.5481956192370711
-0.1338390448650479
0.1296004268081032
0.0467702215158030
-0.0284695398435550
-0.2003409007770884
0.1519253395127115
-0.0855143410284515
0.3691688527082960
-0.3684553844556190
0.0217801173616469
0.0844852554152357
0.1892853701450964
0.2315104035974833
0.6638739257058044
-0.0240367517135126
-0.0093304380324485
0.3608897677955739
0.3995033775417691
-0.0306597766976769
0.4109852130588452
-0.0433035519842094
0.2371988364568639
0.6130609776070411
0.0297866084122598
-0.1262241929440094
-0.4220876945098768
0.1024734329737677
-0.3303148556016228
-0.4034027154726911
0.0413971071777518
0.2708588570125422
0.1236955674583892
0.0139228400947264
-0.5508021670170462
0.0782100643175114
0.2315217942388939
-0.0438353522304231
-0.3419235931761149
0.5312283511410073
-0.3009688227477668
0.1211633057712696
-0.2253268663211105
0.2517906039928302
0.1182758383111861
0.0493793165665308
0.0458843530386701
0.3732192935182965
-0.3293676373973483
-0.1138270248998526
0.1039173883448242
0.3638255307147960
-0.1467033654012033
-0.0885803516317347
-0.1698785822979267
0.1798413638968802
-0.3157068949309119
0.6354161345255166
0.1737408829594504
-0.0941419679437117
0.1350414805613998
-0.3184470559930535
0.3772343287582404
-0.2309313591040134
0.4040225107810074
0.4214381848352329
-0.2079828309402823
0.4301975567127446
0.1655541462880505
-0.2215678928235573
0.2885563051947131
-0.2786803303248746
-0.3368689523715709
0.4285822586673103
-0.3728765868851502
0.0540993561077214
0.3984012663044559
0.2385379144421785
0.0674150543946889
-0.3530392767364210
-0.0474521927797383
-0.2299744825650770
-0.0677425428282985
0.1829642396736637
-0.4447863006273576
-0.4106710917623262
0.0944528177843017
-0.2090785639971571
-0.3066782046582760
-0.5097391890431607
0.2318479074206340
-0.0411475019912798
-0.3643456869383203
-0.0270987933577708
0.5678893576300087
-0.3152511586361524
-0.1633956796339454
0.4095476542879641
0.4271889797751135
0.1352605193070057
-0.0830702071501806
0.2659771338581745
-0.2176922088350727
0.1568310288369479
-0.0230134730883157
-0.1809561778450938
-0.0753997791509322
0.2368208407468495
0.5809828635045805
-0.4686400873938876
-0.0971882427997982
0.1310604520325238
-0.1165391086397696
0.4107622908364709
0.3369212042119851
0.0513664246371105
0.0423472935462765
-0.2327853576877325
-0.2532806368848418
0.3224904506291943
-0.2532556170061365
0.1525650155214592
0.1300076116045039
-0.4792319436116340
0.3659002514585474
0.0483302787882611
0.0313415696939626
0.1764883923767181
0.0408323305883035
0.5725841127310664
0.0520842140940729
-0.2185102645648593
0.1312125263267681
0.1729110168181759
0.4224072143528231
-0.1566524820739544
-0.4470255703997018
-0.3226894999447819
0.0751924818981388
-0.5828571575514676
0.1423237353192255
-0.1728146469446959
-0.3779886208537953
0.3036050986852336
-0.5238029326387567
0.4101805047128487
0.2166516782743842
-0.1412632975258361
-0.0423321543726059
0.0630226776490578
0.1658424365072574
-0.4240775719101020
0.1575551407859817
-0.1323054292882226
-0.1841980192545211
0.2020827061864226
0.7032000943546853
-0.0768304998488523
-0.0743364866885069
0.0059029055714430
-0.0919620372123835
-0.2798139430144005
-0.3827725099442191
-0.2829986382595162
0.2101088311333507
-0.2485518257200415
-0.1480934592558660
-0.2784584670290167
-0.0827291612168183
0.2437487027793208
-0.3525108877947634
0.0796373624282877
0.1149790473390140
0.3774960627986386
-0.1146852439599908
-0.1319803046052025
-0.2416283723781925
0.6774853464506924
0.1876022101893471
-0.2634200312320201
0.3477401323123021
-0.5707911397549114
0.1171550086900223
0.0783815192447929
0.2130333104597916
-0.3073783060847542
0.2620525421133503
-0.3567840188644105
0.3020339913219749
-0.0420130591392930
0.3345512447899052
-0.0086782492874228
0.1856751972192049
0.2592976974175442
-0.2295651582024682
0.2322877473454779
-0.5003081530862734
0.0323922815398331
-0.5913096157037061
-0.0689440380151824
-0.0327749168168687
0.2698143311635405
-0.2180037502251072
0.2523082298824001
0.3059183468801882
-0.3301720794936636
0.3606175835487636
-0.5679077463582467
0.0389777209224713
0.1161975482940447
0.0211052363590781
-0.3944245179917827
-0.2424745889425425
-0.0618048898756011
0.1068060403717714
-0.1684440089423954
-0.5334249311777290
-0.2264655099485071
0.1145958405131761
-0.0305500436083185
-0.4462008677649892
0.3740684750927337
-0.2615060874339261
-0.4238088636942629
-0.1421519108219988
0.0556398998230915
