-0.1753344471694580
0.8843005471818857
0.4327474712688661
-0.4519703608242428
-0.8197630385373361
0.3517262480743196
0.2314461959024031
0.9629876648740475
0.1381572137194996
-0.0737896655524383
0.9822419753929867
0.1724986580635997
-0.5120410260961364
0.5756484464736565
0.6375287081119420
-0.7929744687935829
0.2481793762228043
-0.5564157519869427
-0.5438512405995597
0.5324642435746749
-0.6486198096055725
0.8722260611769490
0.2263641333763113
0.4335677309539267
-0.3257968960753664
0.4675904513432708
0.8217150067512783
-0.4474780571892258
0.7806285663296745
0.4363283508600294
0.6745515449600925
-0.6146958537482247
-0.4088144084749138
-0.9395211814298496
-0.3411697941418239
0.0300519751411615
0.3774087686627685
-0.4004733558947029
0.8349752766129591
-0.9646213425020924
0.1978008545485164
0.1742999929126154
-0.9854992452545813
0.1252277774796309
-0.1144955953308375
-0.2894525543411339
-0.7845988903843654
-0.5482898868235814
0.7300639966015943
-0.1113267070076185
-0.6742498981630977
-0.8086679208233540
-0.5881521382654523
-0.0115436599486446
0.5797746090739740
0.8112313869424350
0.0759278572894957
0.6421619229959824
0.6212438008353123
-0.4490926458736513
0.7396230220314038
-0.5031792472455731
0.4469546178556745
-0.5334290133176492
0.0029197900502620
0.8458397972293699
-0.8200197833652190
-0.5099846118929592
0.2597753847500702
0.7893115900895759
-0.5865357590820623
0.1815572005410254
-0.5708653596887718
-0.4673014698644078
0.6750867184073267
-0.1574350596622692
-0.8076738399232005
0.5682228174693886
0.4670184551398349
0.5168779909415073
0.7174474928794951
0.2846865091317621
0.0739917875688140
-0.9557608523531097
-0.2060625445734832
-0.6167089207585693
-0.7597422818171318
0.3796409759418100
-0.1297614308588652
0.9159883735328794
-0.1011604669239096
-0.9174621601390199
-0.3847463380524629
-0.7872508046771672
-0.0279914625833663
-0.6159972796673674
0.0538716755272795
0.9953972310863943
-0.0792602985196433
-0.4114860502415252
-0.6876237175725004
0.5982080352924083
0.8533975044569204
-0.4204919834155645
-0.3080571233877658
0.9240324235003835
-0.0462983347847371
0.3795003880316442
0.1069517353198818
-0.1668403417394720
0.9801661219815354
-0.5449546828460786
-0.6753849555631696
-0.4968697570219637
-0.8797191358931417
0.1734602508360332
0.4427254039733036
0.4381661219494798
0.2872543440784093
-0.8517601724569166
0.5833178697281918
0.0358907148755725
0.8114506266196883
0.6667079368700874
0.2778307578361465
0.6916000266878423
0.1793038446039915
0.3778458561137152
0.9083405970933597
-0.2406915668540171
0.6286212053437760
-0.7395288701852664
-0.3437342002138272
0.1997035764768482
0.9175866613817555
0.8751325246465046
0.4245532746256747
0.2321585262497405
-0.0403759272888542
-0.6424101161629162
0.7652966922358372
0.9219618332174968
0.2490169003455729
-0.2966091054443810
0.5564118580804225
-0.3127532123375925
-0.7697995014028058
0.0453518573093832
-0.0706271474467424
-0.9964712816143402
0.7919585210190920
-0.6022341776052781
-0.1005768179519862
-0.2652055311899990
0.7183895480275782
0.6431037890659351
-0.3969930360321662
0.7456038989153934
-0.5352301890440477
-0.7099803960226290
-0.6509068979363709
-0.2687899690881376
0.2471852756314246
-0.9676693213881685
0.0501549993039403
-0.1524669726349170
-0.3227933377335516
0.9341082824653558
-0.9934817116467214
-0.0702857531107736
0.0897440891265391
-0.7331918632486021
0.3840526245668389
0.5611891599357262
0.0133661796375419
0.7855130630102067
0.6187007136590519
0.7349565780012630
0.4662625686071967
0.4923799808770585
-0.7773875492680270
-0.3738321374697902
0.5058835154833758
0.8984351782607684
-0.3173089324895143
0.3035280412513912
-0.1938309332316916
-0.9288948576582465
0.3155691885127531
0.3712654352830679
-0.8823201440869503
0.2892630980655113
0.5544759544341613
-0.8282459168867630
0.0810254103027646
0.0717271080442698
-0.5900410380096726
-0.8041808225990433
0.1249584248268774
-0.8167605362839960
0.5632828937877175
-0.2333223722439218
-0.1066473399535734
-0.9665335045880696
0.4367186544621882
0.2731128716262674
0.8571383646744497
-0.5999879014429640
0.7242554763111223
-0.3398065966920264
-0.1033493581140130
0.4359474369817773
-0.8940183120979351
-0.9214029738659399
0.3873908815699554
-0.0307386503844094
-0.2953677690089439
-0.5251293435519698
0.7981209517180691
0.6703716113428817
0.2055476902771009
-0.7129881133141683
-0.6594190930653391
-0.7292829617139008
0.1825180030974666
0.4257324870094463
0.8502349816248380
0.3096002673224997
-0.0996170789725331
0.3409997287939471
0.9347703581839952
0.3830714274670477
0.9187005870445295
-0.0961535897530374
-0.3456950152420633
0.9146954102136109
0.2093496189892498
-0.9721503877646639
-0.1491485385121140
-0.1807715050241992
-0.5939829732451204
0.7805640549793621
0.1946894541804002
0.8474915610351798
0.0958279550184634
-0.5220872120739346
0.0967040960440287
-0.9448254211879377
0.3129748253220115
0.5998734194747771
-0.2419509074200422
0.7626346694232149
