-0.6555096199116796
-0.0386613447520557
-0.3377442448458915
-0.0410970266172307
0.5858496720853849
0.0579202123449526
-0.0082527577005706
0.0869624433362723
-0.3143996409994663
-0.2566568329062254
0.6974432571839474
-0.0906826725030279
-0.4041710411204671
-0.0399169536399560
-0.1686831230628251
0.3628190966582867
0.2809146780647536
0.1884793970496950
-0.0659394067834026
0.3417462813141445
-0.1977569059474164
-0.3156675119727533
-0.2057893249838312
-0.6959927426949332
-0.4582416209787777
0.0515650360989886
0.0266124326129505
-0.4559090559747276
-0.0257702418722131
0.4124904721586158
0.0937363334411755
-0.0781538051245607
0.2549551837651191
-0.5050588831593302
0.0435671839345834
-0.5333434161280648
0.5954789964684096
0.0547025350732435
-0.0482431843926850
-0.2663700026545385
0.1195539972480338
0.2572326934135988
-0.2609317532355740
0.3916593117243799
-0.5169021194976939
0.0506859304092742
0.4111814470364324
0.3568846006320894
-0.0649636833055843
-0.5005543407391924
-0.0622078990585109
0.2998738457750925
-0.5891716266063979
-0.0728138451019013
0.3539364875810913
0.2467617182254452
-0.6398578304368679
0.2939622882529301
0.1494011075177842
-0.0830348514315176
-0.3287846899595790
-0.4247396837882406
-0.0169439745858465
0.1875282931738343
-0.7759590751898053
0.2696329855699065
-0.1066188985336498
0.2046054963953524
0.0510322740038417
0.0983205892445239
0.3868855165618736
-0.2735618268656843
-0.2611596736054840
-0.5745048905531138
0.1725068733119002
0.0932351894513959
0.0886767382730895
0.0554075298599982
-0.3822950204680259
-0.2398602393499858
0.5904848502284583
0.3443980452615917
0.4589338237202581
0.4869117276141814
0.3165370984422235
-0.2492155177095995
0.1139763615473467
-0.1222148350488607
-0.0230648338341302
-0.4928727309989848
-0.2140224349319086
-0.4163834825107670
-0.6641137557582628
-0.2824163702317622
-0.0863762415283059
0.2288770283935265
0.1043942447628433
0.3006519133365019
-0.3144484465162488
0.0451366481987735
-0.1731406851830813
0.1474260343647521
0.1451616178332184
-0.0380652295482242
0.3157117603685886
0.2284449053324218
0.1492324989606962
-0.8657934882922449
0.4525383189019756
-0.3400131373728877
-0.1505928523714359
0.6173855075794966
-0.2160779031424852
-0.1631261146417704
0.2585655437150596
-0.2837115978854802
0.2347527710351720
0.1664469489538355
-0.4282785468932008
-0.2888176246946890
0.2494797727949287
0.6254399231780626
0.1033924641245884
0.2018894396749845
-0.0960791331634572
-0.4374488281644616
0.5237785316715576
0.1881521445403098
-0.5222309857105739
0.3396532425604088
0.2854167179368734
-0.0183263831435155
0.0814276838827671
0.4507900530233173
-0.1025894431341510
-0.1730925467736630
-0.1837906205875731
-0.4311960709201056
-0.0944496414687708
-0.0387442205694790
0.5500423436523926
-0.1267864271844409
-0.5245523610939979
0.3822715260116682
-0.4245957115491232
0.1065781666447202
-0.3773124632704749
-0.5463274167771964
-0.3033202883630928
-0.0166479315236436
0.3194025485099934
-0.3796106789438693
0.1706418130104003
-0.0367433579808068
-0.0428977623557192
-0.1773404920540879
0.6721881068778526
-0.1262413566750234
-0.0989247682501292
-0.1813252619489246
0.6165568579086852
0.2734575047709977
0.1762783693920877
-0.3950142434992767
0.4375801005839257
0.4374201381663375
-0.4167183404221327
-0.1545292696967873
0.2734831710806012
0.3969622701490257
0.0130920965966603
-0.0792641352524795
-0.5489373301921721
0.2545840478666543
-0.5281682813530620
0.2445600560166337
0.3916765222394479
0.1985632429629273
-0.1447982920203076
0.2738543547730217
-0.5825088943221363
0.1736276937930721
0.0039369937856146
-0.4125461656219513
0.3643722793054705
-0.5007952150003896
0.0042260463010629
-0.1865176713643881
0.2048347304589151
-0.3886848264684846
-0.0753242320005930
-0.1028503409754170
-0.4685381661660784
-0.4960053926901078
0.5471758790275250
-0.2565394189119142
0.0294122607853531
-0.0323080987721799
0.0372063695554430
-0.1528369614986444
0.3874217933634218
0.0125589554901080
-0.1803389609372818
0.5464271680494200
0.0792758193826806
0.2746424028857156
0.6420165730823081
0.4300179725109044
0.0601341506412323
0.2614103684641494
0.0623803184075574
-0.2077716401400872
-0.7235635432422567
-0.1102906504178780
-0.3290852801784039
-0.2281826847584852
0.3013410353329194
0.0567224626227441
0.2020594093070191
-0.4375386211670130
0.3193195743126391
-0.6366100699281018
0.0727322667488717
0.2078173535349472
0.3435006346813604
0.2363931024902288
-0.4711315379571285
-0.1143135483746159
-0.2613502896307472
-0.2361928384225677
0.5849410832127835
0.0818130878066418
-0.3497455114116791
-0.3373772102021652
-0.3796475121685683
0.0725022639448835
-0.1020867984846287
-0.1381048768945104
0.5087612046122807
0.2395751038210792
0.4857249822710082
-0.4490578130258944
0.2594236790445391
-0.3624744814629846
-0.1850725448711784
-0.0108700185958574
0.3138409468118448
0.0370047052348042
-0.5391760795144619
-0.5033046245570858
0.3063874240473761
-0.3106076537659380
0.2242501676951908
-0.0954507355799402
0.1582146458113836
0.1155347812498828
0.2532385006462995
0.1103432655537040
0.3593654410907326
0.8035232338139122
0.2261025819102969
-0.5514319054144576
0.2102864659065785
-0.5033124422291498
-0.0067829800404505
-0.2840824595069658
-0.0187325515313799
-0.3734762548062358
0.0405771321017063
-0.4197002070365317
0.3254210641528705
-0.2744854034180720
-0.3913141784872756
-0.4426323368114387
-0.5224561110098562
0.2002424141993842
0.0665000061687206
-0.0373297964225985
0.3883755212965560
-0.2273246593288354
-0.1974327268715212
0.2388011189644378
-0.2488304251258996
-0.6648352417743699
-0.5448288774761102
0.0073300167637932
0.1494798115701238
-0.1707598169483685
-0.0774342973460617
-0.2685731235419878
0.3584944785073605
-0.1307746174388435
0.8344287889006430
-0.2126006328809547
0.1344289067591045
-0.1255211832162657
0.0309028148045792
0.0671371753471062
0.5798745290120992
-0.1032465909355567
0.3716143128651819
-0.1042725021029625
0.6443585245711468
0.0693714679117218
0.2780923668372680
0.0475672816927180
-0.3753776367933642
-0.1134478241152605
-0.5193240135368034
0.4232595399659922
0.1464216278634157
-0.0565730988240815
0.1980510213829105
-0.5520214485612961
-0.1696568785268880
-0.3928197655794298
-0.6432754437359222
-0.2719705370624347
-0.0152079937549887
-0.4527764277766587
-0.0948572435827377
-0.0087537819050971
-0.3772203918475187
0.0362468787463046
-0.4728495324146329
-0.5388820074961457
0.0139907223519009
0.5456784204112611
0.1209906637990209
0.1092855518417839
0.1198664196002382
0.2581144953361576
-0.2837000159665481
-0.2527478533536817
-0.4109619290621419
-0.4853448353422067
0.0283613920701205
0.2580390163877311
-0.1053054370528188
-0.6096454076345259
-0.2750016850672609
-0.0767985601569911
0.1251159582637013
0.1374357002445588
-0.0616357736780150
0.8503160570042524
0.1259115142219717
0.1531357988736767
0.2931556649482456
-0.0204430675054028
-0.3360931636901736
0.2929745311945836
0.4817496145606682
-0.2323617985306293
-0.1213148394400776
-0.2270503655243995
0.5224837420249804
-0.1477612785638304
-0.4307551498134440
-0.2853934364318685
-0.1147036018223917
-0.0362564140181661
-0.3748028904975814
-0.0456906418517913
-0.5499586256327814
-0.0476898721444638
0.3746333148483059
-0.2502070512146074
-0.5790347241820225
0.6146739500573539
0.5898232435478453
-0.0573934679207075
0.3137788953763000
-0.0386962842798028
0.0006420492876768
0.3102375721147938
-0.2629873279954519
0.0750051375962488
0.2695470922758295
0.0035182446978003
-0.6905050199020747
0.2437461974023960
-0.1423973989918061
0.4224799827163779
0.4025005153083176
-0.1722446674070901
-0.0261026901390788
0.0856568432540091
0.2471465372622739
-0.1313100470331876
-0.0158307301086091
0.2300762194941746
-0.4775456259225763
0.2384987585444279
-0.7414322103392983
0.1627890717616773
0.0559685896192780
0.0715149726576153
-0.2991940093827832
0.0453974849654323
-0.6416327571517749
-0.5140279566826319
0.1101088422042115
-0.3523188307808695
0.2966568519589873
-0.6107397104934249
-0.2267249878822803
0.1945686450410078
0.2721523536541891
-0.5737491331016863
0.1370260489316328
-0.0823825640626482
0.2381327887933706
0.2284964045292269
0.3635041735941795
-0.0225053303727519
-0.6221763723885618
-0.4477239224072043
0.2067375903211283
-0.1945535203261181
-0.3405485070388814
0.1164768753065082
0.2639439811389769
0.4619552922176048
0.1325255816025759
-0.2865031971327778
0.2981831420088560
-0.1406920924223496
0.3524772826725411
-0.1597921650415400
-0.0669102938694188
0.6511466708528250
0.0149712274398643
0.4874459674723982
0.0994546055935621
0.2059153871570778
0.2758447392441589
0.1466337041274432
0.3797714440539265
0.0730659703245011
0.6802375885004763
0.0002738185421554
-0.2960678834099245
0.2710377751165219
-0.2846550931116081
-0.3537257358296723
-0.3068984460610349
0.3720288667014760
0.0098781737538070
0.6324888358724325
-0.2044354182550402
0.3655866904818437
0.6145451348459467
0.3382166957395769
-0.0964913502170431
0.1596132516767190
-0.2367923091053289
0.4709618637814867
0.1408319207428133
-0.4638326920334556
0.5060693437240147
-0.0074648177665995
0.0513254392753868
0.0320791347034960
0.1860714678333041
0.2079225046401650
-0.4125091132637556
-0.5263229336027341
0.0344919795937457
-0.2793356094209797
0.8321126710023352
0.0863717579951162
0.1655940141409039
0.3357408326058819
-0.2288812096959883
-0.1591444956946775
0.0552583022839663
-0.0938240368381902
-0.2084752996909529
0.3963229926682861
0.7316901611899553
0.2538683563451926
0.0216275098529469
0.1398110912022032
0.0021525432255925
0.4133086338670972
-0.0830405985075159
-0.1740978168913804
-0.1812118046321171
-0.4426812497569394
-0.0456643149293286
0.1493856061129450
0.7589102966593374
0.3211899286460183
0.1745872404211720
0.4370068360737222
-0.4125236100929394
-0.2138004247427483
0.1007901609897594
0.5294616819875569
-0.1285538394285566
-0.1301684031853783
-0.3513785443868144
0.3817244571678092
0.5442054541315253
-0.3807366518436972
-0.3312152249879484
-0.2365867122741585
0.3122392239136784
0.4249850494831166
0.2135811783585629
0.2284508634424695
0.1314948134217227
0.6145088585994196
0.3251027894852636
-0.0248172132850247
0.1866836590849728
0.0918602809271691
-0.3898475363046523
-0.4579647994703923
0.1541634153721567
0.2954705185956116
0.2450772718277466
0.1066593532620330
-0.0331545088321303
-0.5180742150537605
-0.2617599400460735
-0.4918811060072443
0.5583585824552280
-0.1311455407050219
-0.1401144222686083
-0.0111808398251011
-0.1452820992469470
0.3104177216655593
0.3353417595161888
-0.3550160068898173
-0.5600922597140995
-0.3788316694262681
0.0509300193886539
0.4290778923283007
0.1944125165718596
0.2688720227763799
-0.4437450595557755
-0.3600644739011324
-0.1623142509579524
0.3236233553400311
0.0459752316320820
0.6461747265070470
0.1123477380137874
-0.1716429942567097
0.4183752232134136
-0.5496618174452834
0.1464655559518175
0.2650922112758688
0.1450495843053741
-0.3567219287402721
0.2952166100682212
0.4076811729716580
0.0978942955727721
0.0273793591115716
0.2864763830369817
-0.3372751763847799
0.3386525382874090
-0.1702995424712758
-0.5258831000485436
-0.5628236981150559
0.2383962856560685
-0.0288313630472502
0.1893919475591202
-0.1995456787556767
-0.4410603936914865
0.7072445131192625
0.1034235844322995
0.1572971523331984
0.3293072984647478
0.2913241558862515
-0.2168184738542606
-0.1318661777465189
-0.0326740302348715
0.5175197630487240
-0.2069874804694087
-0.6164167805526317
0.3730930205164913
-0.0267256782306047
-0.3224602842386737
-0.2649526795605674
0.3682004851373726
-0.1923708009325246
0.1263922609799592
0.1789344499796827
-0.0422303979465364
-0.1148431315905137
0.7628759124151159
-0.3350782074893349
-0.1533062793771682
0.3237282061824071
-0.2097426933696714
0.1830825488429242
-0.1476270043162713
-0.1170123034872471
0.8430761421850070
-0.2096398348896407
0.0630409600796744
-0.7325804299085971
-0.0214360655472099
0.4344191754191911
0.0546114576667403
0.3948000481628348
0.1928947784627231
-0.0485742322659443
0.0530462021189545
0.2700280510268969
-0.4124185823994827
0.2744781109790228
0.1850532963811304
0.0693034863736153
0.3447570643019626
0.2097291523853108
0.6280860190483543
0.3511247460526202
-0.1868170184941217
0.4105634380738190
-0.0617979771602026
-0.0647167854797922
0.2549069917307448
-0.0032509728481481
0.0032835447336181
0.1629240457418052
-0.6923148397896530
-0.5025807437770862
0.7445150095219658
0.0595196726638816
0.2482352622164662
0.1118164197023269
0.1725729171356910
0.3148601616493697
-0.3417690120292909
-0.3488638171315063
0.0245111898963523
0.0135637633672384
-0.6508139420170161
-0.3454873029628584
0.3303907471209487
-0.1922886757392184
0.4027257024754848
0.0284490760844688
0.1815858962244660
0.3388096825922831
-0.1801971382305073
-0.3072512022733855
-0.4782468366401922
-0.0916466936779016
-0.4502930031947568
-0.2046437127041474
-0.4445692767984205
0.3734321105980846
0.2329599018765922
-0.1725988743645573
-0.1430962681761719
-0.4427905648653395
0.4551493335926970
0.4090754896999059
0.0635253230908709
0.5000446077037659
0.2182685084065839
0.2782889002382828
-0.0035162687467436
-0.2680993824940778
0.0822094135775094
0.1262272768678628
-0.6612175622553245
0.3226459399433990
0.5502461811039098
-0.2012013928149982
0.1444185457868738
0.2884001182871502
-0.1134662859864091
0.4510752071708929
-0.0859000652294154
0.3794534697626406
-0.1317955876920128
-0.2906361886598898
-0.2192719558219282
-0.6318215828594458
-0.6871187543050338
0.3540454496439404
-0.1724910122979303
0.5855392592220612
0.0271155875794698
0.0986123362966981
0.0623430898364230
0.1204791744437975
0.0323839986744934
0.3085874105662420
-0.1536551184397346
0.0862627930953068
-0.3891365492588024
-0.5896112448421853
0.1684849503794632
0.2968710412063765
0.3728686139723015
-0.3451135671548364
-0.5398781024010965
0.1858973517249823
0.0285920917699713
-0.1236803543395854
-0.0264832774144598
-0.0044101212765651
-0.7586279165862633
-0.0627882198515095
0.2787112876789536
0.1754436742229457
-0.5707810372189950
-0.3655332932082209
-0.0372826317138291
-0.3395871894069717
-0.4301806571634761
0.3791813115548139
0.2529652962212129
0.0167085763476046
-0.2178866370749493
0.1020522233573742
0.5686717889582422
-0.0171768192694126
0.1148105932419166
-0.5152060886958451
0.5658623295214980
-0.1256244065655824
0.0618680593563544
-0.0251741089169261
0.2192724126670308
0.1144819217826622
0.5275370747631986
0.0185660649487251
0.3606755036072917
0.0790494323390965
-0.6937827139885242
0.2046206562548966
0.2569138675162682
0.0292891333719270
0.3580271271004820
-0.5572834598517540
0.3621483478081368
-0.0046349122092479
0.4234951855467713
0.2839528752721092
-0.3213079787245346
-0.0379819619523558
0.3643025669070051
0.1773772892829611
0.6261491153641422
-0.5221258306750277
-0.0600029428031860
0.2202007759208346
-0.0100646135278127
0.3427975765985170
0.0986001899879362
-0.3407797181859948
-0.5975791540775104
0.5337131234332777
-0.2284022937629242
-0.1010040584865858
-0.1419952517839425
0.0925735208012169
-0.3756257536230360
-0.0620825714691414
-0.1256083182227949
-0.2971109873823448
-0.1762465965695769
0.4714102361494508
-0.5257786011555456
0.5188256674767523
0.2325891405617413
-0.1976916117791511
0.2931781342131146
0.2757247855920856
-0.1055425998140755
0.0191408922654520
-0.4357597882436530
-0.4540467604626792
0.1962248683660673
0.5540634079232271
0.2915155182759508
0.1018013035363471
-0.6384225222741240
0.3652916042899153
-0.1953490162162393
-0.5480990035507435
0.1757919666191309
-0.2577618566915466
0.0454401371512492
0.1031148354969180
0.1210202343255295
0.6554002855054157
-0.0461784517331539
-0.1293760415148666
-0.1849429204830894
0.1502980139234758
-0.6176105432394464
0.2940400795860332
-0.1106265373725741
-0.5010402631052143
0.3915021115419297
0.2061867130552698
-0.0499618471633853
-0.2717633476829952
0.5152554456836652
0.2889833812691576
-0.1927020851339088
0.3011422004268119
-0.0571410026822319
-0.2092303196221943
-0.5029568838695762
0.3611826378530070
0.1271739928954399
-0.6698594725212467
-0.0960450180565723
-0.0061450853264071
0.3088554828434240
