-0.1912596461436376
0.2428876710978809
-0.1375743686471085
0.1601018155342456
0.5351151164425477
-0.5378559827277325
0.3959573600065925
-0.3569965711248776
-0.1315935943516822
0.0554151350216970
-0.7487266802334520
-0.2664144560702151
0.3570871730527064
-0.1649285330830187
0.4180821144003589
0.1361567481778745
0.0792269869739621
0.2148095600725643
-0.0705912139867395
0.6579907659770872
0.0863678791803851
-0.3630064861489249
-0.5312286701065063
0.2969982329068463
-0.3544605407367657
-0.1417882925463704
0.2081938596173867
0.0475341501130283
-0.8307675370960192
-0.1267178877480622
-0.1160207837300506
-0.2982560653579091
-0.3327083887315239
0.5503144303737073
-0.1854506593991131
0.1087676652912364
-0.6534821726923637
-0.0424568582236779
0.3261063151269961
0.0710629305826719
-0.1517104240888585
-0.7320220695220354
-0.1348342429585893
0.2644200430273189
-0.5136155352860966
0.0515004450233010
-0.0005600847588786
0.2942377900727764
-0.2842619400495188
-0.2236846543953566
-0.4721424814377704
0.0482584863758725
-0.4083965398666490
-0.5454354346241863
0.4109823830673912
0.1035318995833156
0.2927194611670051
0.3513376148602180
-0.2340456743180532
-0.1052896760478983
-0.2112743028647704
0.0566710247869912
-0.7888824577268445
0.2341579289253699
-0.2964306332739742
0.5514489778022524
0.4568906028819649
0.3195406784750762
0.0680046794445021
-0.0697302818751389
0.5279274790209104
-0.0947800854260789
0.1713275747135013
-0.2404871664319174
0.4419442695038999
-0.1725752584892907
0.0375293945230457
-0.1719678954101589
-0.6648437723177002
0.4633758449030984
-0.2244321434606175
-0.0364088997430167
0.4426769684348223
0.4842665879252666
-0.5345277224786666
0.2444421167038714
0.3146515029834820
0.2708323754485184
-0.0064506160032133
-0.4564487816060063
-0.1591172265611337
0.6196484948876784
0.0185581784006402
0.5031622495576193
0.3308939924984805
-0.1390066929377175
-0.5351713368248527
-0.5505471498132651
-0.0952868003824067
-0.4846232457881118
-0.2549945926272276
0.2235400237424935
-0.2206171543474120
-0.0537205557677794
-0.5103967295450951
-0.1885496738167344
-0.2664936246243542
-0.3445453186077433
-0.0125046245468797
-0.2882114227691179
0.2434713027485458
-0.6096830367671425
-0.6348214816546944
-0.0607985454205655
0.4406784261520498
0.4312859117134544
-0.1413425383666829
-0.2535446998991884
-0.3348233268436241
0.1293480660411652
-0.1657935762973015
0.4357133848840809
0.0143651482434762
-0.4993729938116497
-0.0731091672448269
-0.3569113348715815
0.6223193046238591
-0.1143443206126602
0.4097518457893515
-0.4031459901079629
0.3659472318291681
0.0370579690936906
-0.5101133812469432
0.3215179562516365
0.3223893918742299
-0.2583828323686693
0.0404357561100379
-0.4557936892598399
-0.5957928819623839
0.3669648219573327
0.4477467228974251
-0.2062962526889824
-0.1993538260413978
0.1349351844822188
-0.1533056785067599
0.0130487371522568
-0.2800726334591735
-0.4317928946371678
-0.3550533390512283
-0.2544966490440947
-0.5816245992542357
-0.4269926499609362
0.2451910815597868
0.0707920768283644
0.2640060874143997
0.2392061739498993
-0.4441892202789212
-0.4685528440994728
0.6253745775964712
0.0034371651974216
-0.0515587694755425
-0.1055755854824974
-0.4818285076224376
-0.5096092503747808
-0.0505156517363355
0.5829749733817390
0.0366167515035296
0.3880499363026971
-0.1801530173291440
-0.0054106552491129
0.6730545630043859
0.0452223830853689
0.6563049153325977
-0.0435474940393552
0.0955698894151363
-0.2658984327790940
-0.1208442787388072
0.2120088709364281
0.3601394507452531
0.7990176326076702
0.2049705415249604
0.3348056555064651
-0.1327203084192638
-0.0244308743242294
0.4765969123688594
-0.0236009337535524
0.3727313120192878
-0.3987003742296938
0.0325748525523815
0.5343600583540844
0.2705554331474329
0.3385346722085169
0.7245819169924662
0.5341762806407412
0.1393353778869647
-0.1139905155144682
-0.2421451334713111
0.2342444467322570
-0.1174086990512367
-0.1730289932599322
-0.0098827222764819
0.7598861806723758
0.4829498879658192
0.1673499516587403
-0.0618849441549784
-0.0689945595171487
-0.3493106477472183
0.1749879979643291
0.0168301623735982
-0.5746553652543052
-0.0223333087591584
-0.1061946657258412
0.3071550853610877
-0.7137074911685917
0.0610064448255003
-0.2242040530110352
-0.2817735355867222
0.0570848085191869
-0.3510498565578492
0.7052619833502788
-0.4570811603264779
0.2147439535677049
-0.1976869684110690
0.0509533328839594
0.2012994884598794
0.4637141470337009
-0.0609189685981126
0.2425979358224789
-0.5632663764321515
-0.4557106953864288
-0.3147494352421104
-0.2405709269475358
-0.2206554411882398
-0.5764719030050727
-0.2155120602926134
0.0957834374556825
0.1862808921447029
0.0417939877437195
-0.4189883672678913
-0.5927671095816448
0.6792630841406385
0.0717567531952369
-0.0915909994539359
-0.4115482899761220
0.0035772636467966
-0.2075422486534419
-0.1138646833767737
0.5473938041479517
0.4961780855034299
-0.4975680133078175
-0.2799605372376567
0.1163364780605315
0.1536671576430974
0.3444311529470261
0.1468070937461836
0.5005222910404787
-0.1027602842406718
0.4741308675305106
-0.0887586801928821
-0.2912338576297912
0.3168406011065911
0.4954423024358091
0.5530567308831207
0.1422047543875514
-0.2787990455065545
-0.0867752191344375
-0.0462549898090087
0.7990978190061389
0.0342376991378592
-0.3254379166852689
0.3934844854906081
0.1101462989196365
0.8103312364378022
-0.0263877457822425
-0.3222158268123124
0.2191785216409549
0.2538463174412471
0.0140206513648644
-0.3509240762084638
-0.0549770126754524
-0.1979173321941746
0.5850079359474553
-0.2738286390418049
-0.4234094440691680
-0.1806674352944343
0.3545915124358291
-0.0073120438927186
-0.4537702444584745
0.3104931748376410
0.1470399971171295
-0.2473367605386450
-0.2564895782665367
-0.6429913138654655
-0.0918006531905275
0.3339021812649958
-0.4708025004901447
-0.0188937932360016
0.4585173576148720
0.0918949931047999
-0.3893262036325209
0.3040763016053880
0.2896251378354077
-0.2853973470278589
0.6095806028702512
0.1639760180546639
0.0021108065743119
0.1169323111340057
0.2433501436772294
-0.6008443675729895
-0.3671052106442796
-0.1195669901845379
0.6246106765942432
-0.4613492594626651
-0.1340603419748201
0.2571594031368420
-0.2859150554013299
0.3770644062989820
-0.3377018318343820
-0.5800648127966153
-0.1691479447387088
0.7993475138414464
-0.1562116321407568
0.5414510827781460
0.0424037351553534
0.1067499450799172
-0.1681941263342225
0.0445790443330479
0.0014213377931312
0.2905044130570298
0.7214239482001142
-0.5316982719906780
-0.2288208548236197
-0.0765380381146311
-0.1954696908827001
0.0318317132769532
0.1225271709267104
-0.4909216578137122
0.4352817357731447
0.0135507271601858
0.4078255777369389
0.0303176519722520
0.0947547572464982
0.0705270718894331
0.6230158267792772
-0.3709359087316847
-0.3340744354892559
0.2200758485116376
-0.3399567651019973
-0.3292964627003567
-0.6156492586456197
-0.1531698406484835
0.2754553899037956
-0.0270829663650738
0.0454321379261115
0.8586776354121851
0.0367471408485411
-0.0276254613736656
-0.3225229271990045
0.1377883899308961
0.3670898456425294
0.3418435708578236
-0.2426416281094095
0.3450113653146342
0.3973889818016055
0.2201490076062108
0.2332822193280554
-0.0544319095725696
-0.6644307007759830
-0.0708805450489684
-0.2177987352433761
0.5918846773978425
-0.3208871072522751
-0.2079945587772797
-0.4146681848281775
0.2620738777757916
-0.4586387411882849
-0.4288753404892712
-0.2353375511805363
-0.3094290981010291
0.0893980829190229
-0.0973097203995520
-0.0730803991312731
-0.6280390962929571
0.4976954515056854
0.6092546060798155
-0.4976031313436907
-0.2575775457977955
0.0308731755669796
-0.3483584384177453
-0.4019128210046135
0.1580560798958395
0.0776618431528716
-0.2208471426874689
0.7638755508235697
-0.2945571041516298
0.4648989987848979
0.1023042052003213
0.0216641224520120
-0.0601914078357961
-0.2242035360176862
0.2862191206215483
-0.4406436408563842
-0.0648185021519537
-0.1703757226821478
0.0981827524831834
0.7755740581197132
-0.1102085485084896
-0.2595796120364004
0.4428680560894097
-0.0832568076332827
0.3299361706826859
-0.4009381059732013
-0.6194083842284862
-0.2680237641324620
-0.2660556703691829
-0.0322155708361164
0.4935515333657459
-0.1479193833360120
0.1317199469743675
0.7778473322635724
-0.3302922507221995
-0.0484309730021762
-0.0079940955341536
-0.0250536945148917
-0.0544677035697633
-0.1663203037250096
0.0903865909123789
-0.3880778864862133
-0.7316299662475438
0.0629035300656508
0.3937832589672335
0.3410163154327538
-0.1431463042568264
0.0065841701856933
0.5177172545462657
0.0973146575316181
0.0812360818236203
0.7154895062182103
0.3674703800812071
-0.2200124344661004
0.2911069902273054
-0.2357365835250445
-0.0503731258469750
-0.2996078183072410
0.0810632912602592
-0.1756550804048281
0.7649498354965881
0.3805370830051784
0.1323095508342377
0.2617928694142846
-0.2588003531901320
0.0903324687429342
0.0464631005281530
-0.1760436929051058
-0.0936716414678118
-0.8926906074467889
-0.0792084009846161
-0.3823733744027472
-0.1894266978545212
-0.4367912576245879
0.4568593152160911
-0.3049056315136483
-0.1574309954325600
0.5425635067092521
0.5461068265266749
0.2212348008863179
-0.0499218578266547
-0.2140218313344518
0.0501595715425928
-0.6980825997781330
0.1680600440882394
-0.2940161280812055
-0.4107404396718530
0.1381532347928086
0.2213926424717283
-0.1628126788872296
0.5238204722124866
-0.2594492675434442
0.4483036318179554
0.4404603824959676
0.2072682964152936
0.1280115567499442
0.2859478980992738
0.0253524844236644
0.5992158549549831
-0.6378923574290314
-0.1922382763521252
0.2352064845089921
-0.3112665844954953
-0.1444149891568364
0.6758390737553812
-0.5076154302581057
0.1191243196351036
0.3215599533959091
-0.1586956721031029
0.1582713560058330
0.5078443074300921
-0.3247793511500877
-0.1537067415502485
0.3365621759381970
0.4455499632946771
-0.1714153423848447
0.4827869131451170
-0.1968031476022099
-0.1960618226660023
-0.1011833713843171
0.3610951303890777
-0.3043333216946255
-0.1904645504696791
0.3646111080771518
-0.2445998591609538
-0.7065876640186802
-0.4120634868372831
-0.1578939476042096
-0.2949333161758796
0.1002388597834275
-0.1306318628139242
0.3052063096087749
0.6571692877817357
0.4076182605250644
