-0.0318278073546305
0.0179298427573414
-0.0966166009798565
0.0400954503573645
-0.5857069100751854
0.0809316773805384
-0.3184186269866418
0.4459514385099805
-0.1727883632006375
0.0901206886490164
0.5476129228558041
-0.0670118514913651
0.0176567615393352
0.0691132099531129
0.3295283975659587
0.7050245637188580
0.2115656996547902
0.1103724501005374
-0.3450627053374694
-0.0756714432291034
-0.1072847599988397
0.4376366458804050
-0.0516755182513059
0.3843721413000263
0.3839562779748811
0.3501375646388987
-0.4553820455802336
0.0327846670769557
-0.4254742575478402
-0.2053645444327075
-0.0367516060980929
0.1875543239839901
-0.3337530126670076
-0.2174437667758921
-0.1953090846273720
0.2544894874637892
0.3610247353828304
0.1085961122042962
0.4095553858525677
-0.1436688359457779
-0.2855672176007104
0.0442712463971768
-0.5985763484784168
-0.2783830506554416
-0.3826270038580764
-0.1270656248080975
0.0255528043554754
-0.0964098616808185
0.3629355021643047
0.1442986855619247
-0.2094864211667309
-0.2540145601885675
0.7449436043350083
-0.0675951918858554
0.0839092678913673
0.3598573005462101
0.0028092512381939
0.5649974138271970
-0.1065876532173358
0.1274940379852590
-0.0160952561715790
0.0460679877122901
-0.2027005710461522
-0.4626395774190654
-0.4944766253843248
0.1471249342157968
-0.1665750941060518
-0.0140290553625270
-0.3526558456363382
0.4167256741566706
-0.1096683565073998
-0.0736798331028315
0.3465584647949159
0.0259177348073559
0.3004877342628515
-0.0284038721846497
0.6668579065627327
0.0239244211817498
0.2289320621791831
-0.2589585008021640
-0.5426096735820246
-0.0081450959504229
-0.4941622917233756
0.2729093620379283
-0.1678756598293027
-0.3155264369640918
-0.1679240785070410
-0.3329460484957024
-0.3407643472026147
-0.1331030739618980
-0.0814706096222778
-0.1808808129691609
-0.3907471059477392
0.1851932787131186
0.1312407310629551
-0.5317597248058964
-0.0640019439534592
0.0113558374078473
-0.5793188354172286
0.2787690505980309
-0.1805969058126502
0.2766936320354731
0.1331850280754104
-0.6726965432947974
0.4979829797888108
0.1250237933603942
-0.1902698297742877
-0.1456339865860513
-0.1252663861043549
0.0783121078880965
-0.2270602030108120
0.0104453249193632
-0.1640723659141780
-0.1765684058791830
-0.4209617057820217
0.0593592473716591
-0.2358376051032495
0.0428713897958487
-0.4820215881272706
-0.6391169842537762
-0.1059880897787352
-0.6115482412394310
-0.1629821731721415
0.0184428729800800
0.0136923939543623
0.2647936752262035
0.1048025066908100
0.0857251319168931
0.4575969795051702
-0.1113085206494644
0.3554632273615242
0.4029034575810190
0.5117832136043821
0.1697497723531821
0.2210300135370959
0.0329399692358893
-0.1289878460393418
-0.0205167856967863
-0.2313884270591395
-0.5328423206829125
-0.1204509080822152
0.3449014440350303
0.4139297953001375
-0.1887615103330586
-0.1874833312666608
-0.0780833004412117
-0.1543396316603583
-0.0674849616799499
-0.5900259334569435
0.4775886418610825
-0.0179963166461640
0.5592624938636630
-0.0132144127613996
-0.0724748977621517
-0.2415061906976523
-0.2946925056076005
0.5679478239985412
0.0575455326974098
0.2017360634199634
0.2032527216094989
-0.1565425267739545
-0.5040784495171670
-0.0464039714812338
0.3972086166574026
-0.0917447550377750
-0.1378579240359708
0.5000152485739591
0.1148914836776094
0.1937474058529618
0.0382374662084478
-0.0229243661913646
-0.1170779276614323
0.7217056817000682
0.0080011492283837
0.2802765874747811
-0.2550860389577659
0.4985113224749936
-0.3181605073618206
0.3747674898645570
0.3423977678341085
-0.1337525866269683
-0.2715724210103718
0.1777987100012561
-0.0986842042652623
0.3767921902141511
-0.1956913042669661
0.2816269183473761
0.0370563904926022
0.4891673085709711
0.4294494146054730
0.0145019575536152
0.2841939880558469
0.5961449095419264
-0.0062454623970098
-0.0499792604021770
0.2922843803437870
0.0742845676301498
-0.2122847083506787
-0.0734715569409106
-0.2585165979644271
0.0446336890521707
0.3543418033134850
-0.5220746930443375
-0.2335582077980867
0.2254056724341005
-0.3304323850804170
0.0920938031330609
0.5501669433900495
0.0441722212081624
-0.0785588834772319
0.1798479161632273
-0.5219681988136892
0.3617748146210137
0.3329672983736757
0.0364601529473603
0.4993828410435315
0.2469351628538745
-0.2857252182414828
0.2138418437759916
-0.0907051057076364
-0.2748019410080886
-0.1372006015028527
0.2660812942050541
0.0417762075636832
0.0968351949008327
-0.5933035697341061
-0.2352827777571212
-0.1881256337156885
0.1636596747582421
0.2071483699390987
0.5579292292128551
0.1218044357739772
-0.4720693756849157
-0.2272309088388519
-0.3485339590966504
0.2053175507356010
-0.3109151042430275
-0.3128657233658508
-0.0177450247242407
0.2571072200463251
-0.4028719147107511
-0.3518112131272184
0.1860432653176592
-0.1531044387716211
0.2242106600148747
0.2291574614046542
-0.1946419434804433
-0.0153562820979023
-0.3937338671184925
0.5932445167317962
0.1631753236537904
-0.4983936986177508
-0.1380369178701792
0.3438301957550593
-0.1535710353936848
0.4696040553219637
-0.4557207233552432
-0.1986431966274142
-0.1158299130729811
0.4486527674768006
-0.3022294732655802
0.0459911813388714
0.2372083653655271
-0.1615448579829296
0.0887306279259984
0.2837865837745474
-0.4224850336497160
-0.1437685914819256
0.1341760630099699
0.6336029654523966
0.0437158674596041
0.2954544841432855
0.1458029539519012
0.1660594912130208
0.3936170982016116
-0.5720988695589624
-0.0321199751736966
-0.1494363484635551
0.0269041954006864
-0.2265631020147707
0.4503321525146055
-0.2275799900080440
-0.4087555849366192
-0.0683612265404724
0.0399492984370380
0.4115133801959025
0.3804622428963315
-0.1341720065837120
0.3321012743820372
0.6241074685395188
0.2213247823310991
0.2328361712619876
0.2689903261983473
-0.0392012652833855
-0.2521317541066892
0.1354234554278468
-0.2800806227280250
0.2750810384941592
0.3178875286133922
-0.0439960578865645
-0.1661310617094996
-0.0937266036224654
-0.5247447714511769
-0.6366495310136748
0.1636323080496374
-0.2588987695426164
-0.0990898956233435
0.0256021363151812
-0.2024314407426944
0.4575309978388942
0.2506905011235046
-0.1704449532445493
0.0105277281726927
-0.3055549583034128
-0.1677326762825413
0.0558185093642511
0.4247353994131076
-0.3803310465013125
-0.4560846430686610
0.3714908263096967
0.2280481678137444
0.1087232905293966
-0.4599444923620181
0.3631580627047999
-0.3439112405182376
0.0269138294695795
-0.2691662559916971
0.3661613532151771
-0.2192406355778739
0.2848592088142446
-0.0236512749703951
0.1247801161194364
-0.4127229272983887
0.2986164385412166
0.0184814445346705
-0.2814538807150887
-0.2411818070353646
0.0345470609055893
-0.1235404761476561
-0.0111868010491891
-0.7550173108879493
0.3633326739559586
-0.4426918225793787
-0.0469902825438926
-0.1548568651034601
0.4793892308290472
0.5887713771814758
-0.1572738521936010
-0.1130086198871134
0.1256530066999760
0.0575816348994184
-0.1129091590087309
-0.2080946186968606
-0.0258663347348865
0.0003882206254560
0.1748493139392669
0.2599953644668794
-0.4791109835041341
0.0795249457402615
0.0352335266642800
0.0370441569003779
-0.7514934841090931
0.2337303155837151
0.1353526242503323
-0.1241686656940358
0.1663654577344878
-0.3568669320878382
-0.1750617917460750
0.1796055008390776
0.3840416289525677
0.0666769978884261
0.3440192875385085
-0.6893906800296792
-0.0527541016042975
0.0123409016509429
-0.1502004643968564
-0.2130678459909026
0.4974385545850346
-0.3609962024955187
-0.1267657785679396
0.5377122500262651
-0.0814899758291299
-0.0275794192116012
-0.4050422358822854
-0.2783195322375467
0.2652066963640583
0.0483529743651818
-0.2042725333700958
0.4382169894515361
0.3873582068950457
0.2113659283116923
0.2066124496255419
0.2141322700506212
0.5394696445365780
-0.3274111501219997
-0.1098961883886679
-0.0892184429788902
-0.0789527503682986
0.2797210813177375
-0.4784574821727750
-0.0742542651630748
-0.3480939319740601
0.1156769472850839
0.6127085414094250
-0.2745101312503657
-0.2333966948759822
0.1825794717419564
-0.4306721883212548
0.3759592375970008
0.5479770077995968
0.0785123347288197
0.0260825484686469
0.0860033868259641
-0.3345439441453640
0.1815570820139127
-0.0925927859048001
-0.2868807208863873
0.3505704659532659
0.0763703156931626
0.3345830940742120
-0.6315605665176891
-0.0227593654642951
-0.5223328199748776
-0.0635488042419695
-0.1594420481708180
-0.3316413689748595
-0.2119381349418223
0.1577162869336771
0.0276586379543819
0.5248613065623113
0.4855299934861027
-0.3149656020321865
-0.1335128051611126
0.4444402204178614
0.0678451811805800
-0.1235978109749184
-0.1312748190512449
-0.1325164652838894
0.2662062776990021
-0.2206496401689234
-0.2891343608473252
-0.0439054702265242
0.1788168953664598
0.2191147383064458
0.4348623615500288
-0.1721821279222306
-0.1061526396731191
0.2594601515916634
-0.6843413460924294
-0.1499763168710027
-0.2152463588866724
0.1296307447983843
0.2078981844226707
-0.2868990324676249
-0.1696467609410676
-0.1277293891582521
0.3567229443616234
-0.6913568104491384
0.0396257294686451
0.3443357405885766
-0.0553369654319265
-0.2900747505715148
0.2895538934292166
-0.0175448087286326
0.2841486933559393
0.3679448711829384
0.4862315235507357
-0.1807473207761879
-0.5757477109645684
-0.1469062418204748
0.2290481772369057
-0.0399628858837034
-0.1533269563652850
0.1014778040889770
0.5546236932434740
-0.0724671915714661
0.0965745226282624
-0.2207334346756345
-0.0787845518556664
0.4798994681608713
-0.1150279171732418
0.2576058070132726
0.3084243057600846
-0.4555932414330395
0.1430406988445686
-0.3682334723983707
-0.4125558320859173
-0.0978935767940277
0.2060642417864014
0.0115176378785548
-0.2860858528790704
0.6231127405326476
-0.2390334557566995
0.2598519541077023
-0.1636711334729647
-0.2738641695037555
0.2431690350649132
-0.6143941521126176
-0.0900790074719761
0.1537985989530805
0.1862748347194036
0.2460997106379748
-0.3587288103941203
0.1508399673985968
-0.4564925692012308
-0.0391270205484833
-0.3212683989211403
0.3975115211833082
-0.0740202593308138
0.2353786149700513
-0.5015109200655020
0.4004423937869115
0.0806346564634489
0.2158753891874996
0.3711578392309304
-0.2727009146912114
-0.0281733835737053
0.0508078831657879
0.0768248431151070
-0.0569671079183311
-0.2886926037455001
-0.0359197692555802
-0.4280271657213924
-0.3298677962606373
-0.4371778498599965
0.3184084856065330
0.4638592434885516
-0.3224030867310013
-0.0004160142062114
0.5318423017417041
0.5528607277173740
-0.0562847172237617
0.3068401678197212
-0.3959488643977614
0.0646718313403708
-0.1384733431498566
-0.2023703515014219
0.2955910900488412
-0.0755584763247988
-0.4530224922306751
0.2190828617176310
0.4517754252508501
-0.2712301784199675
-0.2953109969420304
-0.0089927091312395
0.0691335353948747
0.0718792476223510
0.4163071767717922
0.4438048046379927
0.0399572390134228
-0.1091771231830240
0.4018556203272115
-0.2451173554255238
-0.1921911969084513
0.1333394628439518
-0.1152976491088533
0.0469147621664338
-0.0126207969400823
-0.5641701161843602
-0.1487523532500817
0.5964260388564669
-0.7340660602803540
0.3112973472430821
0.0930176702619058
0.4379778549925623
0.2179250016742898
-0.0106353930444119
0.1072401924576490
-0.1531317238207682
0.0875209076021324
0.1136962173147773
-0.2462176913652814
-0.2556949354368028
-0.1981279846744547
0.2634261008853436
-0.4040172930476530
-0.1830887876251622
0.6483293594402646
-0.1797458945292081
0.4107503409240064
-0.0028582364196591
-0.0672744590279192
-0.0577165832590770
-0.6259903405835103
-0.1066322776102740
0.2427449118096897
-0.4955896465597854
0.2754843465937443
0.0277358337402492
0.2123035829814706
-0.2454106841793796
-0.1617887381831326
-0.2860600256083321
0.0475963221215583
-0.0772473592773773
0.7424036823814907
-0.1194729858089077
0.1490800289911948
0.0500657057945436
-0.1156000898134219
-0.2767064737234352
-0.1158313813296142
0.4082847389288162
0.2007573755710244
0.3058066046341462
-0.1192716648572753
-0.7121034450431587
-0.0215773159920342
-0.4439735686413334
-0.1015383192311726
-0.0176261302495368
-0.0773773847001563
0.0110773354756903
0.2529563163945115
0.4234629184052477
0.1451427720211595
0.4419614577250583
0.5518817990651034
0.4389524583308748
-0.1465193454561995
-0.3884812591375435
-0.0323681643949130
0.0658229023245711
0.2608048910915334
0.1505464991618421
-0.0996756886791604
0.1703896907090909
-0.1729896233506149
0.2355370976848802
-0.0535467504263712
-0.0144638856553297
0.2323002138686795
-0.1234269335708064
-0.4031955774996803
-0.6935131571365105
-0.3851762592084019
-0.1848641287469319
-0.1275152558390686
-0.1463270295131435
-0.3402748091437806
-0.0049904194289753
0.6652692088659210
0.1543137694413523
-0.4416048760148515
0.0264585097619578
0.3866449868840904
0.1514089581378699
0.1496330902922623
-0.0765290222682689
0.2496621773542829
-0.1877785342912063
-0.5960451243525712
-0.0272248479278304
0.2445805378817685
-0.1219255884462273
-0.4222677411957269
-0.1858283584693420
0.2419605001843791
0.1788500466355230
0.4102890458244654
-0.0661738310111849
-0.0940921475864108
0.1261674492707160
0.6858652483489318
-0.2114979551003378
-0.1419089374801756
-0.1773238620010435
-0.2353111585497568
-0.4324542631990221
-0.1850940169367376
0.3570395187055665
0.5670876871889806
0.2245315597097111
-0.1336513591552685
0.0391807952530909
0.0314813877964264
0.1978293897950394
0.6524103168068813
-0.2224020225539363
-0.0607484073446967
-0.1306113496298336
0.2694813411143986
-0.1296039926843708
-0.0784358629883610
-0.2347232978205541
0.3684056464091452
-0.3954346543603960
-0.3670260440550023
-0.3897762182525767
-0.2240301773981427
0.4783825299124481
-0.2531919807710499
-0.0092274587687000
-0.2994387880173727
-0.1968866881672772
0.0799117112585545
-0.1353713662537066
0.0988583634750430
-0.2804995072373911
0.2950058214288491
0.1721773019639889
-0.1813308577541911
0.5816511585458123
-0.5201301741546003
