0.0699429267293667
0.3308310931560327
-0.3489887137684143
0.3932105140857637
0.7491384023749952
-0.0071294918462213
-0.0862572225034152
0.1972828801106129
0.0403871921616814
0.1180507359877374
-0.1872202103883953
-0.3720336898650908
-0.1380720034250698
0.5499333348991319
-0.1206162879504551
-0.3081042205418674
0.1648537807235478
-0.5953652077033429
0.1114238090137433
0.3489382785374286
0.1682856773118436
-0.3237981044847781
0.2030952466418277
0.5773034090949865
0.0457195566995651
-0.1623108762338916
-0.5741946770304885
0.3538556170654513
0.2412468371232352
0.2214533221687771
0.0631716222409969
0.0854592598598614
-0.1145312968560544
0.5606751434148731
-0.5934684306154245
0.2767161731040815
0.1821768088548904
-0.3579103678011855
-0.0222028322636771
-0.0055183600381389
-0.0677736925394944
-0.3835692543454884
0.3145176113692494
0.7197489949785609
-0.2636470575678226
0.3308534522491985
0.4055253897045325
-0.0379943173221360
0.1911287863824659
0.1111942285450436
0.0196305702466296
0.6622589766174685
-0.0117544004365344
-0.4864532213039511
0.6855446419096094
0.2223139889728082
0.3671086809994673
0.3093799219113392
-0.2047666980590326
-0.4047613829007007
-0.1118381220011274
-0.0774356590090066
0.1607951801777773
-0.2064723735986850
-0.3781073463293823
-0.0796484171918909
0.0172673262402333
0.4061963542698458
0.4653382186384334
-0.5051637440425814
-0.3589828628218265
-0.2053478089316760
0.0935856177592592
-0.4057352349306053
0.5823661324373008
-0.1650331220526794
0.0840598071136278
-0.3075458407420116
-0.1053898280787737
-0.3769553052891151
0.4531904614201581
0.2116200758611084
-0.4788003662850097
-0.1595558552201932
0.2103018879662032
0.2741559574162579
0.6815623860881977
0.2050458335916532
-0.1051117691325180
0.2519943346985333
0.3982649132469707
-0.6823914729408119
-0.0389222792988054
-0.3344095821221032
0.3694308336317518
-0.0409875479934415
-0.0474571639566343
-0.3310816123901484
-0.1111570406727588
-0.1446784240098505
0.0467198221593025
0.3085998990639030
0.2040762884840977
0.6168227404630766
-0.0657598861420473
-0.5437541651191821
-0.1637373255696759
0.3643229652008910
0.3223425907373380
-0.3527954874907859
0.0473395349670696
0.6024322712437193
0.3320852601142764
-0.0929280133057466
-0.2388141791871874
-0.4758086397961998
-0.0642075982141969
-0.0549066497622744
-0.7125857094460654
-0.3420621701803638
-0.1771843580013703
-0.3647793371476071
0.4037742689659386
-0.1516459969779882
-0.0573927026729681
-0.1357128796684059
0.2914548712328183
0.3589119375401066
-0.4588394360151495
-0.4267467687821080
0.0471422278018759
-0.4242911693395810
0.2061722664244216
0.2426542819810438
-0.3315966772891522
0.6432045248685694
-0.4814568169829311
0.0985795171864256
0.1169574905831985
-0.0837638675701903
0.3119460988668649
0.1396697545796660
0.2023085530849820
-0.4078322592105477
0.2981500278792130
0.1470270214807122
0.3344502554402506
-0.6147380874272868
0.3710133348490199
-0.1724795791503348
0.4235767505562211
-0.1035285053505413
-0.2054122962258481
0.4353962005997831
-0.4842918957338485
0.1943866056050188
0.0781953851945973
-0.4128126573538507
-0.0392369107866367
-0.5585699168796384
-0.2180148895055491
0.0224981820764915
-0.4585988762714629
0.4309848062798827
-0.2763127547557548
0.2389174123395051
0.1750607188727359
0.1426370214874382
-0.5975171974091339
-0.0638861951783460
-0.2416796986791529
-0.6714219693607379
0.3584896491547166
0.1205877219892509
-0.1463202588956336
-0.1791658309782878
0.1543135628066798
0.0634504459989071
-0.4044157731873578
-0.4015414627338185
0.5029788398556501
0.0579205657977105
0.2964695958810177
0.4163933190688622
-0.2494614825373875
0.5099426093763908
0.0419241140907484
-0.3972838996808025
0.0226991817664618
0.1009537986862868
-0.2885872612060752
0.4016271928672345
-0.0703964131138642
0.1566960087611288
-0.4253839182731955
-0.5082840264464712
0.5234800995454725
0.0487491838164859
-0.1657031351046638
-0.0598748321174470
0.5230832830007489
0.3406221851603409
0.2177732791860458
-0.6560858952439218
-0.1530802796968156
-0.1868336800648504
-0.2076140226792352
-0.1431653765736370
0.3858538798195881
-0.1958174491006923
-0.3881196376287350
0.4349931731014759
0.4086052541983056
-0.2718886440691655
0.4584822288715137
-0.0365024454690896
0.5794459597016004
-0.0013935078613140
-0.1014508162986659
-0.3162634242635314
-0.3679893358071105
0.1399465584169052
-0.0376210173981312
-0.4732650799764372
-0.4165684204438730
0.4534252270183736
0.2615230686268316
0.1308227547905685
0.2981025687130406
-0.3044877124750062
0.2312280774263098
0.0336469616668794
0.6865586331635098
-0.0368435584023429
0.0369847679650039
-0.0270773664257934
-0.1830114903450193
0.5185571166975084
0.2803217204932191
-0.4059532801187485
0.6198327619988769
0.2190844439690210
0.1411923341908433
-0.4142501139772253
-0.4642944974296555
-0.3440328780378369
0.4536281221319217
0.0100049526995524
0.0503506592164564
0.3998524377426297
-0.3336618214079446
0.1218314301419225
-0.0027858192913704
-0.0094489569210878
0.0119704405384445
0.1710299207795780
-0.1335014790144325
0.4171867906346822
0.7720940088642578
0.3647627747738931
0.2223958803833577
-0.2759560719106240
-0.0231448774841738
0.1750706814280528
-0.8415146230596590
0.2649336821615975
0.0383840229057931
-0.1220557774452761
-0.0338734163898984
0.3111394324079632
0.1399848253914260
0.6037762799272679
0.3801625160240091
0.2398930124105814
0.1400598225436578
0.4720399187250620
-0.3135492912078750
0.1167553940573850
0.2437269735684030
0.7530016980254702
0.2853021788685081
-0.2439530382244673
-0.1305711316320255
0.3415826780647204
0.3125052006823442
0.0415245593359287
0.2184768473063364
-0.1059931883881519
-0.0500623686592100
-0.2481995932058681
0.4930576177938801
-0.0049266316113336
-0.0757419609819107
0.1243670693969572
-0.0826746072712722
-0.7383954336435915
-0.3456786300830899
-0.1172812338532293
0.0047165972449860
0.1358676695802333
-0.0344583319404640
-0.7184951542124909
-0.2202461648530665
-0.3409037190340463
0.4885489309939429
0.2166481069225539
0.0553605747451893
-0.0661144609927744
0.0240263992799042
0.1848625010749600
-0.1560293189350287
0.8517986503964542
-0.3126445203464769
0.2346370051352683
-0.2347455285610230
0.1935036918647359
-0.3906909959496737
-0.6598458750669679
-0.0598417441375466
-0.0567238736490505
-0.2447038271767811
-0.3949334281238759
-0.3019218637285520
0.2463990024544279
-0.0365730734904233
0.3078190963193241
-0.6430095198522079
0.2407432081893971
-0.5063246874275535
-0.4126389973794019
-0.0172828114728382
0.0402513013429199
0.0627438063687306
-0.0783292697632975
-0.0962161705115655
0.0693332012184252
0.1068538119612142
-0.1654933900224595
0.4788668611953909
-0.1379762845192153
0.5199484481546258
0.6498436484172313
0.2060396407393382
-0.1111554019486123
0.4653419140072840
0.0791174548866525
0.1305303483192743
0.1294170521745271
-0.5274152386462996
0.0633258441120407
-0.6375151235439139
0.2269702251900783
0.0026658357594057
0.4983580551012085
0.4202132501512936
0.2969654045976738
0.0627793642179407
0.2661097752490279
0.1341215004619214
0.5853245202801453
-0.4575871875507867
-0.3932873780665458
-0.2916644552153185
0.3627808307239868
0.3510539552244367
-0.3685120120684349
-0.3928267381538335
-0.0386500705371997
-0.0664399111040249
-0.0088810358505346
0.1128016570184376
0.0235547700595938
-0.1308555293395784
-0.5386789928136703
-0.4643946315546753
-0.3186045550546103
-0.4556877135924595
0.3930920130053427
0.3022531418622351
-0.0529320631859482
0.5909655519434094
-0.0142736043096155
-0.2771651897378621
-0.3121283079042657
0.2804120920405057
0.0182534354086416
-0.5506255200162494
0.3739933191232313
-0.1519515525163317
-0.2981686923327086
0.3132025726030452
0.1042051058526938
-0.7549250712417274
-0.1357143478930909
0.0631470647665387
-0.2164781722916371
0.0960524641948767
0.5322285540168383
0.1144836664203424
0.1707829472459448
-0.6039589857836516
-0.1721144481419659
0.2214454463143844
-0.4097893572430137
-0.2321166144271720
0.5346359094116424
-0.0440744739600088
0.3570114426122987
0.2502498024069142
0.5863948775856801
-0.2381546503671036
0.1355636401769157
0.1833064402238711
-0.2637885703288800
0.1724937591544212
-0.2286191426515969
-0.4365206066807270
-0.4043572591406623
0.4261050476951501
0.0526134220016773
0.5733616552191849
0.1985155437006000
0.1069507595902232
-0.5117213487859803
0.2528372092913248
-0.1856704802792907
0.4620681303907309
0.0012999462438764
-0.4184493623062370
0.1822260150933691
0.0209824648497469
-0.4663539206887736
-0.5448274956073538
0.2745226463415777
0.5078859698629486
-0.2030495124619155
-0.0128736283677780
0.0852009121464408
-0.4372658755928827
0.3517336545737218
0.0792471975873768
0.3813220685084981
-0.3339673371379442
-0.2193992337285904
0.3030741341646226
-0.6351974563680993
0.1965806913843602
0.1795191083541164
0.0997649183556950
0.3446293911328965
0.0228206479368530
0.9146412437835224
-0.2219834951441766
-0.2736638189546838
-0.0073435191095877
0.1171667211268356
0.0085628953482221
-0.1575438355668756
-0.0081672616091916
-0.0757010640585077
0.4715809081741434
0.6586528135021431
-0.3855692481223447
-0.1311688561617563
-0.0963104486024241
-0.0422108165822259
-0.3838408612571860
0.1174610189388830
-0.1930874113978433
-0.1195569225555508
0.4810512916390393
0.5720763136907797
-0.3195202223209393
-0.2625518241811370
0.2503989565474363
0.3936738946889716
0.0321921465984024
-0.2727740666620031
-0.4351059542091560
0.1950647288512687
-0.0826958144794870
0.6355054295066116
-0.3401859450010820
0.3912834079678646
0.0305020604190501
-0.1332725097113146
0.4103804834514734
-0.2170277090443697
0.1157586810360535
-0.5771696326758704
-0.2238304519162932
-0.5927607310524221
-0.1595399829143924
-0.0280089627135501
-0.1012872724838313
-0.3318168842865137
-0.0037837829689272
0.0598168408921993
-0.3420230833892536
0.0737953514917237
-0.1013580967710503
0.3843242501640228
0.2488085595127263
-0.7375604029702563
-0.5009628888752971
0.1588881057587175
0.4550864046484713
0.1038801576320652
0.4303205258549286
0.1064841492476366
0.3230935144999350
-0.3946479513128165
0.2219120937943899
-0.0689526309308397
-0.2913663840753408
-0.3081334955688940
0.2504050375516982
0.0304865767491884
0.2907916734541607
0.1720108431971822
-0.2379374086341838
-0.7622408160671348
-0.3550682185338745
-0.5627822291702325
0.2742319756715654
-0.4661056665053414
0.0186017329895050
-0.1582639912165870
-0.3052806036728201
-0.0291560776047338
-0.3811892111040067
-0.0888381175473107
0.3336585341999158
0.2151061843468306
-0.1143858616836263
-0.5652862660056455
0.1979074897974934
-0.1571198497020242
0.2826929171023626
-0.5984205092792820
0.1423057311523162
0.3719948081236727
-0.0064824102756423
-0.2672064483289081
0.5078028885714835
0.3687540072097533
0.2470680736803651
-0.0928534600206828
0.5535521153369153
0.4021181397976658
0.5228487855458166
-0.1959160800411552
0.1899879948176434
-0.0859554169818557
-0.1600168138651880
-0.3852655326383462
-0.0492171229261090
-0.5537201732365230
-0.0471097579486313
0.4250987622568964
0.3172614423931144
0.5339275750092428
0.2962946639799725
0.1372802738762921
-0.0423279884923168
-0.3670299894634021
-0.4338192729411649
-0.2302339199955885
0.0721947026605820
-0.8440007112357136
0.0021890990578926
0.3070732610561453
-0.1775426069563086
0.1707631967959149
-0.2207808076173401
-0.1603704303714253
0.0721066507893763
-0.1938746531672898
0.2141029037311586
0.7013296566160382
0.2853551142224153
0.1750313835813219
-0.3265624464019032
0.4472429484273740
-0.0278764482427726
0.3011470224882060
0.1277155683286415
-0.5939319363528907
0.3994698896116042
0.1124549774914582
0.4488043917957774
-0.2659737212665006
-0.2937350588054704
-0.0978471128505768
-0.0345197451253086
0.3300364788627636
-0.4348102842088831
-0.4696860642486929
-0.1701825907730893
-0.1991246109413085
-0.5677716842623780
0.1742805071883245
0.2426277438637011
0.2267648805906413
0.0224079451883961
0.3383450878587365
-0.3522001247873017
0.2875167128041567
0.1432830234595772
0.2569192778752724
0.6940324790888630
0.2422163582774890
0.5761981840023048
0.1943831785835424
0.3457540802657421
-0.1495819054055542
0.3891021914289746
0.0897296909945419
-0.3028464432819299
-0.4860965461020558
-0.0288521928000255
0.6593004894871987
0.2094078211002950
-0.3606584519690610
-0.2980811975392477
-0.2729202817801034
-0.1760558029742712
0.0702812832765892
-0.1048941843117577
0.4255830530831037
-0.2712082721274829
-0.4369333948081630
0.3539529484889667
-0.1810847847866860
-0.2548693834582194
0.3835472787932084
0.1878105389003077
0.5392149533736823
-0.1984147435245456
-0.0513404787134081
-0.3886621025490615
0.0777750421268825
-0.4379208699341903
-0.0195308659574021
0.4068090110794000
0.5638069365076361
-0.3122848648985013
-0.2592434282033362
0.3407457500964758
0.1237395461985698
-0.1089238552802032
-0.4012641197770422
0.6273410664012543
-0.4186456401137614
-0.2552807519573348
0.1035360025884534
0.2258198545225653
0.3877362818777996
-0.0420204319060879
-0.1367383313403276
-0.0045497047191495
0.2315031226693690
0.2364777371618287
-0.8170167312469987
0.2108480025765824
0.0876821112902977
-0.2646218340244623
0.2403326670021881
0.0797649564696552
0.7560476688329637
-0.0244776742526091
-0.2450816662055837
0.0394226304041045
-0.3297563171591431
0.3511230783635828
-0.0692777106479036
0.3704647522288279
0.1267801031796945
0.1566832108405786
0.2744052982631886
-0.2106242215194909
-0.1617624760362035
0.6720618000211259
-0.4688695457536685
