0.3946812630029374
0.5057693348830162
-0.2400922652302852
-0.2819016018271953
0.1576628601737918
0.4453299677941792
0.1578189757931570
0.2784154178054539
0.1679928137456239
0.2901836922639471
-0.0444792900261730
0.0318507974062716
0.1014489952713223
0.2514646985374941
-0.1658847146102325
-0.4041477799209645
-0.3989406232004925
0.1087522392241281
0.0833554198577192
-0.5085249370270197
-0.3754155330987658
-0.1034985311488577
-0.2257300520209552
-0.1440753721475700
-0.2797418066632672
-0.0881471200741134
0.1647695410539845
-0.0617915489581988
-0.1167929219522612
-0.2244817138586858
-0.5336603907554471
-0.4418053168852270
-0.1339044422200411
0.3020725836192788
-0.2492497014340204
0.4899483429453803
-0.0241874669323602
-0.1015877114958948
-0.0525042010669408
0.3198018781115090
-0.0234119261670262
-0.2763198351393235
0.3764196970595235
0.2561817821979135
-0.1638837499492569
0.0276629550437119
0.1918359300132902
-0.2492975028225144
-0.1002628155915219
-0.2605792379827562
0.3769154106116395
-0.5166355635864174
0.1904778161663806
-0.2771896312168982
0.4865568519890343
-0.4628342891463625
0.2977899928255770
-0.1996494291970365
-0.0924184568602908
0.3975563514919662
0.2154367251140427
-0.1880278443104431
-0.1920199401373986
0.1470257022516592
0.0233301304018772
