0.0400465974512814
0.1743845682902858
-0.4166134554953863
-0.1775805580651541
-0.6182316818188640
0.0030963850297795
0.6169802804526368
-0.3606543977772652
0.0172431753381198
-0.6570597869813162
-0.1292664980029058
0.5934039336487857
0.0786667480455819
-0.2507528691289287
0.0136660707567830
-0.3052824505210262
-0.0288716883725007
-0.3648209390580580
-0.6957545546576001
0.4026332540545389
-0.3556684331676396
-0.3017947966963961
0.5384935393727409
-0.2227609899584295
0.0512517661381316
-0.1518904626552522
0.7361371966337312
-0.0415538403504085
-0.2708817901194575
-0.2142218518893541
-0.0341651620160369
-0.5992549188694309
0.3495172358383164
-0.1367533504393298
0.6161124579697640
0.5731894992341362
0.8102505513394136
0.0232317017162346
-0.0762485074630655
-0.0242666312103047
-0.0248490341558949
0.0859531923673668
0.1276079830163758
0.1686208277293799
0.6037773341484409
-0.0653657873891821
0.4080214634673476
0.5412211906949569
0.3564569705120696
0.1279632073964612
-0.3520130678619072
-0.2037493116667675
0.7874950526745267
-0.1849283213535572
-0.1440076584062636
0.3783031692933883
-0.6959197596594134
0.1573026061105921
0.3367627014538044
0.2798914843772028
-0.1715755426497042
-0.0033543862692662
0.5193782815696844
-0.2249302095727407
0.4538168021773670
0.4137457420344115
0.0515163000216956
-0.1279390364291002
-0.6681087876604643
-0.3269242931811557
