-0.2211874595492249
-0.9443430155328106
0.0147101954630761
-0.2430555222618812
0.6391932050469945
-0.0800093495776081
0.5171101881014163
-0.5635846023124095
0.1770079297946885
0.6654655154614443
-0.5830149269846469
0.4311814414310060
0.2715000774471728
0.6335143263099823
0.4177070772228808
-0.5920034661588620
0.6757953627464440
-0.4235192333883458
-0.3561827657260986
-0.4868941610250192
-0.0951486166889813
-0.5744429118903924
-0.7474527710508825
-0.3198068741747392
0.0723146063162195
-0.4739825544058674
0.1366724015499921
0.8668516542562382
0.2151773566195494
-0.3684092316251570
-0.5784606451366389
-0.6952385384022438
-0.3187363213461554
-0.1726326076224964
-0.3113094380300038
0.8784597737139823
0.3102411018091320
-0.1853570285031293
-0.9032490772672056
0.2313748801159876
0.1172260532135523
-0.3270462849431368
0.4355226789509725
-0.8304328847488124
-0.5974533194280446
-0.3622536427044808
-0.6696743026531425
-0.2517104642595787
-0.5443215161471020
0.8114143944707362
0.1334728767386426
0.1658486016827398
0.2005045422610919
0.0056619640469470
0.8405237436713192
-0.5032749815166176
-0.3169568838637273
-0.8992686184219987
-0.0304162224057064
0.2998818752564953
-0.6810972148627488
0.5189005119613777
-0.1904889610104123
0.4801695516435840
-0.5829190719421042
-0.3866440955057657
0.6868820605970728
-0.1972428295442033
-0.8046955591900271
-0.3174175819678380
-0.2008638975147791
-0.4597443097556650
0.1313477314480703
-0.8027908577404322
-0.3137475980444506
-0.4897316172080018
-0.9079284130763897
-0.2112191028955840
-0.3583416179175148
0.0514176250796482
0.2204785530605904
0.0191507445359340
-0.2311825742624523
-0.9474054432931097
-0.4327130579874715
0.5113853715644666
0.7245544887590372
0.1620654312804984
-0.1739739475861697
0.9613650825473045
-0.1843353309003677
-0.1073812339375526
0.4614558567261450
-0.6340274082799261
-0.5201956804822635
0.3383255707902881
-0.0252948218456389
-0.6044018318205765
-0.7624109674507537
0.2297566416679504
0.7298697488806885
-0.0479939786857985
-0.6721857204775827
-0.1146868992726765
-0.2519142661074729
-0.1292696759604181
-0.7386994081226893
-0.6116794404324952
-0.0885187878708839
-0.3190389210053173
0.9282381620155551
-0.1695656381924606
0.5733956307482942
-0.6964127639936621
0.4308136040018070
-0.0250270132546413
-0.3114893002139882
-0.1765698910468569
0.6860235979475995
-0.6333791222379622
-0.6984231945155776
0.1396502210043853
0.5594748384024173
-0.4238994719631901
0.0821230670738573
-0.7302140514809788
0.6766887441286636
0.0462123840944089
-0.7541332608679777
-0.6508665612326213
-0.0569247139779061
0.0664478837916360
-0.3435781949683003
0.4980370099442488
-0.6769901783365373
0.4190435050254097
0.1808606348922121
-0.0171798796040373
-0.1513834022865431
0.9716364278861345
0.9217749460890550
-0.3233328163754998
0.2129991070117899
-0.0204504041375035
-0.5423462074842067
-0.3643675004554394
-0.6950712179303763
0.2999548596774800
0.5534822320239933
0.0638052156281971
-0.5570674705997414
-0.6158426312719705
0.4851891802189913
-0.4158875698602661
-0.2072373376508816
0.7407305005989157
-0.4569412201331531
-0.4772030283769077
0.2148540669453899
0.7192494149932689
0.6229034637993105
0.1901017813275902
-0.2353508939493555
0.7214309005304231
0.0644106268338550
0.2984847444435228
-0.6234028216501989
-0.7198104267402113
-0.0762393629390583
-0.7599916176791638
0.4050158969254790
0.5025558912536041
-0.7467072196646992
-0.4407620179256333
0.4064880343453455
0.2879664035765210
-0.4351953571219626
0.5659355269060404
-0.4982198547029896
-0.4920355240272817
-0.3326559378445600
-0.4538528807526472
0.7758179306238021
0.2854192147909476
-0.2218873969406637
0.2965313799301161
-0.8831973472023965
-0.2877456684127273
-0.4072367015057372
-0.6739713512060035
-0.3428614766695479
-0.5122176241757582
-0.4182862637177321
-0.7715266570567109
-0.4790635613063154
0.0167726940133844
-0.4120949477410512
-0.8002451654674247
0.4346185043807664
0.0298694633721491
-0.7241582047961745
-0.3876765730073808
-0.2221655520942838
0.5253039469014837
-0.7593705727747831
0.1330435803581515
-0.5190281106749333
-0.3691416520231648
0.8389819075457533
-0.4352572430489200
-0.3237891673914871
0.0426739529955935
0.9130906400965723
0.2245645271819847
-0.2713455863664014
0.2054454401028102
0.5031008940909470
-0.1632138427872501
0.2829984451557654
0.8001016259994277
-0.1443295544163544
0.3485924639185951
0.6348858962287905
-0.6742196768049010
0.3166925421004249
-0.4821516627779076
-0.0583706231840446
-0.8147566987804248
-0.5916312666299924
0.1467925553848592
-0.7880321509003809
0.0861958187889236
-0.6744702139562202
0.0683033591117140
0.0094164378618918
0.7350754466841481
-0.1738178721432473
-0.6559763004010793
0.1127714380316804
-0.7257858109662751
-0.9436641794444236
0.0229389420443392
0.1737714211815495
0.2806692262288722
-0.6167395445551298
-0.6442303549643580
0.2033074371565614
-0.4040614679986936
-0.2250480707103155
0.0704296075260124
0.9033608421805817
0.3582348741651027
-0.6442571524884874
0.6837532132598506
-0.0207995637921898
-0.3420257928436246
-0.2337232067345957
0.8370359638765377
-0.2515675808796081
0.4259788845252250
0.1024145659236131
-0.9236160084221070
-0.3661686783988742
0.0486335751586741
-0.1665227529605894
0.8157086159764724
0.1349188486728855
-0.5372955712091411
0.1894215614586495
0.1777709311541854
0.9656108222328643
0.0106164060732810
-0.8645508484019075
0.1906112397013056
0.0143561697567530
-0.4647720798595680
-0.2197134213909734
-0.3072066489888339
-0.2878192489951190
-0.8800625927657700
