0.3039776178710893
-0.2668662300730296
0.1905445793600794
-0.8532623531570493
0.2683582363957032
0.2999801328936171
0.0814913104635347
0.2656539146883228
-0.3781934399975707
-0.8305232120426478
0.5558110162466185
-0.3180342475282436
-0.1542104699899086
0.5022214255441934
-0.5602866251195853
0.7768468356698711
-0.1015521295067967
-0.5050158138130505
-0.3610993254627939
-0.0276127479871311
0.0395004913524807
-0.4872082224069185
0.0958002939745408
0.0080292513207401
-0.8670788280194733
-0.0081935805543028
-0.9408955428329457
-0.2056117216918529
0.0104760196222371
0.2688168812232284
0.2191751651242632
0.2206112230518045
-0.7822200215300230
-0.5371958810930165
-0.0533419020152755
-0.2780907232225228
0.1611183818187368
-0.0394913608744089
-0.0997870012486565
-0.9408450475480932
-0.5308210830322962
0.1803706893693984
0.3073321334269030
-0.7604215485785528
-0.1140237714053177
-0.7738642414504423
-0.1953404533573413
-0.1714497495945364
-0.5646256489137078
0.1215693342879904
-0.2590257034753086
0.8811106951340654
-0.2269443956449432
-0.0671704038949278
0.3170709794122279
-0.2129351846402218
0.5401103996120448
-0.3440936070405158
0.5377714837487027
0.5053125609300821
-0.3916342792093684
-0.6621929033049211
-0.6351269614585011
-0.0001960462483415
-0.0688248106072097
0.2505075816428091
0.6094503999005785
0.4050882430710090
0.5577239728726486
-0.3011040468165260
-0.6198678087716510
-0.5320636033741704
-0.0991761699228271
-0.3416594325246582
-0.4539880407009554
0.3837117800512942
0.2420116742653756
0.6454446315728970
0.5576295468055579
0.2581591281986604
0.4928357821493595
0.2251951064855396
-0.2844353216888663
-0.6116664838256445
-0.5013588696615622
0.1060309730066609
0.1019985144783847
0.9696429847998779
-0.0058641723619334
0.1952225123246726
-0.8037008392168832
-0.1668472496256931
0.2481387908055732
-0.0377989003976022
0.5130549093037701
-0.3515836315674934
-0.0285173858698106
0.8713900651663351
-0.0157312417140643
-0.3405988712261239
0.2083530293571280
0.2775632235814689
-0.7267551668463567
0.5912182002832619
0.0428443600572645
0.5895922821641968
0.2862777369583770
-0.2233958200608651
-0.2076842349616056
0.6909323876199107
0.2017214101184340
-0.3331110541924268
0.6700004452025352
-0.3767386514080934
0.5074572792248196
-0.2110849301538645
0.0086891207163379
-0.2202373891074037
-0.8721905351705653
0.3822915304334535
0.7357713577167143
-0.0773756699208163
0.6667534927495760
0.0430495217612985
0.0789938823604241
-0.5529304964411240
0.4259660770250859
0.2892428961059737
0.2857942971519663
0.5894751344177914
-0.5473124462922578
-0.3078243130908246
0.1484075897268921
0.7398691799039638
-0.1904260022776223
-0.2277174053754070
0.5744230347003276
0.1753588912760234
-0.5096996493591683
-0.5723971411427066
0.2572539746485124
0.6033587252057063
-0.1439007857753204
-0.1101695422862397
-0.7327577205675648
-0.2639143334129253
-0.4459455082430157
0.0772747523493062
-0.8423481406713855
-0.1263330948481159
-0.0788878691084207
0.4689152575248987
0.7368030302695622
-0.4619285992850625
-0.1328098231156921
0.1054583027802053
-0.6452835137411347
-0.4966114873194619
0.1929942509808568
-0.5372317777452332
-0.6862884335947590
0.3417156392096111
0.3790249616208504
-0.0468668214151775
-0.5161222600822116
0.7478821654428769
-0.1430654098669134
0.2121488496609094
-0.5680887211608359
-0.2290690410978413
-0.2778476681126679
0.5618373322906306
0.7397488114519226
0.2432213482158072
-0.0274692026905294
0.8921617340228418
0.3637040714100570
0.1589957569649766
-0.1947208442343878
0.0925793220589023
0.3882373217465944
0.5023601030258468
-0.6990406233490175
0.0405598337616016
-0.3265014788388263
0.4897229817071839
0.2160471276798131
0.5983364081750400
-0.5639678646955397
0.1934653200242188
0.2240309346338800
-0.5969903901154936
-0.0259987199450168
-0.3971747438155742
0.6595368859078881
-0.5421813186783150
0.7259589230022070
0.2944036044245696
-0.3035312519528655
0.0147768934308599
0.6450042582999900
-0.3473492506558552
0.3620521440419469
0.0045266014759027
-0.5763816094545380
0.0620785896846852
0.2556848036040343
0.2126364889075977
0.5818900599758745
0.7395682602674679
0.4800740890741301
-0.7417463907756839
0.2886081452326889
0.0981968173012391
0.3555332394420319
0.3351932055052646
-0.1519045270801047
-0.5317637216636433
-0.5754759904362340
0.5006248679296129
-0.2932232907274952
-0.0011168979846752
-0.7788980336001826
-0.3986333433076574
0.3852637605212292
0.0597350709779578
0.5182269849878886
-0.4595707910283515
-0.5175938703541162
0.4987622547176591
0.1471856077047219
0.0789304997353457
0.3744317568358288
-0.8543789702885605
-0.3192864038721571
0.6538564461419624
0.3675045357715599
0.4303512417622611
0.0460223211737757
-0.5000919102458977
-0.9573265009160331
0.2756789350801043
-0.0176560513344622
-0.0787415888999461
0.0318609702575261
-0.0552483754144482
0.6008594595773937
0.1227073095780188
-0.7672147709309703
0.1795548336633958
0.8183333576350834
0.2270222550239743
-0.4386711005101610
0.2541633986328858
0.1475128600431333
-0.7507370460139985
0.2079989432011095
-0.2186926021857399
0.3313534019564670
-0.4852924851370593
0.0259892177576052
-0.4692774427834224
-0.5996778397843924
-0.0250054777840780
0.6471973862797301
0.2663860506103499
-0.3192674562054924
-0.3962603978628355
-0.8052846500659927
-0.1469731026479790
0.0171427006146425
-0.8200981287522447
0.3512738724753704
-0.4340827441152295
0.1237902452144477
-0.3480553199938968
-0.1156288556417947
0.4329700006532269
-0.4801402441376631
-0.6689467740117184
-0.2308962280373704
0.0071342209451158
0.4706659654391054
-0.1165389386469910
0.8435213450327907
0.2177114101584102
-0.5492057943840956
0.8028500940609221
0.0721342614885084
-0.0346859061817239
-0.3815511373470982
-0.8185188881048918
-0.0374509149286415
0.2640378655683675
-0.3366407490512340
0.4258463485727521
0.6402693782263598
0.2524459172813749
-0.5166232897688234
-0.2794305746143184
-0.1186552959439775
-0.7888646647854166
0.3712848242027819
0.4448696752845464
0.1668892229185915
0.2433208981635771
0.1045403573435633
0.2024263042474658
0.3547006316466011
-0.8735429625734300
-0.1513378891892199
0.2315003845829626
-0.2660880446308425
-0.8727067777928963
-0.3018020008756852
0.6978190278757472
-0.1712023473597484
0.1971003886912684
0.4489271359423262
0.4933094606688891
0.5651311056381126
-0.4587109225419019
0.3985317716632114
0.5454985303067460
-0.1175368171645121
-0.6016640480075730
0.6785120834532520
0.1158190442545586
0.4016525349436905
-0.0536927937840482
0.0044558886669498
-0.8222492775083362
-0.2478435722390707
-0.4118432505996606
-0.3047047281032719
-0.6023470414254951
-0.7438657357395986
0.0839952756460481
-0.1953506949231130
0.1965316985647352
0.3270183940061512
-0.0568759882404654
0.8048136156084712
-0.3210679743322047
-0.3728464723351189
0.3772940666428829
0.3563251102922492
-0.3054923439910049
0.6103757755723204
-0.5145847290861461
0.4355869134067660
0.2197031679559003
0.5550176426670977
-0.0270139979782289
0.6732163241487822
-0.3175804218164618
-0.6634705853081511
0.5468179867810253
-0.1257702208591322
-0.3796332427324156
0.1380248114146756
-0.3254494092317472
0.6195674256417696
0.3337569195718396
0.6162583526299638
-0.5362104087999370
0.1797031505026065
0.7430950559326485
-0.2202006828082945
0.2819690981885372
0.1669057309658668
0.2186368853056234
0.2056465478768155
-0.6014627736153915
0.7213129824534108
