1.500000000
0
0
.86602540378443860
0
0
1.500000000
0
0
-.86602540378443860
0
0
1.
1.
1.
0
0
0
1.
1.
-.5000000000
0
0
-.86602540378443860
1.
1.
-.5000000000
0
0
.86602540378443860
1.
-.5000000000
1.
0
-.86602540378443860
0
1.
-.5000000000
1.
0
.86602540378443860
0
1.
-.5000000000
-.5000000000
0
-.86602540378443860
-.86602540378443860
1.
-.5000000000
-.5000000000
0
-.86602540378443860
.86602540378443860
1.
-.5000000000
-.5000000000
0
.86602540378443860
-.86602540378443860
1.
-.5000000000
-.5000000000
0
.86602540378443860
.86602540378443860
.5000000000
.5000000000
.5000000000
.86602540378443860
-.86602540378443860
-.86602540378443860
.5000000000
.5000000000
.5000000000
.86602540378443860
-.86602540378443860
.86602540378443860
.5000000000
.5000000000
.5000000000
.86602540378443860
.86602540378443860
-.86602540378443860
.5000000000
.5000000000
.5000000000
.86602540378443860
.86602540378443860
.86602540378443860
.5000000000
.5000000000
.5000000000
-.86602540378443860
-.86602540378443860
-.86602540378443860
.5000000000
.5000000000
.5000000000
-.86602540378443860
-.86602540378443860
.86602540378443860
.5000000000
.5000000000
.5000000000
-.86602540378443860
.86602540378443860
-.86602540378443860
.5000000000
.5000000000
.5000000000
-.86602540378443860
.86602540378443860
.86602540378443860
.5000000000
.5000000000
-1.
.86602540378443860
-.86602540378443860
0
.5000000000
.5000000000
-1.
.86602540378443860
.86602540378443860
0
.5000000000
.5000000000
-1.
-.86602540378443860
-.86602540378443860
0
.5000000000
.5000000000
-1.
-.86602540378443860
.86602540378443860
0
.5000000000
-1.
.5000000000
.86602540378443860
0
-.86602540378443860
.5000000000
-1.
.5000000000
.86602540378443860
0
.86602540378443860
.5000000000
-1.
.5000000000
-.86602540378443860
0
-.86602540378443860
.5000000000
-1.
.5000000000
-.86602540378443860
0
.86602540378443860
.5000000000
-1.
-1.
.86602540378443860
0
0
.5000000000
-1.
-1.
-.86602540378443860
0
0
0
1.500000000
0
0
-.86602540378443860
0
0
1.500000000
0
0
.86602540378443860
0
0
0
1.500000000
0
0
-.86602540378443860
0
0
1.500000000
0
0
.86602540378443860
0
0
0
1.73205080756887720
0
0
