0.0296332685198946
0.0925632607003854
0.1557414717402564
-0.3445487336665337
-0.2669133227278806
0.2773951083957030
0.1253096837972343
-0.0388671308501088
0.7551870743073787
0.0740846122217798
-0.2961995016846177
-0.1365670010717001
-0.0890459034228905
0.1166950815012207
0.2282274617491172
-0.0268220274703295
-0.2779919811323135
-0.1520807673558460
-0.1136533680228249
-0.6334943326936537
-0.4380476151909514
0.2191727743719387
0.3741961228766219
0.1762398196077483
0.1730285252815816
0.3184604560449744
-0.4336195926652231
0.0111867912391978
0.5348251522521515
0.1534670459650201
0.0664221439860696
0.1602282223945484
-0.3108324515355641
-0.3545622727237216
0.0175881309153569
-0.3437693256752551
-0.3959918957432913
0.2350276223699037
-0.2785076359260895
0.0600676026150112
-0.3515620678202056
-0.2990571870488776
-0.3949250929946465
-0.2327227693464625
-0.3029233260384472
-0.4234919922137303
-0.1110343993385464
-0.0135780413604422
-0.6652697882397799
-0.2005483773033662
0.1939197018731164
0.4000967325674560
-0.1218401712486077
0.1774558947186633
0.1705645894729963
-0.0887257170202257
-0.2334061433913296
-0.0498394753409784
0.0223588480314898
0.4227904184429480
-0.3422060958997216
0.3902174067538723
0.0597110291485303
0.2384952495551775
-0.1843965718570937
0.1179774499634132
0.2829978885398535
-0.3561339454312808
-0.2293359891940592
0.4628598684821212
-0.3684349292804597
-0.1129666101518734
0.4596337536395892
0.1530727223356163
-0.0163571290318716
-0.3815063913128212
-0.2777678794890124
-0.2336510601456327
0.1114594484289893
-0.1487638355556303
-0.4577770036407715
-0.4713776253367538
-0.1451869549795830
-0.0187954538718001
-0.1135525996208477
0.2250190333788314
-0.3368348947954050
-0.0876203763224987
-0.0111790812953170
0.3842904205839964
-0.4473958465066706
0.0925753385721250
0.1659152323306209
-0.2982837116841478
-0.4705300874899114
0.3477071020770505
0.2816531186320179
0.7852878385307746
0.0789888582538025
-0.1052142190955550
0.0115792659766633
0.1628091253765026
-0.1040923121197021
-0.1669131910776746
0.2314240035427311
0.3774326214231477
-0.0261381863085572
0.1570142935347686
-0.1196058750237480
0.4003162515482031
-0.3300167709577539
-0.3990915190874677
-0.0166496794248703
-0.5124264758075516
0.1035487524460963
0.1617133061148221
0.2736294246325711
-0.2598274310425092
-0.3376327985464948
0.0338425566824828
-0.0615785858262499
-0.0874293336098358
-0.2589493099960231
-0.0314641637737626
0.0896308402472081
-0.2143670927706865
0.0116025381875448
-0.4664403778740741
-0.4993013751630355
0.0706355983097602
-0.1243298620977988
-0.6156964366107439
0.0862252849303275
-0.0659125599924309
-0.3454067272046673
0.2500492782414547
-0.0084612964151849
0.1759615178773566
0.1335891546673760
-0.2197374792733021
-0.0569785509260197
0.0636738492202460
0.5469459802211697
0.6346454088335552
0.1123541539076091
-0.3607331359050420
-0.0357827525740989
-0.1893323359003919
-0.0549181912946709
0.2620429080272811
0.3105759142497877
-0.0116222259226294
-0.7580013087599290
0.1715403006465984
-0.2034336868598867
0.0804283417302930
-0.3984689322156694
-0.0954061258856060
0.3426730226067576
0.2366230223667974
-0.1143144130051588
-0.1374520746315244
0.6039632478500490
0.3238497010892736
0.3270502859868534
-0.0614671652318609
-0.1052666285814752
-0.1878101954551606
0.4636747611273988
0.0289747613835650
-0.2882313916116862
-0.0885010179334829
-0.2333755042882024
-0.2246041937030616
-0.1868960473055947
-0.2424476535520841
0.5075559654858414
-0.0010916572298541
-0.1550448136998772
0.4614987569835913
0.5059678463329580
0.1779178645025462
-0.0890832254845494
0.4759254328414251
0.3862269797607358
0.2754948922834777
-0.3010675512283070
0.0194669233856675
0.2340669571816186
-0.2261816525019073
0.0907446505156970
0.2182464529653216
-0.1101303254810675
0.3542010486815702
0.2312738140378080
-0.3527937784829596
0.6118565449963773
-0.0774269159663456
-0.2993489759792704
0.3872166619403802
0.2099989317697462
0.0718629094606418
-0.0951457965320754
0.0789647893245740
-0.2069705068247246
0.3605600214477792
-0.1115099843241130
0.1821691163759133
-0.2994269471042206
-0.4310409970070407
0.5684898141353156
0.0437094110471318
-0.3486064729702933
-0.1318611401125222
0.1191673292379090
0.1669757823884055
-0.5114152349653770
0.0802856630719298
-0.0786947635604039
-0.1217876325431112
-0.0570748231420555
-0.0270782826782253
-0.0082816044741078
0.7624736368059780
-0.2173655953428363
-0.1213245887101928
-0.0426512236162732
0.2485389127107020
-0.1662236232672692
0.1578206693697413
-0.1566079346428904
-0.2635688640613311
-0.0043837696456057
-0.3416307162189077
0.2917649517708958
-0.1142667785830953
0.4751527142274978
0.5948022094101161
0.2428736289796889
0.0024361467602513
0.2179882198980608
-0.1856194720116056
0.3993421297336690
-0.0740476861484971
0.2809627919864344
0.1533533510676560
-0.1513733626510482
-0.1128017531218650
-0.2868221281142062
-0.0208033420334610
-0.0568048451840485
0.7273564307458811
-0.2667793335446543
0.1962647387681003
0.7089295589032844
-0.0050057604723970
0.2746218845865712
-0.0729774629426631
0.0632050400659520
-0.3428839774158641
0.3046508632454425
0.2438884645522507
-0.0021604547635143
-0.1819262887895127
-0.0845449107112536
0.0292911602983278
-0.1424442047200785
-0.5350596955831297
-0.3641706990417099
0.1724101236031739
0.3910861694495815
0.3020017404987131
0.1327965183639747
-0.4382679713462639
0.2432245671073865
-0.1002199815547279
0.3596033945957297
-0.0282636140501599
-0.1136422233689109
-0.6161666114157407
0.1865338269722769
-0.0540889494742716
0.2606812303238125
0.0110467408082124
-0.2449508818562864
0.1416924514673662
0.5095953300336762
0.1781808509839265
0.0531027816652408
-0.6448282118832743
-0.0694845413733052
0.3431453223859177
0.0330913915676535
0.2297737321536450
0.0210737946541875
-0.0322753742936538
0.3307804757015602
-0.0316736958757831
-0.3446878697888385
0.4173659922510078
-0.0809306782424352
0.2339348687488248
-0.3813375378906554
0.0175127555233128
0.4362393126978438
0.0211674254269783
-0.1240627934893895
-0.2628215701260895
0.4348600154584728
0.2309308017477179
-0.4591243463035848
-0.2540722381309189
0.1002158583635059
-0.3309431095499672
-0.2206053104750610
-0.3407640516371956
0.4447235041659711
-0.1780680956133675
-0.2507358436120108
-0.1368140330218830
-0.1453055321217316
-0.3733314122204781
-0.4932683607281627
-0.0277325914427860
0.0551275268301690
0.4489144143907725
-0.5092570523154905
-0.1780514280548117
-0.2403089999617110
0.0272798896033077
0.2354832424607772
-0.5411613612893982
0.1125471447338025
-0.2048749980155338
0.2062206084469571
-0.0205815391243486
-0.1420757875941803
0.3112456865782839
0.4321769062123122
0.2425525194918271
0.2538247462852541
0.6619884817052871
-0.0454658193991096
0.1573746670706447
-0.0412487325452605
0.0859448380452482
-0.2824475811803948
0.1377595827755134
0.0162683265491103
0.3109270202969944
-0.2249765196147362
-0.3107830224403079
-0.5381832832466374
-0.2201736870749247
-0.1606725061348284
0.2025684503508950
-0.1400151483412481
0.3217996138119479
0.2216258628599688
0.4226282311097526
-0.0087583236040140
-0.1784711568733096
0.4649768400197407
0.3456203126727997
-0.0529301968145817
-0.3726294063188043
0.2483448129672164
-0.1464484656351815
-0.4286106586362793
-0.1132969185610761
-0.4485802538068643
-0.0993497039991373
-0.1481668368937608
0.1675621735327097
0.2100103027000579
0.1267472987442186
-0.2114439898272694
0.5240755886980512
-0.2386970063825740
-0.5118074601354523
0.3616003439105199
-0.1153627965829025
0.2452619085942672
0.2174778000124156
0.2387700375095623
-0.2838153855215212
0.2313217042563976
-0.0167536516996563
0.3577344492688784
-0.5892968279866184
0.0441371380444878
0.0394133432785267
0.5014020063117124
0.0701925669980395
-0.2671943306233405
-0.0466617129905075
0.6508674115410278
-0.1207085970799757
0.0352051919315937
-0.1586111066292080
-0.2931165012189765
0.5688683621998384
0.1075641370835454
-0.0597094176846670
0.0382424974203024
-0.1778604669259744
0.1203115028961867
0.2513338646522328
0.6188235420336368
-0.0362944180321693
0.1414540000053628
0.1143903792815919
0.1429626595739490
0.1928974951012140
0.0196927637955514
-0.0055847766424876
-0.0085742038199679
0.0838701894320705
-0.7170983562073080
-0.0569316046530576
0.2184218757195501
0.3236352995445750
0.0882314835500571
0.2403396030564486
-0.1391559643974329
0.3875497423582335
-0.4704513169798712
-0.1627250457240262
-0.1758807156133035
0.1170388725939827
-0.1069466947650260
-0.5554920079370136
-0.1712222455863356
-0.3486052817304740
-0.0594309220040933
0.1446648562394870
-0.2348202098810211
0.1454630932365050
-0.6807674734085538
0.2118530036078326
-0.0846107548533830
0.0262434859545232
0.2209466730080682
0.4282594095737740
0.0722644442653945
-0.2153269242390560
0.1056942432936049
0.0803766555587785
-0.4774863067233990
-0.3472763724464149
-0.0973412647339888
0.3458090805077936
0.0884597976640843
-0.4561418467502021
-0.3897032132032290
0.2921781605093222
-0.0586208578710926
-0.2264390401176890
-0.0170186709207124
0.5965919088733889
-0.1250451345084510
-0.5679053255716404
-0.0223058013485322
0.3121402652729898
0.1832084725207711
0.1176079188063613
0.2857472919288417
0.1547484893966686
0.2917685547273480
0.3178141018358179
-0.3622567583418086
-0.1842626602922576
0.1848538096109328
0.1745987228097636
0.4826129560658770
0.0384656412859985
-0.1189362721294302
-0.0560711936239052
-0.3061404498930108
0.4884877825539739
0.4896033013510798
0.1445666063050773
-0.3536501092430372
0.2308156218074070
-0.0979985584695748
-0.0557396507347922
0.1569231084521848
-0.1141315091183438
-0.3328563090870397
0.6262884344421016
0.0872529683093703
-0.0063053191628217
-0.0259027668303287
-0.4757113105011434
-0.0088017052699120
0.0865959106481926
-0.1468173932000363
0.0492922780493220
0.2378130925962181
-0.1629109753843417
0.6332116763605907
-0.0900658397342632
0.4890310003855185
-0.1007528835243987
-0.5910940939874357
0.4306177813030198
0.0509581667935133
-0.1749779653017673
-0.2991151371660810
0.1879860676921470
-0.4145723768840660
0.1208140679132486
0.1800205883915622
0.2455465423407795
-0.0402070701153267
-0.1623885112248677
-0.0900269243041772
0.2260576885198616
0.0759399237577370
0.0953402368494367
-0.0956956868992286
-0.2112397800567714
-0.0015422502348389
0.4003271621805601
0.2802550571609068
0.5147951309700004
-0.5664963264026092
0.2177551499536572
0.2042231377708807
-0.1758047440163084
-0.4586763041269059
0.0275989096788767
0.4991260681166546
-0.1347151803661537
-0.1319783096283259
0.2757940134861277
0.1323915351618563
0.4053383714485048
-0.0297905024089451
0.4156562743791632
0.1339211822384705
-0.0135103391246078
0.0603191276283099
-0.3235289659887242
0.5466282737668273
0.1577392934210598
0.1368528654004715
-0.3635001507268219
0.4956246713496216
-0.2512794159854115
0.0463199416366866
0.2968118616807295
0.2810280501158487
0.1764837582312737
0.0536213930865661
0.0002697184250021
0.1816065038977459
0.3248663448782089
-0.2908547438749988
0.5987603160581302
-0.3423099207319556
0.1688985733546451
0.3977983260312261
0.0377572650620568
-0.1897506302831100
-0.6442733929310369
-0.0227237620851570
-0.1600963134146843
0.3716207309123580
-0.1338115217470680
-0.0788510066350828
-0.4343232952023729
-0.0621510192266645
0.3299398372608395
0.1961340473247859
0.1438957525935986
-0.1356228683841399
-0.1216487245684749
0.3886091990370589
0.2807315793957545
0.5321826865141712
-0.0146232269923384
0.1501500900648970
0.1197742463691491
0.0566133180329815
-0.2082784422665924
0.5672759875652472
0.2197054904710610
-0.0468788693051288
-0.0957248851470549
-0.1445128669244306
-0.1473627314493695
-0.0786377794267081
0.5451925612835183
-0.1129954470276428
-0.1822511152806415
0.0018680835275348
0.6338479194447176
-0.1618109319533602
0.4107160246778543
0.4230523738273170
-0.0793417093691382
-0.2032376129535493
0.2870777069865535
-0.3948885359287950
0.2177560301719894
-0.2826351568186917
0.4132987273329056
0.3513965446569712
0.3215498698028630
0.0028514761574684
-0.1003860016794675
-0.5402483734809592
0.5145446078548661
-0.1656224680225344
-0.0549207422762811
0.3133464391670415
0.2587269636849490
0.3621769387697747
0.0734733530192694
0.2721655885416198
-0.1750751690537946
0.0756433453719724
0.0280180704418765
0.1693621498384567
0.2556815402878958
0.4141381922286850
-0.2799036940771660
-0.2297190097199667
-0.3800108331205288
0.2778402130982655
-0.2321537759474073
0.2903049601112562
-0.2356406273028666
0.3804241487139541
0.2080655365388180
-0.1492795950314015
-0.3080893752790618
-0.2143502013561092
-0.1451075235041342
0.3611432711335730
0.6447144956651574
0.1475617477875743
0.2416316201668846
-0.1135635218996864
-0.2912295701775691
0.1266867062579288
0.2753033364736487
0.2623375191328233
-0.4431913898768305
-0.5716605398199530
-0.3673980080504441
0.0834996453136833
0.2304274494881542
0.2902738319182583
-0.1751097698184808
0.2292628944254970
0.1353948976837223
-0.1289546920930432
-0.1023203497264032
0.0676362129069551
0.0375470893650687
0.3071350614034444
-0.2772706956208970
-0.2160830583876184
-0.3229271922113980
-0.0323428587756021
0.6570342827709275
0.2590587923189160
0.1898735929644810
0.2973404202994643
-0.2179812850265239
0.1449068279503381
0.0554824545217307
-0.1676829298948564
0.2313999868165096
0.1299972464212488
-0.3770980997809697
-0.7029186745302748
0.3923591109093076
-0.0174679893841268
-0.1302122794127102
-0.1950421790448667
-0.1783697669303790
0.0268249545507548
0.0685072286455311
0.0097136566489604
0.3165070906248630
-0.1287148159746791
0.1590797653140467
0.4017120457098931
-0.1418893091578969
0.1768054344465660
-0.7543499773650458
0.0364719153605379
0.2632542838764435
-0.3437003464377107
-0.2448246475450398
0.3359834847279640
-0.1534118569004510
-0.1188109991464104
0.1424718417770026
-0.4905240930686707
-0.3291246532105490
-0.3219202788392144
0.0878842513191593
-0.4367616291843286
-0.0065294127264860
-0.0085420936281007
0.4842372210247819
-0.0663991834305631
-0.2273502554089078
0.1639735520411568
-0.0123356857692993
-0.1573793465793514
0.1018794699851940
-0.1888643439358184
-0.5165204009426674
0.3407435380395170
0.4781087245107903
0.4088416660644041
-0.1231899315367612
0.6426926729093861
0.4435660776050578
-0.2214310730681673
0.0132655391455618
0.0063347857810998
0.0445396469929158
0.3325131414162537
-0.1859563255910802
0.0163133853265416
-0.1059505580332680
-0.3532398286835648
0.0477755784010332
-0.4576706712574868
0.1581019300091434
-0.5289295994392426
0.1004996146422098
0.2782888243290868
0.1270203595265806
0.3820391431637882
0.0073531675612696
-0.1317241943694136
0.3027799190607992
0.1232631664084436
0.5131597257156806
0.2538870686090039
0.0675900995650736
0.2202859509611070
-0.0814116761054005
-0.2055869441587185
-0.3908102436037184
0.0726705920950282
-0.4913111406309294
-0.3844873248900195
-0.0882930822230400
0.1753977769277085
0.1851379118609691
0.1699998680744742
0.4634609208784707
0.0939389837596642
-0.1715775305885577
0.4967733602320651
-0.2754098653841666
0.3278707626110837
0.2269788498179594
-0.0969433332796966
0.4024291253707113
-0.1734807450026878
-0.3054948506750803
-0.3567464188794825
0.1595819703878578
-0.2265378827264412
-0.4326464386816918
-0.0070830554494178
-0.1224718609888684
-0.3001804880283797
0.2788043892784434
-0.3640617458171690
0.4122012462427591
0.1539437575497544
0.0330464654737986
0.4724544380383388
-0.2453353502085529
0.2906181580372077
0.0634362599871032
0.4239067715349780
0.4348611017313175
-0.2076444241014107
-0.3988816159143915
-0.1636247008488185
0.0743412794485934
0.2485688816722486
0.2371824024706860
0.1178330542551000
0.4137808610801024
-0.5162864194130626
0.1671083727287233
-0.2442105432310466
-0.1520931991281815
-0.2116152934738382
0.0877499187389061
-0.2748175923350235
0.4377270769223583
-0.3103639300547870
0.3689806471808322
0.3614246190038783
-0.3409026650157255
-0.3153039235773562
0.0729622990322619
0.1752014222123910
-0.0235974714026327
-0.0385954247463852
-0.1310308999881833
-0.3884654873423034
0.4638195252096310
-0.4028956047684916
0.1256973037729243
-0.0010575790903534
0.1832039150381334
0.4881003530215217
0.2313249292468886
-0.6039956709489446
-0.1676749251836449
-0.1314343081181117
-0.2243687163190748
0.1709495568817515
-0.0824114600111816
-0.4505071420798230
0.1935725880673433
-0.0526667108561217
-0.0595062937684084
0.1875372199246880
-0.2041186747180175
-0.3116610790956942
-0.2729796513765605
0.2220549433805483
0.1752390020123234
0.0175610468407499
0.6514963776314402
-0.2268573714773300
-0.0697651866495257
-0.1323352693507035
0.4916556902066063
-0.1078131976662551
0.3186616467244550
-0.1108881032931275
0.4557880669019840
0.1154949004829082
-0.3719991116573599
0.3846897343976182
-0.2269672742551335
0.2190718955243180
-0.2371075767287747
-0.2177775217132312
0.0045304704936801
-0.3045231488651978
0.1086405564402408
-0.2740374462527985
-0.2088305342192654
0.3442839624194623
-0.5765359008179868
-0.1689189096112996
-0.3816246914413901
0.1449033196318471
0.3452833252887031
0.2248412993394113
0.4859277785936573
0.3525877970414741
-0.1085106923402084
0.0705357675882125
0.3877880986845426
0.1179088630855128
0.2553474270536046
-0.0260363228792545
-0.4493024702449525
0.3160891387439181
0.1962695559690607
-0.4862658656152599
0.5082458556898042
-0.0654759352830505
-0.3466314604911149
0.1440500551941984
-0.1367223550023155
0.0226137278312736
-0.2295847713062022
-0.3637916128761622
-0.1317148515392431
0.0471178707026609
-0.3051064081858829
0.1788293672791039
0.2934452502846669
0.0467038766049318
-0.3610425325414720
-0.3779331026327822
-0.4668996027362978
0.1142815401047026
-0.4280670877587500
0.1412602646974021
0.2774565416783299
0.6321439855460304
0.3098485921236471
0.2398090500469719
0.1025680821262589
0.0415771517670485
-0.4370188760400500
-0.0194055799672695
0.3389453274374449
-0.0863751231722844
0.0358731129381569
-0.0348793312310554
0.3441227405585768
-0.3476604823359143
0.0402816773140795
-0.2533494116800392
0.0047127854658665
-0.1140872053311028
0.1432571781464775
0.3925453821960183
0.1020192640175987
-0.2597109111667627
-0.4043091938323148
-0.5810603102276560
-0.2161396729111181
0.2011410239768031
0.3575159957941329
-0.2086252291528850
0.0232897331650133
0.5339727241944892
-0.5687268657517628
-0.0269931758452711
-0.3451567572167356
0.0166550762784451
0.0266928488808573
0.2353998540025343
0.0530638831709117
0.1623160623623202
0.1730181940717728
-0.2628991853422341
0.4048133830910891
-0.0424186510088563
0.6185340059642285
0.3898610466137724
-0.1433254050119613
0.2872140075781225
0.0678700854141655
-0.0691867456004725
-0.2488490252138395
-0.2678980811186320
-0.1874211267046310
-0.6791088273553523
0.1609549202677942
0.2968218872570941
-0.1102518724674730
-0.0647068866224434
-0.0996694328222236
0.3083768248729624
-0.4104042351265438
0.1275143493520864
0.1088170798873428
-0.1813731199567371
0.0844118832484509
-0.0005037899300156
0.3956843938521565
0.5093277335016756
-0.2109526779878129
0.0544608365580921
0.2021203753110463
-0.0438147155036527
-0.3055278426564599
-0.4132641952498158
0.4354576255780158
-0.4067712604979413
-0.2807671859958362
0.1736224557496465
-0.3317029368845290
0.3855747757923675
0.1891046774194907
0.2810859725633778
0.0335261473829054
0.1410880956446476
0.2012227005022418
-0.5321949479505628
0.0857066601197411
-0.2088949130933803
0.0738254019048569
-0.0153724644520943
-0.5517592068807537
0.0881090481266494
-0.2198048602385926
-0.4230655127259497
-0.5320580336052311
0.2208509519856707
-0.0697730617867447
0.1015411868465632
-0.2532520372628354
-0.1886216040102409
0.5555140569643097
-0.4419582596597209
0.5092344349326580
0.0475192191348584
-0.0079350088122522
-0.1835885223608374
0.2557482547096050
-0.0866218322608365
0.1904017573572897
0.0899692870210182
0.2188506579732027
-0.2782009100568545
-0.2313884022642318
-0.3807444815898091
0.3225460875214844
0.3652933106739468
-0.0465059964411253
0.6293925602516554
-0.0708478347508213
-0.1437112024517898
0.2400095801235692
-0.0369899075074441
-0.0606559104198937
0.3777567242349971
0.4533003598144507
0.2740134875334803
0.2627634918140092
0.1473768507770972
0.2345412164689733
0.3486065515544066
-0.1886409453473526
-0.4197571031687248
-0.1160224979908838
0.2816207563692976
0.0698687954111455
-0.2798543865821835
0.2091430145635840
0.0040575640033997
0.6378340583247359
0.0615197774187557
-0.1195739709514367
0.1464376078969968
-0.4714206759234142
0.0380988587616481
-0.1327431417712873
0.3380016333078883
-0.2757001249597800
