0.1727629451484979
0.0950474883492454
0.1393792991534767
-0.1658615427331069
0.0794367591498620
-0.9500439948722770
0.0727221318079202
0.1440834895779952
-0.2466525183699413
0.7161502445872594
0.3030747067265705
0.1864620488893634
-0.3957945217155411
0.3496507306398087
-0.5345732629794339
-0.4530772061461353
0.1464485827678593
-0.0677009309025708
-0.6107320301759920
0.3276394254234675
-0.0508002220845123
0.6167143073960837
0.1722672241792518
-0.2550370537635110
0.0860000094386917
-0.0720684978220806
0.5933951791005241
0.4002947153693676
0.5683877609100839
0.1060911059719026
0.6885485656112033
-0.2906616970068302
-0.2090883406559702
0.1429129047583957
0.2072550328083605
-0.2502949926830521
-0.3428214914415107
-0.1336869737215124
0.0997421465615168
-0.1032721619591536
0.3027851857696855
-0.8304583859187605
0.0512807010824180
0.1533373406333355
0.5797775906521230
-0.0250650770432657
0.6283117496897103
-0.2857075744441233
-0.4008530454687069
-0.1305724872064703
-0.7085036011436062
-0.3198900988980508
0.5502144790214680
-0.1335864830966307
0.2409614019976014
-0.0002805968852084
0.0733183529144114
-0.8618428255836128
0.0074418443480628
-0.3639519105144816
0.0275483717547701
0.3007868053427121
-0.1676406091820141
0.8668683897553158
0.0190762742440066
-0.1532354323099142
-0.1120018132059065
-0.2312196446246675
-0.3384618892337878
0.2100733495789364
-0.2804026637822551
-0.1625745492666925
-0.1819318037981451
-0.7272548242492096
0.2543057246511827
-0.0424967698445032
-0.5162051185429799
0.0485159526338286
0.2243905110488876
0.4958007250087165
-0.4081540868620676
-0.0811933449740859
0.2913288987905644
-0.6658994644924040
-0.5082849728852908
-0.2000418636720304
0.2725535721393125
0.6677074258228672
-0.3245097258205516
-0.2671213138419461
0.0696464246888799
-0.1768166254870130
0.3328788842202099
-0.2789587553998504
0.7317675467083006
0.3267366299325150
0.3589023999456274
0.0951737449908683
-0.0258327110794353
0.1445768596261488
0.2483806850977337
-0.4720460499569134
0.1896923839665882
0.6093962669128304
0.5353155649027607
-0.1648401437523219
-0.1095494326897798
0.2210342100714727
-0.6460628708467674
0.5189883327353336
-0.2937553522833798
0.3727360958987482
0.2417708572340841
-0.5250263721304129
0.3670144683493947
0.2359465022250835
0.0691162271259526
0.5137230598144410
0.4547915503091448
0.2088478553563221
-0.2896127719201913
-0.6865207697955303
0.0519838040962764
0.4635003154118034
0.4275876009002953
-0.0288137740375874
-0.0616506785755683
0.0930591142986284
0.6793005682922963
0.3708807597661305
-0.3981053615320602
0.4715829069999894
-0.0875161583654986
-0.0588658655125846
-0.1757249790487351
0.1919931082279880
-0.2294778512915269
0.6931661799614075
0.5692468384748751
-0.2676056569271751
-0.5344044411611908
-0.0225270288590524
0.0363996535804745
0.3034437905959128
-0.1077180726465673
0.3875924474154454
0.6772519981054306
-0.0083788197524318
0.5298130872375290
0.1798421281655818
-0.0890163321242520
-0.6136356070954557
0.2672972117302183
0.4805874861346855
-0.2224889371765856
-0.3766390114875695
0.2635555620819183
-0.1753803398465252
-0.4211155948320358
-0.2932924849597047
0.6671304999819175
0.0365171231306866
-0.0521703147886477
-0.0165949656622297
0.1539590032381097
0.7954000907016114
0.1695909419496045
0.5572643883563914
0.1649522247219183
-0.4954013761659803
0.5685473484059440
0.1138411606759776
-0.1787286019304097
-0.2377580596265743
-0.5501722773307163
0.4062774051404125
-0.4140478369151882
0.2056269448999234
0.1799010629469787
-0.7561632475648193
0.0693614132735003
0.1107355556306383
0.6597535974582889
-0.3956691018338840
0.2739517104474579
-0.1839457397444849
0.5432998059890114
-0.0363839803053728
0.0527930341713863
0.6205433886974258
-0.2493092407606673
-0.1921775825471536
0.6623899041273610
0.2475197851740326
-0.0881656620790454
-0.0896602970622844
0.6303573832923022
-0.2597143036151878
0.1854276182388782
0.1132033024063473
-0.0716089765817434
0.5493531023693067
-0.4255384635203348
-0.1171493889910439
-0.3168472236802213
0.4151221845844606
0.6581050836979103
0.4067482984598422
0.2175945689279439
-0.2601221894707142
-0.2818902414432736
-0.3548809731673412
0.8000641647587485
-0.3271468574403679
0.0780324155230414
0.2007735775837544
0.0327194937383086
0.2994521421373925
-0.7696408311889366
-0.0580984887602486
0.0884372715391980
-0.0585787059472901
-0.5324483537979432
0.1408975013618358
0.3833518443195826
0.4195893582008658
0.4500038942007699
0.2950091280398129
0.4309892112183442
0.4478913797949873
0.0330734823903336
-0.4371005241380189
0.4294650767539415
0.5865172736067582
0.0359992604103558
0.3701574867215515
-0.0111485059947714
0.3769132081738072
0.5584737632005924
0.3478499858604067
0.4505317849134922
0.4016662475946241
-0.1112133850012687
-0.3517629363270761
-0.2582386475772241
0.3351570833391596
-0.4341217028429646
-0.2867145594708878
-0.4264805275639911
0.0788133996578526
0.0743514000685417
0.6506746613682497
0.2285438798430152
-0.0805179313094447
-0.0061403437244935
-0.5782705027507996
-0.5370134029385444
0.5620245015731659
-0.0509425583086548
0.5167174988931409
0.6657911291272091
-0.1466445300735246
-0.1174951493064771
-0.3777227369910361
0.1623625042098563
-0.2921975728660353
