-0.4408989535314954
0.1541488118446551
0.1969982544320251
-0.3577119087067497
0.0734111054354346
-0.3706878869435388
0.3847383037071441
0.3626847010115478
0.0618217874780598
0.2178932199027892
0.3341108077503055
-0.1725927563499365
0.3911566650444180
-0.1868601179616101
0.2699129017285409
-0.7204226811957334
-0.0347932089667086
0.1678878785913492
-0.0598669269158435
-0.2064469589365996
0.1433269550590223
0.2492581177392282
0.0897304073148148
0.2321483821675996
-0.3276261216848633
0.0239038633201693
-0.2761536850714217
0.0954051768902264
-0.5122862799307907
-0.2205292759177352
-0.1604442294791237
-0.3556399403057076
0.2053389787204506
0.2602512993374170
0.2622594713332065
0.4059055885343957
-0.0199388965432767
0.1514073436133657
-0.4185999138646108
-0.2642046060367765
0.0133763944758401
-0.1151115992644349
-0.3221448285503212
-0.1430587651324975
-0.0443893011957951
0.3981577523501564
-0.2927127380018428
-0.5897413272808834
