-0.5543198637338203
0.4166143612823093
-0.0406831113295685
-0.1464108918309372
-0.0258330264361419
0.2344041142139771
-0.3580859582092062
0.5475063407094659
-0.0178805500084727
-0.1102252384061739
-0.2295535027827565
0.3084887416252876
0.5129157668659549
0.3042748039775640
-0.0994926779082868
0.4853765434609807
-0.3543833709606912
-0.1885211306154981
0.2905014939814935
-0.0739327749266758
0.3818675687104540
-0.4835866045076105
0.3609046689542754
0.0739512158330930
0.3982762272081979
-0.2181824251927106
0.0388641206286900
0.4306925481572994
-0.1525746143185749
0.2609351755602896
-0.0390026244322055
-0.7083841982213582
-0.0677155440711199
0.0579314223379130
-0.3069044936690503
-0.5078604279360893
-0.1634709005882802
-0.0656142855581841
0.0526988502414024
-0.3206422574643562
-0.4071850477729075
-0.4010598811186148
-0.0728840875400921
0.1347438938861692
-0.0522960235915243
-0.0040578005048444
0.0785362493739773
0.2932061599542087
-0.6222564308590174
0.4096231209251847
-0.4512535233148560
-0.4066104197885902
0.5400930795570126
-0.0358458140088890
-0.1644783556077343
-0.0542819907907030
-0.2323115624170979
0.3746806384084612
0.2562955377361452
0.2191151700955611
0.1103322191540001
-0.2565685812776536
-0.6542219487715751
0.2347558621666673
0.0674544871708179
0.1731857975726881
-0.2983641438733420
-0.2806088338769863
0.3787535672076701
-0.3051598244357495
-0.1855668044960943
0.4628321224669285
0.3599997654032033
0.1995665656086546
0.0727670902968769
-0.2903666080666546
0.2013608036766553
0.1739965002434364
0.5977613433633462
0.2533324827147885
0.4067936477012344
0.0013748255640755
0.2275177140282668
0.4297935137584307
0.5612759029202675
0.3701724962116716
-0.1467548662313901
-0.3003905930596086
-0.1849310357899216
-0.0009798310845996
-0.3341314544794887
0.3365516756964876
-0.2231050033965429
-0.4876246829439316
-0.0196089197299880
-0.1781709647074356
-0.0037443959910154
-0.1235113302517995
-0.6631165955508171
-0.0203316468098016
0.0535096172512230
-0.1237348914509247
0.8291356164372475
0.0851803356168166
0.2197113457056640
-0.2062406701730648
0.1455273565964916
-0.1776602484194046
0.1629889607251181
-0.3420376752768586
-0.1748634026289862
0.5644576785661045
0.1456564236866671
-0.1350177070849843
0.1097285328728891
-0.1310777336673431
0.5738209769746121
-0.0107431989307378
-0.0313115668004345
-0.5017735317814558
-0.4893976617950715
-0.4052473984242391
-0.0260373789810515
0.3237356244582006
-0.1652526019992622
0.2326557465329108
-0.1636984674606058
-0.6035855966408428
-0.1333119815622923
0.0214432050017758
0.0334281762698169
0.6291643788080364
-0.2324995856743157
-0.2096513729576700
-0.1012338103607365
-0.4421067251754442
-0.4655109010875830
-0.0424498098821389
0.1572471120408701
0.2368318084791417
0.7614517135098010
-0.1614012863943805
0.2941669017143477
0.0003181560368238
-0.1835103336065469
0.1754904864968491
-0.0055669836421010
0.1605805124216198
-0.1199173725227080
-0.4504846540729733
-0.1078540923870652
0.5066739851277134
-0.2746087602403927
0.3505187746048137
0.0018046586249684
-0.4034041802397938
0.3067395516216508
0.3395915801413770
-0.3206018717267161
0.2417441655647627
-0.0346870044425050
-0.2480361657694440
-0.3892205312295375
-0.5168950310351393
-0.1989454115565585
-0.2100316982055669
-0.1501404233026148
-0.5891581792400238
0.0948296383942059
0.2372067008546992
0.1026688950933855
0.0769554570667510
0.0563570833455730
0.6481252615306211
-0.2158533640055389
0.0875539810600591
0.2292392626549154
-0.3445264780313467
0.0578258463012535
-0.5757109897083020
-0.3308660139296521
-0.1312817896752294
-0.2404317166061032
0.4475758239684308
0.3100612444987151
0.6278181395222534
-0.0877545802321396
0.2150431177851309
0.1299908610521771
0.2324341186357202
-0.0926954279823144
-0.3452420494882065
0.4600854337700587
-0.2692359184812874
0.0994723804304096
-0.2457422892031471
-0.4235518757499334
-0.3074613192869780
-0.4699088607085699
0.1517296275478704
-0.1572266114571966
-0.0373529522002510
-0.0484800913140312
-0.1694977633997647
0.2766554004738315
-0.2036342252978698
-0.1480950426491065
-0.5988133520942334
-0.1224668603018931
-0.6552037286680367
0.2923763003551660
0.0560448298484459
0.0359597163000588
0.1161642575250817
-0.4591631759884274
-0.0415113202512461
-0.6432920082836613
-0.4683338961370924
-0.0948588481369456
-0.2046323067355841
-0.4461061787676775
0.2750370400947285
0.4118242429081402
-0.6340793539398412
0.0263866980953217
-0.0850800663708236
-0.1331909612809735
-0.2433719829912204
0.2588672397347690
-0.0420855330444853
0.4635887920700640
-0.3604884779748749
-0.3423281010178700
-0.3040068815840553
0.2458644094601812
0.4678570463807699
0.1304453111234132
0.3048926748728066
0.2113616699864736
0.1074056549043062
0.1672000785682213
-0.2309336402209813
0.5649226084292938
0.5483871064491708
-0.3930363840488317
0.0454459171548122
-0.0462175704457115
-0.0531744452243025
-0.2896161541051709
0.2312223665070192
-0.1548155387422843
-0.1325529549937221
0.1655743880805713
0.1632688277297558
0.2488297788235143
-0.3553001711027577
-0.5120328806455746
-0.4311759342716375
0.5055087333274557
0.1122780831119909
-0.3173363852356185
0.1756975072198782
0.1476608561294462
-0.1736893709145430
-0.5754592472514919
0.1760743612874640
-0.3143209537293175
-0.1393405153502554
-0.1948673860878502
0.5459981806550326
-0.5157847067898423
-0.0987213225001389
0.0315275544721037
0.0638923410727942
0.0127046644359729
-0.0121739268853580
0.0431452706841727
0.0833286056007365
0.6037375381433810
-0.5878181861216454
0.1135272265333836
0.2688458070334171
-0.3768001524852740
0.0227198753913882
-0.2269827158533309
-0.2716642145640881
-0.2028802082803518
0.2642303554441597
-0.0247674127249163
-0.7317273194786931
0.0148860126405234
-0.0558357773386582
-0.3088978273909360
0.1701610866385138
-0.6918199333487437
-0.2217482011134576
0.2693016798862895
-0.2953458627661041
-0.4275430337680898
0.0442199658734060
-0.3154386139367117
-0.1172423431704822
0.3053113109101807
-0.0583114413313529
-0.6387703560145140
0.2394438267592182
-0.0733112910362163
0.0624178288538580
-0.2509600349899065
-0.5025187650579622
0.1326402033917178
-0.3621534095067506
0.1220632246926743
-0.4535437085653453
0.1563770568658677
-0.3828284093107790
0.2355391445531279
0.0482301151168236
0.6303546195660107
0.0669851036171078
-0.1780584100083697
0.0390432902550336
-0.1317653725996340
0.0770182796902950
0.4041657358970379
0.3137722784694331
0.4783370413816221
-0.5555823882518840
0.3722094131321519
-0.0752060367385122
-0.0415985780429910
-0.0703864825192578
-0.4693386176633412
0.3094289853335562
0.2037237704935881
-0.4475564263041237
-0.3817105673711707
-0.3130220408441688
-0.4165306717895856
0.1352648555977557
0.2489213019273314
-0.1078355136876578
-0.1383101615423766
0.1704290090331265
-0.5454482017986905
0.7314853887289063
0.0453636200488134
-0.1789743185099215
0.0743201301995585
0.0776928458509673
0.5342752965287367
0.2310385449682260
0.1848278828843883
0.5093163294286900
0.0929725985560908
-0.5624399714001832
-0.1859245797943223
0.0215701604036932
0.0613138196631366
-0.0618982823649057
-0.2267787358422333
0.5554177647032746
-0.2155737911894274
0.4474680091306301
0.4893829959323403
-0.0501787522817184
-0.2099147908866569
-0.0818794731356878
0.1634251987349099
-0.2718325697096095
0.1865288404647909
0.2903950113749746
-0.1191190586275779
-0.3413140442654056
-0.2285383828150737
-0.0967161824895575
0.6683117250288751
-0.1815014620916724
0.1501127355569913
0.4318473269551293
-0.1007711237939794
-0.3698953074576990
0.1012933714346876
-0.5327473319485341
0.1525422552443564
-0.0241845155889179
0.0117704000383834
0.5462848222365853
-0.1139184952029916
-0.4728059560046233
-0.2961197504376258
-0.2550543372636086
0.1234659313911511
0.7234396667274769
0.3518521430425405
-0.3166085277691824
0.2602023932951359
-0.0491062392942165
0.0276633343405109
0.1171696724155305
0.4509177461636208
0.3300333596304090
-0.1784256581157628
0.2400882074289230
0.0161923823638536
0.3535771708796581
-0.5673478108273332
0.3502743467825415
0.1684565639183022
0.0063894835287404
0.1822132204750908
-0.1699530210769409
0.2023859285308391
0.2335124091076457
-0.3364974649275673
-0.3945449122200819
0.6549812477432111
0.3420424315901667
0.1079819474041884
-0.1260016313639259
-0.2747301716526858
-0.6579003627110481
-0.2300553184562153
-0.1507002661582146
0.6260600092583311
-0.0309725958147998
-0.0786167763861434
-0.1197186032588964
0.0037295582244015
0.0511560140550667
0.1833397978973040
0.5492709765209409
0.4272663193045006
-0.1641932020413938
0.2253816319845481
-0.0232415290975788
-0.4170862442076434
0.0320726298643280
-0.3328024468502447
-0.3436391881263145
-0.5984439621962068
0.0879558272159758
0.3652602608144611
0.0432944144985704
0.5192504941202721
0.2509994395459905
0.0625069863867368
-0.1031585991326844
-0.3712681497166964
-0.1175945530195137
0.0792525198099911
-0.1374285778578631
0.4024083938876907
-0.1640853872037966
0.0460598805505385
0.6547553627059591
-0.2949260335527636
0.3289952207849695
-0.3662367845328318
0.1606275002190950
-0.4717162312478935
-0.0931707838301651
-0.5814496126249987
0.2344820489678520
0.1248869964521821
0.0380502634005005
0.3539930824752467
0.0018541271464853
-0.2748144304517829
-0.3973102352920180
-0.2879198297059687
0.0071112533376643
-0.1989655024466471
0.5882446501223264
-0.5896005871611820
-0.0201177722130700
-0.3079085634493601
0.1875206720673439
0.2303042194415375
0.0196790661980801
0.0820272867505151
0.1095004452201215
-0.3260811641676927
-0.0208921820507318
0.6349355543911619
0.1192000669632564
-0.1504574534787262
0.4356368782647779
-0.4933130797794145
-0.0372722945638380
-0.0147213363351552
-0.1704605194298711
0.1061571311960338
0.0643472321223456
-0.2232429005938330
-0.6968634266112059
0.0194692004521345
-0.0376431879779234
0.0187947841264048
0.6463058559962321
-0.5070437904978979
0.1966081344387705
0.1680582231754339
0.3582716330920985
-0.3321494352704418
0.3051396625993818
0.5582103172090619
-0.0155330972456341
-0.0421826916499692
0.1749194976822454
0.1288679390458953
-0.0810821991050279
0.1945966956710004
0.2362104840495058
0.1470095721640621
-0.3204519521108562
0.2492592344153406
-0.0090138682012376
-0.7549852437957912
-0.3558652308152651
-0.1622475523673974
0.2475286674155403
0.2929917338942970
0.3477298540491792
0.3121999758890457
-0.0922868161869653
-0.4853716239872860
0.2094725596713581
-0.1840168016715171
0.5351007865057178
0.0732523395632362
0.2455417109495529
0.4029834419221405
-0.1138087595051447
-0.2017120240976895
0.2837461145612065
0.2228268723747602
-0.6713876654500719
-0.3673457592284527
-0.0493918752514190
