-0.3714055866168210
0.0533285296787625
-0.0750438543739129
0.2099532261462499
-0.8995604328472674
-0.0171186611404628
0.4648009070921638
0.3297717776356196
-0.0081289819208725
0.7973921880809093
-0.0190314182806243
-0.1973527668922915
-0.4703606144117107
0.0036711110104227
0.3726201029589561
0.0923797291423077
-0.4788386084720153
0.6340987674686193
-0.3745051620422551
-0.7120306150978223
0.1756847234099166
-0.3348436514611070
-0.1076337317507685
-0.4451829664229065
0.6160968428512291
0.2609006684383791
0.4264441672763032
-0.1248894667811227
-0.3724838431326280
-0.4649293508969399
0.2579567044019508
-0.5733084738685742
0.2699858363302980
-0.5537447196384535
0.3247049626375780
0.3461457111342855
0.5270071337176347
0.4882652554458735
-0.4103578956611882
0.0946690296316567
-0.2454362256363343
-0.4962517030475678
-0.0550447485268393
-0.4038016129313586
-0.1816686692965861
-0.2602932743575732
-0.0633335308167757
0.8539011083539777
0.7824623179885485
-0.3241208642449889
-0.1645498075926859
0.2502822242049583
-0.2631620046648043
-0.3517475154966979
-0.1742185094114098
-0.1831786402401518
0.0847857994357995
0.8572347752384010
-0.3952115827446661
-0.1945795722543668
0.2974813868373804
0.7037105791148216
0.5769266193243929
0.2581739363076075
0.0936873629508297
-0.0895590189588591
0.2114203231278265
-0.2293854689562320
-0.0974974610620789
-0.1993666825300003
-0.2678513550851135
-0.8841304067629129
0.7503401629071765
-0.0234882586361374
-0.3523648921905301
0.3428621343593646
0.4273034366278027
0.1101555911192904
-0.2448100969233819
-0.4386295879071612
0.7368450094409547
0.3730291133119436
-0.2448375849318840
0.0750691064629493
-0.6585090129343363
0.0028298767523985
-0.4072074025086448
-0.2658765020707274
-0.4007625275010631
0.4113867829932911
-0.0238251992899129
0.9634633821035932
-0.1403031742541989
-0.1029232402776762
0.0585045980211692
-0.1935709408450109
0.8848481767213343
-0.0659670812450239
0.0126950135616560
-0.4161310835365654
0.1819958763656589
-0.0790146016644526
-0.8402933492385909
-0.1605218461262775
-0.3185722177843988
-0.2507035122663192
0.1499494279704129
-0.2851569465859289
0.4095554231365028
-0.3897114985976273
-0.5959834512336195
-0.3677535432660002
0.3847061884359298
0.2048206754464418
0.0103779603978898
0.6532119261670021
0.2447630710485450
-0.2176557921115224
0.5924852685089428
0.3389464253569459
-0.3178621463859880
0.3382109785680300
-0.2497649744146665
-0.3577424932141203
0.7112017240231069
-0.2973329173201229
-0.1852650282540378
-0.5419790995088928
0.0834142085849138
-0.3506389543148509
-0.6809328735517519
0.2799291700435215
-0.0805596101777136
-0.2807418512278707
-0.4353028710318405
-0.6832784703187601
0.2394187287447549
-0.4483467151365120
-0.4648283083281309
0.4712819867090853
-0.2546580180113152
-0.6914768868518836
-0.0874243300531336
-0.1058013615568468
-0.0002402131256805
0.0322947450508301
0.8747694813252076
-0.0570229170799871
0.0603384157832891
-0.4762803888364872
0.5531899226950112
0.1100231931601361
-0.0135913306118898
-0.2251262163253372
0.3488484777685599
0.7136623910570946
-0.3569876168088992
-0.2889496344252838
0.1753822801788472
0.7365274684914157
0.2462252531811110
0.3939662661490072
0.2949995125879601
-0.2341608927537142
-0.8178236236634105
-0.1395345940109470
-0.2505048691460355
-0.3272398081896908
-0.4735946590628410
-0.1169598292491241
-0.7300446105309965
0.2954652715096837
-0.3240811775579086
-0.1916638400121452
0.1850603314696256
0.1988061392553502
0.7844198485878215
-0.0724893939893529
-0.5010258205114841
0.2337364087857181
0.2603989839748500
-0.3216231107972522
0.5534785904207912
0.1318909484029953
0.0012187135372560
0.7106445568344634
0.2953547315055900
0.0196129797309582
-0.5333375214616063
0.5461297970456029
-0.5730543575371805
0.0358182898964006
-0.3845695360394915
0.1107039852657916
0.2338613653386288
-0.5020444071109861
0.0892115096620218
-0.7246740517163531
-0.3244354287666614
-0.4948346542706841
-0.2794266079001645
0.4084184297001596
-0.4335326382197324
0.4658808068279991
-0.0742545456590394
0.5571171951719116
-0.3685442109271354
-0.3780756844811108
-0.0268025576084334
0.6360992513709107
0.4000168162141428
-0.6744269553126727
-0.1395669147828991
-0.5128422397123200
-0.2629437745352313
-0.1830554932024130
-0.5530712228751001
0.5214007490703849
-0.6114177963017735
0.0646378395183069
0.1880109792783037
0.0943163879449634
-0.4049069845617879
0.0555180162926663
0.1918385161767724
0.2155164301471954
0.8540152679535875
0.1427468313829518
-0.7191926532278067
-0.2199297944587673
0.4939466933623626
0.1131489885847605
0.2749929989877136
-0.3193518969081748
0.1728483751391001
-0.5226383689602304
-0.0831473918236514
0.2075650992562197
0.5946944136805850
0.5415850530093572
-0.2986523491307748
-0.6227078295136040
-0.0628894326417986
-0.2399600828867072
0.6746707506010496
-0.0795310605206529
0.1108619091772542
-0.1233741188436258
0.5453415584986457
-0.7808046385824852
-0.2235426064153433
-0.1243538015201432
-0.5574580225919424
0.1683884009812409
-0.1974947893859443
0.4647642537956723
0.4197460272836068
-0.4792589786343550
0.1100541870861675
-0.1468984144426251
-0.4429878885207323
0.5615962742464686
-0.0116901215479779
-0.6741985079883133
0.2906591629818581
-0.4081343233191538
0.3275817191677972
-0.4424953581119192
0.3885156992657148
-0.5430352215501767
-0.1129270514866930
0.1068743985237720
0.5296439258799206
0.6994282175540282
0.3467451845240820
-0.2930368598995091
-0.3615685695005420
-0.1812440292063987
-0.3683272860891589
-0.4619899489118782
-0.5842788363466687
-0.3820174213963806
0.5121141580892564
0.6634830895591785
0.1879174096320630
-0.4240834063785122
-0.1350362612781203
0.2532484919701198
-0.1218164664761919
0.3468143539116096
0.1057470989286507
-0.5239756125904718
-0.7067935785115401
0.2821178800955249
0.2392091459547474
-0.6288317412389226
-0.5766730017139116
0.4538001593532368
0.0621683656303243
0.0706992537593113
-0.0743994959269893
0.4887625762990571
-0.6441690170451677
-0.1474157642231658
-0.5647003850466041
0.0020503855973430
0.0474059336516347
0.2563561302944010
-0.4910329901728693
0.1056242794956095
0.7061279471946001
0.4256144361376398
