0.9867795292219576
0.1614478211305725
-0.0141690423346977
-0.0160588873042913
-0.5419666189214232
-0.8402465686412703
-0.1063763145543583
0.9134295042400641
-0.3928493610604236
-0.5483301527619082
0.7884093886115401
0.2788273292223705
-0.6553934946789797
0.1151487194601850
0.7464583977283356
-0.3322816342331248
-0.4565018900379937
-0.8253453458662643
0.5262249106146479
0.8396863447747751
0.1342169357696095
0.6485134496532404
-0.3118386386779827
0.6943968383038022
0.7389102043312270
0.4937144042476636
0.4585387627819039
-0.1246779725625796
0.7523253510646946
0.6468863650619550
0.5962953103451101
0.5060823014922647
-0.6231473397012312
-0.1930099057745951
-0.7308779676176201
-0.6546484344470849
0.3618464954180216
0.8386878288221309
0.4070256005945032
-0.3995699720445937
0.4948852158547518
-0.7716427026601616
0.4349580532889604
-0.1709141705850644
0.8840813526889352
-0.1425085648896237
0.0800121851268605
0.9865542859692644
0.5127983323390068
0.7579911903384742
-0.4030970425587321
-0.2988025706388013
0.5297347165301409
0.7937872220452881
-0.6598119982272092
-0.0114784694896255
-0.7513430453085947
-0.5754985902495939
0.6175261179474770
-0.5361556362414264
-0.8996915838996804
0.3779824097938351
0.2183674695244918
-0.7023714743436651
0.6671179299040766
-0.2482498330891803
-0.2652625786792302
0.8810245048222273
0.3917034417198739
-0.2904068887145904
0.7424831313412567
-0.6036411505694371
-0.3978595290621347
0.2411521543913817
0.8851855362390710
0.7604173565455772
0.6267979764396980
0.1699698226019448
-0.0845010985265323
0.9849273432909761
0.1509228040608479
0.0504949538407855
0.9026416763473809
0.4274204765303215
0.7630840495289878
-0.6389480221062035
-0.0972016378514883
-0.5408512472970985
0.8403763068972414
-0.0353212556816212
0.3943115839662244
0.9070200761477949
-0.1477597922809033
-0.4602664015452725
0.6836123816767737
0.5664176473475867
-0.8227478457051696
-0.1957582628320173
-0.5336334743253026
0.0855357553512862
0.9851343338027156
-0.1489764374643336
-0.3916873625420196
-0.3855676967273228
0.8354152029172464
0.6405543463412253
0.2123126878331177
-0.7379793032114402
-0.4070112504241494
-0.1458734390518900
-0.9016999400062888
0.9582111550751251
-0.0704843877598683
-0.2772423729730196
0.2195144951748018
0.8812382278377063
-0.4186078979255060
-0.6707035114227007
-0.7306244341685623
0.1278465328475028
-0.1580472056009673
0.0510950167388278
-0.9861087060087161
-0.4090860267202903
-0.0762403999275440
0.9093052425676947
-0.9078902960219483
-0.3508303647243654
-0.2294629939152459
-0.8008146633861042
0.4214811222444777
-0.4254991639208430
-0.1163100701007670
-0.2633795119021868
-0.9576550528782901
-0.2327526615625872
-0.9634496352309995
-0.1326310631367549
-0.8885725433850190
0.4427460654830831
-0.1200614702622290
-0.9593821169168240
-0.0404733103333693
-0.2791914484558081
-0.6042641921336056
0.4215566943464600
0.6761321908893306
0.8414375159194263
-0.1221156731734298
0.5263750271135071
-0.4899233083473146
-0.6260818245059686
-0.6066273163659051
-0.9876295042057861
0.1541635032978895
-0.0286631588132710
0.7211608665555340
-0.5566217988935832
-0.4124308154652641
0.1505830745293011
-0.3625177983674245
0.9197312561461300
0.8368148977985711
0.0520329780665317
-0.5450077027124431
-0.1081639746092818
-0.5305932803009160
0.8406969284446306
-0.1393818004120208
-0.2374785163142100
0.9613410778714833
0.6049402780190448
0.3242947710330313
0.7272414740035626
-0.4438034362244180
0.8297346921076784
-0.3384949788525305
-0.8217351352865450
0.2636188753545719
0.5052291123761520
-0.8859857515584141
-0.4584746811857753
0.0694997463813644
-0.0248412743191913
-0.7657343167189179
0.6426771096664411
0.3315745216397619
0.6806042800490424
-0.6533269859559513
0.9161430148815860
0.2529608875018621
-0.3109546038860788
0.7684553281844237
0.5314751998065087
-0.3563853540419437
-0.2566611181981434
0.9595344468256773
-0.1158391805919747
