-0.3630829153028314
0.3685334635994101
0.2124342476240409
-0.8289906955201771
-0.4578628595897361
-0.1892977083532121
0.7963583918810720
-0.3469024230257334
0.7674419482763052
0.2118140586015254
-0.5296825207494171
-0.2925817626188651
0.7330727236966949
0.0756734270701628
-0.3062148597648345
0.6025864036522639
-0.1047385867692882
0.0207079075146324
-0.6810504780307769
-0.7244109727095441
-0.0338358396212958
-0.0551405784194787
-0.0679356429295033
-0.9955899763398798
0.2165970564939020
-0.8510433453137916
0.0243261883675053
-0.4777229072116982
-0.3943024795500179
-0.5077821250044402
0.0136487255165698
-0.7658306473617102
-0.3996287718925224
-0.6454641699168895
0.6486326234196405
0.0543007353995337
0.6666089940943094
-0.6784315646292979
-0.2491381520719014
-0.1824643589565207
-0.8266900619314022
-0.1957918744223290
-0.0503531627257570
0.5250844145635621
-0.5061609105476080
0.3225532910383913
0.6703730158666313
0.4363032508150687
0.5780327967834143
-0.0209260804830454
0.2708923277415910
0.7694527482367607
-0.1461361715441645
0.0690902252841748
-0.8905546712976503
0.4251860034932130
0.2379705610527784
-0.3420593688627350
-0.9013963148755451
0.1176863788815026
-0.1451964304022411
0.7714961432829024
0.5858624429642202
0.2011887060002379
-0.4479651747016823
-0.1123019524798151
0.3787854566836408
0.8020206054264930
-0.2157899221899877
-0.5390534345162985
-0.0396756899017692
0.8131924396157655
0.3729295272045586
-0.0012021619286727
0.9120737871133944
0.1704216224729491
-0.8372710998617148
0.0020712277662269
-0.4942036827902602
-0.2339562678545693
-0.2284538521277442
-0.1520463037267365
0.9232046429027770
0.2690426477229731
-0.4833994892601224
0.4590864164161654
-0.5850466507558847
-0.4618279035360879
-0.3381019562468635
-0.5467635432688729
-0.7602410976375695
0.0936491772357607
0.4073709833054364
-0.6972865810497283
-0.4724495012974846
0.3530322571274482
0.1699727497115549
0.8791591410951650
0.3086710002981838
-0.3207969491114646
0.5775700292948173
0.7166217173892164
-0.1381979709778730
-0.3657423905484746
-0.1159006230427240
-0.5779116854908333
0.5410703310590880
0.5998566713799738
-0.1565223671662772
-0.6859977589417408
0.5008946295718971
-0.5039964219809566
-0.9891101038348376
-0.0942954864284478
0.0856605584479656
-0.0737009664620630
-0.7145540590337941
-0.6044070908004325
0.2191746596983360
-0.2758025269184561
0.7768136673452097
-0.2490206957437925
-0.5630203141893487
0.1325041324906157
0.4704534966164721
0.4255657032347762
0.5966229334737346
0.4915367890654995
0.0630123102326707
0.9705049559378375
-0.2305624771984140
-0.0314725811996548
0.4389705878827481
-0.4914301335507093
0.5243452476032369
-0.5393174465267251
0.0696620315282050
-0.5171063034755068
-0.4089867830193989
-0.7486508422386925
0.7808721442091294
0.5358980001213852
0.3193484604151907
-0.0326892749167670
-0.2711030664895715
0.8024026062997529
-0.1076868952562549
-0.5206310760350205
-0.0700300664151666
-0.4484802807885420
-0.6186832797286694
0.6412427207586026
-0.1719282848020502
-0.1481692854192968
0.5136677969197622
-0.8274248740223841
0.6856799607831101
0.1025498596981832
0.6294437702801328
-0.3508946532962381
0.3464692085806844
0.8657111166807591
0.2170961455535867
0.2887431619044917
0.8062289738330056
-0.4530157993077467
0.0140914818442153
0.3802275075125107
-0.5271407489639721
0.7837807168216702
-0.3282412018562157
0.0082542185698264
0.8815588630477638
-0.3308241729484168
0.2341884246468340
-0.2420023126673884
0.4077644918223914
0.0296580578104758
0.3512535875628218
-0.8423000866911891
0.1936788710030989
-0.5553955628801083
0.8077462094510767
-0.0396273236223463
-0.5818133283054540
0.4010705915391255
0.0571751653512123
0.7052422506314038
