0.2615384961716678
0.4881426727110851
-0.6510495500043985
0.0556177406051155
-0.0966057073992116
0.3820920143848123
-0.3332094331033378
-0.4884801249335703
0.3118165345404928
-0.1572155514894522
-0.0861157975215385
-0.0639835927352924
0.2857185014075007
0.7391183896597854
-0.1150912104461894
-0.2668089486053613
-0.9099537289218970
-0.2557441019682543
0.0899915263219422
-0.0387058846710652
-0.1120247447388133
-0.4819175857563490
0.1104355365785082
-0.2776121689219083
-0.4462726607537484
-0.3950031591383512
-0.5509733678845240
-0.1404723491735663
0.0371735340197594
-0.5526330300328371
-0.0215095964217602
0.4902674806202173
-0.4872024010150492
-0.0269920032159204
-0.4629203488731601
0.3018953075132568
0.3662889595056287
0.5955009708254243
-0.3397634116424564
-0.2004199093398276
0.0031263386258397
-0.5142500610090657
0.0899154032018492
0.3057312643543856
-0.1728312782374625
0.1322183556499270
-0.4390613295619439
-0.7768874340804504
0.2340135329559898
0.4558018096214939
0.0188235495870181
0.5488091963940205
-0.0091006082208952
-0.0884328539448278
-0.6864239542444471
0.1077859665850140
-0.4838505697428052
-0.2763634165749689
-0.0215822304097110
0.3946917405944103
0.5734787778893166
-0.4461962302576504
0.0727704664689454
0.2776095040377109
-0.0364610722806785
0.1667615310240170
-0.1755999040359782
-0.7800507420961170
-0.4045034543182894
-0.3014243091541048
0.3295413699575820
0.1293580055022827
-0.2650596468373294
0.4977289392493502
-0.7449327233780445
-0.0394707462599421
0.0139848625803621
0.2449549792291686
0.2195187917174077
-0.0885876618134818
0.4174153593754308
0.3634711365427761
-0.7471903519299028
-0.1389982483660780
0.1887701802722643
0.2642697674419541
0.4590385463031409
0.1665558560171496
0.6319895419843274
-0.3207907354244666
0.3921129834355349
0.0986536849707160
-0.0386066521550732
-0.4590321897775699
-0.0766496700096068
0.7239138861027875
-0.3724841720531555
0.3307498764382824
-0.1536433291341962
-0.1097360537148929
-0.2809221720879169
0.8682595571412456
-0.1107494108199455
-0.3453041444473401
0.0077082047497084
-0.1137321566967903
0.4850144501358911
0.2168106144748635
0.7200600952509353
0.4013353118251839
-0.0273062495091303
-0.1565788382593562
-0.4221850419923515
0.2744696426800347
-0.7051534649131393
0.2298372104845864
-0.3634665334744039
-0.1848444954685647
0.1734481037709565
0.2809201819465851
0.1814547187405739
-0.6426546618158560
-0.3384245137323962
-0.5669703222124823
-0.1977811771722926
-0.0070092980983873
-0.3672854432490069
0.8530654550120376
-0.1880284622827694
0.0733656833618775
0.1646296581349484
0.2633896087451529
-0.0129033401239099
0.6614637876214375
-0.4169610150567138
-0.4549594399973011
0.0206062156785796
-0.3041889301683876
0.1110366530985442
-0.2762904592142335
0.1606850959968080
-0.6564786636979324
-0.4363954969804955
0.3445173565450241
0.2781969011588352
-0.3229291366513930
-0.2289237475131317
-0.0217548945558442
-0.8434838069128140
-0.3324702333123948
-0.0992937740308770
0.0066088523252691
0.4038098295535553
-0.0675279724670400
-0.0875827197962218
-0.5702057395874138
0.0522938034832496
-0.0936936785852841
-0.2588902625640803
0.0586000401799461
0.7649989553492802
0.6624441854386315
0.4176131695305940
0.4312617791383462
-0.2412463963038819
0.1320742679114459
0.1619966461704124
0.3144739581001455
0.4173311465883804
-0.4349880115582024
-0.1708790411706302
-0.4886934481408327
0.5670942424368889
0.1808336082662854
-0.1195932156814300
0.3677631970467610
-0.2348843481788840
-0.6241160785951348
0.2448540107343103
0.4107400793259108
0.4344787283734232
0.0512448004312401
-0.0533801011902797
-0.1768598035422847
0.5109862570326359
-0.2778686556241157
0.2995631274589955
0.4690866535706673
0.5637134681220434
-0.4560880110083710
-0.6142299582210096
0.1931710691296308
-0.1768573400807545
-0.5747483872082979
-0.1025132488341116
-0.0725743009891006
0.0041565555683447
-0.6496930513157143
0.5489752461396423
0.2145726482594236
-0.1489335098905137
0.4557855997692919
0.0233391631679428
0.0825990168528698
-0.3351423158158687
0.4349633959640267
0.3886706053064596
-0.6184173938838444
-0.2772067375765292
0.2851585294020834
-0.2756012958236672
0.3125788904704610
0.3198744695881178
0.2903324370352436
0.1198170964399938
0.7661052174501843
0.1960928909465171
-0.5080745448541879
-0.0648248476256625
0.2320005963809073
-0.7003521776384772
-0.0885614411355575
-0.0861588951864508
0.4219882255249658
0.4238151479023437
-0.5064869008267829
-0.1707224556282661
0.5982754119308854
-0.1673803213399427
0.1368652763151905
0.3605881840685899
0.2572817073005353
0.2647701593701444
-0.2248757242335369
-0.2713035717240595
0.1717225746264721
0.8129494736467046
0.2217040303581377
0.2155648339918146
-0.4095184326415631
0.2486938901653723
-0.1273893539053176
0.6136767106291131
-0.5633883490041433
-0.1172357463263488
0.8558472161014719
-0.1848970982204755
-0.0152582151859926
0.1928415175623623
0.3397494161206536
-0.2266179811557583
0.1706826487876110
-0.2025947732404536
0.1432130539792745
0.6167891440159452
0.0295215976504129
0.3432831352284488
-0.4057437318852144
-0.5240932352410296
-0.3100001138187631
-0.1241634240114978
0.0752243624336758
-0.1616883019933571
-0.3192458262828127
-0.2116005512787161
-0.8426083734242109
-0.0770617349158463
-0.3819518667800295
0.4028633941919876
-0.6786196650217821
-0.0366074306363755
-0.3723497999695873
-0.2921749798077474
-0.7275462711888281
0.1452979697166346
-0.4323844320510121
-0.2540628947554220
0.3850140874403570
-0.1502106995301146
0.1651107807595195
-0.2688501520426992
0.4220357831359730
-0.4195415612240317
-0.6623631805306412
-0.1911387356408373
0.3014978275343313
0.0861993776784931
0.7634404222522151
-0.1579907266422098
0.1513059531986557
-0.5506451761616971
-0.1204702227019863
-0.1747324535764529
-0.1450846152154413
-0.4576346821865114
-0.3282666486605215
-0.1886774421131605
-0.6423428527313378
0.0926602513705714
0.2659369816375636
-0.3940806859429766
0.6235586542798709
-0.1436627937900797
-0.0919764820180970
-0.0723804100227412
-0.4750099981929139
-0.2515261656933677
0.5365977067990328
-0.2586741591584318
0.1568629252324894
0.1305545285136878
-0.2640013265432630
0.2739403759263407
-0.8240801167603432
0.2599791305792549
0.0352545975581650
-0.2669848139626511
-0.4038905052240267
0.0250795778995880
0.1803284326025109
0.3408475556922917
-0.7842348482440138
0.3217200370561573
-0.2513846222849952
0.2167991295849140
-0.5293798734540978
0.2447955252173377
-0.3081456926248321
0.5926031213033666
-0.1924184527043337
-0.3050569287304777
-0.3798090287673765
-0.5128715073796154
0.3107851767495185
0.3483375668262647
0.4946684155347599
-0.7391153477703765
-0.5061109877341821
0.1134852536404338
-0.0497269207701410
0.2282260251721420
0.3123398652553340
0.1804582814622190
-0.1246440736313760
0.6854690183955007
-0.0692573440097423
-0.1524945690953335
-0.5542231228431355
-0.0867668493242245
-0.4145517463357015
0.2269964771376729
0.2042488272852649
-0.2736020188279926
-0.6398919647803234
-0.1079633774306775
0.0550885358753370
-0.6385486566984361
-0.0266573126912117
-0.5296405806180002
-0.5065698669056928
0.1352869484892927
-0.5481075709505610
-0.3162005122157041
0.2084465909903953
-0.5258336590093287
-0.0686063231376417
0.5685123678886399
0.0685063981286619
-0.3898145468573693
0.2432518556179255
0.4239880307842465
0.3321786167103410
0.7178747953499820
0.2216295647197889
0.3227649569446525
-0.1905144517534995
0.3982326292352565
-0.1616517246975663
0.7196127677927504
0.1797633862917318
0.0345865340320976
-0.1029353016227724
0.2106848879881899
0.4321139523917046
-0.4549066880623824
-0.0808053821827950
-0.0077885599816983
-0.5042148588127360
-0.3233946731421471
-0.1177585464044773
-0.3874913651174668
0.6859857555281648
-0.3132781083402802
-0.1566855486153265
-0.3127123118117145
-0.1992675584167968
0.4706963208759328
-0.4404540571696155
-0.5694340286025391
-0.0433086333345805
-0.0018927750602267
-0.3213156614266904
-0.8377445033647765
0.2887277643174768
-0.3302100460246359
0.0256666340203437
-0.2166500608237482
0.2075410306951895
-0.6561938912563986
0.4394892357631240
0.4675540664324855
-0.0642828107778628
-0.2520102689378352
-0.2483245920908305
-0.7005714235863120
0.2714309801523466
-0.0155140348902765
0.3040598330433252
0.0063755603649919
-0.5302132451305119
-0.2420377945625343
0.4636045125370646
-0.2206522073322385
0.3926734435925097
0.2624467701940064
-0.4004140500570845
0.5425854894731365
0.4024682617126201
0.4394907057534983
0.1703830440375561
-0.4233549769334026
0.4555351991863614
-0.4253694478721384
-0.2194445597405474
-0.2148354577485891
-0.4407847929458268
-0.1145373564749765
0.6590284570210905
0.3214148629936848
0.3926417317693487
-0.2337565732331421
-0.1710381175006125
0.4043305744822807
0.0751236095879142
-0.2441507507621919
-0.1027067679654125
0.6938902670062846
-0.4999772197345218
0.6025012787370562
-0.4583452449451307
0.0854221642922277
-0.2298818263871661
-0.0923029065414043
0.5019849630345182
0.3259762501044747
0.4155448046289724
0.0542816713556238
-0.7205905346689196
0.3482025841533712
-0.0293360294177483
-0.3114395743912348
0.2933002661372672
0.2001739009763085
-0.0632349299734717
0.0339961346790843
0.2191226667274140
0.8393325207645588
0.1209566419799469
-0.4331878150413191
0.6291890549313188
0.1946307221136816
-0.4547321663498344
-0.4398104475774732
0.1804783291831214
0.0012723589945880
0.3653099999322328
