0.0340098010379729
-0.1574573302682079
0.0122715038892306
-0.9868636849993329
-0.4108480578269290
-0.4109169970622868
0.3834604723082721
0.7178503751355639
-0.7628835127144448
0.1442779431980869
0.3977211330374450
-0.4888870232174405
-0.0336525469009705
0.4441932161663193
0.5222225370084081
-0.7272162777602007
0.9553530363210152
0.0617614705447836
-0.1414353936357283
-0.2519565958165603
0.5904940196432106
0.7020366915614463
-0.3958863910675665
0.0416564741013968
0.5160571985384582
0.0292308041309417
-0.8433282895823299
-0.1470643529773242
0.0109851599884002
0.9557375831397082
0.0310303322976984
-0.2923732493094965
-0.8197385105167988
0.1187524258626043
-0.5263730264147437
-0.1919845639379129
-0.6128454449002415
0.3123163352898650
-0.4291827970033736
0.5853896942486218
-0.1761491006499452
-0.3557078616914854
0.6925160978933818
-0.6023826571454485
-0.2395331281202880
-0.1374423022490495
-0.9504876119595329
0.1425019073446219
0.6143182306815175
0.4719609424356874
0.1679637536626188
0.6096344459781706
0.4053935915235402
-0.4650812557325550
0.2297433195889395
0.7527107469819527
0.1190365145062530
0.1218795278776952
0.7373761530371236
0.6536452385129761
0.6581042018233816
0.6087856059536708
0.4068173550778023
-0.1754382658758726
0.1812671442651858
-0.6490106761272612
0.7292448508989298
0.1188667830816403
-0.7183153798265391
0.6949362782648283
0.0296358350987332
0.0144326551294241
-0.0832216667818276
0.8460466102734669
-0.0763163014464714
0.5210135406650792
-0.1886704810755573
0.7133208293100995
0.6555166841132263
0.1608562118547816
