-0.5989138026929437
-0.4206436839247989
0.2434116118765414
-0.2512994155363639
0.3454599139188406
0.1863405885068470
0.4072200185409845
0.1485497510007577
0.1245827621312196
-0.0033446830963972
0.0455140555217426
-0.3619199667511881
0.0838666513395131
-0.8194815759783092
0.0835434439328252
0.4072433931846770
-0.1146224866264663
0.7615717882015539
0.5359824607346865
-0.0907487562855037
-0.1128667542920689
0.0841271894107917
0.2987790649862964
0.0476691104994296
-0.0676783225599250
-0.1124319335560347
0.1344489704520093
-0.7629281457105517
0.5670523926022061
-0.2303103453815047
0.0707754271745586
-0.0551578785125445
0.0830530802881327
0.2760881988639704
0.0107929814358847
0.3019768634285411
-0.3127461685707095
0.4811287371237237
0.6982833240519997
-0.0931469243574306
-0.1612793297927874
-0.2952261013380436
-0.0778214357450760
0.5185681285902511
0.4794925455837045
-0.3926807883844600
-0.3288676370083531
-0.3458268663815299
0.3429234906424179
-0.5595566554243029
-0.3527800725801890
-0.3628571629330113
-0.4796157870349145
0.2303437153986046
0.1689729301067874
-0.0392345145106071
0.0600956382283569
0.6899500494752711
0.0048887210796769
-0.4660419879822313
-0.3911595273896319
0.0569088132718932
-0.3550539479360675
-0.1443284951008962
-0.3511676061804580
0.1605834037545939
0.2166054358427198
0.1020382952121101
0.2162218357228163
-0.2452147366723400
0.1034407315871406
0.8221815006467580
0.5630613952274575
0.3904875967081973
0.4193412558337030
-0.2129712436705156
-0.3667409018742961
-0.3092176183857085
-0.0267221535763326
0.2800874228296465
0.4195416340802997
-0.3282546658266860
0.4079601743655690
0.5545619034736148
-0.0045157429704498
0.4008537160913217
0.2458808745172107
-0.1452645341831002
-0.2027186239259875
-0.2723717632159059
-0.6935442051911449
-0.1534184017429599
-0.1400014604336442
-0.2375946726411365
0.2385999563442417
-0.4971885306502509
0.6773738110515117
-0.1297239995616522
0.0146562882225664
-0.5598841929110882
0.0929267275973036
-0.1269505289711965
0.4011241481897191
0.1581103792107852
0.6429977259677765
0.2206588158075176
-0.1035999730647019
0.2670154038094711
-0.2254656455299415
0.2903995373951522
0.1835615045336370
0.5356976353652740
0.1291593925111010
-0.6186237244678613
-0.0471736635378513
0.3751833208093642
-0.3838517568130477
0.0631027673129873
-0.0573755272483597
0.5504712331525624
-0.0122541057329051
0.2534187122106649
0.1118800278138361
-0.4469649123270552
0.3293690943910654
0.3016100840228731
0.7229488434412967
-0.0350192284557273
-0.3427870589346690
-0.1995591873105487
-0.4621438722039050
0.1257770382126680
-0.3425070227565548
0.4710857830503581
-0.4285148012198605
0.3006967418105463
-0.1923533592040252
0.0021114915561887
0.0163502740488619
0.0856723809204641
0.8711190925525136
-0.0722731999474241
0.3481062218734068
-0.2648373235500405
-0.4393733249920387
-0.4695013478583439
-0.3389201433853701
-0.6195782678931687
0.0495938854264698
0.1830236571149026
-0.2247050237715472
0.0364130713233737
0.0781015309560315
-0.7860904627462335
0.1192180073727311
-0.3848803076702293
0.1177581621047359
-0.2041131048817539
0.0714682849992864
0.3911256711595232
0.3673432680345669
-0.2359439096693907
0.5241922323937691
-0.1495079323312108
0.6286170558688977
0.2527398436306521
0.2075123481970750
0.1008021351247005
-0.4343272475387449
0.3490778133477752
0.0595496744380242
0.5338779578692585
-0.3419014235477797
-0.2945978556012600
0.4351112336413264
-0.0890304389503575
0.1522742254702615
0.1888699942491977
-0.1288136895211102
0.3800272565785014
-0.4063196490134858
-0.5200575103597573
-0.0693114725987860
0.5828957468443848
-0.4195540074204036
0.1973204099176286
0.1514075613038479
-0.0715977439782746
-0.5525263496686266
0.1630096267279925
-0.0825152150450746
-0.6467784303195264
-0.5404420176122100
0.3054721141846284
0.1850767070943969
-0.2463795830593878
0.2512022446276229
-0.4757425224595692
0.4790173910581424
0.0275998238960882
-0.2696665029823208
0.6811858970457890
-0.1707765612682514
0.1043510595758111
-0.3103849043659612
0.1799657252098273
-0.1116339070532190
0.5310587472299781
0.2450736420066203
0.5300935293557171
0.0503251926195835
0.2438538973644833
0.5903364394282008
0.2934926674379393
0.2750661691255848
0.2943568529909525
-0.1736684140477351
-0.3431696569689206
-0.0217448222285764
0.0349810678149780
0.1758905440173397
0.3120306091422325
-0.7530785011855879
-0.3936363075662985
-0.6899281962174556
-0.0019898481556143
0.6880762206598089
0.0892008316936424
-0.1708719033356467
-0.0857195838209862
0.0533470312929300
-0.0565551996580652
0.1477335682180115
0.1832883740281665
-0.1576436071854347
0.4121366205219271
-0.0473559010598978
-0.4403683714781106
0.1537706297913150
-0.7280520402801705
-0.6683386650697030
0.4065041971834181
0.0520568513431357
0.1443133844283971
0.2637096099362511
0.4429398941716662
0.3111319542251729
-0.0447202033387707
0.1052470725112840
0.6331311502923715
-0.4812840257050591
0.0588809524136374
0.3864319147110302
-0.0126682328216593
-0.4287968478844244
0.1400352624005226
0.0025557457786997
-0.1169500872294837
0.0811475043117422
-0.4842465938599693
-0.3896694902699440
0.6566790940484728
-0.3531379059415901
-0.1935467367824952
0.5324387715253781
-0.3877940892966749
0.5003209686468802
-0.2285461979550882
-0.2982338794157674
0.3087341723111492
-0.0584137514896403
0.2754956628851128
0.3275487595977044
-0.5986889235616274
0.3600750569576252
0.2748891313946365
0.2883758464124292
-0.0266947866862656
-0.4746630195381817
0.1410215555908962
-0.0819413050279918
0.0671243845951651
0.4900432960216216
0.2591013595048768
-0.5960238027035645
0.1009756018936873
0.3053262526570749
0.4720587113076065
0.1962628588167721
-0.0214992898789615
-0.0498072879545249
-0.5084634176344067
-0.0669521622398977
-0.5885261330961081
-0.0811076559889387
-0.5853023189363309
-0.1700987639049998
-0.4563033776173893
-0.1984501063828959
0.2323218915388362
-0.3805162645126051
-0.5927845306341466
0.4031680227421431
0.1037648794236587
-0.5897364347612540
-0.6656412691241044
0.1160445192225843
0.1658330049650978
0.0339308456235919
-0.0948457943246034
-0.3497232444697154
0.1889771088475017
0.5500575150353150
-0.0624223468053324
-0.0561020576046838
-0.1962255024762142
0.0795409003449741
0.7552620191640620
0.2530229924005066
-0.1054522876954092
-0.0775185681704033
0.2833036931111791
-0.5493783112496505
-0.2792772269333266
0.2428689452866965
0.5384149942863671
0.1671810949943586
0.3963483840294001
-0.1473370808047453
0.3540588630495523
0.5865202071927361
-0.4169239703558839
0.0732921368362352
-0.4749933824936713
-0.3154608242987960
-0.0677980325023818
0.0344280590279337
0.2520201056460007
-0.5327502297332578
0.0587533284446721
0.3038309602970710
0.3769141434506926
0.3942200810184929
-0.5081720358019957
0.0395102338099876
0.7507861888339626
-0.0676522610791966
0.0177615748599740
-0.0897002332455977
-0.6447158993511050
0.0538091580828813
-0.0571540890559217
0.1648926473318394
0.1370397161398186
-0.4175215814227717
-0.7906743764134224
0.0003758511408193
0.2247715982380167
0.1128454043122476
-0.3021320781922073
0.2817891107629370
0.0403136719460770
0.4850145032155734
-0.5463915682246896
-0.2539322700073003
0.1618659550937212
0.2757072393988274
-0.4674293783308737
0.3563337515287698
0.2096913500919068
-0.4712739752194926
-0.3825023500545918
-0.5283483854668335
-0.3879057764574111
0.1651935916197193
0.0611290205625668
0.4426940683838950
0.3830712436236891
0.3951073478918111
0.1325774306147613
-0.4388106274559406
0.4969853300388610
-0.1241533703779914
-0.1691997288457541
-0.0065910056321463
-0.2466828669928799
-0.6223132637488419
-0.2650699273931876
-0.1310005256707515
-0.1415804173738732
-0.0359528025328080
0.6656346601636879
-0.5571801684727727
0.2493629193524043
0.2593209147015746
-0.7058400444833571
-0.0755471371797211
0.2228658043499461
0.0561399231431771
-0.0581606521597582
0.2229194429344097
0.3209650610272477
-0.5639954298359517
-0.0406688636951325
-0.4969778446794350
0.5149082208752184
-0.0198259570478518
-0.1226092476591064
0.5028603408257813
0.2684049458326437
0.1846824944534061
0.1509454643591349
0.4241867991591965
-0.5341434939973531
-0.3776864102126033
0.1015252111010850
0.1554485128393734
0.0070763369574637
-0.6131911928208184
0.1127364151099749
0.0660096233879575
-0.7157126142527787
-0.2601773405835514
-0.0527132045405031
0.6553095407881290
0.0827641581367625
0.0099233590676504
0.2380402177412781
0.5181655604660547
0.1012568242904293
0.0235803342087379
-0.4771303353200098
-0.1235453355271874
0.1233226627504751
-0.1313075233768964
0.8492825169488450
0.3285632021029436
0.1807623273894326
0.2461077320037260
-0.1726493530247539
0.2288946198243239
0.2335374222247125
0.2202213714480795
0.6266255765478950
0.1944293967398849
0.1971301880243471
-0.5936567852761730
-0.1510595238906493
-0.3914571349231515
-0.0849428376457814
0.1001533152974445
0.0377458639870791
0.0267429719882690
-0.0045557895438258
0.6538284938092974
-0.6323471735930921
-0.1553868299797211
0.0556682621079237
0.5491352231882511
0.3654542676191574
0.2666139120374889
0.0183379790153892
0.6697413292437472
0.1329547100789885
-0.1741288272327383
0.1409577179523313
0.3209548755466492
-0.2899064271440621
-0.6247192573656442
-0.5097193043943994
0.3043660347107404
-0.1415121965001252
-0.4908276683366038
-0.0141356686033485
-0.4409550775525116
0.1980330670447842
-0.0090284405153158
0.0245937352125372
0.5839212260756458
0.4284618349332357
0.5036208887298662
-0.1197618797064886
0.0941249523520633
0.2138902568160423
-0.6979633636640908
-0.1337034926224609
0.2821344206247784
-0.3046066836594065
0.1242319634309156
0.5715342529881915
0.1012601289792535
-0.5523783227092223
0.2870604993846533
-0.0266091768076872
-0.0546935039346923
0.5063955310163958
0.1279297127388851
0.3455970546828165
-0.5060195082655184
-0.3141105418440558
0.4747047031191380
-0.3537254859852494
0.3910943546506600
0.0778101555821559
-0.1538767217113219
0.3687219020644946
-0.0872160686352033
0.0485249162398595
0.0316552462975401
-0.3582524252943314
-0.6686241751563051
-0.5039837902930749
0.1238958623030983
-0.4743780327936414
-0.4359533624012650
-0.3307582058521221
0.5033933604976506
0.2284784214584485
0.3931222289926255
-0.0025731276942687
0.2002304173759405
0.4102082282304493
-0.6569696546783561
0.4398810302753426
-0.1320839666980958
-0.1603373817170550
0.3482298525283239
0.0459810945793442
0.4350708946295150
-0.2006703643982831
-0.2064054892646695
0.2070080140919000
0.1139533372047790
-0.1378197083405048
0.7690872812167443
-0.2480207580125958
-0.4688052961069191
0.3441797812618376
-0.4365459470423686
-0.2473013016394235
0.0546467601964659
0.4206409662855549
-0.3553855132326470
-0.3221919007482009
-0.0239888382868224
-0.0418646076811929
0.6732714599540687
-0.4804908557967211
-0.0169183148798881
-0.1359369477271329
0.3865796028595580
0.3811785624685659
