-0.3241158278788933
0.1153840622509539
0.0073125481209115
0.2919317833316295
0.2761199466158648
0.5962463840604018
-0.1536250555325286
0.0390663462512558
-0.2344664605295813
0.5333896091819977
-0.1383225914847458
0.3209312923888996
-0.1014466358992049
0.1318689462483136
0.3780387772162828
-0.4244607398864004
0.2581646706229426
0.0408301447681576
0.4760716083965095
-0.4818180323998420
0.0903092416943645
0.1538953346071543
0.1789873771511196
0.0979031351662543
-0.7003927147610274
0.1520793214584533
0.1390842198621785
0.5539897114496125
0.0067596408137868
-0.2942213002821340
0.2938740696334498
0.1955816902761537
-0.3900959815351454
0.2493023446735433
-0.3614850338263013
0.1751057696498975
0.0348987819514812
0.4194957842142739
0.4656257952572800
0.3251519957602866
-0.0467410970592693
-0.0613726247769361
-0.3752149969210811
0.1062645130297160
0.6204865299136711
-0.2862543547772545
-0.3781320867106834
0.4074599904003506
0.2569369474419181
0.0010133896110498
-0.0506306707810067
0.2131218174914156
-0.3262957025894022
0.2557548484857786
0.3955214547793551
0.2080087160915232
-0.4528646060130735
-0.1795482467983887
0.0525651559012426
-0.5833903761201682
0.2011184269013409
0.3354009946810463
-0.3766511629001402
-0.0154193457086982
-0.0459286062865482
-0.0188266208009293
-0.3922287496025526
-0.6452316568904573
0.3480565774416898
0.1057315170446647
0.3527266396438987
0.2963505543435204
0.0268417839168250
-0.2311363734010468
-0.3129821148534665
0.1039859787934138
0.6314119349110048
-0.0604812313484759
0.4714260224431975
-0.0162286357748323
-0.1098431098717937
-0.1748799065509220
0.2370652697876695
0.0705806010924194
-0.5134026451251165
-0.3439483540947442
-0.5089304836755107
-0.2049025212389715
0.3078806514471128
0.3442403576610988
-0.1592704102924029
-0.3091610244359843
-0.2166876515545930
0.6878422178013298
0.5054130251585638
0.2074322982179789
0.1978667757758348
0.0396711698671776
-0.0994415124203419
-0.0994373221580416
-0.4956748687273723
0.1305393552545855
-0.0210502803087790
-0.1858714490451329
0.0550823461720146
0.1748013985226814
0.0522325447976627
0.4879472034537155
0.1218331236617333
-0.6426670798086581
-0.0107521475248790
0.5487222927965717
0.1338193739286659
-0.1790396612615004
0.5639361584530710
0.2195396437180731
-0.4497454770870127
-0.1004630688597308
0.2107230628462959
0.1607349806776815
-0.2436545904837626
0.4854585204776604
0.0557027418102458
-0.2067819824577306
-0.0216297989047210
0.2470082285004001
0.0501398561513513
-0.6230196121275469
-0.0665058274407969
-0.4500327779350260
0.0148412447949655
-0.2597822483854200
-0.1449533550325833
-0.3202847517586048
0.4497264447372747
0.5664790180706186
-0.2469359129855541
-0.1653697903993352
-0.4398907263100110
-0.0609787399830420
0.1570561905014845
-0.2343021708028567
0.4195344121766196
0.4294491828081651
0.0014165439349557
-0.0000277659594108
0.7290058141687086
-0.0157657002306422
0.1636986297637420
0.0387664676945038
-0.2529928534587425
0.1353146934524694
0.2925373451478744
0.4926875739140233
0.3864894950043700
0.0440062641899131
0.0643910946077253
0.3648794095991570
0.5154786188499897
0.1872253238662607
-0.2148496388872308
-0.3093223253731346
-0.2749491485127387
0.0605337154878654
-0.0812273796505009
0.2991545219882019
0.1759664258582294
-0.2053151720033500
-0.3211212577104122
-0.7117368098171257
0.5057386813895461
-0.3254706568938911
-0.1888025288653977
-0.2240282082989423
0.1741031076459586
-0.3652597784350236
-0.5938985275754860
-0.1663981898686144
0.0897283339378905
-0.0167515442358165
-0.3275669483938311
0.3180415910000968
0.7125352528383895
-0.1898831908695860
-0.1531654176423942
-0.1216280413336270
0.0663401951511026
0.4098614676699255
0.1817935389483195
0.0640153686624367
0.0087178380556354
-0.4254928159155201
0.4893681903331928
0.6581374040152074
0.0099786158892273
-0.1868625519723893
-0.1860198743868012
0.2208812288803479
-0.0487535434909715
-0.1595863076327609
-0.3397176721656642
0.4827437253146061
0.0034743942317828
-0.0402470705605507
-0.5320336623649375
0.2673116255551987
-0.3456778194869651
-0.2816319669600274
-0.1010809355353196
0.2938981158660114
-0.7114733425991140
-0.2405906890885487
0.1780508763158496
0.1781724042705511
-0.3392470729784874
0.3875685019628996
-0.2381644904618725
0.0658616715172019
-0.1471077606848051
-0.1564467484814314
0.0029648051278694
0.6877359585121362
0.1562579084770595
-0.1131102584896442
-0.1545295786535957
-0.2481775469779388
0.3749352915793386
-0.2907561693905974
-0.1482206908330212
0.3965394244693555
-0.0500629687091530
-0.0234491597475114
-0.0723779059666264
0.7584823628171796
-0.0872725274271170
0.0066214293554837
-0.3465927447105474
-0.5151368697257717
-0.1524782708499516
0.0027008157733508
-0.0764531059551304
-0.2396521553650270
-0.5059199569549433
-0.0366041307127799
0.1407398628466972
-0.0276474928879925
0.7076875994736893
-0.2300221718927007
0.2585080978647769
-0.1956947476514094
0.0756774596985615
0.4589683684702153
-0.3531901189141409
0.0460346586108278
0.0938735840525459
0.2093940821758928
-0.0594508297973705
-0.3461085350536472
-0.6712380951691508
0.1738225471718745
-0.2607393209164600
0.0098474196566948
-0.5368095629209657
-0.2086591056131283
0.1049868516480654
-0.4726653954672350
-0.0873602271285052
-0.4518986183002448
-0.0375692064278835
-0.3905438192918354
-0.4220644499786758
-0.3408432812075770
0.0677497744851431
-0.2158419595757978
0.6775880469541427
0.2758839467168095
0.2155307527320837
0.1731660106920316
0.2054781094878035
0.0247170937093453
0.2267209203934795
0.1184334841730569
0.1239040303982529
-0.3010997993577305
-0.0712267030051446
0.2583015895020243
-0.4733670886182130
0.5713398540289746
0.4026714440347009
-0.2100356173852129
-0.1932852925273775
-0.0158190119423443
0.1651846770104445
0.5766464203522564
-0.5860062375727288
-0.0222270755390032
0.0317059840808848
0.1507118530618879
-0.2413089556033207
0.4204007438554849
-0.5246872012058600
0.1147213760263266
0.2931263219440417
-0.1788719518234551
-0.0740527355364415
-0.1117025060498419
-0.0311264621467228
0.0704952052959874
-0.6060959916840152
0.4498578572823238
0.2276874138741648
0.1878969335486172
0.1699091522410647
0.3312397324579205
0.0471080787182069
0.7586259936979426
0.2765656301829539
-0.2504277245161516
0.0452595179681264
-0.2351185173183910
-0.2532268405383724
-0.5487977387709523
-0.2729544022188407
-0.6201115994011110
-0.1909410422818162
-0.0221817865911565
0.0248921503061094
-0.0428468465571689
0.2622317022377112
-0.2597753979866258
0.0783527115753525
0.0238753191981988
0.6720261267194234
0.1435032728032082
-0.3578005060117810
0.2330142251599851
-0.2900101954720526
-0.1099548787620369
0.3444721188786878
-0.3520009327657404
0.3957503378035751
-0.0556757703751634
-0.0040924553569862
0.2500678777687187
-0.2833127669136067
0.4700194089142448
-0.4851277085820956
0.0390504728185426
-0.3114631573786837
-0.3777084681613371
0.2077568161204296
-0.3390936362733549
-0.3609407614699089
-0.1631604874434246
-0.6262233489181901
-0.0491544101435653
-0.4334163958337990
0.3201242873883182
0.0066978964411555
0.0026459599603617
0.1687608360860411
0.4765191335306095
-0.4452685363057507
0.3603529622562014
0.4439240090715364
0.2248202863671142
0.2122393510459648
-0.1016887851967596
0.3136846136893102
0.1222051297087778
0.5338920085193662
-0.5187345529045243
-0.3405360281988757
-0.3779140700419242
-0.0842575410150393
0.0840480829309352
0.3472444909251186
0.0991420911972518
-0.0246145696044813
0.2047260970201240
0.1315090369156605
0.0232751653732586
0.1587370356393012
-0.3124903525720225
0.1375605351088947
-0.4887344604083689
0.6401474625427556
0.0122689293794759
-0.4257134027510229
-0.1017865297189003
0.5643791636256509
0.2509229660946844
-0.5669250021855599
-0.2626276045233183
-0.0367653140277254
0.1281549902504263
-0.1063897946825181
0.2966088266130229
-0.1267226554962828
-0.3082320591627140
-0.2409495539620697
-0.1383562508805905
0.1277840179474021
-0.2998027534171548
-0.5815855626571893
0.3974671025548075
-0.0277402553923922
0.1767235157681109
0.4637376340483850
0.2707678595335744
-0.0264900979254196
-0.0733218487160162
-0.5306277156722095
-0.0352373288248880
-0.0992373968557632
-0.3667374018893054
0.2959257546158967
0.6348947908129322
0.1739349969910135
-0.2141343632551118
-0.3651000259969306
0.0093835288864763
0.3949070375376978
-0.6673063103960728
0.0694151719412161
0.3577874663577661
-0.3022449860339435
-0.0677862108589329
0.0969741002252042
-0.1648736636135688
0.3758997927700294
0.1171825449758838
-0.0610325770677255
0.5119729317396866
0.1827449348807014
0.1137636470757783
-0.0099417569690352
0.6612206843254596
0.0420458224519512
-0.3061192201301822
-0.3781720720535479
0.0380198554919405
-0.0141275602397750
0.3124257290693718
-0.2590885906989806
-0.2297891199129829
-0.4555412520294927
0.6275054293304090
0.1906350486506839
-0.0133564587255220
-0.1047880044359600
0.3227793206983858
0.4651202336186961
-0.1875309771868851
0.0748015030937814
-0.3509222968657470
-0.0852843466139361
-0.4645985428218005
0.5305268032880537
-0.0016269758669076
-0.7076341180929709
-0.0736506717491029
-0.1147506892543855
-0.1412416895787756
0.1869628294344397
-0.1504789960497776
-0.4250306212451034
-0.1708115234591866
0.4335192475462196
0.0731233651064975
-0.1074861687939615
-0.3483355027890389
0.3222820740422014
0.2343975114788984
0.4417867681430970
0.0279368926597120
-0.0594211592421484
-0.3934485057080702
0.4131609638860517
-0.4281478377985947
-0.0767046815655012
0.2931242816612387
0.0987792515087566
-0.0073727094118382
0.0388743326669977
-0.5571294169631646
-0.4605430250330462
-0.4703752442655406
-0.3492038760805213
0.1765852586533776
-0.1654628004295484
-0.0875393669085296
0.3091715603721334
-0.1633529235269157
0.1886924271473718
-0.4141476285394339
-0.5602344690197678
0.1564385035211215
0.1255701859951431
-0.5305290397210018
0.1287550760643905
0.4008889296020774
0.5531344194787894
-0.3647974232766292
0.1899597515440989
0.2807669672939151
0.1691323018108392
0.0716987289027269
-0.4832519832260148
-0.0384919576620108
0.0694603073867319
0.8809000024091060
0.0993166622378255
0.0097922718221014
-0.0052066724069661
0.1636118476676008
0.1153879145767942
0.2698994417380787
0.1489404273465249
-0.2721975145993153
0.0603957354965541
0.2486675595357258
0.2721055015709622
0.4233552037756225
-0.2624252133764820
0.2302747366216223
0.0771983853988577
-0.3384578829493313
0.4997737336815694
0.4348162903580007
0.5284762796512829
0.4503228205921139
0.2300359923317085
-0.1771303513272887
0.1169640689091791
-0.1167211583345235
-0.3772471143345433
-0.2233023197706280
-0.1422730928222996
-0.4403465607017830
-0.2643169186428787
0.2478694106335234
0.0111143887919040
-0.1137592658324324
0.1395089354008261
0.4505681883391244
0.0935923240938036
-0.1207345408499406
0.7554855674248818
-0.1976446081219477
-0.3742124767453699
0.2892411290241466
0.0030216667730475
0.4040032000889130
-0.0194101972459415
-0.5123699023108161
0.2570072147120733
0.3160160039176171
-0.4160623541411308
-0.1055959144383198
-0.3368170277208702
0.5502244080907691
0.0876587367883176
-0.5530526322544191
0.2645963251552481
-0.3861771771728871
-0.0281637394151668
0.0324350658526375
-0.1281751641703475
-0.1812125617055541
-0.3345554390910921
-0.0203737443166301
0.2496753320617807
0.2110960715067128
-0.4593209748665663
-0.4584423727422824
0.0494831622200036
-0.4405320738366194
-0.1129837661621438
-0.3877249746342717
-0.1852339672732091
0.3923962034110461
-0.1601598795495365
-0.0685866874399761
-0.4756626646985250
-0.1394078617593515
-0.3602444478485021
-0.0485920335675140
0.3901674021916925
-0.5012992160697892
-0.0880520912600833
-0.1135128318318269
0.3185833496512062
0.4179749568759241
0.0013040223305944
0.3164096519092222
0.1100114548712034
-0.1060472623873271
-0.7557703312943974
-0.0922450375939517
-0.3816760703842244
0.0707069778015809
-0.2164480520661467
0.4712490237458759
0.2118917999106034
-0.3889418001795659
-0.1502321860351804
-0.0259760227119171
0.0051753131449225
0.6007939686966651
-0.3613381113016609
-0.0929650607654825
0.4110142739986579
-0.3420770762303348
-0.0407875102733155
-0.0244568312265488
0.5754132560170829
-0.1840547936757025
0.2325613948862527
-0.3918158560220796
0.1228689200877135
-0.0072248573225632
-0.4830420699783698
-0.1864788642950609
-0.4383082903885267
-0.5047719781038028
0.3000508129952020
-0.2793209021977156
0.0899840233071744
0.3060887668292830
-0.1328218988240934
-0.0071989679733104
0.4677378313696069
-0.0066792039909133
0.6066624531284442
-0.4898980435934794
-0.0490364327606322
0.2887740317208930
-0.1857618915045279
0.1874601524870788
0.3784822018133558
0.3419235562819705
0.0889785230929478
0.3921874174456063
-0.0168438599183932
-0.2117942513209199
0.3124071889969093
-0.5878583159648222
0.1456257047148338
-0.2618937548441531
0.3965037574694659
0.3108221300914029
0.2130787907276638
-0.1505180938064268
-0.0933687153370438
-0.5177700990867674
-0.0940099349648689
0.6033777981766572
-0.1512234519360632
-0.0744402176573565
-0.3033326826514481
-0.0844669483754583
-0.7898184011198590
-0.1022667774334734
0.1388024670596051
0.3934317363468137
-0.0722839017261141
0.1833950655032050
0.2157838038357809
-0.0843030202853971
-0.5305933589917093
0.3973153163317932
-0.3513926514496481
0.2429814798795893
-0.1900125443725365
-0.1193740942051416
0.2586907127877964
-0.3913975457726014
0.3227135391656856
0.0590130348163334
0.1013474445114120
-0.2928826105837126
0.1173917112708988
0.2769801434716752
0.2017140305615939
-0.7945042802864906
0.0459754804079054
-0.3136321791546379
0.1935276024464777
0.0599352578063323
0.5876445683869260
-0.1301537628571185
0.1004946609557265
0.3405063886382171
0.5717599808286501
0.2706723374127516
-0.2635573033177813
-0.1950505966717683
0.0304828658368904
0.0555040471856339
-0.2523123751057752
0.3535304039649524
0.1010169707834240
-0.1160210716777297
-0.3553541445114191
-0.0142521820084826
-0.2540768896929999
0.1022320372921497
-0.6165185199141606
-0.4539913743076925
0.5064532649347738
-0.4982983989044863
0.1955899841928833
0.1607216857186114
-0.0133308103557346
-0.1345811044707365
0.0074198556255545
-0.3944522366499321
-0.2764128720016562
-0.4251769192467797
0.0477376404805908
0.4453027161041448
-0.4086537663342118
0.0200275187225314
-0.3475534006910659
-0.0858821475497189
0.5224449030525621
-0.0897538126854331
-0.2939764951636037
-0.3693668820302844
-0.0762079072235366
0.1497266008357150
0.3240675861430238
-0.3987176116855920
0.1983887079753730
0.4175292209751414
0.2909556925702177
-0.1544302661450866
0.2275457781397317
0.5777620898880811
-0.1139717356829553
0.4577549637290176
-0.1017921862036029
-0.0054215845121841
0.3862102228266609
0.0738940735721890
-0.2482965655795306
0.5668358919124937
-0.4766612238153302
0.0479696616963989
-0.2824461531682227
-0.0762080540353395
0.0033407646048403
0.6028926553855568
-0.2635796893411964
0.1209010000496376
0.2153182135149481
0.0519938975860647
0.4019969134700751
-0.5061300890991338
-0.5934119158529162
-0.5269037889305138
-0.0482767909546963
0.1455337326696511
0.1691523515584041
-0.4029702155513706
0.1323115694908247
0.1012270457098427
-0.0012025996259574
-0.3577313997057164
-0.1522869096486554
-0.3221493358866315
0.0007767502379291
-0.1166976505170495
-0.2074337313274461
0.1057162377090266
-0.5981164366100771
-0.5589596425956972
0.0255717347523425
-0.3665676122360845
0.2442305315930714
-0.4480892134759507
0.4449744386808110
-0.5632520161844886
0.2129400070539761
-0.2912105207904905
0.1136507279405086
-0.2129185120449770
0.1617927051766642
0.0986800141093518
0.3118277350464610
0.2419706227261435
0.1322623780799411
0.4813053213296460
0.0814828714888445
-0.3217018979040074
-0.5351990902543186
0.0147378025669690
0.4387134488213017
-0.0762181325301220
0.0485868653315698
0.6403241708596444
-0.5225114319504117
0.0835287434754842
0.0036954092773977
-0.5128979694134184
-0.1601026144176665
0.1182565871931344
0.0389336874794441
0.0584614622454492
0.4423360823037487
0.1850355039404862
0.5798988936609213
-0.1058626606555334
0.3926580893895341
0.0931499306618377
0.1698930031341209
0.1541508380377382
0.4183576289504087
-0.1791773394026508
0.0827195491071562
0.1678696056596596
0.4550733160704636
0.2470677006213823
0.0832588066864597
-0.1011557765482770
0.2702300202692854
0.1005094349940886
-0.2091943247910253
-0.7434984223784162
0.7540133597663792
-0.1861692318508741
0.2807800397123387
-0.0293699385421737
-0.3720495895271705
-0.1116395491189857
-0.0871287438802511
0.1047572511015983
0.3592874324727630
0.1362629869730899
