-0.4457400737436654
-0.1249769530006793
-0.8863952548821874
0.6770210985618760
0.4938227739347625
-0.5456935953861352
0.0844527107510986
0.8579192447215682
-0.5067961219101478
-0.7546925887574606
-0.0198478244599995
0.6557782859616256
0.7365208911768956
-0.5035112914461599
-0.4516783769965215
-0.9082768052168088
-0.3460549835117059
-0.2351152770278025
0.7958947541913362
-0.4593151457131599
0.3944377481545238
0.9102324370058648
0.4120337332426076
-0.0412930174790370
0.3613347694599132
0.8028274916815903
-0.4742417136646645
-0.8426781667607505
0.5244578326870621
-0.1218092319897405
0.7454125934546435
0.6545732987973891
-0.1260708611088489
0.1787158612859718
-0.7884808606669259
0.5885223643046686
0.3698111962612095
-0.3479525715708909
-0.8614921282618069
-0.9005929711497107
0.1951938912727099
-0.3883704998137139
-0.1329835591468297
-0.4564150449782076
0.8797730842178468
-0.8144238281791000
0.5508210587111410
0.1825102445739347
0.2930091322785596
0.6382106287388082
0.7119219351629650
-0.9846189692871268
0.1191806077031779
-0.1277555011240512
0.1890733938609928
0.2253213385052955
0.9557622853764778
0.6573757086686555
0.2182544340974715
0.7212642925094626
-0.6062498295543443
-0.7046229154218409
0.3687379709600763
-0.3135193259199513
-0.9488660387043710
-0.0368628928351317
0.4028793523635453
0.3813510597909012
-0.8320213919338173
0.1141544822389065
0.9528263834372990
0.2812305765925256
-0.2356681318106219
-0.1864790151314578
0.9537746634108566
0.2336625043939299
-0.9693369127935620
0.0760774837662449
0.8998329414253772
-0.2789203943587130
-0.3354162952757871
0.7686891632389051
-0.2553846988889237
-0.5864261470061560
0.8257266752483836
0.2503319848628367
-0.5054793320580803
-0.0349328099818804
-0.9993139174838767
-0.0123041907412785
-0.5883554059583606
0.1727718005212835
0.7899289975840910
0.0163323965226805
0.7179798329762067
0.6958722672037480
-0.2625389315237125
-0.9340011891977452
0.2423119642353327
0.8198074400747110
0.0055225459774069
0.5726126637475606
0.0106691554457790
-0.0279790528561004
-0.9995515703170844
-0.6860844633560461
0.7275215839762916
0.0006737878553538
0.5769872802754509
-0.4382623231682294
-0.6892110086842236
-0.2823223950107600
0.8946915972811226
-0.3461517167802898
-0.2638272995820356
0.4012090921462544
-0.8771695505285334
0.6702772570714962
-0.6871860595655284
0.2801851498411604
0.9866182092869867
-0.0623141448813927
-0.1506700250582063
0.1117342862721571
0.4844434454705789
0.8676577651423665
-0.9083113078677124
0.0072070918349852
0.4182327412182457
-0.9417971058251384
-0.0791445561449195
-0.3267328429956452
-0.5195188791919234
0.6682489494302211
0.5324880052626291
0.2834453359947829
-0.0936557875183548
-0.9544041779912332
-0.1618051432725554
0.9632985617670718
0.2141844450655524
-0.0790665222609531
0.8763796710109389
0.4750864734933175
-0.9424169317856890
0.3291986300814747
0.0589795611727360
0.3621095443602866
-0.6069013340941687
0.7074937798722361
0.6092901427977359
-0.7441865140403693
-0.2737735454896221
-0.9879069078134366
-0.1503685240499084
-0.0378054026502350
0.5131994871736444
0.8466332028347706
-0.1408492322394654
0.7318028095207931
0.5376066865426913
0.4188599987609970
-0.3020939416857671
0.1201550166634171
-0.9456754318302714
-0.5956211652443125
-0.7933463899963415
-0.1258448767045376
0.8330893720813359
0.4574217519404790
-0.3110103518804935
0.1734175203891248
0.6814577500503032
-0.7110145557711642
0.2610132381615346
-0.7273949573294337
-0.6346405798214778
0.3859386564233383
0.8721312425686810
0.3007298608614667
0.5815917393807462
0.4837581409791913
0.6540100226452459
-0.0410737047114399
0.2496041412684476
-0.9674764717774373
0.4756444969374153
-0.7362463113596577
0.4813560860137235
0.6302751190144318
-0.0596574315370794
0.7740763949467407
0.3803073651923289
0.3974534773828858
0.8351030123863286
-0.0897358278775717
0.6077957782096194
-0.7890068270843353
0.8212761704238092
0.2795514671904690
0.4973494034234471
-0.6096947295164054
0.5163042549795241
-0.6014168713047181
0.5223326550945092
-0.3220821325268869
0.7895769103316367
0.3501659144773781
-0.8497313960384745
-0.3941324484544846
0.1638630304781438
-0.5403951160737965
-0.8253011727642867
-0.4860755592668383
0.8607765992889520
-0.1509774711669836
-0.7935948185154519
-0.5905279985631749
-0.1465740322785656
-0.2089082457962285
-0.8289750998457804
-0.5188040368713615
-0.0191623638999188
0.9642056317276714
-0.2644622913657241
-0.4230560180215804
0.8976247546003938
0.1236665093883840
-0.4426897632223668
-0.6052438108868330
0.6615933062851442
0.6395423706102005
0.2718196672658660
-0.7190963945687386
0.4828193123727306
0.7097957924458032
0.5129088073197399
-0.4895452647418098
-0.0819466364505209
0.8681187606216776
-0.0856882957800581
0.2977090930915834
0.9508032456070479
-0.9487354123439750
-0.2084302373150887
0.2376088246199703
0.7431022870671120
-0.2657080015056046
0.6141646757112666
