0.2965976629465260
0.2594612017027527
0.1702103128283319
-0.0759128395058534
0.4130644149389031
0.0366030668276832
-0.7987574137124815
-0.1906287363718366
0.0728737110918325
0.8295697551949147
-0.4084783530584156
0.0533334948364331
0.0635721542160347
0.3105216304645775
0.1020903543544280
-0.6623629974208610
-0.3582589724293264
0.4584573169444749
0.4515725457884133
0.0235982595174664
-0.0885752473737104
-0.2787077174512345
-0.0696736435965615
0.1169283577908977
0.6785749143011817
0.6237604917852054
0.1250550756873229
0.1965083035886434
-0.6874321640706702
0.1261465174124993
-0.3554954824928744
-0.0357505055690670
0.2636167980942165
-0.1650404795730431
0.5358514375173222
0.2197035561407983
-0.0397103170176735
-0.2641050681875581
0.4342837291197045
0.3199521424483009
0.5537647918407391
-0.5317657149359072
0.6631233418256238
0.1781329099896106
-0.1134290423903558
-0.2086742016408883
0.2885623769363570
0.2029984377682484
0.5896171797845492
-0.2697629474981111
-0.7826747665651711
-0.0619127505551149
-0.1409177662721899
0.1820930897995531
-0.3580612268898500
-0.3599880843197874
0.3842657257251886
0.5414282739941592
0.1980885526588401
0.2479972257213433
-0.5878469131718940
-0.3353471570211807
-0.0207814447219234
0.1913359619134077
0.0723146306435354
-0.3439187141801850
0.5951029196827474
-0.6052015993810421
-0.0352110751994098
0.3438383067449117
-0.0127106771901637
-0.3616428040721569
0.6928005821391786
-0.0547226078760616
0.0552677074513507
-0.1929203289406779
-0.5880586175863302
-0.4162938192173721
0.1190489724979328
-0.6189970517848885
0.2558628952767604
0.5332353137725595
0.2624939295553456
-0.1032504916370060
0.6534348291816493
-0.1374627924927584
0.6158435370282799
-0.2303035544235121
0.3352120153634595
0.0531894321718315
0.0814107147373235
0.5900110763990095
-0.1900415417323288
-0.2954627136704945
0.1244644434057588
-0.5641284778535769
-0.3609968062526685
-0.2538146876180012
0.4717799039915366
-0.7656650158865336
0.3007309086788056
0.1628792507878133
-0.0561059677726436
-0.2592049497138402
-0.0622654823266623
0.6869007134761571
-0.3724922986811832
0.0238158288648371
-0.4148088090113245
-0.2941193706503253
0.3171431754829674
0.1723292127414220
0.1929529047856479
0.2434152577064699
-0.1371025275937869
-0.2677766408512578
-0.2524528668252333
-0.8591571693992224
-0.1055142866815768
0.2331766136270335
-0.0495721376072118
-0.0360983915553260
0.0791137719761325
-0.2966499672855356
0.6746099588705247
0.6265056963376370
-0.0457700471422811
0.2107899944692779
0.5379795338318711
0.2154295730105912
-0.5373826248162520
0.0936581389528982
0.5657639691781610
-0.1562365503799312
-0.0935251925478054
-0.4923847868920586
0.6393118912432989
0.1752973635854129
-0.4027800389106722
0.3503138316018578
-0.3062294910192827
-0.5731911797561414
0.5593154677641188
0.0528726155976969
-0.3764797094277980
-0.1901271102145843
0.2901047649903555
-0.1324591787230013
-0.6441504011849577
-0.3551399152537024
0.4331772837342162
-0.4073843841223229
-0.2886353008302950
-0.0669741350329091
-0.0898519549607432
0.3392581852938111
-0.3416103835969104
0.2237139406634023
-0.2670983760912123
0.7946473157607026
-0.0853172287187879
0.0834628783386830
-0.6278644746563697
0.4215119967893735
-0.6465304456961218
0.0042779733527400
-0.0533771548356113
0.0166957192166326
0.4287985438611170
0.2251020170828560
-0.1402388258139790
-0.2423569142292484
0.6112506011782506
-0.5451982257142306
-0.1272347664150443
0.1997105248903429
-0.1665661827596973
0.1594698621719879
0.3533549254364837
-0.3470784417649666
-0.7082657253930313
0.3999716117838830
0.2735560240955666
-0.6023724355331979
0.1420329212114984
-0.1915164713544842
0.2925624040788072
0.4515145313291358
-0.4647628522172830
0.2508031476328454
0.7158745571141568
-0.2779957412480792
-0.4366601429125798
0.0600612294088414
-0.2590126799701772
0.2932111310815615
0.5539695800013268
0.0482997619506525
-0.1205888119077523
-0.6489068605108755
0.3842913457832646
0.2413749572226943
-0.2218588601681022
-0.4686122605955445
0.5382498858187644
0.1999541917400137
-0.4009818788622466
0.3086604383482360
-0.4224439140916726
0.1272451842346246
0.4467376239369283
-0.1857476564543824
0.1561848868849647
0.3799798034935654
0.5575732730455328
-0.3794219574836103
0.3772213632487054
-0.8245606094762703
0.2082541379683395
0.2985817708461333
-0.1497444766160898
-0.2948284520571960
0.0487632459048915
0.2754157999587581
-0.0620481291607591
-0.2776737993697916
-0.1733293687354747
0.1011928730881065
0.4458925150474749
0.2756304928015251
0.7771563032259062
0.2234589628010596
0.1255172455485601
0.2826186768367642
0.7303300812715023
-0.2581563407636627
0.4986099238946086
0.0761552127178636
0.6595275952308725
0.5200543967201892
0.1944280991165246
0.2776652765395126
0.4202049228875180
0.0310828751921802
-0.0461320031001885
-0.0752492034192239
0.1842528420374134
-0.2264397075465746
0.5606867610791195
-0.2963235116886878
-0.6177194378696619
-0.3540606372942487
0.1030753870710096
-0.0221534366017874
-0.3888484883726576
-0.1940404319975563
0.2183318975706532
-0.6259908178913514
0.6004136341609072
-0.2369893802549647
-0.3418831357169735
-0.5670229472781207
0.4663694814362968
-0.1094710792889981
0.4360791818524456
0.2928949797415007
-0.4599134935817525
0.4261584097683813
0.5501634873407153
-0.0862666161727365
0.1212835704212935
0.0124419890023523
-0.5309258788115802
0.4285738072564637
0.1963455071642439
-0.1103099865479222
-0.2339542348883940
-0.5703945528800590
-0.1092351217824980
0.6112182904737221
0.0251791173683937
-0.5830861549001438
0.1453358533977368
-0.2182868359895855
-0.6170325199668022
0.1208738967327081
-0.4418882951099633
-0.3401584479985729
0.4223959080010879
-0.3061733070741300
0.1712335039186492
0.0198688568175324
0.1569137933090826
-0.7468562179752473
0.4546232678729671
-0.0052159819774684
-0.7300076011318674
-0.4245110754493334
-0.0147755439062782
-0.2777543341975431
-0.0529522434634774
-0.3922537373138309
-0.4376599552105928
-0.4802357956744377
0.0474507583481976
-0.0558843371323004
0.3778998250116790
-0.5251489677919402
0.3682126385280749
-0.2300187067840505
0.4922340465198421
0.5708635436347257
0.3784919507150175
0.1291232969921866
-0.2887946030847880
0.1937737186661647
0.1921896046936745
0.5347940624271529
0.2412478899043234
0.3398639741481745
0.4125400492335595
0.5437029106653105
-0.6921131684523626
-0.2421045035205258
0.4902775869015266
-0.0693622901583700
0.3110452423054876
-0.3430217048980949
-0.0526165289983902
0.3302695729709587
0.0164822520778749
-0.4205542116496955
-0.2612847525468124
-0.2126399414874821
0.3055330056661117
-0.7120032411577268
0.3002826496967117
-0.2715928689960986
-0.5434904481864439
-0.1466064351763050
0.2522844594635550
0.6675687179422189
0.0994831042677513
0.5653320008823381
0.0382536671966113
0.2918585464973072
0.3054186539518843
0.0577860846269581
-0.6257119523443880
-0.3249919098930648
-0.1593003293662555
-0.1660402459955891
0.2295587660335185
-0.5859667928034364
-0.5626334177734059
0.3054858758411461
0.3756617485298893
-0.4430907157350027
-0.0527660628631408
0.3472665682162915
-0.6222373506972100
-0.3167635351611035
-0.2999261662469327
-0.3206526591634954
0.1571387783139657
0.4158555216630369
-0.2321813016247165
-0.6141317182182232
-0.2145302920591536
0.5533503944315460
0.1381512217753066
0.0690884821233801
0.5916050004224864
-0.5561619529192667
-0.0784319569074414
-0.4919676199399788
-0.1255562516195844
-0.2682649883669618
0.0929485751857486
0.3761148597316593
0.3493142859227202
0.7635758300226745
0.0841028235308636
-0.3252104408209448
0.1788701774210582
0.5295173503425649
0.2106936017500433
0.1967797291774972
-0.0409361994798561
0.0957087730926314
0.7867956639762288
-0.0813262659051093
0.0391798746804523
-0.2513184364967995
-0.5400182799418917
-0.1747484049640073
-0.7039145938120871
0.3199873416861742
0.1235296683673379
-0.4527073076270673
0.3285659071105616
0.0022355489716350
0.4496306066020174
-0.0253489960676067
0.4304227323125311
0.5468286369056971
0.5662337047420447
0.3605836669048017
-0.4327075853088547
0.3305990509148560
0.0185532698541655
-0.4751415443330378
0.1634732790167766
-0.2936717112639143
-0.2290068423716721
-0.1999160273974424
0.0663559261005039
0.7679946949101462
-0.4728367202915614
0.0596057861708169
0.2678469872486053
0.4593248414298151
0.7896848027150352
0.1157982351210670
-0.1419685498248846
0.2053928287752300
-0.1338883091214887
0.0555583089161423
0.0183364393501656
0.2604446133116542
-0.4046156741041555
0.6880996944969405
-0.1873347593351033
0.5064151531565727
0.8314211209936545
-0.0502368182875315
0.2114984309184341
0.3486972596670673
-0.2163372932341628
-0.0375189484191628
0.3027941884174044
0.1182849072771066
-0.2106120107198178
0.4955575973131631
0.5439260374402610
-0.5367823681661514
-0.2035818200060188
-0.2657772130558181
-0.1269625142584164
0.5753203151151350
0.2509700985688021
0.4011265510585290
0.3670394926101296
0.5113191904198434
-0.1811994785371996
-0.0813891577440482
0.5216695962733484
-0.1495445880475579
-0.6691872674844958
0.0536135277703845
-0.0376030951402222
-0.4967625704739900
-0.1830777012276874
0.3845849627650037
0.0923138941339235
-0.3798321856831683
0.0200483299147988
0.1913411379719999
0.7929497151676214
-0.2180573786058369
0.3701600062216406
-0.6749612737130559
-0.0307240793195920
0.2552247540060454
-0.5291152608401698
-0.1175296773404531
0.3625947209799632
-0.5936169805160441
-0.2541035517788709
-0.3757298244872753
0.4958823576684898
-0.1976443754568976
0.1594986549410179
-0.0382707575073021
-0.8282990080387429
-0.0360844974800456
-0.1049417342835789
-0.1367892325398434
0.3897752305159550
0.3598683361820180
-0.2483769057975307
0.0192862821004395
0.0033029317762536
-0.0267703639514720
-0.9095949187748619
-0.3306406335756362
0.0228745581908902
