0.1974392872999941
-0.3217982827091261
-0.0799563145706242
0.1534511155492005
0.5610305251101161
-0.3819058091352230
-0.1132775196183542
0.3429821582496737
0.2460855863362271
-0.0593798721507384
-0.1345789251090462
0.3111784564923141
-0.0133654401659428
-0.2004047899724624
0.1306872708629274
0.2605432548126010
0.0090589915781018
-0.0603407318573641
0.5819261870719089
0.0907789649561944
0.2768504556856661
-0.0271657329412769
0.2204146081042983
-0.3658918484421393
0.2544896361502996
-0.0475797709648342
0.1323473412783311
0.0327865567582037
0.4750442595458887
-0.1019068411532675
0.2587978500396466
0.2387032540573903
0.3468915263032106
-0.2195683420940562
-0.3446521080323606
-0.1149051179982002
-0.5067758217995326
0.2104228032515373
0.0230857875379203
0.2006343838775862
0.1691645026233578
0.3656942151877373
0.0849915107638165
0.0456478620616363
0.2489365547317779
-0.1032386268124832
-0.1248063796072818
0.0155053645847252
-0.0462282716862112
0.0888439611946201
-0.0262330600863017
-0.1773360694293539
0.0238834750798317
-0.2562220494377600
0.6908850397410354
0.0588152925809409
-0.1534568815065978
-0.2508951886811786
-0.4673007408378808
-0.2819383821941354
