-0.0724331227074925
0.3019020335155707
-0.1192801483116227
0.0424171984529300
0.0736728811136675
0.4594415330240965
0.0231983186576881
-0.8188585071430243
-0.3290826456099764
-0.1268246758403549
0.0171543701815804
-0.2884899366449502
-0.5426510177833886
0.3769856503982714
0.3695901597218958
0.4678826820088364
-0.6999226520375516
0.2813444407804483
0.3615357696036238
-0.3688083675130259
0.1734561617985965
0.3354931928901376
-0.1424005404129500
-0.0361279075609106
-0.1128848390132759
-0.0630231936116122
0.7119747488620958
0.4103962976021318
0.0014204447784916
0.3500919841301021
-0.0041818890459321
0.4305438686982379
0.2498061759480530
0.4538175190017219
-0.1726828095859778
0.5545774405039783
0.3331007394675245
-0.0154794409284747
-0.0738309727222520
0.5269006693908238
0.6673961963289500
0.4257352464251023
0.0738236201486581
-0.4220902949770513
0.0365606025865291
-0.3680424343885875
-0.1323876347360695
0.1881575830737649
-0.3850457899116201
-0.2086932047208599
0.6112676598628131
0.0716277858600152
0.0615763597253495
-0.5714366974780535
-0.2902825674372969
-0.1217073457670787
-0.3596371258552248
-0.4265043000811446
-0.0623881526452607
-0.1711397349217795
-0.2356617224760983
0.1305005087274340
-0.7261477908097030
0.2360438199635150
0.0283296521277858
0.0477335606617635
0.3622253344754456
-0.2092119191494619
0.8379045733605378
-0.1381369299546499
0.1433517836093267
0.2832428262234425
0.2517106250575867
-0.6315044315654186
0.4246885596945034
0.2396781014235479
0.2854920331525800
0.0098193384541804
0.3251825432644238
-0.3356965032045731
0.1388477846192263
0.3861037737095064
0.4672463969127714
-0.0009423206137738
-0.3362375286774668
0.1380111716588247
-0.6511882308460170
-0.2391154826676175
-0.3833275013285727
-0.0945285752760709
-0.5006637301507687
0.4573651606379311
-0.0360172652431016
-0.5582660715467074
-0.2467994184591077
0.1020250525120582
0.2851559053553368
-0.0327604443489972
0.5559857381716660
0.0286156390825690
-0.6571790463576179
-0.2800424796684166
0.3115960772556209
-0.0165427423725264
0.4659820298351320
-0.5817799179354188
-0.2100886060607119
-0.4957512962603105
0.3108357501616306
0.1203465899948072
-0.1633407605322066
0.1292437057048236
0.3526074279670861
-0.2850424935955416
-0.0876111874164917
0.4952062724650887
0.0742903090262789
0.5675444854028010
-0.4478909694591990
-0.1152462263526454
