0.4045319243605059
0.3184687329906233
0.5859054880543795
-0.4052469654449108
0.4234210062578315
-0.2193989421250460
0.2412334846015577
0.1258110198935977
0.1157680915630031
-0.1988314553929796
-0.8173890001238616
-0.4526776082147272
0.1122691102344957
0.2213531529403153
-0.9479399609251774
0.1939010586835124
0.0466157857814717
0.0061324553890099
0.2704861207623994
-0.1623416555408765
0.5941898606135677
0.4070019654767313
-0.2819572013088593
0.5497912254877648
0.7816129250893288
0.4331311159185715
0.2294330118380390
0.1050644619757681
0.0730847904404760
0.3639494979682989
-0.4277617175927373
0.4649017037426390
-0.5288794678079520
-0.3536936013963340
-0.4403575461547414
0.0464639131622182
-0.1588683503001171
-0.4036768904364817
-0.2818022301825757
-0.5174833344622751
-0.6233822855886726
0.2756788766529394
0.3679325323869235
0.1508589452030646
-0.4665079655537335
-0.1935252751835417
0.3450902852845990
0.6838846475874492
-0.6721726338672953
0.0876841883062141
0.3595422514771987
-0.4116150784094051
-0.4915987601321978
-0.0113353017690522
0.2652640896613521
-0.2396203715929970
-0.0158405980186319
0.6502522326623958
0.0502877164287086
-0.6682883323851582
0.5150677266080995
0.5824723144880650
-0.3628370799428217
-0.2761096606647088
0.3863913404799909
-0.1955650290055524
-0.5241857294252994
-0.5307597637478744
0.2604778577243717
-0.4545216829754937
0.2785582536239700
0.3024731705979529
0.1476640217051615
0.4162241235315741
0.1000701030176588
-0.0575362147323696
0.0729561143427066
-0.8867388451740176
0.4206065951028899
0.2680036798579415
0.6917995387158791
0.3241434208480951
-0.2416138902213100
-0.3305015714698980
-0.1787039389240246
0.2601344660392466
0.0532833291936701
0.0641634130642749
-0.7396940593308674
0.5884654651176396
-0.8027001003022214
0.2462999828308828
0.0482683505682380
0.4819934919947520
-0.2371690836268982
-0.0641259168512593
0.1846633511241368
0.8738210131390544
0.1327157994089456
-0.2663864153420590
-0.3372747949139329
-0.0026059110609341
0.3805038308569932
0.0785662674500538
-0.3549708834130497
0.5777072565952278
-0.2662321370101799
0.5642823966342444
0.1582308055762043
0.2013524806646375
-0.1118114024094429
-0.9111034019647004
-0.1951910675645236
-0.2317529699043946
0.5472636868814625
0.2362157202835896
-0.4864580523183651
-0.2810614804531208
-0.5322427329116290
0.2139749315099706
-0.4107795861343970
-0.0755231051898215
-0.4691061933387651
0.5027926923180308
0.4819149169521971
-0.3470638168111118
-0.2631994154463185
0.1391412802516037
-0.4766674804524114
0.2661891517123757
-0.4416904110906551
-0.6466891070514678
-0.4353066204351940
0.4125437544755073
-0.4146431486823902
0.2634084954111688
0.0762726007904459
0.6270449035062651
0.4013601986415446
-0.6034803658480365
-0.6261052519059565
-0.0114505894413121
-0.1016489840894347
0.2687936393465272
0.0171475133755465
-0.6664311945178318
-0.2796166070594387
-0.6128729464859356
0.1327218452082468
-0.2901062599898601
0.0285161706336259
-0.7157991932980563
-0.1693672368173398
0.1164618839650263
-0.5316460093131897
-0.4023956167054777
-0.0081484807275583
0.0364000438531755
-0.1109500738251083
-0.7023451689774904
0.6946952035105962
0.1020223407929569
0.8138671800120760
-0.2967259384820914
0.0560182141233081
0.2487094315164690
-0.4274638093273289
-0.0430604320423338
0.5460544665228579
-0.1484450651475909
-0.5340091885267206
-0.1340371667340292
-0.1134442966162030
-0.6031477416785767
0.2851892932784352
-0.8136666699994456
0.3163575611543174
-0.2314832006776101
-0.1810500156017577
0.2648922994095999
