-0.5175332333516472
0.0628843069245629
-0.6698076784154940
0.5248377689628992
0.0640929522248689
-0.0727994539018818
-0.4247155722104073
0.8495842143186270
0.0178465276626801
-0.3036529045877226
0.3151804403692467
-0.7060703908691450
-0.2275421355759917
-0.5607787729095348
0.1894139317424511
-0.2942830675257027
-0.9012394718874956
-0.2704265708983011
-0.1029741542864375
-0.1320253149240320
-0.5513519438674320
0.0158236267476894
-0.4574863490799585
0.0007413394323893
0.6974713884106576
0.0561717231751132
-0.7065539355601587
-0.3127018670403798
0.1205193255552403
0.6207406126371630
0.7388423341960069
-0.0249373114348805
-0.1762357636761473
0.6315546282360691
0.1535247304289503
-0.1882816239229066
-0.8262046789664639
0.4268623430440715
0.0980127167735012
0.3001964456626336
-0.8419138637777943
-0.2620956132643031
-0.4421086229176847
-0.1364855316842641
-0.0916438796049530
-0.1229432552600744
0.0240989311206227
0.5487361191728142
-0.5655433062442858
-0.6027882196778075
-0.3334653351913180
-0.3809436894928476
-0.5519994876418488
0.2998415781266673
-0.5908251596969826
0.6329362131494269
0.5217467611678056
0.1337624846632045
-0.4417644988992014
-0.3378221314597841
-0.6278909562643484
0.2562464174374147
0.6591888572470157
0.0769092101945705
-0.3156671418766187
-0.3435472180058968
-0.3927374097634853
-0.1392034844231809
-0.4325834221711371
-0.7219602542798530
-0.1944931390714873
-0.6598560063994039
0.3680111359495831
-0.6103165746166584
-0.1372732757605616
-0.6764315405259030
-0.0061733422227645
0.0263019789654756
0.6208525507351569
-0.3952879671526866
0.3034521646485350
-0.4443892464190579
-0.6698625385045340
-0.2317149162633982
-0.4561001628222999
0.1635586824887862
0.1798417129126272
-0.2490147047379213
-0.1336724366044281
-0.9279164144445908
0.1623269865750684
-0.4223024172214824
0.4519979946950545
-0.4992223152567647
0.5846242473415515
-0.2425471707529281
-0.1326978263961233
0.3465444137758848
0.1892989158257105
-0.8761478451593847
-0.2264461699298068
-0.2344969375540819
-0.5239906242483876
-0.7829959860840108
-0.0780027555794714
-0.6628905486556600
0.3203327746640237
-0.1406884313435418
-0.1021034706087373
-0.6540219266620885
0.0053025870401205
-0.0266017430280483
-0.2082684514200277
0.9714437314976172
-0.1103882172862701
0.1833577661755999
0.3752860994754734
0.8864666315927172
0.0744001957815505
-0.1848831930271325
0.7302707995007457
0.5128275083566914
-0.3168712899481357
-0.0053973674852177
0.3213657730687003
-0.1360882091657527
0.4274099033955500
-0.1770084429944374
-0.7360881928795274
-0.4750189019581240
-0.2245801194145900
0.2078231560618753
-0.8171744779665641
-0.2210808478383816
-0.4355713914473102
-0.1964441474303521
-0.6990059689121209
0.1051272525876144
0.6051191527041806
-0.3091592213723275
0.5121741979097716
-0.4682468156047527
0.4824761409412222
0.5021095721955061
-0.1830990486146851
-0.3438527877335035
0.2423451418689152
0.1230224833938804
-0.5400767590708120
0.7184821886947541
-0.8044354633594221
-0.1283364252941405
0.3859024340029721
-0.0701388113316026
0.4272858595928551
-0.2704659547475858
0.0579681153776886
0.8266717780714089
-0.4559071840138408
0.1795836179245233
0.2371209528805535
-0.7484528158390660
0.1888198135433544
-0.0657857340969988
-0.5861837181041140
0.4561757316840891
0.5405726941671822
0.1130265319093927
0.4942469939674448
-0.4925746402140490
-0.8650846934010865
0.4474732492533822
-0.0996173229168917
0.1673849264231209
0.1159949991463731
0.4460479819781110
0.2371054071226092
-0.6221561119079028
-0.5867113088758729
-0.1162490264014188
-0.4583535859557643
0.7306463592387523
0.3311741216594557
-0.3730906950197196
0.0848228884525790
0.4208027739874349
-0.2175962018668425
-0.0280190548676739
-0.7272238332325359
-0.4959207066462374
