0.8306789828408776
-0.1581695181443176
-0.5338116062773828
0.1810250841083104
-0.8372910307980145
0.5159201960272319
-0.7894689828152807
-0.3997109771185438
0.4658002360921957
-0.3808527335508658
-0.8008810433738118
-0.4621046956170299
0.4247673453802332
-0.8736529770436549
0.2372829070990762
0.4803303489468482
-0.7114063808711079
0.5130143439870580
-0.5049520017699088
-0.7989842109554415
0.3265696044528220
-0.8065523590666388
-0.4457114210327999
-0.3883485821333227
-0.6849300661346805
0.6806710768534451
-0.2599186211873126
-0.7541435024763744
-0.6163940619198245
0.2265522855824815
0.0437506692648397
-0.4418710019382713
0.8960111029362008
-0.6419829790884026
-0.7087212536544866
-0.2925269888047811
0.0364085340481061
0.9974272420908756
0.0617520476053856
0.8695704454005849
-0.4137370418119998
0.2695716986600856
-0.1075572764520419
0.9677525330599823
-0.2277860115068679
0.1848621400210432
-0.8367787765482745
-0.5153904037768000
0.3495710561554065
-0.3347532121930575
0.8750659195882464
0.6934130801114553
-0.4511038856679361
-0.5618572636049429
-0.1127981779726838
-0.2013557389752749
-0.9730017664052640
-0.0983048823171171
-0.5045814390118776
-0.8577492183134420
0.8430748374295263
-0.1832097018693883
0.5056273564930084
-0.6772680951613854
-0.0907195096468674
-0.7301218376722480
0.5898806935991757
0.8073872655708648
-0.0129062276811316
-0.2678883613264453
-0.4984683551687755
0.8244786987916471
-0.6274884101997631
0.2298588878050245
-0.7439241807886143
-0.2757030742266713
-0.9490924242375562
0.1523528310102620
0.3503086736526940
0.7187357120785182
-0.6005853888887707
0.9179470381602383
0.1141253755517169
-0.3799324068673606
0.6331729293226794
0.4046481315528676
0.6598120423300188
-0.0936842616159211
-0.9232333062578696
-0.3726439605597314
0.6161280591787414
-0.1333343759224204
-0.7762784029521986
0.5569075821296796
0.4803506075501360
-0.6775819055971679
-0.8312133602324298
-0.5499035078711354
-0.0817953654074201
0.9514455009572790
0.2599160917289774
0.1649093204415270
0.4267686421328046
-0.0206908220804915
0.9041241153590339
-0.1809577861179484
-0.2162096014655540
0.9594309187624700
0.2671071327460540
-0.6180100134858179
0.7394034100999543
0.0445443550275254
0.7039210517170460
-0.7088800698177017
-0.3744871360240621
-0.5938094684085273
-0.7121444377237512
0.6963139629795195
-0.6524324046759769
-0.2991301092977416
-0.4591356063319161
0.4174649339950418
0.7841667704530326
-0.3426478219280300
0.0645095007236169
0.9372464960960734
-0.8225665191021786
0.5685429451414709
0.0119683408201746
0.7443578552293281
0.1384476135026892
-0.6532714915514105
-0.6978388306597495
0.4717100362959628
-0.5389903599148087
0.4565406033689884
-0.6722155912721487
-0.5828352051190075
0.3428419102874365
0.9248919480549042
0.1644211329898493
0.1877955540642436
-0.6227397389014725
-0.7595577973180380
0.9620083683954944
-0.2729020035557488
-0.0080246864298105
0.1290468584397119
-0.1227643439998263
0.9840100732051138
0.8741613097534079
-0.3807633905953889
-0.3014319905260718
0.5971130721136730
-0.8016565023943972
-0.0283342774701183
0.4909476746104673
0.2098359529369792
-0.8455408054314143
-0.4022845740869366
-0.3019455404692034
-0.8642893103830758
-0.1753578778924847
0.3424499489486655
0.9230263523465085
0.2853290832356531
-0.9574307259113757
-0.0437460780038404
0.9963959978596986
0.0434060988532160
-0.0728761005510070
0.9703723679472798
-0.0573743201490091
0.2347033338319428
0.9241156683572411
0.3489368173710362
-0.1557348033665619
0.1292043639169581
0.8905429154923429
-0.4361645882132253
0.0989366687673384
0.7538082217486406
0.6496034947545883
0.4354297422500436
-0.8455131085776846
-0.3090445320457254
0.8699525148455992
0.1387619411721600
0.4732100438451741
