0.4211666840762704
-0.1004112093302540
-0.6726216526368196
0.6000969302280663
-0.3972033244832133
0.8191748169162560
-0.4112720225864757
-0.0451382519303870
0.2165776785767785
0.5874538265100372
-0.1713271853150143
-0.7606833154690877
0.6137810030599918
-0.2317209904062188
0.2399448372714613
-0.7155450635387008
-0.6808876191962039
0.4263941819813797
-0.4131541951406607
-0.4288165839090510
0.5784080196660359
0.7174933974265868
-0.3609224609054856
0.1427668191464564
-0.4386738645270912
0.3736622282246353
0.3347323121875228
0.7455843741365981
0.4768730042650027
0.5253962862924596
-0.5870302282136942
-0.3898030160436686
0.1190421958518540
-0.0811539077602541
0.5639971077575054
-0.8131114691745394
-0.5780530267720148
-0.5543785096871401
-0.5670425269228691
0.1923068872861950
0.5168199109033580
-0.6364032922429619
-0.5262097603321789
-0.2258125714997181
-0.3975583173772343
0.6560599291768093
0.5166929652418788
-0.3802119583630384
0.0381991397379114
0.8990585145170948
-0.2522979160261715
0.3557813580929295
-0.4205922935079796
0.3643366417638021
-0.8288572380393406
-0.0579362844836319
-0.7402239621832170
0.6568449622281833
0.0698721819056877
-0.1254633795215732
-0.7784231019211285
-0.2422135522889114
0.3221700979318592
-0.4812447376145028
0.4765180113709817
0.3622813985530129
0.3409347596146604
-0.7248767224763201
-0.2220961859503128
0.9611160547346723
0.1634051268725084
-0.0150989413324897
-0.3015500976561257
0.2831827340035482
-0.2648601302818350
-0.8710477536581713
-0.3236312013513458
0.7690189436005452
-0.0627026404357003
-0.5476687765226146
-0.8001492127223275
0.4067375450475322
-0.4036374000503607
0.1772079459537054
-0.7044959858952399
-0.1292545378651755
-0.2572255077457200
-0.6487015557740791
-0.1264429591232251
0.4251239718219645
0.3098170191771490
-0.8410084430602740
-0.0969610921566338
-0.4046823018367429
-0.7661545976036402
0.4897324920389827
0.5166005132290883
-0.7372138369370633
0.0473041425156267
-0.4328995108115011
0.1931887095520121
0.1326156513575833
-0.5889124007678793
-0.7734813480223328
0.0003549928940211
0.1631148877394467
-0.9279649878283547
0.3350737064326515
-0.6141359959540130
0.0686061026667722
0.6880201505568933
0.3804713571060495
0.7780681090271074
0.0790986645494647
0.6057948898964953
0.1461710311818512
0.2833293018189695
0.2296657471954296
0.9298471603825396
0.0486046255460127
0.6519801427979034
0.6673375241108760
-0.0123530787547101
-0.3597637054457714
-0.4587914332458911
-0.5347218727532926
-0.5765593220131691
-0.4137176425765613
0.6740612464931235
0.1815013145138789
-0.2145105686008448
-0.6831426825813280
0.3808647845438941
0.8982734814657207
0.1945228673100196
0.1010327792514643
0.0378441468438905
0.7359436267776482
0.6756670718021831
0.0207076516602780
-0.1572413355897654
-0.8179046067568407
-0.3116991917313340
0.4573301110816098
-0.1642871059671155
-0.3108196549556837
-0.3658500526250340
-0.8617160947205520
0.5544446600729788
-0.0012702101594153
0.7229712143178099
-0.4121918591512230
-0.1196165864201447
-0.1827715246732942
0.9374817829186548
0.2709508234301050
0.3196316686752373
-0.2925083204643813
-0.8987294199450283
0.0675270950379412
-0.8005042056163486
0.2436226573080856
0.5243275877779939
-0.1578657604789460
-0.3190572781069466
0.5564337528979294
-0.6027494707311318
0.4746335507064931
0.8974652977729823
0.1610596445286574
0.2418270098256463
-0.3318667315600367
0.6811070168704736
-0.3255836372872782
-0.1603597077071449
0.6359035232208339
-0.5550190506412696
-0.2626552222741330
0.7785076763583505
-0.1299687865932113
0.1260879662292041
-0.5882388595614112
0.6181479686512055
0.5059347366276226
-0.8740763287482161
0.2937785306237964
0.1757582056272184
0.3446647641132817
0.1574607332640351
0.9187151514509423
-0.2618147111164715
-0.2502431717698271
-0.0956532268270876
0.5359920829127077
-0.1464118923046407
0.8259095017277844
0.0357279762879771
-0.7860995000933589
-0.3270976896514077
-0.5232381762525058
-0.0975354827249246
-0.6686077342702913
0.7353242930725200
-0.0524281537054516
0.3614753481952363
-0.0330753168228971
0.7383697122378835
0.5683764281828927
-0.8383483524602390
-0.4923209694695624
-0.1513394840241892
-0.1785734121392240
0.1929693118777424
0.0318051066634817
-0.0153984979200737
-0.9805682873341156
0.2839036923872602
0.4935911796289779
-0.5716317302936206
0.5907652712904471
0.4590108309201608
0.6355324174473942
0.0030454191653636
0.6208045818883443
0.9756113441492491
-0.1016814194896692
0.0503495616809903
0.1879050710768433
