-0.0608457209305039
-0.2404935789580704
-0.1399289500623048
-0.2766904960263286
-0.6639836314724817
-0.1264455252372703
0.0798835913884075
0.1151520291791077
0.2714831783148565
0.1648259488887301
0.0844936808859241
-0.2724148239286456
-0.3692459823967924
-0.0391513105505873
0.2074109377786379
-0.0520032467208792
-0.0506508199388646
0.2149599944424667
0.2220197893918485
-0.2348790113287421
0.0299435219813262
0.2217278779455023
0.2121445913576219
0.5269904167513944
-0.0195806483124473
0.1524585366205874
0.0248145021678721
-0.3134820181597269
-0.0249185700460281
-0.5746782024643091
-0.0121415185950775
-0.1429843859614774
-0.1104569304954652
-0.3100943848879458
0.3533735617681087
0.2728655174270215
-0.0439239999488777
-0.1027121487395655
-0.2211331886093972
0.0982917317586686
-0.0832333525499407
-0.1107411095419923
-0.6930260446096521
-0.1391043891866403
0.1498393189144242
0.2067190158636326
-0.1550074149847442
-0.1150375315799333
-0.4878069452967681
0.1777887547297764
0.1140508598053620
-0.2486095164933371
-0.0822302898999961
0.0287200528582597
0.5132777217592639
0.1545587933828162
0.2735201846357746
-0.2598530395125723
0.0361430306367158
0.0009404662799498
-0.0699059239342652
0.1390808933431179
-0.1112627248443071
0.4247803273427141
-0.0148953778903244
-0.4616422341142800
-0.4241563762919890
0.1481182918682460
0.0837877979746159
-0.1678283877527365
0.4366596866195174
0.1692772406217305
-0.4002077905506456
-0.0932253385848404
-0.0386597120725196
-0.2451719083223726
-0.0669865636424962
-0.1185734613047989
-0.1832901889069123
-0.2184043278061779
0.3166464580073803
0.0676505753071512
0.0723034086682875
-0.0473407666673265
0.0617795286648120
-0.5579660154834348
-0.1317749967832838
0.1771510028213637
-0.0810420975336774
-0.3167130856651937
0.1665347994566252
0.5803202379695007
-0.0374173712749745
-0.1666560062946864
0.1521147631306695
-0.0102943442309819
0.4080983210328164
0.1590529853069748
-0.1720063970109884
0.0829957605254890
-0.0710065469055690
0.1638388740536089
0.3339754483601451
-0.0140540667368465
-0.3770625677548365
0.4729991911751381
-0.0011286907722324
0.0849407174297389
0.2417484975097787
0.4119962121505540
0.0601920503308496
0.1520995596022683
0.0028837967259427
-0.0372086467036346
0.7386377231727359
-0.0264497529734644
0.0476391623270070
0.2296914026650671
0.1400020195533875
0.0137597675707249
-0.4168713812636261
0.0374995020110107
0.1789527243991877
-0.1104673556478239
-0.2414262533757592
0.2393126152988555
-0.1733867525605908
0.1116655401075074
-0.1380763440372192
0.1971197029251275
-0.3735995646067378
-0.3079859059824162
0.1745433354664838
0.0464854644155360
-0.2691651991458114
0.0733302926993183
-0.0880565527447797
-0.4984290955720747
-0.1916170399861895
-0.3107144205716121
0.0573287742618487
0.3804306262001188
-0.2428435110810271
-0.0275717395126289
0.4235871017067464
0.2576144746369874
0.2751758808564719
0.3391813929661282
-0.0071628935507972
-0.0817923216738621
0.5143109880361495
0.0530275020816031
-0.0052343093314447
-0.3539232353767303
-0.2877992524804578
-0.1556990009263792
-0.0190002976042607
-0.0991437459642520
0.1747524414482287
0.1276143214869319
0.2319771846955877
-0.3608076749332067
0.3257223152679097
0.2876006297088280
-0.0813011071283124
-0.3910293965798214
-0.0692164218256173
0.0506507600320557
0.1967436543952921
-0.1675704600707145
0.4360745969573345
-0.3675685287486364
0.1681011504130795
0.1758994988376856
0.0461249299949850
-0.0833261385515352
-0.2295568987210828
-0.2310466409435992
0.1640467629529921
0.3271424916771256
0.1331412444739881
0.2056394150840903
-0.4516186886186521
0.1880667481451290
-0.1985565368400390
0.0992202813065153
0.1330410328036196
-0.2234417739858741
0.1434181816661711
-0.2818279636424595
0.2137252440992826
0.4450562512469577
-0.3046564308907055
-0.0854140959626250
-0.0710047725672467
0.0742460296344961
-0.2223946975104512
0.2711623947183047
0.0311328477702391
-0.3048576205166297
-0.4876770328665687
0.0227735260654073
0.1708474514847985
0.0558807472818816
-0.1401834747218907
0.0814275353200978
0.5797593156969091
-0.1984367057657261
0.2198701705916165
-0.2481769290749193
-0.1656675991534338
-0.0637806429678851
-0.3513952041560918
0.1332614443649856
-0.1276697470053028
0.3329852295243976
-0.1493570423698271
-0.2214241021645503
0.3608266385088726
0.1386006834593669
-0.0355743413574744
0.1970207228244636
-0.3361954910610196
0.4650627784067766
-0.1448806975722491
0.2839439391350024
0.1459025063584936
-0.1878923351187505
-0.0568053983341999
-0.2572336276530059
-0.0785440709255373
-0.2278878122443801
-0.3996447592375925
-0.1602531897319040
0.3862793456397891
-0.1423242802415750
0.2358503893303394
-0.1901824383168497
-0.2386575694642072
-0.4589980173654394
-0.1140094334882804
-0.1938634076209838
0.1611561567487940
-0.0326956920985764
-0.4568366619173491
0.0816618388870906
0.2295156389520169
-0.4944087685603765
0.2449944713604636
-0.2724329218879551
-0.1132138898507840
0.0002477440476595
0.4728961355533124
-0.1553207292580564
0.0775719453672896
-0.0951868569805190
-0.0200520487733898
0.0674099706912589
0.0104211236723187
0.2407468081577223
-0.1066241978460661
0.0648979091578271
-0.0339647404906281
0.4742495323204256
0.3866649858766883
0.4272886229863806
-0.0021227639597990
0.0413596390160119
0.1384488548853733
0.2951130886792015
-0.0001710329002407
-0.5052515717624959
-0.1931619005245156
0.4455339053225258
-0.2315160409379767
0.5579544635992435
-0.2528505729137966
0.1305659225985110
0.0153563522561568
0.0035461087228186
0.0266920178229307
-0.2287595987956093
0.3187344968378539
-0.1349026999901909
0.3239126483148616
0.1771394999003013
0.0171935506039630
0.0928365972126216
-0.2985645697166245
0.0499435373908057
0.0528685301476255
0.3672292712257546
0.2890201375452715
-0.1337806295204989
0.1899929224231192
-0.2566794191264773
0.2445950965446211
0.1794274172203137
0.3600735014792282
0.0266739871549415
-0.2965714467233459
0.0885867714927642
-0.4785924070060196
-0.1416424076366086
-0.3950494747323297
0.1698710553164506
-0.1160383589686641
0.4137242142500530
-0.1798422527963880
-0.4767583842221085
0.0052977557254768
-0.0158549146215738
-0.1278513248813643
0.0555499753912563
-0.2745683123295984
0.0762782189760491
-0.3852319938223014
-0.1357074601783203
0.1556281863201407
0.2807982397823357
-0.1046980071272340
-0.3364563581000793
-0.0939689518940354
-0.1455346088296964
0.4506193305073499
-0.1825249478800210
0.2540094890572168
-0.2616389256930958
0.2081343500156553
0.3047663333756859
0.1332203924842439
-0.0930209520433509
0.4248970722419487
0.0119738938295826
0.0902944916458393
0.3536086637127112
-0.1252254366715919
-0.0309958697969129
-0.0957984176851042
0.0403000284923391
0.4656527957217418
0.0949417674115781
0.1367705347826867
0.4025456535485092
0.1458299575499776
-0.3590325510350292
0.1914213455905730
-0.0401693980045972
0.1179446771146256
0.0931720847382210
0.5828242451152704
-0.1235241796832143
-0.2412561288245049
-0.3995860032941399
0.1480132153524086
0.0654037159919568
0.0185429192014116
0.3131861529767150
0.1714225527501369
0.1222416337812618
0.0339640889894652
-0.2324475205293850
-0.0093408930546549
0.6776370793087312
-0.0702913017841398
0.1120006921649541
-0.1303719227157928
-0.2534488120685214
0.2493637350221949
-0.0626289300433304
-0.1906498254389078
0.3526222604612004
0.0026830044385085
0.5283513128217897
0.0062716461368710
-0.1416478385258310
0.1880972165412714
-0.1728727859807448
0.0359107593827095
0.0465211491972786
-0.0835229100629357
-0.5430160224969403
-0.3166453854259293
0.0557999822259229
-0.3166548084732673
0.0137483353444702
-0.0167734084526510
0.0201066048510902
-0.2231951214458171
-0.2099808373274865
0.0805224416347844
0.3400574723022469
-0.2040523016651496
0.2032192722530373
-0.0942219166331595
0.3378362149918397
0.6100728683384625
-0.1936929542432533
-0.2175785622980684
0.1408237986174236
