0.5505901924179095
-0.0551993556709604
0.1990839311879332
-0.0693986897697133
-0.2428544493436202
0.1323769501496941
-0.4827807373341399
-0.3003773117824375
-0.0240733267974318
0.4672453500471045
0.0425922921345472
-0.0484665007978790
-0.1008194108237475
0.1277566836795964
-0.1711349166058563
-0.3283733698696102
0.3349826114418260
-0.2034065658187250
0.3928291162527359
-0.2792235410419989
-0.2479490737749570
-0.1504479420997510
-0.0919182513160830
0.5375408034198832
-0.1580608021671004
0.1649631789360856
-0.0061502469394075
-0.2080129538905229
-0.1587311631720675
0.4210752538683838
0.5415137485385908
0.1814521839875672
-0.0391010834479574
-0.0519029595017734
-0.4271441174145456
0.1193056329333899
-0.4613128552432376
0.1678996787666429
0.0310014981843845
-0.1216004658627321
-0.0553552046222327
-0.1030410260775799
0.3090842178297566
-0.0955975532163628
0.5934872976810407
-0.1324969581541524
0.0967993660660727
-0.1173593222665253
0.0988335260560511
-0.2972472328129085
-0.2096076237683459
-0.1178936553702587
-0.3988676242775847
-0.4287774025532580
0.0493793807987312
-0.0325590355186802
0.5551039563364802
-0.0330999340691914
-0.2829611046971010
-0.1148622675438195
-0.2912723695294838
-0.2782928378339899
0.2194561680651118
0.0590173888536489
-0.1050949673422449
0.2608224842431620
-0.5341758452297511
-0.0184124240703418
0.0628193247725832
-0.1219453443890313
0.2750773847064912
0.3293075455506028
-0.0198791630191556
0.0524805160457440
-0.4776020599342869
-0.1007502818404696
-0.1106662334581345
0.4488894501826001
0.1806776992453306
0.2342050647355650
0.2491195364353851
-0.1399501943027817
-0.2565294253703987
-0.3546633569595802
0.4133593248826895
0.6449511800210773
0.1621338278000397
0.3271728658653259
0.0333617057948747
0.2181386231871046
0.3161356135516747
-0.1763501431314357
-0.0167987432292557
0.2576135356574843
-0.1280329889900611
-0.1126368300721390
-0.0651533290920340
-0.0115165355209969
0.4916263975097570
0.1222333741301906
0.1328965338910818
0.0061911732699771
-0.1951361750268917
-0.0949612840161246
0.1335260415880372
-0.2945041979606222
-0.3828852662131969
-0.2648566970043574
0.0011961722207576
0.3914266732760169
0.1810274609943690
0.4138448495072773
-0.3463486403879046
-0.1959047161263703
0.1437860920472733
0.0920529069848008
-0.4164841222572454
0.0918634604802282
0.2692615968701058
-0.0120076988008870
0.1700640565951335
-0.0981461550907748
0.1600124760053862
0.2591051079696908
0.5895684729478667
0.2812240865481830
-0.0474886842903554
-0.4000946892436499
0.4297434329471710
0.1191820647491982
-0.0279262408608652
0.2845945716078425
-0.4639586969954880
0.0502191240988228
0.0827127225741842
-0.1849909072932461
-0.2468645663817218
0.0057374534200704
-0.4524348703130664
-0.1802673822005123
-0.4561080626063774
-0.1240090245442794
0.1746384790144575
-0.0692903434350868
-0.2394355656067695
0.0850763832041540
-0.4565440683303892
-0.4448957010292486
0.0822539086787009
0.0963149058881970
-0.1574873539115337
-0.3855422238594585
0.2820528794706380
0.0362522882765571
-0.2246985797266831
-0.1174772983322148
-0.1465505081697032
0.2748569833218441
-0.0624780073129918
-0.3516782870319419
-0.1528670770457398
0.4983504629877373
-0.2775324984993852
0.1074525283378150
-0.3386246409045570
0.2696374524040093
-0.2915030798593283
-0.2801217439686370
0.0813412923985145
-0.2970734310064952
0.3275448872778513
0.2905368224123872
0.3414212864623138
-0.1815336612592177
-0.0367671011000866
0.0733861722844480
-0.4055844226237806
-0.3933041562850220
0.2110711476808688
0.2350724997324231
0.1426906848823800
-0.3432429650610287
-0.3256491226440870
0.3895429212142057
0.1094967875268283
-0.0481215956725833
-0.0752797938529093
0.4921729974728156
0.1792292683698400
0.3585339195383647
-0.0533930350325227
-0.0088001575776091
-0.1111463154701526
0.1329752540550854
-0.5344815397539341
-0.0264200901911640
0.1925191938017783
0.0051566452006883
0.3414864521881757
-0.0558578488762404
-0.2680359558944778
-0.0672212050940988
0.2159952937037312
-0.2335706095374808
-0.3360466488452412
0.1468887876428682
-0.0208828043146883
0.3370419865835637
-0.4699879625273309
-0.4429218540763799
-0.4126639416336245
-0.3933000849703216
0.1438858524572012
-0.2612930620760839
-0.2551277723193615
0.0621789182458756
0.3970717484057198
0.0016293743154939
0.0480951994751649
0.1158798286555095
-0.5692365425331450
-0.0239583760173886
-0.1127738033384241
-0.0797359801352258
0.2295784052604992
0.1354815443035065
0.0435414218903875
0.2757636164735153
0.5117478769723172
-0.3866280283605210
-0.0271207603693833
0.2059652785946143
-0.2997969577643836
0.1911440294704693
-0.3002716619714396
-0.0363458977192496
0.1726994954465510
0.3856802548648515
0.4509949469640541
0.0694660987771487
-0.0070720250932662
-0.1810534355514005
0.3912421316019046
-0.0663980541024337
0.0501038810802741
0.2033681168615017
0.5384559552661877
0.4633841968021040
0.0635264086083319
-0.0903463350326185
0.1922339963749011
-0.0615455771869820
-0.0680678841656688
0.3488855469472237
0.2248415098387866
-0.0634954897358223
-0.3223147483824217
-0.5071193518479274
0.3891127608192183
0.1926266219981958
-0.1170359332507352
-0.0766485229337188
-0.1646799294419231
-0.1575749099152739
-0.2906519499929570
0.3368818385793297
0.0190112642801881
0.2904667672136071
0.0498468129198909
-0.1249539590681592
0.3702963862999041
0.1926304721647290
0.2815018038306261
0.0100853889678252
-0.6224337704730001
-0.2777006920070491
0.2314482458964660
-0.2952497042236545
-0.0823087184712499
0.1775997260995896
0.0864766682280857
0.2997080470612398
0.2071277780680389
-0.3342582246133315
-0.0716748694717378
0.3058490540543070
-0.2284340406303914
-0.0214131625559456
0.1410800971230964
0.1902583350460625
-0.4398308597880652
0.0111688087113391
0.1282678391285112
-0.5749908138895521
-0.1426357946208631
0.1395485522646726
-0.4427053984823737
0.0279736612856640
0.4652652985307425
0.1983957203207678
0.2741974943115867
-0.0274111259331878
-0.0219901967458539
0.3997159687247442
-0.4162682157279323
0.2589854001688636
-0.0248605917060801
-0.1743995474763924
-0.0155225805024682
-0.5699109428166527
-0.3897937564357258
0.2161169946273339
0.0838576114580806
0.0087233397342316
-0.2246303824321754
-0.0786522443100036
-0.0382908992608461
0.3277972525269617
-0.3490541826416742
-0.2601812267853323
-0.2004255122582704
0.2719208488541612
-0.0760683680682322
-0.0231312540516836
-0.2827765854044231
-0.1387676656931542
-0.1792193746087194
0.4263269814150226
-0.5442063698530064
0.2344612882517361
-0.2873138214038466
-0.0416695522249535
0.2574259370946066
-0.3746913294266414
-0.1786477811077080
0.0811801668643692
0.1527181872441490
0.2123922882733481
0.3876696532673235
0.2842306175951076
0.3233378116347890
0.0248250644348337
0.0259092163234078
0.4973203289704726
0.2443982079547389
-0.3435185306903742
0.0204869154461973
-0.3959494029763135
-0.1001658265575724
-0.0486327519094610
0.1256505009585462
0.0954210131465240
-0.0437139884984569
0.4516795071217430
0.0676009222205801
-0.1029559676093822
-0.3590144211041384
-0.5087794518613737
-0.1855763127123988
-0.0251055593637048
-0.4783747274078350
0.2277072860570123
0.0309505730652146
-0.2225848330329062
-0.1313390160946444
-0.0782919624753582
-0.5593993796844741
-0.0181653367086726
-0.2088290015726852
-0.0203847010275235
0.4336054114295675
0.0323555726703673
-0.2961908496777316
0.1230509762847702
0.1315237873137426
-0.2726745786468733
-0.4370626094995415
-0.2115016380236224
0.0413292122391113
0.2844088748009337
0.2171492784117213
-0.1154814850943665
-0.1978428239980186
-0.0262591187559595
0.0669913762155284
0.3080984870735249
-0.0514145129606250
0.5798857015350983
-0.1014732186074810
0.5565628775627368
0.1478643943555571
0.1919272002734142
0.3204680158559953
-0.0035014049370946
0.0380448552831908
0.0044592265803500
0.2209425458853581
0.3533763503028583
0.3748669950268415
0.2117607726233434
-0.0765877709905650
-0.1997136981385419
-0.2474434455975546
-0.0011575532374467
0.6442897289214047
-0.1211290698454859
0.2594614776241062
-0.3599539294404310
0.1240689585861073
-0.0518469552251678
0.1417100715437297
0.1588340789831433
0.5765858217515365
-0.1224776987140109
-0.2612127947867658
0.5133056260795330
0.0901708689163116
-0.0223951287077407
0.0169253674762199
0.2272357941166871
0.0078893775703339
-0.1693617890922262
0.2773779705893609
-0.3534609844479299
0.5440797719002858
0.2928601727741145
0.3596135212833999
-0.0790910024450997
0.1831501128398091
-0.1560776182039924
0.0457284844744934
0.0444143945209637
-0.2429304319128257
-0.3619818661978479
0.2314769231625578
-0.5403109036923681
0.1549236207753110
0.0051518861002606
0.0126972895942192
-0.5035907756254280
0.2084314546365922
0.1765509198898294
0.2286502499469163
0.0374606197692796
0.0614063867869213
-0.2268366215800933
-0.3963744525085563
-0.1898772326321408
-0.3174526186604372
0.5780144855017254
0.1680343994973228
-0.2528184602475763
0.4789120282249746
-0.2198942493159179
-0.0118913500675963
-0.2294068682504227
0.2314945979073178
0.0171976692769840
-0.1694032819037241
-0.2325277367542354
0.0068652714577428
0.0761049815119826
0.2453268899218933
-0.1384661554462812
-0.1063923511636560
0.3012569251296363
0.1048837883693327
0.4355695390648590
0.0720306694309244
-0.0159052095376599
0.3582187298189998
0.1417130850049580
0.3874073869655100
-0.1600808468948390
-0.5286902196339013
0.0936855479259575
0.1472703763157751
-0.0359733399619566
-0.3864612973286649
0.7409601155144175
0.0716148372596329
-0.1207019611799205
0.1970692965580200
0.1420079559606325
0.1675099775077595
0.0643160689219785
0.0263495735298568
-0.1601172181382693
0.1985729785070974
-0.3193488872007466
-0.2348102586991231
0.1100232605824668
0.0495079605638993
0.3432103699904150
0.0899449674449242
0.4488638830844223
0.1217390877000191
-0.2421012323418701
0.5847185873809723
-0.2370992394494860
-0.3524167255083590
-0.0212224766375392
0.0569105500804368
-0.0592765131487380
-0.1304846533694613
0.1926219241452899
-0.0144591110546322
-0.3538197733807959
0.5313870660753209
0.0925013202397251
-0.3040628136137068
0.5759474503674246
-0.1497254129667656
-0.0235643840992564
0.0608471623364631
0.2090489544166373
0.1368669032013428
-0.1275355323632545
0.0416798746848807
0.0095309216023285
-0.3623725031155907
-0.2650595216865392
0.1278966112240635
-0.4029081609004161
0.0260734466803390
-0.0371464135239598
0.1031361443155687
-0.0252295643661846
0.1533777955638917
0.2312478773168797
0.0452029950687343
-0.7249359445532357
0.0231301482752814
-0.1505830254177926
0.6039475935111872
0.3005122405108387
-0.0782046012510483
0.1729673538851894
0.1218072187996645
-0.0989862811040003
0.2401682361480365
0.2950653737382278
0.2749302638840204
-0.1558827755001092
0.2177927240141675
-0.4110916953216102
-0.0704128836320990
0.3325068212753379
-0.2876884224402755
0.0910591417319997
0.1896374451166944
0.0157288670886339
0.2440684357737518
-0.5809582058684400
0.0383137831710962
-0.2804532224868129
0.2365688037751790
0.3183838111913710
-0.3493286248877454
-0.0254510013397139
-0.0626159055444018
-0.0924498860210512
-0.0377477443220715
-0.1358071584196361
-0.0219754680680790
0.2127348627974506
-0.0097638725958525
0.0348266944603158
0.0477187705804472
-0.3698466481747120
-0.2843797481991173
0.8167048277006965
0.0117358524025552
-0.1831298564624461
0.3013298884877141
-0.0978100327112675
-0.2029971569102049
-0.1427895057089211
-0.0768398111009680
0.6481174777737856
0.1065365326225229
-0.3571983830139082
-0.2398074357873570
-0.1491469325729573
-0.3563187132267091
-0.0430100823761058
-0.2541010849313376
0.0016734020025875
0.3870820362743311
0.1516897099953907
-0.2274529844726804
0.2886324244861965
0.0210263849814625
0.3854347412406239
-0.3618443079414296
0.4305525536637689
0.1753493133583826
0.0531003980175983
-0.3785299113828808
0.1790880897646798
-0.0390329159425464
0.1278956566477036
-0.4965174316875254
-0.2061049821402014
-0.1807864683293883
0.2339245190015491
0.1434821764000930
0.0597716066397522
0.0038696228757287
0.1323765357324777
-0.5268915103649471
0.3230817614226505
0.1864007888850321
-0.1174438526063519
0.3867014412873103
-0.0426103506611861
-0.2320486026696863
-0.1734120425449459
0.1038315834085885
-0.0641499843587971
0.3606659063453287
-0.1154336480450311
0.0173545702341295
0.2800778302652237
0.4567091613208905
0.0690392457805147
-0.1936917874913190
0.2927442418309297
-0.3459668808450026
0.4719930489714414
-0.5363431613758417
0.4468661604676156
-0.0586536060866094
0.2491251797368434
-0.3580284712614643
-0.1525805536550961
0.1753269886912348
-0.1984606887147169
0.0556566402620548
0.2548627587875541
-0.0805176234740004
0.0889705214720475
0.0473155999108019
-0.3753149915395837
-0.1026124248005459
0.3367216663858237
-0.0345594672135687
-0.2986284321234445
0.1574538875111811
0.2616910937986263
-0.0075170280501139
-0.1679023228197533
-0.1283922380663513
0.5468508335082168
0.5154576066778311
-0.0052911941717417
-0.1277547364914440
-0.2581047206335389
-0.2014042706903179
0.2985289178725332
-0.2029742277653557
0.1848250751723549
-0.0396883721718974
0.1133683187328641
-0.0043968153824399
0.1540137834400125
-0.2521563893224782
-0.0942696162879808
-0.6081456242979802
-0.5561183470235753
0.0439806522735571
-0.0572557428080971
0.3399914123037108
0.0664000574171881
-0.2540226208411317
-0.5213459028406352
-0.3531125770760856
0.0648892311588820
-0.2883405767505648
0.1870734553968716
0.1724792820072090
-0.1091656489868586
0.1344125547263408
0.1964985851919604
0.4419447324057863
0.0545173578794754
-0.0069734512428787
-0.1682773652942185
-0.3172712421486472
-0.6812459201495543
0.2554983003667938
0.0367929819586296
0.0185414424528654
-0.0996288888181974
-0.1605396647973743
0.1462191906158033
-0.1455349629715779
-0.4518432528560927
0.2191458751115383
-0.0972293579667258
0.1626266607490034
-0.0968662993302460
0.0389250072956158
-0.4097048195473934
-0.2129565587720722
0.0237990098829167
0.0833974193554466
0.4259131641803223
-0.2749030443641987
-0.5218857718324361
-0.1716219192327794
-0.1477639357098404
-0.1639579570380026
-0.3666269684108783
