0.0295168284587104
0.6554785340571526
0.4467858689857916
-0.3799185698921728
-0.0183617458420659
0.2806159147312547
-0.2691667215903117
-0.2718360087028229
-0.0096400624343284
0.4141985676562990
0.4717619991329740
-0.0071618166202746
0.1666484762130979
0.0054464649677254
0.5943556081398094
0.3726873353876455
0.0272021952031768
-0.2917757601206414
-0.5817364897571440
-0.1227513551553113
0.1443907875836178
-0.4048339838367039
0.4326876884469475
0.3878174357481368
0.0643300154610705
-0.1991414214038752
-0.2834763684553910
0.1711637696474360
0.4002182602016131
-0.0531089476655637
0.2464287521341383
-0.1876585239389119
0.2003655203759215
-0.3638269500936230
-0.2914222677999110
-0.6740338024270189
0.5305664121400027
0.2827797633570123
-0.0002720898181246
0.0764993408772773
-0.2331820145738538
-0.3435557982098304
-0.1168534187477115
-0.6623233798609530
-0.0891697547901256
0.1545820554038494
0.0666701928042836
0.3242691684587926
0.0165100409071404
0.0342029192923039
0.5562868610902294
0.4288390122128137
0.3412896868889216
0.5052028683536079
-0.3787808285226542
0.0360436459897916
0.2810723776794924
-0.3712837963018430
-0.0279770742063856
-0.4027101102249854
-0.1670843164517423
0.6678600290810852
-0.0382133985643662
-0.3497491189578421
0.2867193288567818
-0.2744977452745158
-0.3385360653010890
0.1591143224017419
0.2047567113674107
-0.6326256693255594
-0.3066390941432556
-0.2098248092762693
0.0049223393997427
-0.0825495127822811
-0.3775257177191403
0.3774336266919598
-0.1188001055146894
0.1410381999674495
0.7088477082444540
-0.0637805725876057
-0.4094401843660037
-0.2682716065730447
-0.0507714628986809
-0.3520025097606658
0.3956145054359602
0.2821350426401812
0.2259159699383881
0.5539724908832913
0.1843202028497408
0.4165793253150127
0.0862775188871178
-0.2933282574073526
-0.0676863733871992
0.6563590118409138
-0.3512724273180475
-0.1396367899613268
-0.2330869463432431
-0.4534000818512341
-0.2614081396801114
0.0040476005028237
-0.1875837221171218
0.7596423924732356
0.0462849278883539
0.3138531447798890
-0.3889165733725872
-0.0039155209768752
0.2509081848996403
0.2699388061181855
0.0659191950009411
-0.7751845936472929
0.2119479021114470
-0.1473026958710469
0.0057028412113663
-0.1235162292933016
-0.1575731841063872
0.5356042089986830
0.0336682304070154
0.0453896206870166
-0.3827795720332281
0.3123694455323907
0.7391719612208805
-0.0828415693956099
-0.1416509089561093
-0.2229911808283843
0.3362517205935916
0.1332356215627183
0.2721755446216635
-0.0414719223358062
-0.1804202140306711
-0.2789632590632706
0.3038916319868362
0.6132422815845046
-0.1253640769659764
-0.3373469594250661
-0.4646431494040770
0.5460243213092009
-0.3112682250880510
0.2769430430317519
-0.1742255786961231
-0.4216256328132452
0.5570260859198328
0.0983031567054427
-0.0040574753690857
0.0138319510088648
-0.2088508126958853
0.5185023318761596
-0.0211931387907147
-0.0052178881620629
0.5516569537052926
0.6022301266771819
0.0405324839317855
-0.0024304969275018
0.1356649725189454
0.0568592618211337
0.2839131895401055
-0.5998778199415322
0.0859017098535897
-0.4377577278610337
-0.0884070189552539
0.4915607298783867
0.1447497527639046
0.2947808527539590
-0.5125137509066996
-0.2679843147661033
0.1579145781176426
0.6341859162558912
-0.0593648932080372
-0.2233808587726266
0.4061436288185315
-0.1402347184700482
-0.0185377912825015
0.0264809424287662
0.1687371580125556
-0.3533686413725888
0.0349508088690437
0.6971007048997826
-0.0308825658912444
0.3497252188311494
-0.4539629846349229
0.1715876734933992
0.2722398140605167
-0.2893401587766635
-0.2329256408105237
0.4449330546808106
0.5957997120365247
0.1595282604423972
-0.1281815313736370
0.3877104748444923
0.2068127143886103
-0.2338502979178145
0.4068597723495416
0.2233393840190740
-0.1700313864437540
-0.2085079341344285
0.4995470235714933
-0.2781030498470938
0.5422541487239469
0.1912703727154082
0.2400406293234040
0.6489176735956305
-0.1544172090890542
0.4192476885765872
0.0138553389746860
0.2217172671533893
0.0452097638158561
0.2200228027802839
0.4710292738991361
0.0225907678187013
0.1485976210781855
0.0901774917618551
-0.1688022419992631
0.9018401985038982
-0.1350847367647778
-0.2763602430285784
0.1247327993339984
0.1314737327147836
-0.5169266776112159
-0.6260435163220391
-0.0718161578860150
0.2940702555671708
-0.2483488434120474
0.0847514722370133
-0.2980605177473696
0.1308168129537642
-0.2727789930336710
0.6258417581053726
-0.2517741853370299
-0.1680635117274172
-0.4836024458773759
0.0298918848590076
0.0469749071398382
0.1991748437888054
-0.4859313877598403
0.0625706407750429
0.1666867542179423
-0.0010226821425099
-0.1940763478323918
-0.3316166179272337
0.1776952084827278
-0.1322029013793752
0.8737794974352298
0.0825604798266790
0.0722442578884111
0.0772386018404251
0.4758217443318480
0.1465935913646796
0.4574723534528579
-0.4802202861412574
-0.0321040851843351
0.3070810664883457
0.4137973534812793
-0.1992184834622477
-0.4595638697732717
0.1165423433345906
-0.1381961899945512
0.1937288690496540
-0.0278824748995716
0.6918562359226260
-0.2237865075693739
0.1265266688246131
-0.4160023890452185
-0.5602755190220473
0.1911404537370241
-0.2305036488730149
-0.4459013705675822
0.2063961217970748
-0.1145000115501365
0.0017214074664953
-0.1955273739912717
0.5510473449264728
0.1022426002185582
0.2424519677218140
-0.6563931178846547
0.4841123804697619
0.0125175476269988
-0.3434806710139870
-0.1496273738381369
-0.3231070801545324
0.1436125875800336
0.6138128464413022
0.1474098552403739
0.4409767479940042
0.3407412482148750
-0.0781404580599721
0.1316373522028505
0.1039342031206954
-0.2686590709119911
0.4295633771317245
0.6229961703426746
-0.2261319800033907
0.1568492575317806
0.0910988463629898
-0.1138078411904533
0.1212197668086390
-0.6150632184627349
0.3204584767448876
0.1385516342603193
0.3642541500145092
-0.1149327154298175
0.2490961468060730
-0.1294217501944500
-0.0160189820088884
0.3367929777318263
-0.5197274290871818
-0.6059299196052970
0.1560663951386843
0.2468849341633524
0.2127200333336398
-0.3889085717604397
0.2077178465739638
0.1798572605723399
0.5666961351827590
-0.5809985705394999
0.0415124403296822
0.0813982201580150
0.1049565678333260
0.2050241058019494
0.5121591188962011
0.3754931062798448
0.3579469710608083
0.3315134163039484
-0.3982989065908771
0.2281213710751638
0.3081211462440005
0.1703411246379669
0.0376001517849900
-0.0113868914398960
0.2120699019577268
-0.0841286263054858
-0.0064234227535498
0.0277262977069706
0.9109479108987547
0.2945387837798862
-0.0542664330323443
-0.1207449644532736
-0.0828455360777555
0.4843762465285123
-0.4230189870600708
0.0108501158677854
0.2013575401221841
-0.2764050346602043
0.6670717249133145
-0.0403416984522500
0.1863804853970523
-0.0127245528536332
-0.1693096677216380
-0.4275335868267243
-0.4533487093004765
0.0337623370920532
0.2961125438683603
-0.6765165408682700
0.4007222810014622
-0.1864076336983803
-0.2952152221854509
0.5392821925661280
-0.2669971028905845
0.4624588247423514
0.2148043554260559
0.2547128899047415
0.1747036120157495
-0.0685847593308318
0.0649491758381318
0.5606317172293938
-0.5892144899968195
-0.0505296369036075
-0.1056834405459112
0.1897866111421515
-0.2328373265164519
0.4750175634229809
-0.3286510630338428
0.2379233028973821
-0.2709075749489296
-0.2476439716338394
-0.1537606865855374
0.5940691064562841
0.5296497618465038
0.2086630057834550
-0.0057408764283851
-0.0153523615652376
-0.2169842845617423
0.1480519185888126
-0.3834538342418887
-0.1641713063294531
0.3527371431640627
0.6061304357993816
-0.3474329960578597
-0.3797978537504027
-0.5235826946148041
0.5479830774796914
0.0906322174094413
0.1006021003619524
-0.4618635957840589
0.0879393336260346
0.2272000784607671
-0.0035988214507822
0.3668195640753283
-0.1233535024371232
0.5173229723501839
-0.1770305789001685
-0.3898306935032919
-0.1070800768057497
-0.6477013493953030
0.3123595164727218
0.0431368458732428
0.0586568358513581
0.5998953518290898
0.1676829237124084
0.1191657783977806
-0.1573183868470758
-0.4463691944423771
-0.1380055322890532
0.5152683449025910
-0.0338109253222169
-0.2968548732099145
-0.0260534605803016
0.3480558736063468
0.6554359902139384
0.1230881653012221
-0.0231440200881666
0.1692544637725567
-0.2015223713809722
0.3191639362995810
-0.5116362856179534
0.4456871050551902
-0.0881766825528096
-0.4298019625527976
-0.0848715102770436
-0.4911557230818590
0.2553333206044646
-0.2915157187628969
-0.1746928813392688
0.4239421078014446
-0.0713224267777982
-0.0319354378250644
0.0841278356076881
-0.5851371345786816
-0.0076152102255448
0.7117661181297475
-0.0870718752414247
-0.1355455698973743
0.3343757900047962
-0.2273623858439539
0.1089101761951548
-0.1224436898974767
0.8452446579785960
0.1359838166100469
0.3230113123032441
-0.1550825939497153
-0.1812510494482972
0.1651770863632183
0.6856007360419034
0.2903178153059106
0.3512985466039625
0.0287813339224653
0.3794828954566420
0.1219708295304977
-0.2673325802571079
-0.1053488348179317
-0.2828054563855825
0.2270293292187736
0.6651713631975413
-0.1871248494929954
-0.1294844721108669
0.2546026408351673
-0.4116694917635513
-0.4368465688368832
-0.0728123745395411
-0.1542464316639004
0.1167619803183334
0.3437367341454073
-0.2264607820371704
-0.0705924709808087
0.2475904118087469
-0.2708111118191723
0.3170216795287014
-0.2925375336902619
-0.7008732343141566
0.3903833317311636
0.1351783383990526
-0.5489188945715072
-0.2055982118777979
0.2356529876567433
0.4751285572508149
0.2520877030318643
0.0617483259803129
0.3702763174997178
0.0832490079839975
0.0377256219887099
-0.1469157525018460
0.3441324180540944
0.5816743999282652
0.0072086889282071
-0.4621803268534677
-0.4862989023819899
-0.2512780748693090
-0.4749539415507281
0.7268448245335578
-0.0390826549098553
-0.2285857726053878
0.0153881092095876
0.0360005243630800
0.0122786236755554
0.1779285620563465
-0.3987408627762352
0.6220271821722612
-0.0554291472459367
-0.4600747315962925
-0.1160797810104583
-0.3248779670969824
-0.1609239835391304
-0.2514038627243505
0.0167492582393730
-0.4358209015571936
-0.5136941969206447
-0.0207379313602589
-0.0178276524694375
0.1407724142031564
-0.1536392766476765
0.5796938365864623
0.1999663717599829
-0.5422066652970605
0.1480841761540759
-0.1556496316166077
-0.0068681480867383
0.7821344066927575
0.3181601861923854
-0.4267460571659598
0.0994328382385790
0.1994968370515618
0.0474362909475942
0.1694627103216328
0.5624854970938383
-0.3735656518687223
-0.3630705036699819
-0.2754741573580852
-0.1969123963713270
-0.1288208768947216
0.2338376866003609
0.4049728848555578
0.2495999919555441
0.1939184613374623
0.2569515661633243
-0.4326643617233747
0.0158799921862808
0.4431152756294192
-0.3884640097830776
0.2194505480917741
0.3862559449015355
0.4053557283657810
0.0052172568660950
0.4647411318290131
0.3530632831616525
0.6256691539719564
-0.2181595913590171
-0.3261687055152740
-0.2458800073363599
-0.1975578882119165
0.1200298275691878
-0.6125427493399743
-0.0590471272371833
0.2682514578293670
0.0113027651130117
-0.3831694257943296
0.1439440231424168
0.3529116291326585
0.2293530133666069
-0.4522500486344805
0.1232998942155361
-0.3923492371554548
0.1268020550082808
-0.1394067965138245
0.0915106486912320
-0.0930225991044320
0.4947325383776117
0.4114415182514479
-0.6035514774091394
-0.3765669407993043
-0.2055281916496871
-0.3174618018508255
-0.0736276096230125
-0.5410307842518558
0.0193486780692614
-0.3927662426664590
-0.5083237878674439
0.0632882726865842
0.1537960068029650
0.3030666066896564
-0.0787118993490024
-0.3095403414997260
-0.2454913250854007
-0.1819449876276748
-0.0639274440149762
0.2224574475819535
0.7972092766571391
-0.2037002907371841
0.6991302690420258
0.3730169875599749
-0.0229960944936943
0.2400137475305147
-0.2841788082402891
-0.0820258315951829
0.2517209869697347
0.3487071532190283
0.0478596056675413
0.0547607416275036
0.6474013975165446
0.0898137269534986
0.2425550615482240
0.5919436618849759
0.1969046588318704
-0.3385102636390922
-0.0701765222773273
-0.4339049302711533
0.4153918877721318
-0.0198157048298808
-0.0896705213762433
-0.3906032064312130
-0.4533550402600651
-0.5168380423514565
0.0144723781229689
0.0728694541212436
0.2985300275687310
0.6877943803512141
-0.1629947056864007
-0.1732994682845523
-0.5996645432673630
-0.0192225026427466
-0.1446949066334828
0.0121979387558499
0.0128941239379771
-0.2056926708286312
-0.2720516936672110
-0.0101281112315214
0.2306777697331490
0.4520861496179238
-0.3277243023359719
-0.4385304673941527
0.4348235788601991
-0.3704024412315927
0.3281741353947529
-0.0847594290962382
0.0237321759422155
-0.1185668237368424
0.2256344157935657
0.6285584524915409
-0.1054183631592470
0.6020376361411154
-0.2256929413175548
-0.0534384625717316
-0.2856687056127143
-0.4236234381290192
-0.0495135678885622
-0.4278538709296148
0.2618090255761736
0.1251005759053368
0.6094570941034462
-0.3081206033791883
-0.0050244485020422
-0.2548217625922279
0.2766921754928997
0.0824343302905505
0.1447231256100680
-0.0009186105899559
0.6517528159578874
-0.5388651682072017
0.3399759048659483
0.0722479735174072
0.2330785757877416
0.0606119141697790
-0.4605604059027021
-0.4172834160953846
0.4776570624696836
-0.0405164333434271
0.1671134906481675
-0.5411235509603247
0.1071549184216128
0.3113243936511259
0.1525149300332850
0.3402407496792145
-0.5212656085490546
0.6252970866326881
-0.2164116248851615
-0.1647964979730273
0.1259532270866107
0.3728509262342808
-0.3920625747881983
0.6909631200612203
-0.0657899107726240
-0.1352206343399346
-0.1836127470321346
0.1116368439366320
-0.3771670429809081
-0.1370939624980121
0.2628039087017117
-0.1214925978798279
0.4339212473952946
0.6111866283810424
0.4720049044782533
-0.1574785157743464
0.1890528885498960
-0.2133545801777982
-0.1596484457948720
-0.0034194375787731
0.2143922094426534
0.3771423830058130
0.3533030959990074
-0.2547343023220541
-0.0304788333436281
0.4004155464541638
-0.5225647939907029
-0.4332894361197032
-0.0886949275761332
0.4971153077310091
0.5051705694060364
-0.2063564907103281
-0.0624045115379282
0.1062748293143173
0.6453614526192888
0.0815932291501382
-0.0942960933091491
0.1243623981215448
0.0651157577859813
-0.2855809947811241
-0.5955739630376284
-0.1567208281904043
-0.4463965832247200
-0.3597213647519519
-0.3682244878293819
0.2349659992281541
0.4859176815245435
0.3067457931953373
0.5906898464752418
-0.2863710342796567
-0.2532778056091634
-0.0180964602458206
-0.0356658064650052
0.3821572396222503
0.1645443007257067
-0.1354900116385488
0.0007549802352995
-0.3657957895153559
0.0640606021258822
0.6606520302921863
0.2252866441169507
0.3268000976389780
0.2923262007459806
-0.4052943100674456
0.2108996722953305
-0.0153262011429829
0.3805460528971764
-0.4275006322881084
0.5957865746957164
-0.0915263663784635
0.3582866132003538
-0.2961785876790911
-0.2197375149437028
0.3126374266203208
0.4473594056418247
-0.4597419067976767
-0.3000630113810742
0.0159067442773290
-0.0108300912156943
0.2668368873076412
0.4748569691238851
-0.3219714103024937
-0.0006303600228958
0.4562465180080888
0.0757637197083049
0.4214671850880907
0.1440196722276749
-0.3863410525100819
0.6128664007839850
-0.1003510747994632
0.2297549778680110
0.0003599814358011
0.6169619917454074
0.0062766374207531
0.5458129795952381
0.4222102292369272
-0.0206728963060824
0.0123242016332142
0.1351196438741812
-0.3525741281807273
-0.7203826445306843
-0.1197441147522586
0.3433353340703749
-0.3775173362523955
-0.2935590409227836
0.1333600585244722
-0.2643810025258638
-0.0048414859283432
0.1800809025108586
-0.2511231619616108
-0.4076196413440967
-0.5458131771075592
0.0333438815284386
-0.0671536253070807
0.5995565477180005
-0.1178546594940467
0.0676115827556741
0.2988659174055925
-0.4814215463775178
0.3170077805774832
-0.3317932061817874
0.4263126699781227
-0.4088449052832098
-0.1817799049998267
0.0518293920895496
-0.1491162075469299
-0.3883170326025089
