-0.8806906146607554
-0.4015431967450465
0.1224539668591807
-0.2194359323280501
-0.7163107572619509
0.6072541187814116
-0.1596296283427894
-0.3044005847710624
0.5028850018817512
-0.2220251902840455
-0.8298049810493201
-0.0960998604965797
0.7366347452185288
-0.1632712376449713
0.0426247260303903
-0.6549006701978146
-0.0865213483414647
-0.9417256371078965
-0.3140900943980772
-0.0837513778746870
-0.0575345211007618
0.3769112027178786
0.4791687872876479
-0.7905852246511778
-0.0038632378511867
-0.6261614373662522
0.6214303687943031
-0.4708834531908196
-0.2725551094930603
-0.6401606312294470
0.4661482419082231
0.5464557576593138
-0.5506009840669334
-0.1382937682334782
-0.8228630623366908
0.0246935346638136
0.2172889932313865
0.2409325088688861
0.3680042405978065
0.8713838984584616
