-0.1447028982017752
0.4757687481037318
-0.3111716534779316
-0.1431165228724578
0.2567443819160793
-0.5242183393274700
-0.3457429740679500
0.1235492016827202
0.1461214635670954
-0.1016339170770097
0.2072909840183703
0.2919236046901696
-0.1360782145021680
-0.2779071525354365
-0.0379922460478269
0.0906809662254730
-0.4940396265618083
0.0278421416005455
-0.2697866199120436
-0.3425018417953665
0.4214246601526793
0.0504646469227237
-0.5240726783396266
0.0695961161077113
-0.1894330922108711
-0.0817644388290464
0.1391666134839072
0.1385994592563685
-0.1657713681618980
0.3737229817453272
-0.0463524644883244
0.5080961361095656
-0.6097121820279084
0.0781057497071655
-0.0133148402018251
0.3366994766895443
0.0516069894112560
0.2849851872933448
0.3213029928532430
0.1957655065902941
-0.5761382352086253
0.0830834101885117
-0.1535780978757826
-0.0920343506860451
-0.3871458237527500
-0.4210574122895936
0.0358444356120247
-0.2742438423219790
0.0249896357564173
0.1942538916847885
-0.1883785530986833
-0.3479857142484677
0.1275163512513023
-0.2763522017737898
-0.0453922728893104
-0.5299235491625722
-0.2245016728442339
0.2956211502724826
-0.4786830931835871
0.2502391898297168
-0.1268014807466626
0.1266644066998462
-0.5644861975692754
-0.0875870249038323
0.4245940526581007
0.2818665621929541
-0.1378573468197552
0.2021360079173223
0.2078938525428527
-0.2435543945580550
0.0736067420635640
-0.4626146632600458
-0.3976603080698657
0.0425413593015616
-0.2483131241889547
0.0273289262534806
-0.4478174844726837
-0.0458449113464428
-0.4027776968025700
-0.3346289355953440
-0.3062088027642403
0.1979074802120634
0.3075776152355477
0.2706776503456866
-0.4315122575177277
-0.4518205386710622
-0.4258815898160874
-0.0494595910416233
0.0142077873680893
0.0401679886798762
-0.0687951877449325
0.0539752436812974
-0.3342438051038773
0.3115359973183170
-0.3629049259748344
-0.2754976864887001
0.6643277160220373
0.1192368458881585
-0.0756881743321033
0.2127080574468951
-0.0826016457368753
0.1483706657718624
0.1637011540979230
-0.1724262834609411
0.2986471440732691
0.4999567611114473
-0.2229097764648730
0.1388395381801224
-0.3850599888632684
-0.1997136927919201
-0.1445311312341620
0.1123119334725012
-0.5400066404323312
-0.2473957223560553
0.4204229808717275
-0.1715871730694061
0.1147875808450584
-0.0547602071809510
0.2112046501072710
-0.3981812381316746
0.3908559843232783
0.0692400851960472
0.2425912921113537
-0.0761803550428077
0.1065437722785477
0.2451475534048553
-0.1354300706549988
-0.6064762100756484
-0.3887561227165244
0.1931425351989432
0.3585611873911266
-0.0563768204580293
-0.1959124556928898
-0.2489563713743511
0.3245447548878145
-0.3356969304376411
0.2184288459220927
-0.0763589181899920
-0.3508500697705348
-0.4406552481398897
0.2565240379515172
-0.1420059561618413
0.1630783208138461
0.4452390719433524
-0.2489586400873438
0.0547001984449904
-0.0834398817305773
-0.2803336972423413
-0.0076611588037922
0.6769899675432567
-0.2365108220999881
-0.3304389974589462
-0.2387777675321230
-0.2880425887462062
-0.2874425002467669
0.0580545646378501
0.2376508959448678
0.1501574940553790
-0.4395919190847516
0.5459520691129753
-0.0119210524289505
-0.1483822433019943
-0.0263656205748187
-0.2436719142694510
-0.0809845029404249
-0.2689730818382901
0.5052261057586525
-0.1152435931482889
-0.2613653672398764
0.1276661289790398
0.4590124037806880
0.5707325915179423
0.2738009379169359
-0.1687552398277507
-0.3443367843119300
0.0061322793995869
-0.1513436470919475
0.0772396671975966
0.3268011648994063
0.1457424061000538
-0.6181660553606917
-0.1705129542006498
0.2364028246521742
0.2305218432644855
0.3689572096517659
0.1814348468911057
0.1560611810529158
-0.2035871702197387
0.3763763084688685
-0.0234421153526115
-0.1954563261970549
-0.2539818036681982
0.0332661000803485
-0.3609362448269066
0.2735658022355612
0.3847959115269740
-0.0161172254846395
-0.4254506408750845
0.0553321815740727
-0.1257692928017880
0.1506563763427844
-0.6398169903841043
-0.1100875381912064
0.0371790664913956
0.2476354461158547
-0.4618242547974585
0.3495321302430510
0.1098147780598893
0.3215010522504685
-0.2645331501396293
-0.3255840992540140
-0.1755071623383286
0.0205209657189502
0.3637314194374924
-0.2926055605357307
-0.2503495447142883
-0.2751919403873365
0.6083134156495962
-0.0705631364320901
0.3409429488747697
-0.2626331693964226
0.0866204682309689
-0.2218273797112405
-0.0417530978287400
0.4241944252068992
0.1941715599864903
0.0780944491086858
-0.2860606419251260
0.0585941635190356
-0.5896204828477867
-0.4605680477005132
-0.1857671304764645
-0.1460468843311812
-0.3010238932219974
-0.3457016586692361
0.0963441714709065
0.2172874403552564
-0.1855119224823163
0.2817793484649747
-0.0227384617488883
-0.1152501414331276
0.2232332770190411
0.3510783642035246
-0.5147249622825785
-0.0344824677886431
0.3142349155216788
0.2349714939216908
-0.0935707425824214
0.1542576198715281
-0.1332841212514251
0.2777261386992270
-0.5158438876234319
-0.0152260820215738
-0.1505059251823583
0.1182386938536996
0.1743557951505738
0.0573306111055151
0.3954837167234293
0.3389532422255435
0.0138087846557082
0.2707252747327774
-0.2167191260942536
-0.2744286087925058
0.6799935539801000
-0.0664684047367024
-0.0888539907303248
-0.3043054765989801
0.2100546186287332
0.0272261180990749
0.0980595623048496
0.6272265605787717
-0.2590025392592759
-0.3867291326487195
0.3492053584987892
0.1599863120611357
0.2881151093102285
-0.2666374353695423
-0.4836588001416993
0.2929863882036382
-0.2047944056261931
0.0133824959854349
0.0025809223177144
0.0603749536940787
0.0877606822570843
-0.1375976290034622
0.4842831964428138
0.5460396934935683
-0.0635718285032907
0.0542471390027994
0.2083447523936174
0.2709326224642732
-0.0160348325680032
0.1138174801478138
-0.5539425869316305
-0.0551349596063596
0.3692249405918713
-0.4618999108371817
-0.1243414194790973
-0.4361655505945546
-0.0419723433311278
0.0222858752704265
-0.0253640752092677
0.0926079029277564
-0.0224490998172608
-0.2881717295768733
0.0769517893404784
-0.3645626932601992
0.4074746414595402
0.4346291345746139
0.3519381145947504
0.1995963253272425
0.4992716085613766
0.2986358107197156
-0.1558890199285130
-0.2209322146067990
0.3030942088598041
-0.1922254167417040
0.4351768857215207
-0.6467586936651715
0.0882616160883857
-0.1080072513141725
0.1614056524010824
0.0001468237012254
-0.2360175781411497
