-0.1835195899879797
0.0978342610356369
-0.1902526067834002
0.4428982122497453
0.5682279165262786
0.0111679973612562
0.0203229629135015
0.2482177676287113
0.3100769830656538
0.1043937985616300
0.0872556840476935
0.2302207418087597
-0.0005115085366557
0.4140076763440769
0.0172569321635972
-0.1652158581097907
0.1960841794304038
-0.0969778488762991
0.1109239455497734
0.2269579562060957
0.2472524461722865
0.1788468922682972
-0.0588446278085302
-0.4306571303637227
0.0196360019129734
-0.3487707807189399
-0.2286536840917568
0.0838376319595396
-0.6098195446087118
-0.1605302963995681
0.1666046052836567
-0.1953193197992120
0.1699658366222287
0.4420955863607289
0.1168904950277233
0.0257629303060499
0.1368722774524301
-0.0661842338454093
0.3535788300365829
-0.1044095235065009
-0.1217378127416651
-0.0312145822581044
-0.5372395453427601
-0.0868690208284702
0.4737389021995779
0.2382894954392077
-0.2791210649830862
0.0152653751153632
-0.2781432485253802
0.3605305700161635
-0.1284028558896603
-0.1688784062463652
0.1952581540889041
-0.1981496655465808
-0.2484040843981194
-0.5111059765856603
-0.1438381782316678
0.4373382079088745
-0.0210758467295658
0.0014427696496827
0.5567039210337409
0.4091485635502147
0.0500673432539791
0.0899039724503232
-0.3065272699774873
-0.2816451030527872
-0.2216685977954888
-0.1086882635753422
-0.2217536914792738
0.3166873009178595
0.2406685476294289
0.2348003104352378
0.0607146328574329
0.0615617378225610
-0.0886651051647343
-0.4380535661994771
-0.2032937480674889
0.1988342615284037
0.2729296275139291
-0.2483909349191667
-0.1444456288314369
0.4625202868473172
-0.3193198729914152
-0.3644260843755904
-0.0000158322949921
-0.0275914403553841
-0.1327832629060755
-0.0087431224028027
-0.0570665234963979
0.3158642156479259
-0.3575571610261851
0.0147089246157745
-0.2290247038072066
0.2935741328248312
-0.2379735233157397
-0.2633596701508885
-0.1015685825068597
-0.0695676821190325
0.2172523349192801
0.0681541450813793
-0.2779144749731142
-0.4065253590641899
-0.2821447336419897
0.4649580410190215
0.0449262350625390
0.0306195882891210
-0.3011049780433416
0.1350948101145723
-0.2917978410582713
-0.0726661083843615
0.0549571089087759
0.1515339094451746
-0.2894354818416997
-0.5109481166789634
0.2519445744630658
0.3236563836385630
0.2824670171544192
-0.2726233066750851
0.2616712194914642
-0.1951542026564610
0.3036968842169209
0.2233636885861396
0.0329124752861608
0.1284519508279325
0.3621568333550317
0.3313593938256338
-0.0811813549021289
-0.1375870066512228
-0.2348175621448850
0.1412445668408440
-0.4415545516338388
0.4096806746183371
-0.3517902957266466
0.1090725239813339
-0.0162878420553230
-0.2797850971579984
-0.2354984321474926
0.0562042686930656
0.1253387057894928
-0.0110416887224878
0.4056692120514850
-0.4194928111690031
0.2946763999229869
-0.1809457838249009
-0.0265150512690416
0.1589784879733116
0.0483617257152242
-0.4785609164761201
0.3082499387604291
0.1865428443580132
-0.0913706657379731
-0.1447093966320891
0.3897262851786880
0.3581186070991082
-0.0806724306842599
0.2807564837985981
-0.0319969664969765
-0.3742679122002410
0.3283406616369859
0.0915982253623969
0.1494289248550182
-0.2253014527833871
0.2210620498983931
-0.4678828741688731
-0.0840961984563212
-0.2410289589965086
0.1401911609987078
-0.1347413952778194
-0.4027318570549264
-0.0001173119991296
0.2765819525370121
-0.3342129249631091
-0.2458767654150759
0.1938493890148037
-0.0850017880937447
-0.4169236180912689
0.1452216840177416
0.1844383147717235
0.4434752912468424
0.1511511742124016
0.0074206168400469
-0.1759164950971945
-0.1439578388131666
-0.1207149026210429
-0.2357644468236279
0.2210254257902395
0.3393480297172615
0.2315987609512052
-0.1332437403866296
-0.3670326112240192
-0.0433468137798222
0.3575423092428465
-0.5381274049845948
-0.2882263298222563
-0.0750492313948939
-0.3327428671638026
-0.2562494871001620
-0.1500113804129012
-0.2819295381760143
0.2156073965350318
0.1088047269282406
-0.3588832574583560
-0.2965602777448164
-0.4284048504137878
-0.0650424529738483
0.1893267875565796
-0.0327516931558626
0.1925624589217248
-0.2205895819650855
0.3689741053311832
0.4314146664326563
0.1926914232079267
0.0134898016077601
-0.4796973182386788
0.1455622068635803
-0.2238169671438426
0.2882376738650275
-0.1054541888976237
0.1695947363385095
0.0330523467465144
0.3079936452552106
-0.0362395532397598
-0.4729088624212360
-0.1039554708900985
0.1431719967596509
0.0663531153549937
0.0567423251701278
-0.1796777023825310
0.2085492233701351
-0.1527268699549636
0.3901213040347865
0.2251890362468509
0.5063743462727321
-0.2918600014387461
0.4590127140068456
0.1144440604852008
0.3110503510882254
0.0753510086533854
0.0694873302802783
-0.1331335739454577
0.2463137985387556
-0.2814973489964703
-0.0781434105637901
0.4408211117608566
0.2396584053713066
-0.0770628779696123
-0.0235429974389819
-0.0521811274161948
0.2140629421965569
-0.3429617008611789
-0.2014626525202664
0.3924209366941913
0.0792314996418995
-0.2967685466431504
-0.3750078193154870
0.2031620619760421
-0.1188686706608000
-0.3985626495924446
0.3854329217489887
0.2766228025975927
-0.1994617943310492
0.1666502630398164
-0.2200278814896555
-0.5504710991635658
0.1267512462999046
-0.0402754691709026
0.0366058499423092
0.2778649672607731
0.2053633271106481
-0.0571444179202730
-0.2132424097400355
0.2881145536404365
-0.0766131398564489
0.0188312549891128
-0.4041172185321947
0.5440592807921744
0.1544381817250957
0.0458436665164238
-0.0601838915693302
-0.2931227146619333
0.1630651745912052
0.0368642830049984
0.3104405011135205
-0.2259929990743385
0.3392507548964587
-0.2726110724237719
0.5127088930438409
-0.2543079061531396
0.0076798019709684
0.0117771139920379
-0.1341328755980538
-0.4508309451078012
0.0253054308116736
0.0254280993722498
-0.3778149297492175
0.4215547609952729
-0.0657021773313445
-0.0003050597899876
0.2113240287352254
0.0773836473976050
-0.0525781544026966
0.3906517437111365
0.2728986412525280
0.1700604678356119
0.4723120529354413
-0.1497896813144255
0.0455846897168478
-0.4713195471126680
-0.1687376562208225
-0.0428369419693555
0.3101872346820991
0.0640330196167209
-0.0819513573602768
-0.0820674604557769
-0.3569621504721110
0.5528843536727894
-0.1048725228607174
0.0880557552785679
-0.1907763933070158
-0.2019687987212264
0.0392672569571947
0.4487459320546106
0.1857885106714829
-0.2136698271689497
-0.0908702527257594
0.1893938088267142
-0.2164635770578464
0.3092301665956175
0.3556714430609208
0.0467272676667477
-0.1196890327661866
-0.1270172654052960
-0.3585668237079273
-0.0907979753496380
0.1831102799777711
0.1222090525402477
-0.2633701805663907
-0.2628115002856770
-0.3007390781748858
-0.3967212640937886
-0.1467774985594172
-0.1146303580568302
-0.2880626002125376
0.1370406954532548
-0.5114223548436218
0.0404595921300463
-0.0148642766062660
0.2190009547640349
-0.0319971422925663
-0.0587575012471956
0.1497336335086155
-0.4811014236224614
0.5173206629210287
-0.1835332277061658
0.2466519691112335
0.1260720764484498
-0.3556547754315510
0.2186555311281593
-0.3717049718537198
0.0363872457102749
0.4246975994297004
-0.0753428997120175
-0.0699502801482677
0.3151606949315823
0.1065382257109867
0.2315295535361109
-0.4104244086686461
0.0716615225450994
-0.0315982797060635
-0.1242815196573826
0.0684333323389757
0.2270846957828747
0.3199029385357967
0.1158671566439194
0.5317313033113220
-0.0322722588123973
-0.3380385979214063
-0.2513593355973545
0.2620620200455498
0.0294518864638252
-0.0389728772707894
-0.4713039511035571
-0.0781265997791280
0.0156670413314826
0.2347229233060846
0.5719252523433851
0.0826053364018827
0.0973054079083575
-0.0212719304036754
-0.3507557993467873
-0.0990155594291704
0.0405724491709010
0.3083397156010950
-0.0457889343061692
0.0157338085796230
0.0825002759023581
-0.0517648374442866
-0.1636358338994877
0.3216989099321108
0.4404048779271154
-0.0115556070357228
0.6058889057502708
0.2198022038592050
0.0972842198409399
-0.3638830640180863
0.0591592769455493
0.2496645947955857
0.0535589142158510
0.1221153383700741
-0.3283440838325791
0.3159419120957458
0.2027226952334585
-0.5079774635108761
-0.1551769284598728
0.2815045888615889
-0.2754877422174749
-0.2035264760767374
0.1299226351120238
0.2645895875583116
-0.3195176941641663
-0.2840699250149025
0.2229069448479147
-0.1032001910097297
0.2353042219541387
0.0561040644466144
-0.2167425588548064
0.4689203451796474
0.3256376970496478
-0.1785256642866960
-0.5313735761969152
0.0029174184070794
0.0425406460040404
0.2315226894361017
0.0496754890462339
-0.2354342678955983
-0.0192432396043171
0.3494301503918614
-0.1458330987752961
-0.1824632119314294
-0.0900761990656330
-0.1743391046103444
-0.1284672996207101
0.2007649270754163
0.0527438573004059
0.6209289998475802
-0.5692445949454783
-0.0357100745467953
0.0175195968294876
-0.0934745337759242
-0.0703997364974823
-0.2136989715099319
0.1855632128912024
-0.1976943750110703
-0.0070774423935913
-0.6860523311769749
-0.2788429016915359
-0.1097012329512756
-0.0376188581227567
0.2072779897605165
-0.2141592416810870
-0.1876597362286149
0.3808574757617734
0.0871526503031045
-0.0734138610998190
-0.1918673104585330
0.2635103568530308
0.0555813026015853
-0.3382223362917983
0.4667318154833584
-0.4019360149869409
0.2842792835727156
-0.3375740864038842
0.0275624915748901
-0.0288073737284488
0.0495694264709507
-0.1784402479747069
-0.1345760140359450
-0.3107106665321183
-0.2672324542079796
-0.1302456408639970
0.0028226364586437
0.5262696899959955
0.3243199850001168
0.5862460746690488
0.0053053814012241
0.1273226491045483
0.0038977094808443
0.1887889604146699
-0.2853434849691808
0.0170331272631644
-0.0006594795185389
-0.2455445914614192
-0.0570843048616023
0.1750313755609771
0.2153379952050377
0.3002349417945412
0.0501171987089487
-0.7447434378485612
0.1243165941659160
-0.1311665874764574
-0.0693608245695131
0.2327688795087521
0.1371514608490595
0.2387537193181172
-0.1467689465441873
0.3518815097203001
0.1355636961717291
0.0938150086148456
-0.0708775577838626
0.0876065715583303
-0.2746009983821333
0.3529443883301943
-0.2187700246592033
-0.2392037155533363
0.3535221749674334
0.1702371966449615
0.1080594223368252
0.0377654116503815
0.3349508271577636
0.3142724633169234
0.3801508340998266
-0.1286824395325486
0.1962568988006164
-0.3425304792441337
-0.0026736790887568
0.2221005459652018
0.3057060198053202
0.4830029697038583
0.0445073661194869
-0.1267821534440772
0.1110930598121913
-0.1886391118031475
-0.0865707413428657
0.1064577300430412
-0.4905369886551345
-0.0603209441062515
0.0670493216917770
0.4512261503165073
0.1559198622969787
-0.2498754827430983
0.0815076797518440
-0.3376747579411340
-0.0992133549582296
0.2562581053201651
-0.1872744936022717
-0.5653980169045333
-0.3055298192054430
-0.1022307315368614
-0.0391469518409809
0.1941727828948873
-0.1946927179807209
-0.0176089161262386
0.1798577986136650
-0.3986610447731320
0.2766661618620450
0.1005509606658152
-0.2205418038322876
-0.4066152381849752
0.0680885048465320
0.0951605884176574
0.1411740318466314
0.1426366395178144
0.2369919005272887
0.1372618410481300
0.2427289673643221
-0.1031105460937368
-0.5745134677271087
0.2015158894219464
0.0402704054080172
-0.4528761097566639
-0.1199008439584420
-0.3964215850905307
-0.2127642927506370
0.0302072543273554
0.0051946989542183
0.3869170639161180
0.2683120902419813
-0.2728225445678945
0.1877515996198455
0.3199766867550711
0.2328076019395897
0.0434821592832507
0.3678155780215599
0.3017713092615980
0.2570160125659858
0.0602001711819420
0.4793402939987982
-0.3647075506343048
0.1294265007506298
0.0251542853605620
-0.0369780450124305
-0.0110114316078477
-0.5087007966497317
-0.0222951161361239
0.1571337477016168
-0.1052564043294433
-0.0845775480687667
-0.0541303088774031
-0.1425135651129849
0.5378546026475682
0.4847136480337812
-0.0915425474310220
-0.2079257780538998
-0.1507255599658171
0.1121488458810919
0.5355708783766058
0.1343151132128528
-0.3507049862332648
0.2305872919269881
-0.3118670792479731
-0.1868599320382293
-0.2053454481763595
0.0300311653161922
-0.1361584261306195
0.0575960233688679
-0.2564829628698506
-0.0243146343998386
-0.3082460521892103
-0.0213496874656642
0.1693237289334577
-0.0434555566885227
0.2271054729309537
0.0814806716230079
-0.0409406756852281
0.0568520502842738
-0.3419981137726686
0.6025462298045546
0.3244503928535636
-0.2149443641918653
0.3361202815250950
