-0.2185972810377048
0.1263511505419061
0.1775255821694096
-0.1747933139760152
0.1912151549603311
0.3254221249412103
-0.3814916426131962
-0.0280002209947698
-0.3125045306777753
-0.1663696560116402
0.4235401776690737
0.2964720243129629
-0.0903368110845107
0.3907779257810011
0.1786389815990962
-0.1273339860779193
0.0160438492116727
-0.3580514574454265
-0.0547153648585225
-0.4287074520309775
-0.0479417765567895
-0.1437129588636166
-0.4645325719236666
-0.0477850565511388
0.1325080033908439
-0.0161681085319617
-0.5339847651181340
0.2671070913103288
-0.0289238644767254
0.2288578322963720
0.3011425406160856
-0.0242448437680278
0.2008926724877160
-0.2739472116664496
-0.4223194526110566
0.3618548623583549
-0.4039440663230819
0.1157375433279314
-0.2426137591151366
0.3871191452318837
-0.0211377405811884
-0.1436736171403770
0.1750658551761414
0.1590116461819926
-0.1473683469996055
0.3531118365809920
-0.2863244766832955
0.1905709792559051
0.2090000535246244
-0.3768534620364731
-0.4983572098472698
-0.0605910694499865
-0.1948860270000582
-0.1321427958451095
-0.4547171970776724
0.0712802323236170
-0.0072534939053145
0.1589039390196291
-0.0927006542022749
0.1345173487198942
-0.0219246311429652
-0.0948435202303106
-0.2482787333406920
-0.2611461709193386
-0.1102549853508242
-0.0513098744264393
0.3963424836220429
0.0582497262672774
-0.2795370934899152
0.4463411021484414
0.2570398148319600
-0.1135980383480690
-0.1455301250011980
0.4568216560258345
0.3149836753482705
0.0494276919263649
0.1020289980488130
0.2506563112938598
-0.1062263524678256
-0.1132603431783120
0.2759382541930937
0.0631435926865805
-0.4323773390081826
-0.4884360507677215
-0.1212163692102250
0.1742884336329054
0.0548790520323667
0.3488668653161073
-0.4690167274594483
-0.0692179728989505
0.0788358274521838
0.4690205663442803
-0.0410612289732493
0.3714732303830437
0.1059626417879633
-0.3108749555058817
-0.2603858070328540
0.2294955533712110
-0.2875027667280613
-0.4488019845702289
-0.0550739663814059
-0.0279565344347970
-0.2455632040192204
0.2355168016531495
-0.0460512264013816
-0.1598054217707316
0.0498333626626409
0.3760729810368454
-0.1887057576338859
-0.0648541972012073
-0.4173476245228282
0.0599253380770770
-0.0063289452727879
-0.1711961225064382
-0.0024179876412288
-0.2712814967948005
0.1744222885723176
-0.3099379653527621
-0.6021854432458352
0.1445763124554569
-0.6233299752493804
0.2375091788529597
-0.0191528931804734
-0.0713856068768697
-0.5082931645073979
-0.1590924498840603
-0.0761998191318077
0.1089653931084684
0.1911278200289466
-0.3380571256749966
-0.2059287819781545
0.0522414561312407
-0.0701031756540471
0.1198706679184292
0.1816657552908890
-0.4740599028363380
0.1098503166411444
-0.2172532257686702
0.4167058843039961
0.1197505114601573
-0.0971187680424170
-0.0231514939880897
-0.2167862718273414
-0.0026523803080703
0.0619926155520885
-0.4044477549807322
-0.1898239704045294
0.1377763679861609
0.2416229699942159
-0.4361508981428148
0.0037642141297701
-0.2500037752050852
0.1878958417789096
-0.3262322037986977
-0.1468794057365682
-0.1481048711639674
-0.1048694715363626
0.5707126081994456
0.1949865821967240
-0.0469289426883779
-0.3419259036369115
0.2030968266299093
0.4460399436808780
-0.1293455339383943
0.0383002485574448
-0.1417402425231331
-0.2071366543433210
0.1796756712879088
0.2600549115385625
-0.3831871910643220
0.2534058231814008
-0.1825366149046777
0.4765871493904247
-0.4288862207467818
-0.2614365478520810
0.0678788070242786
0.1450457202958860
-0.1331223487892458
-0.2627589987648373
0.0298033781367680
-0.0366072287299579
-0.2164999207175499
-0.1978902498440470
-0.2899004499840350
-0.1310904836397914
-0.2420870975103557
0.1460849513775646
-0.0792640637365765
0.2856326400197435
-0.2125907129823658
0.3289682909374398
0.5614051664128337
0.2074530376527186
0.3606173464814690
0.0437269222081860
0.2270472598127627
0.1750302831948022
0.1102276421085193
0.0912920165307205
0.1485569057631045
-0.3559159761418172
-0.2786848041014102
0.1674905915961866
0.0257520812329723
0.0479295596650265
0.0865265442850017
-0.5027202970094526
0.5761147214533978
0.0212854635156736
-0.2175539617542026
-0.3236381242835424
-0.4002329965824136
0.2488414290434684
0.1689040755295459
-0.2850523861174893
-0.2502373492977424
-0.4711837625346363
0.0733665368646747
0.2298822731644387
0.2942339351141996
-0.0276850532556971
-0.2682148973948414
-0.0946159866698056
-0.1703145737659245
-0.1525335647602109
0.2659925085358617
-0.2795505796027476
0.0539925801856293
0.2452499778646592
-0.1946482245124865
-0.1270457421512123
0.1599367145928043
0.1123696910542797
-0.3795590486804011
0.1748948357002232
-0.2708517894870663
-0.0158453980645990
-0.4174351679062293
0.3003949626681946
-0.4278401102544984
0.3524487721347239
-0.0662331219690454
0.0016999838373819
0.2629159989129630
-0.2895881257722744
0.2343935277954820
-0.0002834689853317
-0.6518590901688250
0.1586473560953428
0.0821942471660037
-0.3441122608471887
0.2479810568326849
0.0712320267654074
0.0873912020231161
-0.1183190922455307
0.2573003025793736
-0.2806281628884785
0.0848564568852995
-0.2561269538975166
-0.1774471804339382
0.1770116553063637
0.2711467208739314
-0.0737257115240000
-0.3458881436344532
-0.0979492245965793
-0.5648440592403238
-0.1897668191379260
0.0251674577409837
-0.0207402069317932
0.3938395973442796
0.2078264844485118
0.2208938408479820
0.1265649471982658
-0.4551392700996478
-0.0488262870577554
0.3733678389886300
-0.1862530415485907
0.0129755656001089
0.5103695169576047
-0.2908960737575068
-0.2178539618549138
0.1150912772463899
-0.1198581560124854
0.2959006649870787
-0.0216889520208166
-0.1547487310558532
-0.0893519242512381
0.1014449641859427
0.2679854028351457
0.0211432036441329
-0.1227578910167047
-0.2223601421748396
-0.0237682344860633
-0.0681498472299014
-0.0606377340558427
0.0901559459089278
-0.2282627747981653
-0.3242723563020475
-0.0197279432626844
0.8039535012018798
0.2841942424728014
0.0838218483950312
0.2475141150416810
0.2935871108946495
-0.2729687772578564
0.0919917023759031
0.0482431947296636
0.2727434397561750
-0.0260295006421916
0.0127992760483974
-0.1128847184763688
0.3451771743327263
0.1357060712851977
0.5195035509878385
0.4289853261216526
0.0339839183098258
-0.0106918547826559
0.5441928300884151
-0.0556835826268978
0.3818065298574379
0.1198750834639765
-0.3866939211978668
-0.1126579218363478
0.1640614184655025
0.3963312306937484
-0.2685502073715050
0.1837430014121083
0.0765828021394233
-0.0258400548953174
0.2840881729372251
0.2083535146093446
0.1654492569661628
-0.3749516611519977
-0.1049464694488754
-0.2819190417995309
-0.3134448131299268
-0.2077961781965040
-0.2669431952171201
0.4176068955896119
-0.0970759037144014
0.1020559415327322
0.1132416866636053
-0.4509449875329332
-0.2551060349301250
0.0998003634786672
0.1710394037218529
0.1302954914450478
0.4790023893440695
-0.2064012958940511
0.5053158999295599
-0.0455202355170277
0.0211073489741188
-0.2201540453982157
-0.0281594264175813
-0.4431059963117502
0.1181633577624986
-0.3677666917269106
-0.1327154300287612
-0.0334454196734503
0.1015454159503067
-0.0284895566623122
0.0886103459062959
-0.0744755779038417
-0.4557442574946565
-0.1369144241007129
-0.2197895930379921
-0.0900060180494450
-0.5099919065494666
-0.3522324814032500
-0.3393984919109198
-0.1882806704205787
0.0735949803565206
-0.1972855062106504
0.2604019483569149
-0.2366128147985751
0.1775653642747848
0.5826770832828696
-0.1002556693513895
-0.3234039636386717
-0.0713455287205232
-0.2142826761938267
-0.1571307230958794
0.2552081363875143
-0.0088784268176278
0.2572358885638189
-0.3051977059165312
-0.1517296140107258
-0.0006554949558536
0.0114820425858145
0.4369659220354613
0.0074232997385806
-0.2354546805473246
-0.3409703822060391
0.1556112852236843
0.0606060466575842
0.5362554191640699
-0.5698397269199356
-0.1697404209460158
0.0488212512899162
0.1370039782418527
0.1082565443101435
0.0443995611245955
-0.1197574452152114
-0.3102216665042716
0.1176201043463178
0.3327584316766476
0.3089607250648727
0.0002303656200110
0.1758996426781079
0.0524443446214503
-0.3454008139825816
0.0501485441349822
-0.0384601437678483
0.0641428253317732
0.2135515708721710
0.0270176879649286
0.5458020144894731
0.4251803129848364
-0.3224824061642538
0.0608818334986269
-0.3068420158462850
0.2761841117438426
0.6222770000022232
0.0246159388776308
-0.2066621904853678
0.2306330787593193
-0.0006887839732898
-0.2159806703804883
0.0089667874657968
0.1003820172626485
-0.0414871382316489
0.0979781079055721
-0.2934470531541304
0.0749153431539104
-0.4312602179406124
-0.1387734294663797
-0.3278310247060400
0.2838912333032881
0.2110582247425039
0.0342626402088020
0.0409832183819949
0.1241774727087673
-0.1483174506178315
0.5234424112995096
-0.2501698167226972
-0.2551024424859519
-0.2812825840256289
0.3194061549739609
0.2503861503090012
0.2497393138072513
0.3114307507004420
-0.3697846645046602
-0.1704672197511064
-0.2310450020029412
0.0315346602431401
-0.1090813827558920
-0.4908421053058218
0.2934494446698382
0.0342166382610928
-0.3150061652146111
0.2208820158240251
-0.0152037479752089
-0.1509240946803016
0.0502909713231529
-0.4113035937123206
0.1267253771344875
0.6663840373248917
-0.1232067563891369
0.2855342698627701
-0.4243316857844978
0.4352128064130767
-0.0553763319997569
0.0600841200947390
0.1194754869124352
-0.0687229122702933
0.1368739050467560
0.0083481005630501
0.0491701916097669
-0.1628130506232739
-0.0170844647825071
-0.2121268152478662
-0.0179814296009676
0.3628054391027573
0.0287426326476719
-0.4469224247384923
0.0535820183295816
0.1361415411219246
0.0763325386122526
0.0602157721534879
-0.0335326336677352
0.6531789247307361
-0.2263935990867807
0.2938651405832536
0.1495324612370008
0.0623640185169179
-0.5074848022722641
0.1792403078678097
0.1105036985921986
-0.3833496398354821
-0.0460820162630006
-0.3014422052069523
-0.1477135786507179
-0.0981843160235022
-0.2072729847217222
0.4371818931810388
0.0590056022970233
0.1405583839711533
0.3907057943653300
0.0494931650286584
-0.1195183991562108
0.2274658651847726
-0.0990389134786029
-0.1952971820367141
0.1819909194570326
0.0286255685423275
-0.3907961634285720
-0.5454240029333756
-0.2593890536815694
-0.1723062275698861
0.3576971687577953
0.1209366797019236
0.1426286570800443
-0.0100504595357585
0.3831001697832975
0.0969831650675096
0.1559364030758849
-0.2083700233814935
0.3933033161089027
0.2547044442864107
-0.0463747614580694
-0.3188841186902748
0.3022162094465282
-0.2231350563849035
0.3176168589542408
0.3502230334848480
0.2822129355740805
0.1982447964530659
-0.3208314459551623
0.0789294670654449
0.1268773769065793
-0.3285203091472546
-0.2632221797724553
-0.0986060810143652
0.2160790483387018
0.0803359492377966
-0.0026347019407497
-0.1878109155564205
-0.2134707953624361
-0.2636609510439529
-0.2088162642808842
-0.3072636844972066
0.4666524589505529
0.3713792289777689
-0.0184736945486322
0.3398691242892953
