0.5317946444185269
0.7756670752665603
-0.0635995573111515
0.3339013938650433
-0.4641625666972478
-0.4332631665224123
0.7181506710875238
0.2847731620580403
0.6574329379950832
-0.6875573093925513
0.3046325624483876
0.0473907188820538
0.1846261448619023
-0.4503980640035898
-0.1692934162850802
0.8569682081488069
-0.8407769346505525
0.3419042758263769
-0.1991275420515657
-0.3695183815830596
-0.3807922906817262
0.7787756716075719
0.4145296087877628
-0.2768950850192243
-0.4600856188711802
0.7596175290621267
-0.0646074339359664
-0.4551135158723393
-0.1176239769392972
0.3418672390050272
0.1246771164682455
0.9239843113241842
0.6704725819912598
0.0015241847988067
0.5064558654214846
0.5421869143006381
-0.8815787378588846
-0.3941663415618885
0.1261096962012367
-0.2270422177897417
-0.0815343988136460
-0.2676758174131182
0.9593291291551395
-0.0372749317471976
-0.3909639919617356
0.4125692665947396
0.7338075045702637
0.3721025443170001
0.0217756056530395
0.0049117922197443
0.7122718417915933
-0.7015486588159406
0.2811913184196050
0.4768885597369994
-0.0534829371735952
-0.8310525371290916
-0.7500261104104912
0.2662686645368349
-0.6017934806252835
-0.0663810113299503
-0.8506867874850733
-0.2226872544694899
0.4516703667328114
0.1507854638571443
0.3600648232059774
0.8979637986790788
0.2498504608096880
-0.0398633488893464
-0.6140606805836690
0.2728825510776058
-0.1646127817212926
0.7220576334147277
-0.1035896774103312
-0.2049553090505241
-0.9711870178643108
-0.0637046023286737
0.1227590175723949
0.3640012207975977
-0.4047813211081622
0.8298104704957934
0.2496277887692215
-0.6368437880359451
0.2109282345423088
-0.6983016802121287
0.1319596351771262
-0.6008329967636696
0.3179143805748825
0.7214685102674939
-0.7955433433750373
0.3098982914398624
0.4826533104835134
0.1952424637562918
0.2330345303086847
-0.4581022432254760
-0.6149090682650493
0.5981003930787929
-0.6076627202116132
0.4776175534419986
-0.5117549197505276
0.3751458292720761
-0.6571297110192746
-0.4221130248858879
0.2833691938356715
0.5565096918314472
0.6199952411008169
-0.4298258586811430
-0.2721995861366391
0.5972964235021003
-0.3158983022749607
-0.6099587908795080
-0.7257746792729454
-0.0375453189473687
0.9360172618541662
0.1091418903540562
0.2965066902203587
0.1550597173205887
0.8563373291094896
-0.0333166616288026
-0.1541648083811118
-0.4917413859828689
-0.8731998819931641
0.0638675020551802
-0.3575903729533608
0.3249185027655891
0.2273674920862598
-0.0239176620521113
0.2686618237555821
-0.9357097805626968
0.8230559312555642
-0.4737196885671307
0.0455644094889745
-0.3099878631121190
0.0716268889304958
-0.8730669254375464
-0.4563966753741682
-0.1559673273367666
-0.5205212151241247
0.7736005602304086
0.2452111826918948
0.2654643360222707
-0.8046676481082370
-0.0211950874995120
0.0980786529021657
-0.5851848615597837
0.6733857021575460
0.3788736921730944
0.5372948198538882
-0.3381134396428130
-0.4074508778369820
-0.1349962214669182
0.0452320039396869
-0.9020609004713196
0.4690518392938294
0.0220040550335762
-0.2119103233049759
-0.8570882151178697
0.2713473107902691
-0.8365384983263384
0.3988702265312695
-0.2597624301774564
-0.1844057521997091
0.5737939408623338
0.7948786859713970
-0.0701634276081024
0.1790392623956162
-0.8457962300310018
0.4370587126541569
0.2480994991515899
-0.1309727035234810
0.6640417038950643
0.3941901014686127
0.6216984239356369
-0.4519280387693878
0.0222707006906330
0.5067227415383004
-0.7338236347193459
-0.3528543627674516
0.5632913864124818
-0.7471253644215374
0.0005500067863853
-0.2681790482676529
-0.6152466283830814
-0.0200742933740795
-0.7410456174076180
0.1397856567108658
0.7071187976362201
-0.6919771594717504
0.0401321190173916
0.1978837699872190
0.7384500666457599
-0.4290079245218201
0.4811296221851227
0.3729053162788180
-0.1203661139871304
0.8920851991521601
-0.2250280452483260
0.6525617000669723
0.2266124820543082
0.7123076226188717
0.1242089422784838
0.6400919684174587
0.7330416725819999
-0.1651323971905054
-0.1601982197896230
0.3433021345315625
0.3238076504925457
-0.7529998565335811
0.4585667519227455
-0.2819185775155811
-0.7470768121702026
0.3916797029841162
0.4571489501677476
0.1476214253164128
-0.4673464887422271
0.7004934467592547
-0.5187524508811514
-0.7622573131448441
-0.0945622917109994
0.5444405245734194
-0.3370553022069033
-0.9725876907032321
0.1011744043129905
0.1735743199050422
-0.1170849233418533
0.0329212204713022
-0.5045258040326216
0.7633090818994648
0.4021556313141879
0.6162689569938592
0.5574154599116213
-0.5336382389293257
0.1572603181022621
0.2334055264209886
-0.1366065652011608
-0.9086361532280837
0.3181836696421625
0.0011930391480544
-0.9108890829584738
-0.0115105995098938
-0.4124889832511709
-0.4985437535196549
0.5068837084483881
-0.5418310133449592
-0.4482657525550194
-0.5174707088423529
0.0267091747734584
-0.5961512140822788
0.6132816770631083
-0.6001396026022182
-0.0137693477188330
0.5999887483335956
0.5288254573343977
0.1750021781176073
0.0444780031664809
-0.8915735081034190
-0.4153223140364341
0.7795338117062044
-0.5808234463657009
-0.1912885510787193
0.1355723083261099
0.2335906914187220
0.4222860938113465
0.4533951225639276
-0.7493615327005513
0.4908382427116150
0.6901061577842299
0.1998624486014083
-0.4928349745291122
-0.6576971066614201
-0.2415909234733940
-0.1832096281115248
0.6895669465336243
-0.5783658856133789
0.4136391954279922
0.3226547532889669
0.6247314851553197
-0.2086817065320524
-0.9480394647748693
0.2397877519977964
-0.0132269641298819
-0.3814485722218510
0.1524425608549841
-0.8641061005282624
-0.2908245165382837
0.2923096757629834
0.2952272377753698
0.4234315507312079
0.8050476093848298
-0.2316576081780647
0.1705145012773042
-0.6258642970504797
-0.7249506459786621
0.1149131120243025
0.4295999892186382
0.7574213545841827
0.4780708290286050
-0.5246324133835139
0.2957823447665143
-0.1848657195374063
-0.7765940387948712
0.6062937958916650
-0.3791524203766636
-0.6527091947969280
0.2502438455054188
0.1147784557259433
0.7549888929512611
0.5279684466767600
-0.3715736763215691
0.1833407706595055
-0.1759094277646728
-0.5855045988748135
-0.7698223169887501
-0.3437282815775583
-0.7305633208719158
-0.4075511443512372
-0.4266499354017694
-0.2351602071679301
0.9707094765026213
0.0191495086523749
-0.0453440791186228
-0.5498506668482147
0.0157271730832429
0.8323425856682889
0.0679905896165835
0.5806959627981837
0.4285123183622792
-0.3244094727975924
0.6114964315193206
-0.8953814376407659
-0.3615746368849839
-0.0733644579809883
0.2493461838388611
-0.2389883582178150
-0.3456653599443572
-0.8189001016080967
0.3908997917077216
-0.0325205044665661
-0.8747427556141597
-0.0431968620135294
0.4815615842257050
-0.2519462125048589
-0.3338834136721107
0.5398641724065312
0.7304735775036123
-0.7325296834529084
-0.5796110054252975
-0.3430666599069236
-0.0987755643393904
-0.0526305582235638
0.1382284905430175
-0.2061359090327571
-0.9672801537044549
-0.6766721918048362
-0.4214771820502344
-0.2037404835653669
-0.5682970571853975
