0.1928806447517642
0.2899852816880833
-0.5011720181757597
-0.0840454331271559
0.3704548634264316
0.4046118478992901
-0.3606189775837741
0.4077510777452516
-0.1523614943474115
0.0750826843382877
0.5568592806046012
0.0213273532137342
-0.4391217955991827
0.3593350428160057
-0.3482837280355912
-0.3691718944875128
-0.2800522403982863
-0.1607704932821327
-0.6619583679447753
-0.0251936655070673
-0.1872883173782367
-0.0070837807235404
-0.1382366426653800
-0.3441814569713789
-0.1222872487262556
0.5157660702100711
-0.3278875561395749
0.4030166242772737
0.0061162681532421
0.1648265172366559
0.0864920812025920
-0.1053584512944224
0.1086341258497916
0.3954481176892023
0.6372398100086268
0.4664075097195965
0.4358200104578343
-0.3243076461795095
-0.1816661549195187
0.0434275215771416
0.6432017998831517
-0.0599903594923059
0.3931451028272985
-0.2916752646647070
-0.1142453375031457
-0.3705056283431091
-0.0288071923198645
0.0071445901962426
-0.1597720038315284
-0.0403623642724041
-0.4660905443941062
-0.7770612526887677
-0.0043333476858550
0.1166409117919369
-0.0292035202458437
0.3085536937627950
0.0312617130786402
0.7872556468760675
-0.3257576849461586
0.2189748592034152
-0.3404688558046899
0.1135803652055415
0.0174764078089344
0.3003611267642057
0.0595313761546026
0.5936800135395768
-0.4034611304631451
0.0525735311701937
0.2489132261546305
0.3321346975376885
0.3958564113681094
-0.2434437110443100
0.1291818719743731
-0.8209886567108655
0.1310143396568874
0.2712591395705689
0.1591714666932645
-0.2053091224433654
0.1275868610440392
0.1624706414334194
-0.3292125202697830
-0.0585536811497223
0.3824058181307502
-0.1396447670434240
-0.1075931093044023
0.4690547762135761
-0.5572659627444388
-0.0005882557780753
0.5347957133720315
-0.0519209123855922
-0.0087320611192660
-0.4516261258238006
-0.5718011177671795
-0.1855480376712939
0.0643517091827560
-0.4788083201694109
0.2523286213474188
0.3572381496570645
-0.0994264670942462
-0.3308501145162019
0.5171557396840221
-0.5059682238608115
0.3781279965543117
-0.0737313416616209
-0.1077566492759238
0.0722884424659038
0.4001541784616868
0.2042222457044176
-0.2210693040005508
0.1079893825225584
-0.8844637802812578
-0.3187141393580619
-0.0171999183103727
0.0464874839889455
0.1480610365146345
-0.1212574884124548
0.1285667237179004
-0.0582158170451902
-0.3125842961629442
-0.2730216484985052
-0.4758636626149571
-0.1746622353664308
0.3680255282662534
0.5259429634478032
0.3910890406470396
-0.0489755659342743
0.5472744779866210
0.2929131322675870
-0.4271337008032148
-0.3617983846087822
-0.2019064107742591
0.4241376556354596
0.1968540643706039
0.0475078069957319
0.1992079546550062
-0.0068034351619908
0.1091437425808751
0.1792243321606416
-0.6687184872015256
-0.0798706056180444
0.2105204940425619
0.2405602341367825
0.1336515198224668
0.6183085259879528
0.0811840955265367
0.2547055575641158
-0.5674797994990332
-0.0557653388878709
-0.0785747337171263
-0.4161079408933716
-0.4659859435180350
0.1504197592223765
-0.4293044548389865
0.1518204971199766
-0.3947247182860361
-0.0940148566838526
-0.3260652912748399
0.3628224128590424
0.3438097182794556
0.0654458621906037
0.1206532488382730
-0.6612866042703900
-0.1003157291065051
-0.3028489469541156
-0.4644153239045778
0.4587370897875300
-0.0204823234770091
-0.0121216045883148
-0.4632913435834158
0.5054672321094368
0.0373565061264206
0.0365882698846223
-0.0216811692247203
-0.2140876371702107
-0.3205504026168429
-0.6055918718666186
-0.0126134973070980
0.5127271140291675
-0.3789844661264309
0.2760185026223959
-0.1137540781942282
0.5085949455981232
-0.5697574292540091
0.2978024358973663
-0.0679178226708749
0.2947880371568473
-0.1422701938441638
-0.2989902009987539
-0.3375390438939040
0.0268513697250893
0.0553363422432487
0.0152431443398388
-0.1971897641866538
0.7715067301788063
0.3385789161670972
0.3314244717085660
0.3675081848312169
0.0483525911648355
-0.4307798992648491
0.2922202426618751
-0.2163517327038752
-0.5242491799448433
-0.4377999277572791
-0.3818909770019245
-0.0765401054958589
-0.2246000624917809
-0.1165232267438534
0.1260835677691073
0.0045977326492683
0.1479565069473135
-0.2844806502235094
0.1402200441805699
0.9248511212552463
0.0469423594672756
-0.0594301903899253
-0.0226856027963358
0.0369318997209234
-0.5430405266914115
0.0710231644390837
-0.3543666710820715
0.4699783277613424
0.3350048320107827
-0.1428856989850816
-0.0664608319428502
0.4638768829119171
0.3168625084769220
0.3836878732335412
0.3939075030043507
0.5477356750202459
-0.1327007918340588
-0.0988568014802890
0.4127495124593310
-0.3122430220756789
0.0443197903826266
-0.4014406487526158
0.0927867820194691
0.4127798762543923
0.5032932182128238
-0.2694675576115879
-0.1947259454278801
0.3965198837232717
0.3706250045269693
0.0377207936749608
-0.2459202381970933
-0.0761019667149390
-0.4189903658409547
-0.1290290985667906
-0.0093423365685046
-0.1960390225439845
-0.2402790146552165
0.2814397948258314
0.7523758047378051
0.4893242123532706
0.2993710014073624
0.3561669894638997
-0.5807530675545095
-0.1965865328076943
0.1964267491712774
-0.3334948680722724
-0.1237762587085151
0.0551420614566414
-0.2400634651713610
0.3762798144871847
0.1636255468332923
0.5914287724511837
0.4387781816519171
0.1235519645262128
0.2937830224108507
0.0504995336180085
-0.3571717705184171
0.1569869084441980
0.1158237346558497
0.0936997984909579
-0.2593979703311547
0.1614490808346657
-0.1445467646558861
-0.4550639333393671
-0.4154077914733576
0.6776921309122784
-0.2519424604699844
0.2736359595923313
0.0347956331478131
-0.0411485794632020
-0.0207444017599213
0.2363072680057968
-0.3699462605787190
0.1754630269061098
-0.7967593437847753
0.1924498539743460
0.7065277160231909
0.3850412001588703
0.0914622322648627
-0.0321597791110693
-0.0947792188230979
-0.3917802033669873
0.3363265997055100
-0.1747424199005881
0.2506604292889374
-0.0326692128341670
0.3920857667125242
0.2325112328667385
0.3995332948986073
-0.3845863986030794
0.5531485964188462
0.3194906523030581
-0.1128191096469288
-0.2246146859731722
0.1354914917668819
0.4401039134454076
0.2657831748215615
0.0040651623176323
0.5889432046311650
-0.0533916425969175
0.5411854459924882
-0.1557407126495400
-0.3584152145444497
-0.2493271206207910
0.2160223486075939
-0.0086276446304953
0.2863910128666188
0.0150937250975175
0.7250783100774538
-0.2231549098838517
-0.3238056936158741
-0.0555263833694446
-0.3682302540463145
-0.0086304951685610
0.2284608572135637
0.6562962447938929
-0.3737633550558955
-0.0299033616163728
0.2654444551531897
0.4089934910344503
-0.0405697998191731
-0.0647570875260251
-0.2541805620763076
-0.0524840741727538
-0.2917472027045848
0.6407475013081579
-0.2004435940340470
0.5009797292313635
0.3741205161040573
0.5058682678278297
-0.1003816890118935
-0.2794055461242048
-0.4491629213652462
0.3563036731179853
-0.1344986937944717
-0.0658136787806999
0.4341540851735302
0.3410903207133881
0.3571033955278656
-0.0514069691200028
0.1917712272769191
0.1215620273964646
-0.2046228306867915
0.1827797176010482
-0.6633461279730017
-0.3397248920242057
-0.4330830665704939
-0.6631723239628640
-0.5266682115943161
0.2010001171763357
-0.0549509761347952
0.2172626202808166
0.1752526891622610
0.1648523762182826
0.3378641166133777
0.1419767173624918
0.4088070582379936
0.2587828405359430
-0.1730024874161585
0.5383993604984104
0.1250899701167648
-0.0790267637580196
0.0446675754123505
0.5937816518712892
-0.2638937781297185
-0.1840925222801855
-0.3729595803755443
0.4573052951168422
-0.4722461904539112
-0.3664664715016141
0.4048127646221290
-0.2112909561939988
0.2248479181412892
0.0386651485033082
0.2719053614604141
-0.5618948232559958
0.2088909216931649
-0.0780652740363848
0.0509353678406725
-0.0236208476198121
-0.6857876745970252
0.2908157999552308
0.0508050938278821
-0.0378523053116369
0.1275560102282364
0.2015185828030242
-0.6772859625666183
-0.1796467623476593
-0.3274697950247073
-0.2612167967491725
0.5230910050875861
-0.0400351414329851
0.2569159471087208
0.2196939403677567
0.3424120040354595
-0.0929137541100313
0.3398194343185340
0.3737052144631412
-0.3719882024556684
0.3863606760929635
0.4659047031548370
0.0951667024713555
-0.1953813988309924
-0.0181034592058475
0.3692232616654467
0.1406822543293127
0.4783017886885852
-0.6173894761152500
-0.2338960819047494
0.3628699704403096
0.4496947475033409
-0.1211550208847073
0.3763954041190829
-0.1786992513709125
-0.1563635454658394
-0.6555140873155951
-0.3439922693297757
-0.1854628752263294
0.0511247086459113
0.1995221634045339
-0.0096817038284899
-0.2955718758097344
0.3908303908713253
-0.3356888294829817
-0.3452175319110778
0.6749749758469147
0.1422517581016699
0.1108924138164765
-0.3726942724414047
-0.6609177275048888
0.0117359371925795
0.1369800340518268
-0.3381580813109010
-0.0130673440828046
-0.3530292446473241
-0.1067295823226691
0.3935009276383452
0.4808021194176250
-0.0408216049302580
-0.6657207528557444
0.0994222388192198
-0.0609685753275479
0.0170005184517074
0.2746968745269944
-0.0165311326264588
-0.4841034808322308
0.0350061142776839
0.5127856037486614
-0.0867780005268900
-0.1907933137835337
-0.3653132913789219
0.2023609356174298
0.2234931658489473
0.6614295806685296
-0.1733521044139845
0.1999647843197037
0.3968629631344913
-0.2731852271716741
-0.3421130942658560
0.4839931682788775
-0.0735894489234924
0.3440947999424221
-0.2738761078416430
0.4216256493427510
-0.1928441722337982
-0.3744909884099800
-0.5307649537182715
0.1745158236241508
0.5946324479242000
0.2731053721030148
-0.2195751701423673
-0.1413488846869217
-0.1184624881693113
-0.0384356498226617
0.3170339454810087
-0.0358528287465171
0.1068732375433276
-0.1816434279407162
-0.0350210664218172
0.0103081341228427
-0.9021572754655022
0.1925877636079902
-0.3117082503100341
-0.5868636595792522
0.1650169674105843
-0.4194941857861667
-0.2600607925952713
-0.4406835225844753
-0.1185127070657517
-0.0222026262051211
-0.2808046278872921
-0.1486211284349189
-0.0329916531114418
-0.5930194660868024
0.1556112705370710
-0.7108786477819105
0.1334178720525529
0.0155982219352092
0.2085437526331440
-0.1845366483562142
-0.0841191496589734
0.3599377645834526
0.1402717781066405
0.2383729462727817
-0.5515368253037864
0.4794067271103750
0.3682180462488932
0.0453588786362710
0.3394190682916923
-0.2145878775500816
0.2045501854702109
0.6427908088454363
-0.2811714870053401
-0.2449832827022677
-0.2034491732486437
-0.2979317459343033
-0.2746805320080353
-0.3927502267254264
0.5652967716339468
0.4010210722989788
0.1702716707805674
0.1763276969550250
0.2684873768170630
-0.4124613536406703
-0.0229298823456315
0.1164946701699727
0.4508116386351941
-0.3246856077023145
0.1770263035502760
-0.4734547952746349
-0.0794899435694998
0.4345338826021220
-0.1469831236647639
0.2234696508970436
-0.0051024194548050
-0.6102248736139902
0.2280965056702704
0.2741420995619567
0.0208539240119692
0.1727785736533853
0.6176302206867803
0.3053495446603149
-0.2297164609694457
-0.4784145881653520
-0.2935560715583418
0.0923822932233351
-0.6068279012227649
-0.5088295837850745
-0.0017890187884352
-0.2359790169766457
-0.0652008278737956
-0.3922445670343914
-0.2164096078815781
-0.3220069892302133
-0.7434255072805245
0.0275182914320628
-0.0711741072037344
0.3102398970705811
0.0986147440422716
0.3051385133714238
-0.4888237060493635
0.0305486237123871
-0.0503040495302379
-0.6691272419700002
-0.1988223462349512
-0.2869916143132157
-0.2400749808458447
0.3884065253813457
-0.4041827701882876
0.0065381818944592
-0.1894418819090920
0.1502794412332587
-0.1713118440209340
0.2443144132016026
0.2732011264379462
-0.4088818235367324
0.0988655831487357
-0.6812389161643477
0.1741081998589843
-0.0814915520196932
0.3978996302556568
-0.1103386431544615
0.3533386475976890
-0.2227373815673793
-0.7780578045311810
0.0847985174715520
0.3057382617372807
0.0256893259266160
0.0560310380706359
-0.3217533273362544
0.2463645104180078
-0.4149126673505812
0.2680161444940662
-0.1586961378779937
-0.6372698414711280
0.0444641488349249
0.3735041442699863
0.0437460075484104
-0.3473124216726702
0.5870689936947960
-0.2625204879012884
-0.4005914808349458
0.3075571871322234
0.2723762731778415
-0.2519882752450622
-0.3788243894490687
-0.1033085643589468
0.1987474015866153
-0.0311400507550096
0.0189376807081171
0.2980287155651291
0.2289114453906723
-0.0843531671801426
-0.4062253774541465
-0.3432065567279933
0.6579560038626360
0.3669042636098227
0.1456996721531126
-0.0274620285946720
0.2843078226877149
0.0379477217491845
-0.0276622488717529
-0.5474069339167575
-0.1438505013006900
0.3914850176980586
-0.6491328352296323
0.7895612028665036
-0.0127675452987490
0.2416569935461826
-0.0821756130918888
0.3847969583322656
-0.0496151844844785
-0.2296288326549212
0.1186200235491514
-0.3065104995783697
0.6410102721797275
-0.6399508570326723
-0.1964750730866138
-0.1137771987226737
-0.0800494615357495
0.3243296704358502
0.1030373336640062
0.0526355970915403
0.0551015119818837
-0.3275816363056678
0.0141871763492979
0.0828995371661875
0.5288126637758613
0.1729709947262798
0.2886094680188101
0.0211134079792266
0.2835115475969131
0.6418215213643522
0.2635923148769332
0.4167991549826155
-0.3936225581077692
-0.2695503643997238
-0.3417193702731803
-0.5010975076225848
0.0873804838743173
0.2640598324651271
0.2897717282537813
-0.3639316717033805
0.1240381418352473
0.1941500156247160
0.3707242261072529
0.4010605058599886
-0.2777631740523591
0.3725026295365960
-0.3799166511816166
0.3948934238934595
-0.4103409624624480
0.0043314319955883
0.3990616924955007
-0.4128897953817954
0.4868739988664039
-0.1470722870050287
0.0168275279921543
0.2410401136790489
-0.4298991337472973
0.5408004660379485
-0.3155747092384258
-0.0942081511881930
0.2601992813569275
-0.5129968236263539
-0.3273825525086179
-0.1495618340567578
0.3720236772957954
-0.0159116825121769
0.5620865776645108
-0.3622349024539530
0.0142482284551399
0.3230509432636677
-0.2180333599493512
-0.2091623443070335
0.1183671223088061
-0.5332761629539633
-0.2420701484085364
