0.0613793906225718
-0.0518518237746385
-0.3255594095667966
-0.3240777131904811
0.2474373212679143
0.0438431083803456
-0.2932748106840600
-0.3140614244895074
-0.6077807640528964
0.3848847249525024
0.1311595125656741
-0.2003838468918299
0.1619766959711655
0.0297188752986038
0.4511351873436767
0.0383390392570834
0.0041666002316477
-0.2744046774918459
-0.3466552623631616
0.0486202421320981
-0.7013903893493622
-0.1947722988510213
-0.0156911151438927
-0.1895331421947052
-0.1429625601624970
0.1460246259705075
-0.5522418234994239
-0.4405173898230956
-0.2810046335144929
-0.1321887917835141
0.3040050655212823
-0.0942069998573856
-0.4746697485033678
-0.5239468534191203
-0.2975501544678691
-0.0473359735447369
-0.2889814201169818
0.0370299826292422
0.4342047037425378
-0.0338628014458752
-0.1141220498325936
-0.2641926915575072
0.1236008663424576
-0.5119005923279105
-0.3597323978535040
0.1690344220943883
0.1177564256368418
0.3252270619123360
-0.3903756996239310
0.3090677563044488
-0.4546707290013766
0.3926095970310354
-0.0428750945735725
-0.0282894705899695
-0.3331041102815765
0.1498718250885060
-0.3474507342656366
-0.1223146052323413
-0.5224020351849545
-0.4107071324968278
0.1427433098221511
0.1277757473812802
-0.4730989663518325
0.0898661812257567
-0.3563475637058078
-0.0684608123852783
0.1958429637370061
0.0572029061166462
-0.2457832183929601
-0.0089928941648231
-0.2840954006030634
-0.1169704116818095
0.3104604176731424
-0.3227361126193992
-0.4828208862512168
0.1269814978600828
-0.5947320794399472
0.1648637879798382
0.1883808577916980
0.5437700703565388
-0.1518963481947118
-0.1566863766204593
0.2776218196808524
-0.0539264208778870
-0.2493227310625372
0.0711011585192385
-0.1965422599400195
-0.6389018552645729
-0.6323333689598920
0.1258970423819255
0.3196320242962359
0.3509848927133786
0.1646265651399851
0.3575867348997026
0.0270980526225084
-0.3720485976659541
0.0577755357480124
0.1430493488543739
0.2025429539747065
0.1810767030466629
0.3269239715000726
0.1861754288874159
-0.3364595100275468
-0.3522589524232295
-0.3995204417848628
0.4385115856959105
-0.1511876873421302
0.3638286231953651
0.2127975583244353
-0.1896272760396498
-0.5535204391932749
-0.0026375185761241
-0.3882117491341485
-0.0709804906722220
-0.0087011914409402
-0.0433570814882372
-0.6289969308776199
-0.2627547188310763
0.2268320702110334
0.0092560294246884
0.1403224285106037
0.2869859377464939
0.1936759812269330
0.5014690628104007
0.2928977833720906
-0.3542000821126728
-0.2709167095018009
-0.2557884799991659
-0.0062766688033637
-0.3733322440947565
0.3430593615064678
-0.1465638381246007
-0.1333049977904001
-0.3964501708250621
-0.1068074961546026
0.3436707337103986
-0.1666377457994080
-0.1260810532723942
0.1207184150893157
-0.4526268826353239
0.4792764396439982
-0.1723341311237926
0.4159640199341402
-0.0711713652343562
-0.3196713136889821
0.0241084182500128
0.0216991984151738
0.2190908953927883
0.4214100750926687
0.1830890535359961
0.7552029347133147
0.1193568470318320
0.0374475099855556
-0.2158798231359964
-0.3665278875438049
-0.2268807106934778
-0.3934016812875826
-0.5363080775375332
-0.0738131120025375
-0.5458375383019919
0.1420237095223899
-0.0601379498516469
-0.0822393542590315
0.1301715638290286
-0.1445993280600667
-0.1181230329868830
-0.2750303418416443
0.3624352055686046
-0.3595174264363564
-0.6098138286080481
-0.1011210139715530
0.1375856261782647
0.3651423719666699
-0.2114769346949099
-0.0167036255523425
-0.2653951311127816
-0.1748165914168251
0.0535809143664034
-0.4024741074225061
-0.1542500201162002
-0.0498154624316119
0.2071945994647985
0.2630358594510413
-0.6050802894619675
0.2477373632126333
0.4860910843568055
-0.0490940251942000
-0.3397397272489082
0.1687614430643866
0.0163174462054686
0.1407568066858407
0.0992068887363693
-0.2701215404098436
0.7277826867920461
-0.0547581698254332
-0.2787585181540689
0.3649162845050199
0.0983554752984373
0.0491743780894306
0.2296710857729562
-0.5567656539992130
0.1554023259551542
0.0136937539251698
-0.0475030534855659
-0.2211535488715198
0.4824467787822341
0.5639266284455933
0.0270200202628602
-0.0885665130062656
-0.4505331651809374
-0.0300286544635065
-0.4512117750728756
0.0922860061204099
-0.2287270513708795
0.1511162411491802
0.2029442466285948
-0.3692660011136957
-0.4571866141831664
-0.2730896943271004
0.2184396108106941
-0.3437185072869313
-0.2336475350899543
0.0935378435900235
-0.1575534491309570
0.7010703781167472
-0.1200630385222799
0.0858662418891671
-0.0333657379089534
0.2577561989517530
0.4489215642804600
-0.1064146528908944
0.2454304626886204
-0.3795940987670688
0.2934329962131922
0.2846711318719123
0.2333321938784459
0.0112292223200128
-0.1666663369660966
-0.1995114181296938
-0.0473446027416267
0.5128971779155403
0.4909929969759577
-0.0108353303423483
0.5356986171578378
-0.0560333700390087
-0.1224337198465481
-0.2332813376619091
0.3414707007340546
-0.0786633487009834
-0.2862339921094538
0.5574777138065242
-0.2590301505982232
0.2403363683244188
-0.3075944163714557
-0.0543656359371793
0.3232239331644795
-0.1625757277849169
-0.1479035498615830
0.5756313791815723
0.0838299019602398
0.1322469920594667
-0.0850566484421247
-0.6036931626324012
0.1486665470986793
0.0592113437413779
-0.3343041334113202
-0.1879773890596576
0.0548024269297318
0.4569171071104542
-0.5833848235150710
-0.3139232670020777
0.0291031396465167
0.2740980865342487
-0.3503714257340693
0.0003949281862012
-0.0914317754059163
0.2186880759920182
-0.4830945964975260
0.2400226906931570
-0.0499970531235605
-0.4224306384911800
-0.3856181915320672
0.1847678541478995
-0.4864841072521607
-0.1621882399167676
-0.1614458536231971
0.6557823305407430
-0.1491526280692823
-0.0245098406288324
0.3070210459690859
0.2295271226025705
-0.1335710219631441
-0.1550547210235258
-0.2906033654711743
-0.4452420975798547
-0.2745975287933694
-0.0134106228375493
0.0121181795151535
-0.1705709196870375
0.0638404497009583
0.1187941183729982
-0.2095171875997908
-0.6084096965990760
0.4331629797452641
-0.1078555387312355
-0.2046317520413781
-0.5453106794247751
-0.0032217066560794
-0.0007818993195338
-0.2150207586022881
-0.4833243445870661
0.0442290508138347
-0.5129040505688882
0.0280805722552252
0.6166031393887927
0.2079815143949715
0.1696710306204155
0.0417906696057038
-0.0189020326145051
0.0723662706583952
-0.4433662916639617
0.2148332688503407
-0.7116802316389769
0.3525900486024374
0.0512891121437201
-0.1488969378349762
0.1922192803532954
-0.1644365224301751
-0.1745146403529054
0.0445395771864411
-0.0298470098664452
0.4796353950855988
0.1121419585173103
-0.3760553147041582
-0.3294237686307781
-0.3622083830670257
-0.5113169910654991
0.2887633811929389
0.1173053007322921
-0.0122874437986908
0.1288791006237440
-0.0147281979096561
0.5386149997066622
0.0097576474744192
0.0755594493504874
0.3568913172855806
0.3150187235395971
0.4542046489977782
0.0778030221400934
0.3352383717015754
0.1454953841834983
-0.3624299457377029
-0.6758155271186910
-0.2695791348278657
-0.2796448370750499
0.4452657578736565
0.0915659138371223
-0.1966451194982739
0.1432824762495595
0.1845500024557324
0.1096185944111243
-0.0943052635408135
-0.2675550847117386
0.0685110588300350
-0.7503961018665339
-0.4545966583427452
-0.0530494607684497
0.0075087615998579
0.0950337305956866
-0.2109294669695687
0.0209484030847237
0.2366849172920108
0.3142420779249503
-0.1181264465122186
-0.1874245437223284
-0.3151703167999133
0.2527738799635516
0.5861876429304056
-0.3740319829804564
0.1106945382152965
0.2420764568777895
0.2365224261427204
-0.3042978255789334
-0.0048287895559006
0.3141839695401588
0.2809554452018499
0.2192041251881348
-0.3690412463534620
-0.1208018561892381
0.1381259122763626
0.6955820832975851
-0.0097459577959781
-0.2121465304731896
-0.2326542838098922
-0.2746666457128290
-0.2112934948569486
-0.4443746606077646
0.0375424438962498
0.3915701706021994
-0.4059118584927463
0.1520155338020026
-0.2929278919431316
0.0412209394918315
-0.3374883793683248
0.3285413864479306
-0.3834747564742518
0.0593693071110211
0.1384360710489098
0.0807225133995832
0.4856751572796353
0.4357664673342113
0.3321081806005937
-0.3472073668750845
0.2514618554216606
-0.4234406116579409
0.2104088982412811
0.0314156879217209
-0.1729274186970735
0.0666942609829965
-0.2580097570362914
-0.0201794251166945
0.3568391248015089
-0.3713144553969934
0.4028650127571350
-0.3532062029180557
-0.5588089021968383
-0.1623887355098334
0.1356497091791128
-0.1388303690595097
0.0665646351362418
0.2363207922665697
-0.3404217910482534
0.4676532255051754
0.1972192507626240
0.1162008204541531
0.3959463600549340
0.3557092875185466
-0.1457607747847177
-0.4812841907048833
0.1286613416850485
-0.1321662411225374
0.0764462509144231
0.1580152833621355
-0.3292451021839300
-0.4138096265243364
-0.0920198962154776
0.3096784712280401
-0.0562019633778442
-0.0261997267699078
-0.0426744387263355
0.7496958519317962
-0.6766251469153949
0.0652933678047244
0.2070735594073651
-0.2068363719928770
0.0880468923070102
-0.1520195910747869
-0.1586689927994022
0.2640722533633185
-0.5153849928263126
-0.0009411271995259
0.2466974883512536
0.1937650356500191
0.6882008798698589
-0.5328259583934589
-0.2069370936725576
-0.0812111922040713
-0.0543711586821302
0.2165359659668069
0.0523462416158572
-0.1585272367228818
0.1778772114520015
0.2148431425232965
0.1988464999341960
-0.1161903732926055
0.1053289827468780
0.1273056057248450
-0.6426737040375711
0.1547596948937068
-0.2116873634256716
0.1927430162637450
0.4441632634595969
0.3439560598446307
0.2917716844968636
0.4991040868275927
-0.4635588215971738
-0.1211768810857194
-0.0132416142671350
-0.0466444791978140
0.3358286340179883
0.1441253489384681
0.2058325873066561
0.0344704022377939
-0.2623430472166767
0.5225335591615097
