-0.4062865785447388
0.8311949569587361
0.0825382820243409
-0.3704505252003901
-0.4961065076738600
-0.5665148040552297
-0.0773982129774015
0.6534132126440481
0.5141076195010610
-0.4517579727873804
0.0784446051598948
-0.7248824273737757
0.9723432615256141
0.0735994606697018
-0.0574404469226635
0.2140847874375597
0.3921000682253581
-0.5277378121397180
0.3759418088553619
0.6530069635847781
0.6665359353058026
-0.3229764293051384
-0.1388545099581266
0.6573701378398706
0.3874228233809137
0.0374642561344768
-0.7546051924425524
-0.5282716999561781
-0.2419517864435681
-0.3505932007494322
-0.5978514003142581
0.6790562891007749
-0.4324319836833944
-0.3433798751140382
0.8333541109504466
-0.0247743136393869
0.5307630433051435
-0.3193553487591251
0.7506693018537841
0.2297789205622490
0.1608432626050519
0.5514085774511085
0.8068722460079178
-0.1379681275151819
-0.3306822852170386
-0.6024858351209813
0.5354323412583500
-0.4908892468335529
-0.6747106613611715
0.0045705400320796
0.6101181190085676
-0.4153318124907279
0.2990605166079858
-0.0372748184861201
0.1524323767275264
0.9412426710674506
-0.5604979810182058
-0.7733304502396005
0.0163973219255002
-0.2958600274460941
-0.6384431637545736
-0.3818416727538405
-0.6445002598494717
-0.1766541215413992
0.0452365507278802
-0.0283775088017028
0.9868310316650178
0.1526855802471528
0.3954936512534711
0.5010917148126267
0.3821938002726167
0.6681465140203263
0.6499066463840026
0.2945173095095887
-0.1420351674363811
0.6860808382373402
0.1236937938371036
0.8712928603870077
-0.2300209422415210
-0.4154984511825927
0.0262545131899369
0.5439477204026208
-0.7444113075645135
-0.3863720786703447
0.9155663791013555
-0.2775944379457975
-0.0181080584299640
-0.2904335237204663
-0.3087373410115264
-0.8850077762860724
-0.3067404550576731
0.1653867691483366
0.7309338803710620
-0.0113810618415722
0.3829881032160444
0.5647355547086061
0.0588161814675533
-0.9137644533341331
0.3698016406534792
-0.1575497609980539
-0.5843963108031255
0.4759846615416424
0.4731982365492508
0.4560734401644810
-0.8348440202493875
-0.0537650873927302
0.5201395527999876
0.1720454092515154
0.6358319845580718
0.6213801293261446
-0.3914766700908568
-0.2373824742185958
-0.2618398363831694
0.8212996113191888
0.5034521048444339
0.0586756053014681
-0.0177454855533093
0.8559554192528345
0.1427762043192630
0.4966290099001123
0.7630460703097979
-0.5052858987240630
-0.3822101427414990
0.1279150574440484
0.2139139685387065
-0.0356253064566851
0.7042654542053396
0.6760043059158984
-0.2391068344051513
0.2664655650081923
-0.6000272962309684
0.7153958821403478
-0.4437966688717094
0.2958818666883198
0.8456612651854499
0.0188537059580849
-0.1210245240988067
0.0277942399232564
0.8929986533713594
-0.4325898171139543
0.6762531735278261
0.0598975098010517
-0.2333234584345761
-0.6961710259392484
-0.5526057757749082
0.8033475237821371
-0.0187521212890764
0.2211514652008445
-0.0371633002214191
0.4751133010415368
0.7605209024951960
0.4410149625102978
0.8029139658627019
-0.5065647003438315
0.2283593356085676
0.2158086690302452
0.1783104772695996
0.3671689073915984
-0.3816996308973533
-0.8292754421261803
0.7367831236483753
0.0835537491466748
0.3669193879976488
-0.5617290827631310
0.2622387382751404
-0.0390504328352739
-0.4579389042596196
0.8485268810171775
-0.0845173641008291
-0.4632939253187462
0.1356994314067626
-0.8716657720962073
0.0986434343324605
-0.5452131841688214
-0.1414729310323727
0.8203642279236107
0.1369978935915057
-0.5070312718356191
0.8264032571791784
-0.2029988252574135
0.3138777388842126
-0.5413540676732040
-0.6125599361662946
0.4828942565930512
-0.4721627601886357
-0.0339241959701208
-0.8396688288454862
0.2662099447505289
-0.1808028982557691
0.2643708801453580
0.3869103888536122
0.8647072919263660
0.6569958629117166
-0.4560183039296454
0.5139872980556437
-0.3101947775760858
0.2501544807103285
0.0536546253603337
0.1302546333266904
-0.9579027338174360
0.8376153182797847
0.4954737096461999
0.1731067192662737
-0.1514610358387781
