0.2620993672746451
-0.0369747787968446
-0.9643323013397173
0.9515158800702543
-0.1551100213447663
0.2656283329250773
-0.6642578299534077
0.6207031721192453
-0.4165202365632391
0.7890123807597125
-0.0258486965554086
-0.6138332899853811
-0.5282688960415989
0.4799147186537887
-0.7004383172660141
-0.9431745438883467
0.3308516054610678
0.0309676431916154
-0.2745564219257495
0.8812310638754669
0.3847734180530702
-0.8428175216626886
-0.0270547153966530
-0.5375189927371588
0.7233024940608018
0.3126814348900421
-0.6156815917018538
-0.2097721785090135
0.6003826214373199
-0.7717100109494722
0.0335288303515386
-0.8250660931472925
0.5640405654506784
0.3697655043088661
0.0436535518393364
0.9280990460263496
0.4956074313332469
0.8335772123986080
-0.2439719348142873
0.6093002098015949
-0.1537859324500800
0.7778837582288189
-0.5038989517669775
-0.1781158232867210
0.8451985564960668
-0.3209242323261925
-0.6946237938225323
-0.6438209550499551
-0.7602666791121424
-0.6351866513261627
0.1361341052376315
0.5488379352231069
-0.1628605128417363
-0.8199105891601618
-0.9993892236804039
-0.0093784608643922
0.0336633935201823
0.9360330327959898
0.3477558773920874
-0.0539259793976982
0.1970578025603923
0.3108282874998081
-0.9298139588864034
0.0423884991491738
0.8543362439323418
0.5179891866086190
0.2194047766410636
-0.3733344486695329
-0.9013783519830622
-0.0980120060197954
-0.2531629379576216
-0.9624459327778579
-0.3708519148343966
0.7728597641752026
-0.5149336289102817
0.6427163878877415
0.6108680858001506
-0.4623373513911612
-0.5938996763761163
0.7946030192011608
0.1260524346323545
-0.2242620858373147
0.7025305345382216
0.6753942292449188
0.1367072731335897
0.6141552655325204
-0.7772544186372038
-0.8138491775523149
-0.5451832195980103
-0.2010591287809844
-0.7572961331806159
0.3619765522186921
0.5435766204626127
0.5915234755005379
0.7968937570882237
0.1227204866580149
0.3754958864160166
0.4102360320112389
0.8310891873465349
0.0579535147035028
-0.0878578577387545
0.9944457687410952
-0.2978069351711800
0.9534004735771869
0.0483587256526090
-0.1830472182382124
0.9433658742502530
-0.2766849168193095
0.9148404568808314
0.1866442947036595
-0.3580933477581580
-0.0115708715250455
-0.9800622829716279
-0.1983533121190364
0.9478558814601504
0.1926737492882996
0.2538622743075284
0.5566972260882977
-0.6955109686558996
-0.4542605980546047
0.4595580335234656
0.5012427214475020
-0.7331862983034715
-0.4904635388623769
0.4882764631153399
0.7218251953306757
0.9315238885157483
-0.1565125497962913
-0.3282789467522450
-0.3166008556033349
0.2960127364252149
-0.9011883033557930
0.6006920265654780
0.6645566770823669
0.4444474233988783
-0.0558519008441042
-0.5656301550777639
-0.8227655151006300
-0.3424844485336622
-0.8722822292989023
-0.3490388444885907
-0.3420885539076227
-0.7653722854370727
0.5451428124539694
0.6290784170662119
0.1896599073881789
0.7538497626921274
-0.5036997095530701
0.8395066428238033
-0.2037527895535665
-0.7967112640112195
0.5476277761203193
0.2556462020432891
-0.7887702245925677
0.3164564585245032
-0.5269694893011547
-0.7807856174306077
-0.3727705618524403
-0.5014139286355345
0.1636524730696060
0.9394082755162956
-0.3012141430107521
-0.7859008451574477
0.6111699538968144
-0.0939741934499851
-0.3030342420281202
-0.9528443936612330
-0.0160564512517597
