0.1550876870552690
-0.4228971103384382
0.1719137198834816
0.3298986973301779
0.4098891627141997
-0.2571454691831767
0.2283149291535992
-0.2955847960884289
-0.0713358734090405
0.1721954041685026
0.0994465163617348
-0.1251677622250678
0.2013382990998693
-0.2694203091673569
-0.3341650986816595
-0.4325650227983296
0.4721858179856533
0.2486855290644713
0.1044183326784806
0.1603458538736968
-0.3552304082445136
0.0030169225095557
-0.2459818343376670
-0.3196079743721854
-0.1499065575476955
-0.2704218661386210
0.0727238161638876
-0.2539457138470243
0.0487962857971063
-0.1867010922500909
-0.0987410001182089
-0.2144028579599584
0.5221114805085213
-0.5118997939142503
-0.1964705062169821
-0.0338658744450879
-0.0498721087804170
-0.2711412605549322
-0.0351230902918884
0.2918290223889239
0.3215405541651259
0.2818112314465282
-0.0892355239007659
0.1262486486779794
-0.0279652765082449
0.2367877658271919
0.4788884647730524
-0.1343303846966158
-0.2408224126736530
-0.1750377787787883
0.0353651691305887
0.3537411295844308
0.0225924140021370
0.0312025223723287
-0.0671833011721353
0.2181323701117278
0.1854187113965780
0.2369075385389029
-0.2511525344497810
-0.5238066268034387
-0.0395012905630496
0.3487812586286513
0.0752175645638442
0.1788161112214776
-0.0812994040821162
-0.0487323889277902
-0.4380738315262713
-0.0346556746136129
-0.1590595434408118
0.2237936581987519
0.4897629699362510
-0.3062632479946458
0.1208625195961276
-0.4005551164374556
0.2301382801410848
0.1189524745430006
-0.0133670786323383
-0.2992024705589159
-0.0658878367500702
0.1432652556462040
0.1535075450707339
0.1098174456168313
-0.3106727662584932
-0.0345358611245154
-0.1690098808636980
0.4177973153398979
-0.2810129354637236
-0.6528250005669540
0.1420873962609221
-0.0974275319684092
-0.0241421314011539
-0.2084051563145578
0.0389764606969392
0.2479757818579866
-0.4655032511639945
0.1377698020297641
-0.0301981860240384
0.0413445798332120
-0.0045436633173170
0.0671535677041240
-0.2147999471328673
0.1976996098865804
-0.4762735797668520
-0.5606471873408103
-0.1541492928743500
0.1787687538932995
0.1287309672561181
0.6902917108046028
0.0978085417871769
0.0297359803786786
0.3049993427796487
0.0796827808857408
0.2868953882309104
0.1872913052429225
-0.2007923502421566
-0.0330995209949554
-0.4073710705779253
-0.1052692463394101
0.0776631320185119
-0.1525720557528608
0.0345456215843458
0.2212601389047899
0.0423784375538720
0.1503882905070849
0.2769858243949264
-0.0917935279671870
-0.1775170793073477
-0.1577850242587587
0.7992411488188863
0.0710519587599121
0.0472484085733639
0.3330039445896015
-0.1431922274516747
-0.0603672980272525
0.0526810814609853
-0.0905630180354665
-0.1293361969517249
-0.0137062621558724
-0.3405853810037386
-0.2332616050224135
-0.1932942340040936
-0.0970644969335286
-0.4015769089506172
0.2881445921601740
-0.4578844906723504
-0.1963413499421098
-0.3937357416796307
0.1855733561007808
-0.2703640560645078
0.0512600315429372
0.3151530771867810
-0.1003421297610952
0.1381079695509673
-0.0124763770512100
0.0330393919041003
-0.5086388430029295
0.0429606718687490
0.3179986458186073
-0.1241831487538695
-0.4952778009266833
0.2589099985819781
0.2693130587718211
-0.1412671605990246
-0.1207032014762327
0.2716533684164215
