0.7127892802139025
0.5537327890157892
-0.2318895190197255
-0.0248717785869620
0.0753654652233419
0.3538928264762273
0.5661989193187943
0.3753493195010116
0.0957863141753422
0.1654512513439906
0.4325002871339222
-0.5611827146187258
0.8260324840014287
0.2497396830021399
0.1167130301693587
0.3983363861509633
-0.2831487265916235
-0.0532298487207974
-0.2367186519582375
-0.6088145160455459
0.3591595642293401
-0.4874056111499815
0.3993605927369366
0.2173947089471333
-0.3176794673437230
-0.5170520999420765
-0.5295930019033076
-0.4399621590636656
0.2723373932117262
-0.2890221049667656
0.3234665358016031
-0.3787463470245344
0.2352310694386539
-0.0920100918503219
-0.3234055699588712
-0.7638913071374105
-0.3484043915094885
-0.3387353105009481
0.2669200119327652
-0.1956160745832685
0.7162165641039671
-0.3760248147320641
0.2026009122100274
0.1214528586716574
0.1038820702237652
0.1938282338394977
0.6932087524629188
0.6444399353342690
0.0306893309959838
0.1455152282786903
-0.5449228353060969
-0.3987593478147632
0.3194012625124565
-0.6480095700680489
-0.2728992266183488
-0.0868658367837046
-0.4249610492385269
-0.1816205107911352
-0.8374863883885936
0.0549452861022790
-0.5484721327381779
-0.0986892623850866
0.0161419419221698
0.4484335479532181
-0.0650363437274949
0.6955974510269223
-0.3391670966583558
0.5766126049175373
-0.5427280585826855
-0.0573974510879486
-0.4928464471028006
-0.1083409018255604
0.1206943138743633
-0.6337364820629896
-0.4584092118792723
0.4748557070211523
-0.3590941988105260
-0.1386916084524061
-0.0879909406807160
-0.7377353771293781
-0.0961502873861551
-0.0597485428784252
-0.6499400878500365
0.1129921402348354
0.3642872302149973
0.0619426162007721
0.0066432776685776
0.4352698278290166
-0.5728981516850169
-0.5879980253707469
0.5693728273767182
0.4630805382583067
0.1997544228336820
0.4956625532284260
0.3863950188344693
0.1627473251295070
0.1624850313778946
-0.0167777929454950
0.1662987113154475
-0.8647615938789037
0.3340475845819807
0.2937030061878610
-0.4545078008463476
-0.6482158270517498
0.3146279033161717
0.3432723046638445
-0.2883250912517024
0.2707045429795609
0.4256525916674552
0.8669605029159569
0.1546694711608541
0.1255231606054437
-0.0546491800336556
-0.1566336986557504
0.5304109870584175
0.3300053728099169
0.4847834392145067
0.0168424808175704
-0.2327604111539698
-0.5659369025138780
-0.2401073278944413
0.1948046132289702
-0.8960147310765385
0.0960784467908673
0.1129752150941959
0.2820687297213494
0.0249352366726647
-0.8637303600329959
0.0636968740948656
0.4601251616876417
0.1836948946387512
0.0619017659317759
0.0824107906039149
0.5786093865216625
-0.2604423120015797
-0.4114259688229970
0.5345740961335134
0.3681693217276942
0.5084556064047899
0.0164952902285668
-0.1936734548311658
-0.3676483597271539
0.3561564593329866
0.6645890870868233
-0.6286950779590856
0.5001179427525508
-0.1572782170801074
0.4808293929859677
-0.1980490578281590
-0.2438601448642288
0.2640356097556610
-0.2613336099441361
0.1434960378456076
0.5118151564881752
0.5468086842555827
-0.5295699544241513
0.1184326505875349
-0.2204766723897014
0.0729378497343339
-0.0611713615041037
-0.7158380837625554
0.6448858167534730
0.2051474124325953
-0.2147319901706566
0.4916867852261143
-0.2945422963591619
0.3521752083968429
0.6776918732356768
-0.0607348731631019
-0.3322020361858325
0.0844505407481127
0.8726461911803611
-0.1190614966174770
0.3211450973389059
-0.0634923892490493
0.7455063240405405
-0.0050167310511834
0.6423569538761561
0.1659485010196649
-0.0015838399036592
0.4872878994955462
-0.6801863164188277
-0.3730693580799422
-0.1725142938891769
-0.2375401999205375
0.2730014722474124
0.0605872507871507
0.2138654905419232
0.0595262804486386
0.0816225849995348
-0.0140644222699385
-0.9696325616322269
0.1032503855415073
0.4308891772984137
-0.0079721314178207
-0.3310120154291735
-0.8306617082509520
-0.0635805943697475
0.1356647949035119
0.0065012247389756
0.5735903475270535
-0.0753202604855971
0.4478495651014191
-0.6680602788097247
0.2676051423944854
-0.0881595029007140
0.3419965865507324
0.6271165756421909
-0.6366744496335445
0.0708813821719725
-0.3450600847564072
-0.1260568417290891
0.3840056572548439
-0.7576101253431298
0.2270636074606481
-0.3034005304906165
0.5696924899450738
0.2544688111012721
-0.2386838985583604
-0.0087374463673114
0.7385170044935597
0.0907875473328118
-0.2734990859929530
-0.2427159856561689
-0.1491306793413040
0.4848503836683950
-0.7196738744446333
0.3017231523195317
-0.0859510792845818
-0.2358688167753003
-0.3244245451850186
0.5756995008063540
0.4227763078727693
0.5670602313662222
-0.2334290033634381
-0.4350793619802443
0.5032775700991893
-0.4250583174697875
-0.3840095047486544
-0.4180797335618145
-0.0488846777033833
-0.3109908285400635
-0.1237091847691944
-0.6871901607810663
-0.1312875203498050
-0.6293840642879629
0.4763091982309322
0.0810611619025524
0.5417968330652726
-0.3329165087736551
-0.6017678247355588
-0.0075439174869923
0.1386940930891582
-0.3964867383197715
-0.0789855231514452
-0.1397907398394061
0.3704813014935957
-0.8127272951673153
-0.0004310611591605
0.0400243499715400
-0.7736422251150307
0.3650260839618926
-0.5160600139148029
-0.0177085623469413
0.1927806500617660
0.5231256572019002
0.7250925681400017
0.2094111777032075
0.2806146039644717
-0.2020354871348066
-0.1675765337266351
0.2565425238526117
0.4744376044901104
0.0665925299467883
-0.7715109083884075
0.2852180769834974
0.3972100170798954
-0.2071512087137769
-0.0233706659270836
0.0181785098321296
-0.8909197725187933
-0.0685411682806753
0.3842399956790625
-0.6177277498796609
-0.1156940680495963
0.1066164648814605
0.3835272639251529
0.5467418976167521
0.9038763609194126
-0.1211857274739926
0.0280068401851128
0.1339932715981849
0.2512559789860541
0.2940295847711572
0.4982691517530363
-0.1327550256258597
0.0269044844366917
-0.7997965701767857
-0.2774456942453118
-0.1293423263196148
0.0517898221379829
0.2338218790396985
0.7945092394376472
-0.2013913525792250
-0.1728808306835061
0.4908706073314672
-0.0060242851212044
0.5628319262939259
0.3822959916303336
0.5097455624925561
-0.3362903662058244
-0.4050949970472694
-0.6154041177307035
0.3129781232110487
-0.6228504445463062
-0.0070566239584369
0.1495705869082115
-0.3360931918234812
-0.2577728726171457
-0.0636303727035145
-0.7319287120755676
-0.3474786908486961
-0.3143267348477967
-0.4174229814201859
-0.1318200359347555
0.4786731618872326
-0.6866871311038455
-0.5251927238366597
0.0733863024416336
-0.0272638888345785
-0.5042494315347813
-0.1538876875437556
-0.2463511977293311
-0.1238993607272180
0.0258774460900472
-0.8033314907258726
0.0211832880668246
-0.0392123127203755
-0.5654808207131624
-0.0777609691966086
0.6869422739310639
0.4475585416449886
-0.5678711927371749
0.5881805359283544
0.3901327888697173
-0.0825666826752766
-0.0717104446155111
0.4091487843169949
0.3069155176904562
-0.4820557621343199
0.4172117679805367
-0.5322438099468776
0.1918829130580671
-0.4233874375817457
-0.5499134572458571
-0.4047304352448541
-0.4004529993492484
0.2342669613199896
-0.4314577768556114
-0.3638530434987770
0.6974505947612203
-0.1640427128374262
-0.5099401898249087
0.2480162454882741
-0.4059165696643762
-0.0182575868969468
0.5100895260077600
0.1316285066658189
-0.4961926256863818
0.1730941492770737
-0.0496771128314277
-0.6662177495769227
-0.5649593396852297
0.4090396160195779
-0.0137490127066305
-0.4527025144509414
0.2837413390096329
-0.4773570860743497
0.0555190765642990
0.6873185440194260
-0.4671255285745448
-0.1295085567260745
-0.2138317831306299
0.4937692720252249
0.1482203826842292
-0.3352538897586166
0.6377236745523432
-0.6273439711786574
-0.1475101673812953
0.2088644412508969
0.4821853733984934
0.2311432266100339
0.5661659611335401
-0.5835562839006867
0.1007980279943262
-0.2069492691435967
0.3897979431593509
0.4039413013831636
-0.2652328075900351
-0.7125903261415341
-0.0982122609953921
0.3116246543571258
0.3437081198268833
-0.0226237403074406
-0.6554655990104220
-0.3729965966011451
-0.5023488195367924
0.2454321610698827
0.6800643862748081
-0.0613168889261104
0.5720982457141734
0.3287692548422741
0.2301978011674234
-0.2130164695792227
0.1234225438246941
-0.1100833647587380
0.5436751284380661
0.4940395672234903
-0.0865661077513190
-0.6523013860199148
0.0304549396416104
0.6487854932441791
0.6314022067394378
-0.1808136232083861
-0.3607195743947583
-0.1291083112840603
-0.0283269639787585
0.3763758173708642
0.1823779447933714
-0.4870684610631552
0.0773589976886816
0.7622709571912591
0.7717120388682801
-0.0555165922248447
-0.0469219116428539
-0.1969940319755041
-0.4324219686070075
0.4163908784944223
0.5518620049182243
-0.4523372338197275
0.1061828356771769
0.6178561212033716
-0.1514825174047083
-0.2736264246153242
-0.6831714899828265
0.2938711054255813
-0.0811890517709390
0.1150417738825035
-0.5714585443067356
0.3170573275354493
0.5295290795309908
-0.0742207917566776
-0.6584725505231088
0.3869670203909338
0.3531647670003950
-0.0776871977161291
0.4711004747740297
-0.1439122045704174
-0.6103555794855878
0.1779943621138127
0.0157416853204304
0.5940453627738776
0.1572504988446969
0.4751235198301850
-0.3827097343883198
-0.3394386715090771
-0.3605703501428301
-0.5981919354218355
0.4405539699918910
0.2058637239273788
-0.1540565438497449
0.7755577076979416
0.1225945520425366
-0.3511121271503045
0.7290986523101551
0.4382918794463814
-0.0452647264885892
-0.3264658140245713
-0.3689565098500914
-0.1776447417158777
-0.2444887515562174
0.2864111458635906
-0.0506677698257649
0.3354192381634494
-0.8275911548016064
-0.2412747358354483
-0.4250262056853785
0.2844203551712102
-0.1816362722054917
-0.6768360319962815
-0.4484360788706520
-0.2150909566274436
0.4328603521908555
-0.2380237595634291
-0.4391413068129134
-0.3231395777679676
-0.4852461191725064
-0.4724918360597434
0.2162209784486460
-0.1771146460448983
-0.8711819156137747
-0.3332269263927846
0.2276062332879872
0.0087280374590613
0.8804087319902708
-0.2439410523604607
0.2084937859070702
-0.1638141182015168
-0.1817471064112215
-0.2490712605574938
0.3930646696615985
0.5958882507831272
0.2363991609398189
-0.2500436681453362
-0.4102740263771751
0.4513160556085714
-0.0018239538110306
-0.3543360641441690
-0.3687859813241398
0.7915295392890640
0.2922814209520408
-0.1627638971553709
0.0783915932408749
0.1711752508254143
0.4728232742669171
0.8506199504079519
0.1222515070563300
-0.0499220584106357
0.4026942828472675
-0.8300310129878863
0.2830766075627004
-0.0098846813167531
-0.2313757991243080
-0.1229674710892075
0.2361417370807287
-0.2776797448344795
-0.0925054186754984
-0.6550247985797862
-0.2459729395696409
0.6074649068693643
-0.1640357958471353
0.8266895680762791
0.0720204538576247
0.2122743804247914
-0.4608228094507810
0.1645344816321309
-0.0775706351163801
-0.6557959927893006
-0.3166013970371389
0.3161502831986982
-0.1899798172231637
0.5723937764201366
-0.0264377641645933
0.4555276461556078
-0.6267488887973317
0.0202732412884572
0.6139502986292918
-0.1470899898221565
0.0831273346681587
0.8102092731509165
0.1913230576828268
0.0982419043922136
0.1820800383527099
0.5071899598621725
0.0398518006327680
0.2431612078183271
-0.1633243836455228
0.6061771440570951
0.7304219144651852
-0.1079013604977529
0.8280767591886816
0.0043746581567017
-0.4524696349110101
-0.2674454280447328
0.1318409137155890
-0.1436380493799874
0.0564444470170785
-0.7495538590819338
0.2857702884141618
-0.1599204057279287
-0.1355770123774021
0.5562038444155486
0.3515527114846008
-0.2876948017468990
-0.2739186911668905
-0.7058179763648977
0.4026333551285005
-0.2414918389991318
-0.4033555212797926
-0.4227753698067061
0.8061853335310515
-0.0133764730930704
0.0861001913427504
0.0322233635064546
