0.7902972039806342
0.3049332305313490
0.4147744403346291
0.0235632229750909
0.3314407827444120
-0.6319536650650355
0.0276600165700216
-0.0125355375859687
-0.7518544634392998
-0.1855457215837879
0.1818569901894987
0.8549710658601400
-0.4653321166919939
0.1256953013835699
0.0601599870863906
-0.2902407308571530
-0.3215969241770743
-0.2748342582863575
0.6907389273493478
-0.5095896400318704
0.0355425428420414
-0.5174829266743151
-0.7802355695560665
0.3482376810076612
0.0301847937682903
-0.4937558008553926
0.3904372360332251
0.5964038951039975
0.4162594716388461
0.2734856852124336
0.1673143440189430
-0.1057349785078166
0.6358696733022612
0.4323333042250764
0.6079339579574129
0.0831945094948853
0.4873842043164552
-0.1776003846968530
0.8130141663493250
-0.2510007562609394
-0.5559097853684459
-0.0795135854611354
-0.6858768067602459
0.0899553236426408
0.4540076496662135
-0.0908480430489789
-0.1162037566630541
0.4304615117916805
0.8862917297134050
-0.0862158727799360
-0.1123513398264407
-0.2017177755288148
0.6088693642479417
-0.6127369438409966
-0.4477930888341322
0.2239848894849505
-0.3169914615852691
0.1315821506208816
-0.2133677076226626
0.8868526041830644
-0.4922301689413445
-0.0827111481184827
0.6603484746833768
-0.3384947141932615
0.4474701634829500
-0.1690708063843730
-0.1674318383680230
0.9415519728285541
0.1654551027589054
-0.1717152682871853
-0.5423000102247186
0.7724310883344707
-0.0397494120736459
0.2631466066597128
-0.1960478521381280
-0.6885720039833645
0.2389252720953456
0.4916819477098471
-0.1061175504185918
-0.4645118270549279
0.4078027734976455
-0.0704977633723767
0.1676506303340156
0.5621570317927513
-0.6961319566301285
0.6107898073893751
-0.1350592813587001
0.1821862351415377
-0.7370753288868218
-0.1795074844664074
0.3601823424291353
-0.2971273348809556
0.7631728327203597
-0.3439340427301603
0.2850624996692336
-0.3612598821250729
0.1221352338620306
0.0265009721153859
0.2870460266062913
0.8783373835280640
0.4855834522031131
-0.5612782741691917
0.5439401779219579
0.3826817882171303
-0.0828199354100758
-0.5495130734147928
-0.6157918577133530
0.0046423354915782
-0.0540908354216042
0.5620395007156906
0.0345707550548953
-0.6657297664132613
-0.0209613004197866
0.6192580487995358
0.4143535131840710
-0.9461527878989459
0.1986646819058969
0.0229323560524646
-0.0590235794965977
0.2476238482528951
0.0220694701553265
-0.5371396668804073
-0.5744126098646075
-0.4006809644610547
0.4695730348920790
-0.2005409338790244
-0.6350959677445757
-0.1600853381228055
-0.5284749755685648
-0.5015210168172631
-0.2582242209770374
-0.4205358822197940
0.3521728961088480
0.1276280530591915
-0.7849555113412789
-0.7567362439488006
-0.3999837885233431
0.3509900409008929
0.3699413100153406
-0.0855140008729465
-0.2937750640542326
0.7750489567113306
0.1727492552923853
-0.2013852930638451
0.4925413535675205
