0.4522538824689499
0.0597627875763264
-0.3394301905033960
0.3983725545482498
-0.1413475009198371
-0.2449213762638122
0.4635091745776156
-0.2573054667177442
-0.2652352486085479
0.2943112243497661
-0.4114409996876226
-0.2620102045532056
0.4058143824529870
-0.4092726724568722
0.2002688591970238
-0.1288342642557516
0.1281417162779279
-0.3420144784808739
-0.1996798215357771
0.4471078229914937
0.2521434791116440
-0.2947195280773176
0.2362414274174374
-0.6035217247715815
0.1477213679789875
0.0991989254709872
-0.1400341081152735
0.3245519344591714
-0.4777527599119268
-0.2113346702256649
0.5203080408441727
-0.1059188437974017
-0.3113617692533069
-0.1210091253277587
0.2367631019179410
0.1572057478964189
0.2076566202846538
0.0329639873849639
0.6525858930497667
-0.2358489422808198
-0.1584703489994795
-0.0792177042168101
-0.2714761794142754
0.3829230571402006
0.2497846073123256
0.2123598210664699
0.0959065157017392
-0.2400377980372342
0.3039792735306261
-0.6939550947411922
-0.2756716077335168
-0.2307171706163212
-0.2342659274469375
-0.1532073281354861
0.2852747532243304
-0.3368707937377276
0.3034898828900378
0.0944544232127016
-0.3469698435122179
-0.6133044153002603
0.1700779523309319
0.0753363473335512
-0.6340190268895410
-0.0623398063586472
0.3497265767244447
-0.3282138622233118
-0.1186666720916041
-0.4406366038516047
0.3220330865149283
0.1324795253392614
0.6831394595048710
0.1006474214782695
-0.1498059023740187
-0.0957675253159516
-0.0971550496780595
0.2157849258089324
-0.3994993634663292
0.4373225795871202
-0.1304967781669614
0.2601824765485330
-0.1642219465850530
0.4017590444263180
0.1434103114350777
0.1229651863163595
0.2257731673240823
-0.0567070094736461
0.0248633601457726
0.4813800788759575
0.5120309529637950
-0.4766801822956132
-0.2149152885653244
0.4029913761810688
-0.0365735029581862
0.0713043819901527
0.4325320321260258
0.4222454742597370
0.4361029856543077
-0.1389194441945040
0.4583439111512899
-0.0069761841768422
-0.3938044624936122
-0.0019018970207031
0.4617546656660106
-0.1474922913105102
0.4177108650720339
0.3090806535109953
0.1464775696632593
-0.0963421811935754
-0.3764044261510148
-0.4092823931661490
0.2943352557208446
0.3101835632372072
-0.4482586025682343
-0.3289105930790943
0.3606923783720158
-0.2325269157810697
0.0125427036616912
0.4667032249107175
0.0204100384170367
-0.3247790229023962
-0.0739301777716750
0.5419610604372656
0.1869500905382136
0.2205373606882896
-0.2967469587297524
0.3059513708721688
0.6411975054182328
-0.0240768656769600
-0.1537620713553029
0.0142745968762320
0.2147166064542133
0.2749676742800532
0.4431102441214451
0.0463235212310121
0.2708576508866547
-0.3320286084250408
0.0775893800128318
0.4698191427495182
-0.3865875223348542
-0.3463958499795039
0.3305985981597193
0.0189642976740602
-0.1116229754303322
-0.5265029214292084
-0.0144446431868545
-0.1930531678521561
0.4167101011560809
-0.6167145448389585
-0.0927331915936080
-0.0248626429010789
-0.0361554987881461
0.1905543028618342
0.0691502152734300
0.5221684495790935
-0.0976439476860916
0.0516432741845157
-0.6378294134367449
-0.4099935232823240
-0.0253778488746575
-0.3117270316796138
0.2118449914333048
0.1519542916423717
-0.4088411666097088
0.4167920619460839
0.4362060557373613
-0.1211190464181730
-0.5841873633526882
0.1915584626759248
-0.0385427612389871
0.0822451178197451
0.3105345434674318
0.1286462068553524
0.0661502497378172
0.0726086199275238
-0.0949897672900045
-0.5807221039665955
-0.4637046471535229
0.4777224260013425
0.2415523602565356
-0.1718170735985379
0.0397610939989113
0.0769888448133427
-0.1708940156739707
0.0680367312679164
-0.3183921131689441
-0.1325587382467024
-0.3567604284834042
-0.2009548189623518
0.7484301325811908
-0.3345207751671375
0.1847387788322829
-0.3770523576444321
-0.6220528020366493
-0.1268533246497362
-0.0618092040133628
0.1977373725114600
0.5776268248068920
-0.0782835593389158
-0.1148747842614302
-0.1573655681752553
0.3979295060725380
0.0461302103063350
-0.4533935182074660
-0.4788657527868735
0.0460764235609802
-0.1329103344166061
-0.4222336913025859
-0.2170784091427489
-0.3875647665841405
-0.0961615955670363
-0.0711299600736279
0.1421877878453364
0.7014331630395082
0.1452158698989510
-0.0493827502811933
0.2323404248735078
-0.0627688563583498
-0.2302226973310770
0.3510265769902100
-0.4743882631150595
0.4103691517693950
-0.0439229401464389
0.2384957227561351
0.5583358980103514
-0.5544528873479865
0.0021029370332542
0.0758213531113986
-0.2266370970817233
0.3000520766959293
-0.0805097702236458
-0.1713945941540547
-0.3410283422410569
-0.2122533457039772
-0.5187874826839186
-0.1727652130249774
0.3116651736901027
-0.4715230494870823
0.1551038664606485
-0.1553910880540598
0.3776387728675671
0.2466480510736902
-0.1357096934618192
0.3423817642183494
0.4549802994388233
0.6660887387447736
-0.0239683718968526
-0.1840505069541392
-0.1349694622279321
-0.2866478395894165
-0.1341948327466334
0.0171621842498007
-0.1743227124731629
-0.5036590705601995
-0.3435233066719181
-0.2610703140766472
-0.6455824574887802
-0.0658759532981174
0.0307707367003745
0.1534211370098379
-0.2896159296597124
-0.1917838435746978
-0.2882227840056937
-0.1871853019525883
0.1282782723198137
-0.1697595121217543
-0.1225088893322543
-0.4859903632743482
0.2322251176019185
-0.0432601350963902
-0.7020253799234976
0.0958269894984342
0.6931816079749440
0.2095181109610293
-0.2243754460449024
0.1876447661706247
0.4952284027101891
-0.3091738629519155
0.0910360457278611
0.1705551743601270
-0.0514531929321120
0.3127069970634290
-0.3966118860649629
-0.5350475381678210
0.2430511769301048
-0.3799838620508652
-0.0053522834250893
-0.2738051340550867
-0.3579907527245019
-0.0687317155632476
-0.2174776806033454
-0.4123706512723213
-0.0466791975529626
-0.3794474430360854
0.3354523268935162
-0.5542256822304323
0.0791456840249814
0.2745930658783383
-0.1693533821042020
-0.3045934223189442
0.2469284388603727
-0.4490834535687302
-0.2246415140657055
0.3901317083146456
-0.1563003872418578
-0.5591201234125278
-0.1642209324155203
-0.2722606141201162
0.2435617597855218
0.1869837561206140
0.2514612416903881
0.2664155097795424
0.3864386957022623
0.0238076720311237
0.2879227297299602
0.3555126597351485
-0.4900654201918808
0.0455640986608112
0.0981635507193690
0.3847659929999145
0.4122028634356234
0.7024569774328974
0.0678485389230976
0.0235215027510142
-0.0340253055882982
-0.0880907597262415
-0.2877077053420617
-0.1415048034523219
-0.2711112130104610
0.0977951934557330
-0.5537285285808622
-0.1358822731548692
0.4597518849509941
0.0625983029025436
-0.1672062302011827
-0.0928084484657326
0.3527781306092023
-0.0377328894996270
-0.6522019067896082
-0.1719356301870705
-0.3858354112070938
-0.1009888125338909
0.3744319040396263
0.3374069139366073
-0.7138377678241662
0.0819330865660909
-0.1783261265909667
-0.3198199066801999
-0.2031809961803375
-0.2027640896683228
-0.0547760947847493
0.1019746097881091
-0.2772046734546720
0.1287466715706676
0.1134226720451605
-0.5712354982446030
0.0705543972950075
0.4262885946517348
0.1908140128206571
0.1572260275247618
0.5560381690284856
-0.5807037655678733
-0.3446168944420493
0.4637406601392981
0.1154531650800961
0.2982706129688035
-0.3469920547072122
-0.0741077137529904
0.3017927241704187
-0.0843296030192594
-0.0508563800418755
-0.3630460482229452
0.6592154434327658
-0.0120589831245532
0.0484053328209475
-0.2591046108342256
-0.2194157167232413
-0.0022848799212459
0.2347996788836099
0.1032533642473548
0.5000682428236300
-0.1991497312915807
0.4257928392843596
-0.4941707621812704
0.2507304717467981
-0.1884409854585402
0.4967859559907837
-0.3327998958337498
0.1141095543870902
0.1563769670931795
0.2035498044866808
-0.2545698134298565
-0.1243390695607905
0.1491498418572660
0.5389667066529541
0.3571431318933299
-0.2000621769867565
0.3533912927392053
-0.2725454966122975
-0.1835294820979654
0.4545080901796264
0.1231075366932157
-0.2944731259303518
-0.4458505507458517
0.0416586139468901
0.3036501808969498
0.5020631035326988
-0.2113682791011282
0.0475061526922672
-0.5532265347366669
0.0186596843384544
-0.0682591782057923
-0.3344605535502016
-0.1496784635924572
0.0989082607329144
0.6659496073996568
0.1487271122613977
-0.1495005108595500
0.4781037736797256
0.0609577746914420
-0.3619837444391522
0.5596932383547421
-0.5312085569006809
-0.1889954099424002
-0.5228830507851534
-0.2389788924978995
-0.0549156463415552
0.0066856039204455
0.0502513063733779
0.1230173037787415
0.1326846292686386
-0.5741190600366726
0.4768845332653986
0.0489036360282926
-0.3830989795433428
-0.2169039724660480
0.3278866107064251
0.0463813229622035
0.2093775956696669
-0.2808924593221635
-0.1198512075309450
0.0721424478022662
0.0411172267331417
-0.2075719080427981
-0.5068967255320792
0.3231043473990889
0.6521717124218493
0.1799115833454736
0.0611349606771911
-0.0080375345163580
-0.3566228098927265
0.0090096411333970
-0.1707571951082925
0.3305174759716620
-0.1017782153382737
0.5051364670537127
0.1418840534620435
-0.4060891030389871
0.4401029604081738
-0.1454713808230211
0.4428378559533310
-0.1127793636674910
-0.2186458776234040
-0.0598527893643772
-0.0196614522911850
0.4159695422370586
-0.6091234829429238
-0.1763084189282068
-0.1425869510280060
-0.5625190557781178
0.1536242278574370
0.0785398911245501
0.2257680912139118
0.1163335388538868
-0.0366835630044851
-0.1802103448171403
0.2173960950345235
0.2782285417566419
0.1475242886506719
-0.1638343975910186
-0.8498399854652049
-0.1723657623526209
-0.1682966286936564
0.2440936481551275
-0.4233290275732791
-0.2247996607349936
-0.2833774810413486
0.1891507405635844
0.5885197308079659
0.1150808575878897
-0.4206689314247331
-0.3523952950582296
-0.3504682312623106
-0.4156995371957564
-0.2194771250310084
0.2037106081064665
-0.0111295951363331
-0.1586670349155786
-0.6148611095696247
-0.2336186636120924
-0.1805111894012439
0.1683668150421589
-0.2268983364129321
0.7060910037153274
0.0311162335128904
0.2242489834354787
-0.1249851258628448
0.0260898253229650
-0.0853492189941575
0.4227288270576894
0.4099552626289776
-0.1896832003090777
-0.2746921216836757
0.2290394600752554
0.1236828676910103
0.4940634466855771
0.2946346788512322
-0.1024352855567036
-0.6133007854984599
0.3213460538558249
0.0023632376452151
0.5988234863765247
0.0875513118955418
0.4627834009196194
-0.1441528471135225
0.0635263170902615
0.2289806339393260
0.5221433742083104
-0.1060086707482332
0.1142127335511311
-0.2131029487374433
-0.3263589430044159
-0.0095642564450351
-0.2254419072509673
0.3443387706440377
-0.4433549389870687
-0.3856913577862558
0.1077477227650884
0.4656330474122547
0.3662545107442208
-0.1269552053556146
-0.0553187222521821
-0.1040137550027367
0.3198313066112916
0.1874464803713187
0.2929535354604974
-0.5980229767488389
-0.2940524105427986
-0.2974437075302428
0.3171524645653738
-0.3601585905024765
-0.2653921038607905
0.0475426256115077
-0.1556604203654769
-0.3080120233752834
-0.5826244213852297
-0.1157476500774518
-0.5286307225401676
-0.3763585530799736
-0.0836933144685767
-0.1650928522885261
0.2386725190910587
-0.0439167284416223
-0.3424070091323403
-0.0861371989452963
0.2162216377505481
0.4849030541913337
-0.5907348133983384
-0.2943068726304814
0.2749521578102564
-0.1529017983222692
0.1944611134377729
-0.3988918718082648
0.3994363076723413
0.5046759186811524
0.0374802423764868
-0.1641485308338437
0.0144590606885210
0.3793152796481844
0.1781380346412476
-0.4297105877708061
-0.1376609943084015
-0.3999418064053633
0.4952028246669037
-0.1485324904348383
0.0307305216175566
-0.0039755717727320
-0.5394368109547137
-0.3916829744992171
-0.2602200203228240
-0.2018068612069912
-0.6130296009922475
-0.5491297374544510
-0.2152358073059941
-0.4271581051946778
-0.0176619812899734
-0.1453554210500113
0.1177601662168539
0.0910986084016193
0.2207533711678804
0.0390145111015271
0.2111194366874429
-0.4680679982044261
0.0699292845212142
0.4449245218841686
-0.0552591757944821
0.2283434568730904
-0.6011248761724967
-0.0230997606611230
-0.1366061004654220
0.3126543527852530
-0.1512789150517224
-0.2402110002228897
-0.2617788805048036
0.2086056373178089
0.4289872334759516
-0.4717680496820444
0.3786072462521954
0.1054542203878982
0.4748482072245639
-0.1443221134502694
-0.4942379772239933
0.1440114466260179
0.0138295263072572
-0.0414130094013798
0.2810483116123962
0.4663863573216961
-0.5290439593809522
-0.2571319975438850
-0.2634321899715954
0.1455264593710106
0.1364767435071247
0.0300778068524073
-0.1359194809286655
0.4935910740152383
-0.2647348587791087
0.6894073443787525
0.0608312899760005
-0.2329964892403118
-0.2350855688796929
-0.2444240248075121
-0.1488321204974545
-0.0462993393506154
-0.0714011689844614
-0.1208333860244805
0.0161128259438466
0.0055133755074913
0.1941063204696292
0.1745534432686427
0.8344016756881408
0.4374290707185347
-0.4644942155749253
-0.4112705612151236
-0.0549333460342838
0.5865223958153799
0.1168305191224365
0.1364405421082471
-0.1442511153835060
-0.1303211662561517
-0.3957356089337747
-0.2034979147425147
-0.1092082501730952
0.2998663362712574
-0.0208481879163782
-0.1585398087978275
0.0091698053497734
-0.0456745358397293
-0.6609824696698260
0.4620792482296393
-0.4526939455422493
-0.1227481438234734
-0.3986017508731580
0.0187387178748946
-0.7002778745768334
0.3224546743507929
0.3862225902318562
0.1651413869688047
0.2072936162104086
-0.1050776506089480
-0.0576120545465300
0.1123775525502911
0.5800490845089661
-0.3583640190051570
-0.0411996265025188
0.1210272458931864
0.0843108146466578
0.5636577039699471
0.2084433191877365
-0.1043167721239998
0.0189366776879653
0.3731832810256383
0.3371284192796722
0.4265397185506516
0.1898135550653515
0.0061582199130229
0.1018480707885906
-0.0192982847537747
0.0279728164267961
-0.6397416146865693
0.4949492618084955
0.0506867926631762
-0.4181493942093835
0.2917989342291004
0.0178849942811194
0.0543922440165514
0.0969930206641643
-0.3933820615037187
-0.2968346334496871
-0.6496133888825272
-0.0213619940585149
0.2490066165470569
0.1434708232310650
-0.0679449346290162
0.4597276516444600
-0.5255696743027143
-0.0504621726475247
0.5649002068293010
0.0674484997888505
0.2075151642291526
0.1371665081050886
0.3148673427140556
-0.2125587558653700
-0.1975398029209106
0.4307225341510882
0.1764134112032165
-0.5480815743010340
-0.3710532344153917
0.0402624765836959
-0.1492068969034697
-0.1464038836370168
-0.4645012716693070
-0.4875660359764227
0.1423226343873213
-0.0320894529271878
0.0872321061086506
0.6405379200936921
-0.0877485996101611
-0.3091787058092696
0.0920589994056560
0.4147996378831457
0.1981684638912604
-0.2579486703218890
-0.1084175298484713
-0.1437583725503265
-0.6140313000222015
-0.3143653680715774
-0.2851108376488727
0.1822971144610631
-0.0169019471177066
-0.5561091507805882
0.0334385987853129
-0.3778974536662127
-0.5489407709128989
0.0130734790298172
0.4183797001894179
-0.0222246240569595
-0.1373988192616921
-0.2623350082429636
-0.0562798948285310
0.5259450738511701
0.1125494641860866
-0.3178874758039451
0.0528585411712974
-0.3129971990461214
-0.1484669910604519
-0.0721081816483778
-0.4993895566335152
0.4850496162436186
-0.2471104380090858
0.1529835199452563
0.4492367505066320
0.0097111363500992
0.4116001780749796
-0.1235598504562799
0.2512666989413397
0.2875146727111357
0.4643687977030671
0.1023552420495632
0.5347595943105071
-0.3440442970163139
-0.1974209505138267
0.0132369560814013
-0.3590508512040335
0.2391753014597268
0.3501974852565954
0.0077848153490524
0.1518871783939372
0.6816239231149043
-0.0407997417256250
-0.3385250859084954
-0.2950573201052436
-0.2804877583154393
0.3752085025750048
-0.2088125861859357
0.0470212807971006
0.1382768423487552
-0.2101298617828614
0.4169181220534157
-0.3917936977737925
-0.5856295444978769
-0.0342267525441372
-0.1474472643967602
0.2120480910996076
-0.1338053969718956
-0.3502598965909356
-0.0069773161130725
0.2021200550231247
-0.1244781544848299
0.8020877764701166
0.2190737592428892
0.2120728841365538
-0.0078489809936301
-0.6056238206668703
-0.2263665856993097
-0.1269486655010672
0.6391400100956801
0.0184740000957057
0.2408811551915954
-0.1089514563656714
-0.0555573784665158
0.2897902211725016
0.5220271900493895
-0.2579605770303008
0.4972314728976028
0.3487047886212934
-0.1041616163326428
-0.1520481606847307
0.1250996574732243
0.1234995320237410
-0.3775762297734516
0.2909907778872361
-0.1397405776501779
-0.3891762020654499
0.3520649518971186
-0.2782112197789771
0.3804491212662510
0.1945477349776474
0.4021852272432084
0.1190193792272382
0.4551819573064391
-0.2489250943152478
0.0465561504354979
0.3544901266257568
0.7418835713558279
0.0409668384630952
0.0729748409140151
-0.1645561685989375
0.2031554481677690
-0.3686772066480377
-0.3249510376635812
0.0700535791310508
-0.4790815524734035
0.3084167342261427
0.3401766266384505
-0.3071093300606567
-0.1573893393906036
0.2739566946029743
-0.0526022047024485
-0.3553455072380228
0.4171963686156791
0.2498195350568483
0.0018236843406710
0.1600779115293023
0.0681180580184339
0.7401654329955037
-0.3369279567967665
-0.1068259804564515
0.1135050450534924
0.2887738215504302
-0.4112473436101138
-0.1776414009252416
-0.1294994526581868
-0.1718987060257099
0.1285724382820368
-0.5259773172607796
-0.0455051278647222
-0.1245566028096395
-0.0131952295995164
-0.3633176497666888
0.2213763178730997
-0.6795081674804159
0.0555560043014177
-0.1985540146280733
-0.1471200672631313
0.1822621565741988
-0.7586449614781484
0.3339980397331812
-0.2791929349195056
0.3673380152366125
-0.0502147975562570
-0.0110326510052475
-0.6615793198913343
0.0180106420120505
0.0148567292199524
0.2785055614521809
-0.4481225897435548
0.3150579879271476
-0.1508827101341269
-0.0837956258754595
0.2357271101569627
-0.3142807491911002
-0.0393996766658569
-0.8638384245421806
0.3794508608607595
-0.1136550469731618
-0.0714197139591230
0.1461845890283337
0.0300281363421893
0.1646496407179661
-0.0823547871749887
0.1845703186048678
0.3304062384053780
-0.2454162283207511
0.2472661893353763
-0.2643539282211592
-0.3752943722510817
0.4357170051155578
-0.1040342946832933
-0.5474001862997412
0.2157032201446212
-0.1090223497408880
-0.4945729153216030
-0.0573806055570653
-0.2708236196403901
0.0169026203135481
-0.0026680016657492
0.3188808026655215
0.5069359339043585
0.4288193268462055
0.1412993153306564
-0.3405089261574264
-0.0258297260894735
-0.6130201290871176
-0.0619342720164331
0.0156635667328422
-0.4674079929529496
0.1027918591477399
0.2235614839903152
0.0371773124718644
0.4096419886223970
-0.4138273776572894
0.2520146367693362
0.4209016401985826
0.0420982324734650
-0.1231160704426777
-0.1020871951448888
-0.8074958615053849
0.1013010198005572
-0.1367321489157503
-0.2256719470292862
-0.0066209936498387
