0.0369523074760479
-0.2668734802110747
0.0300579935295927
0.2249891170223151
-0.3867468322589587
-0.0304468213396615
-0.2623056021143613
-0.2699995499936060
-0.2335223295167399
-0.1170389773009662
0.1245080144986943
-0.0145700613947744
-0.0979773459101977
-0.1744306771375651
-0.6780224371634405
0.2292232878312547
-0.3433365930843597
-0.1854163666839305
-0.2988753030174769
0.2567170413194078
0.3104569075173660
-0.2959101840976082
0.3329987810534855
-0.2326682962957438
-0.0913812234930073
0.3892974195658884
-0.0006073312030264
0.1007973239698122
-0.0699283257312550
0.3406535649498294
-0.2452057661054634
-0.1832255008279771
0.0927658309897502
0.1089337537346750
0.2653257402392243
-0.1607032225599847
-0.0807173511558562
0.4097068952303959
0.0151179137724451
-0.2471788916322742
0.2726736874674551
0.0347780718412808
-0.4125009913012513
-0.5371390729494530
-0.1402509167329025
-0.0602561310751831
-0.2030164534523830
-0.3121736065612281
-0.2629050439182556
0.2135507062529321
0.1981083663819647
-0.2325937737762892
-0.5001358051421871
0.3781124374806686
-0.0921943629465901
-0.0096416892144231
-0.3109236704049292
-0.1659159966446560
0.1505521544039375
0.3179091117348623
0.2991719213637929
0.2290442954710741
0.0086210254518839
-0.0735569802976989
0.0289623328895189
-0.3733972464715737
-0.0035950109287802
-0.4188296280271141
0.0159491336539386
-0.5017456472885754
-0.0166175317336822
-0.2426746399138541
-0.2892412985896859
-0.3765377635690796
-0.0155887804012829
0.1524260124176292
0.1362269094665531
-0.1153470289302854
0.3319879441510535
-0.3166912000657671
-0.2420581245079302
0.2399654112062187
-0.0065383440218613
-0.5235033244563685
-0.2005621138128092
0.0182564014208806
-0.2572478824651407
-0.2295465919920151
0.4018792896935056
0.1522719427681233
-0.2350776368574147
-0.3135381795129356
0.1341349582827979
-0.3232090401143905
-0.3627131015266093
0.1418427920117183
0.0054321618015382
-0.2927532885895003
-0.4061037010552231
0.3284756732972106
0.2919028323043393
-0.1648508144517795
-0.1576721741559505
0.1504623418417978
0.2320838354095740
0.4758056995358267
-0.1039630504534949
-0.3681136468582892
0.3044905612142466
0.3335605164252331
-0.0464015239868099
0.1836487733695779
0.1243677585204978
-0.3529365341833627
0.3598016714857702
-0.2180424710424267
0.1556299227480528
0.1625155147488357
0.0137758271685149
0.1399386749458289
-0.4095258134307068
0.2308309778089511
0.0459198500813989
-0.2094271653789152
0.3279361099264145
-0.2603401407437888
-0.3914618130556995
-0.0457711769358369
-0.4027190820967302
-0.2164007446570130
0.0211514916036685
-0.0872333402364565
-0.2622377651198967
0.1653035699713217
0.2986937670479077
-0.0878651776873529
-0.4338209151663744
0.3411150401046220
0.4626851379522944
0.0934768785799926
-0.2893900788780814
0.0334168704514849
-0.0140803802372601
0.2718274026252397
0.0670233046121181
-0.1118341859639105
0.5115083902974279
0.0869814260177610
-0.0270555361691811
0.1378944471060221
0.2022732264706483
-0.3662657610386502
-0.3580527896352486
0.1094302522780349
-0.3889394729272646
0.0473303361771092
-0.3428262547211216
0.2228973783082563
-0.0176140076394318
0.2704561567207306
-0.1910554693046023
-0.4925940813324640
0.0073883629893369
0.0990481493037800
0.0394710815904546
-0.5082438581844730
-0.0728165549691087
-0.0150053785213088
0.3087693706485967
-0.0280021713171190
-0.2371704644683597
0.2018805190617740
0.1859767361905511
-0.2570885320842058
0.3819293553717007
-0.2558006330755362
-0.2069344466719047
-0.0892517219450894
-0.2505612123692010
0.3427506924432796
-0.2779822886513539
0.0871290067438414
-0.2836566111186867
0.1767387996701812
0.3041976757505755
0.0135184364336885
-0.0061229395460185
0.2696849096232565
-0.2830041596560419
0.1103347545438782
-0.2678382021496345
-0.0994814704175037
-0.2926620083822736
0.2214427984461285
-0.5739018644793588
0.2125119073180000
0.2713648943651644
-0.1918174244350158
0.2795763154436899
0.1039311678986753
-0.2464527801720493
0.2190406904097129
-0.0789262579526936
0.2727648878222191
0.1618814219497660
0.2338246583446427
-0.6272321576322398
0.2907077714859899
0.0212776192921489
0.0826433869779109
0.0899820371546162
-0.4243628413283131
-0.0335027858120037
0.1245302363557937
0.3667589672343158
0.0127729512061861
0.2462798532455525
-0.4759025203384709
-0.0523889652319870
0.1436477237457347
0.4646200178949917
-0.0208048743698125
0.0629026474686987
-0.3566787900576898
-0.0501652646711847
0.1469998610214725
-0.1712990790479500
-0.2133756497120132
0.3013431213454514
0.1369982444886574
-0.3444685212150723
-0.4966521035113219
-0.2876016568003868
-0.1024477756721491
-0.2955512306247930
-0.0260873823405692
-0.0401106739124803
0.4570475971483909
0.1778429358274523
0.0724541611033198
0.2331564916191523
-0.2830604519002260
0.0326639926375652
-0.0930760194081375
-0.2401981122495815
0.2497329319157062
0.2866816913772892
0.0700883260563410
-0.4974681081601694
-0.1796053157747573
-0.2701235589097715
-0.1893760008031081
-0.0185847161981588
-0.5056941315318038
0.0631646416839167
0.2964035047939747
-0.2010501037905197
0.1660073811709541
-0.0024368365479105
-0.4963766378459242
-0.2161849852211080
-0.1091172166084720
0.3109003971821022
0.1895567180541422
0.0142054335485233
0.3261532135445000
0.2185652276522739
-0.4684997996480157
0.1802938484880487
0.0137817181334708
-0.1771221980806333
-0.3264155496372521
0.2739447646775753
0.0082475498786857
0.1732505426997750
-0.1175597693095124
-0.3030296912289092
0.0065976627450990
0.1201352650901570
-0.2573093273787456
-0.6671450309121528
-0.3047812473058344
-0.0955786392918060
-0.1123534978020742
-0.1043409281695707
-0.3279013088914406
-0.0783526868740447
-0.4211197851347821
-0.3276281792621719
0.1595284984877260
-0.1536623133377658
0.2997188370825207
-0.3017212275219319
0.0217416110455146
0.4232506368325160
-0.1412309280926079
0.3929020528153726
-0.1094597313466679
0.0732353013536672
-0.0213101492608561
-0.3398073598967246
0.3565950391368399
-0.2102865073317794
-0.0180765137435804
-0.3435178438311018
0.3125344129533389
0.1802004648065072
-0.3132158763508776
-0.1052414498470925
-0.2318162038051392
-0.1765555300335769
0.1573010716147805
-0.1584070470052893
-0.1195057507227642
0.4543794507424598
-0.0861767117488554
0.0677243089790031
-0.7040201162140834
-0.0134776200512567
-0.3952453782361677
-0.1989171890787957
0.0653785043260604
-0.0350963891043742
0.3776981478148511
-0.2835493547389228
0.1248576122998766
0.0048987047652005
-0.0603784448340948
0.0501817205317836
-0.2145568684420276
0.0825418279118097
-0.3456550328761759
-0.2357865774324794
0.2323054735217830
0.1277727754667578
0.1707305102916825
0.3535890852443253
-0.3851731800135074
-0.0395129929947563
-0.4388710618666206
-0.3447857783418883
0.1966249742392848
-0.0870617683947318
0.2248295316649955
-0.1882926547712158
-0.3244424095882510
0.3743321790615937
-0.1703730909360807
0.1159630975711084
-0.0013655025205211
0.3184923797172307
-0.4650723950574387
0.1857096778814999
-0.1489926205401043
-0.2341874017811851
0.2639223870556668
0.2525216192118985
0.2924881935938242
-0.1037209112421925
-0.2305348765807421
0.3818418258570714
0.4967908084724279
0.2088474181521690
0.3712586787367346
-0.0936672398394911
-0.0632889671902216
-0.3272221110404911
-0.2127931065930208
-0.0995536220746335
0.0503092799837859
-0.0567542628412029
0.4182887914194670
-0.1429225099427366
0.0408255886682478
0.2192923196236148
0.3613448798497093
0.1798427433769388
0.0425187086472315
0.0953319610630377
0.5107305568755203
0.1151314769791285
0.0612077556448577
0.0201846678962348
-0.0030502055968065
0.0455607370235184
0.3339675976861829
-0.1722238793218566
-0.5957655709874459
0.2171252663199721
0.0507461418749450
-0.2414017420738545
-0.1408803457782556
0.0106952969080607
0.4437783239259120
-0.0637422455375637
0.2039434277247142
0.2106019223780383
0.2562126780516378
0.5088980963490184
-0.1341782560427337
-0.0751143413725400
-0.2819939251887911
-0.3015617120435458
0.3076631477071348
0.1463910572386077
0.1790947678065470
0.1037892464041562
0.1521288732952989
-0.3548765513478151
-0.0540537231504811
0.0054868175197224
-0.3988847328895943
-0.2238351597519014
0.1001877309514918
0.4778820490116198
-0.2503290228993902
-0.0445655368896464
-0.4168518523075673
0.1420834957642070
-0.3144780582750876
0.2731311383779482
-0.0017991042687062
-0.2413011623356595
-0.4559258591664383
0.1632935428536252
-0.2808264302797072
0.3795540309418977
0.3802644416055382
-0.1959960726684856
-0.3322487263511514
-0.0482393022554146
0.2134038891734756
-0.2276354302551511
0.0869653590868745
-0.0951742706166475
0.0416980340172726
0.3748790546589123
-0.3801755802659454
0.2084440040210825
-0.0046646168158850
0.0670707729690185
-0.0562653564415152
-0.1208546143136048
0.0436189195468358
0.3877831067733557
0.0018716218081857
0.0043299726924362
-0.1841560849329772
-0.6420313914942699
-0.2214370054130837
-0.1025829262580432
0.0816304852307852
0.3220545793822586
0.1816151543771788
0.0419741216132850
0.4183072672903854
0.3970315025415645
-0.1506308939880567
-0.1581789276173186
-0.0207993348812561
0.2845710451109531
-0.2870476304573085
0.1488323784659484
0.3426936852208606
-0.4007783272872106
-0.2002334991993507
-0.2512059329948502
-0.4519351296122007
0.4615681525591800
-0.0005616831406654
0.0937565394887988
-0.2905620459289693
-0.1093838268313189
-0.1639749186234209
0.0980036468393220
0.2484391604218365
0.2640780076275111
-0.4024756755707459
0.0883051493741606
0.1912948190448816
0.2516831740997801
0.1032654188986911
-0.0910023965398723
0.1329453081565121
0.1267511953596364
0.8198293412003770
-0.2106014308325349
0.0756341547573453
0.0693627435971861
0.0224508687883035
-0.3749225932472432
0.0092529173440101
-0.1206155032615052
-0.0208043991343737
0.0287700882782426
