0.2777804968288338
-0.1784711881261474
-0.3910400979505124
0.0596601142697672
-0.2678528947642057
-0.1898236124538283
-0.1815187924038281
-0.4781927909622969
-0.5321480677944950
0.2862467164710969
-0.4414898672379589
0.3722934199947158
-0.1970511396083084
-0.4873775487998200
-0.1054005018437661
0.1103703871405143
0.1772869691953582
0.3557826631974598
-0.0201785375369789
0.4565175193328777
0.1695488000410804
0.0622706359197897
0.3743373487194943
-0.1375332797384281
-0.1385071515486332
0.2149320543223055
0.6333689006509813
0.3644694717656672
-0.4501732710732651
-0.0793824002517117
-0.3124597732812646
-0.0231111609758006
0.4793049939232797
-0.0361718770258472
0.2120947474608752
0.5520874227625476
-0.0524498399622772
-0.3767574289497063
-0.2671846797120006
-0.3239190934558400
0.3924078462740550
0.3192568379568624
-0.3005270416905164
0.0812595234862669
-0.1219785431809002
0.3799935199723942
-0.3190217426654375
0.4819888726829380
-0.3751457068706888
0.1143470741705230
0.4247883305638694
0.1367693078831228
0.1382364911489649
-0.0606820473354505
0.7490551503243835
0.2857023951345499
-0.2875877668726723
-0.0568410337431489
0.1763911679613757
0.1352643506776671
-0.0078941840039168
-0.0119179024177619
-0.5090304118914599
-0.2794563492181322
-0.2866350085278272
0.3268635606609475
-0.2212832394375834
-0.2220206750886916
-0.0491298900922267
-0.6106678478413229
-0.5368306518476978
0.6721876137569366
-0.1680912381274768
0.1659673548060681
0.0885029136755221
-0.1385417180299140
0.0961057428224221
-0.2518711199203149
0.0275703718673013
-0.3220477640505806
0.4071509979263953
0.3272147305386737
-0.0968204666653835
-0.1693784834680563
0.2901346068601576
-0.3597008989499781
0.0573932082313620
0.2844572466255366
-0.1038770834470208
-0.6168728643741372
0.0340774162030386
-0.3015561870889394
-0.4708549821111258
-0.2552669896984033
0.1966033626673688
0.3300146627501090
0.3292273731718532
-0.0487718633291659
0.5877428418292405
0.1313901809984967
0.2945793533143138
0.4854270866724424
-0.0834177578555354
0.0807417234098136
-0.1077251494680929
0.5039015683591228
0.3513663780559137
-0.4715429720739110
-0.0026805985835149
0.2297085321203661
0.0449895762707023
0.3203541107651833
0.1101860869318466
0.7420664280749022
-0.3529851908912222
0.0820941635392600
-0.1505775893345584
0.1372068143940595
0.3946134827234068
0.0631546242554132
-0.0871426093881286
0.0796310898338672
0.3603795461466786
-0.4085246732489125
-0.3314417540706308
0.2343688132927117
-0.6838076389902901
0.1372529295446515
0.1927323480227608
0.0306568174604113
0.4511399114156908
0.0172953354143578
0.2186070443767790
-0.2276306277387616
-0.5284574883381049
-0.0466600714343811
0.2665567773534722
-0.0669655660948173
0.5038432981350954
-0.2927959327703435
-0.1910802189227195
-0.4909083108874334
-0.1688377803825543
0.4580006450808111
-0.0379437911451985
0.4901952043958009
0.1178042582963959
0.3849640739151036
-0.0817202676118297
-0.2715550403572141
