-0.3130863255720055
-0.5903102597177682
-0.0624831332655940
0.1985607976554393
0.3842706292411939
-0.4122320091232308
-0.2852981608749255
-0.2446088600046557
-0.1686461483393920
-0.1513638448217021
-0.2590886583592190
0.4847183207174560
0.2656564245980763
0.1159656064337820
0.2262920235820367
-0.3318614752637515
0.5051639401947489
0.3566402378907147
-0.2030947492696801
-0.1700864404555844
0.1207650319497833
-0.0508524477056821
0.1077217513449045
0.1572009061902362
0.1156639488945723
-0.4449463520803206
-0.0295552049385619
-0.6272932573802332
0.3403064447509867
-0.4743200527749937
-0.2542446799471261
-0.5002208032168719
-0.3140702192792595
-0.3401456285198131
0.0442364274804795
0.4191309593671108
-0.3351460346685858
0.3925605248134512
-0.0145105486973115
-0.1628951523918798
-0.0290907522803403
-0.1982829522461664
-0.3214313676130253
-0.1175452352474110
0.1732103821445957
0.0010478102634616
0.0488119528163916
0.5111473305146993
0.5519814599028505
0.4943297744115758
-0.6107710256905658
-0.1265741350294672
-0.4825843173107827
0.0209846252643505
0.3433725799962649
0.2792184003560029
-0.1723191530782175
-0.3787951553624277
0.0674148289086807
0.0633853414880293
-0.1458436862069338
-0.3942921716931075
0.3304808071491747
0.3635602408849259
0.4101404969925124
-0.1265583830877972
0.2397813656179795
-0.3039922437719347
0.4523231871709217
0.2076891548978648
0.3189330351505543
-0.4644884199577664
-0.5524746455192281
0.0617084673604148
0.4018986119483002
0.0722546040218465
-0.2258919700330180
0.1212329397677651
-0.2775331101371292
0.2529893294358089
0.1335652651185188
-0.2190054873426286
0.4022483819827726
-0.3866030317161975
-0.0135582522948185
-0.6065361464814943
-0.1182882953895088
-0.0448205955841690
-0.3543199083130970
-0.3366269809331043
0.0793710726159361
0.7150194118798765
0.1684581643178975
0.1845165258739385
-0.2513954453877869
-0.2262146414387416
-0.2531832751183269
0.3142688018264502
-0.2208989125934406
0.3065734135109993
-0.0197851716671096
-0.3599102504645382
0.2178536014875764
-0.4360791617286338
-0.2332530363248966
-0.2624758974131985
0.6980208423078991
-0.1312757210794409
0.0671768811239302
-0.0129696315004957
0.1203911556569858
0.0557632931577070
-0.1452205905115388
-0.0213321155110909
-0.4024505264807931
0.0632421947885032
0.6705033612137712
0.3991899647727515
-0.3407984842916246
-0.2642259487239019
0.3343792830141697
0.0300212026018530
-0.1098998062006407
-0.1787838715745305
0.0116489893914847
-0.3623726431984399
0.0209186687780719
0.2797956232837803
-0.7100897625270277
0.3589530589043487
-0.3040682659236310
-0.0397832493078441
-0.4999120266415086
-0.4073504980519366
-0.0522997443159750
0.3054285705311175
0.5099202389393676
0.1905624363132060
0.2881738580489622
-0.1213036704312649
-0.4847545435642955
0.0965723871787615
0.5850658756646516
-0.1111220256135197
-0.1089529034480763
-0.3378757493885280
-0.4774600168444344
0.1263734443263046
0.0268635084426311
0.1742007539829150
0.1797376717697086
0.4386771635321662
0.0820600053226798
0.2503084394440599
0.4190058840850174
0.2289364021223450
0.0752500489144635
0.6417408919427984
0.1686881653344798
0.1787207590629227
0.1942331880786787
0.1785420755223431
-0.1078511111011495
0.5134744985232254
-0.0891651307948900
-0.0013679503030836
0.4356741521729823
0.2189535459095894
-0.2302211843379726
0.5969937733543177
0.2735228591882912
0.0371762364949061
0.0697365515580815
0.0499123664121375
-0.8194129787492804
-0.0574684126087697
0.3098797058499031
-0.3053344452610287
-0.1441924374567162
0.1779395381210496
-0.2296494300832467
-0.3976451736284608
0.3216068431615547
-0.1235227343904476
-0.1619531080734240
0.6357326071839899
-0.1971474806126745
-0.3155172831709432
-0.2371519657614189
-0.2130880819407754
0.0023622217424561
-0.3853370565558670
-0.2666418705624858
0.0270253071134762
-0.3037285671118886
-0.3322816839693088
-0.1590144035759058
0.4891575559439994
-0.3264898477494553
-0.4537213270777228
0.4110881910600293
-0.1736674291789599
-0.2597202514087568
0.0165484961069935
0.1686448772140349
-0.3761163460131512
-0.6766495704410058
-0.0238900465815041
0.1172714159706296
-0.3017202357182739
0.1219434010598045
-0.1709041114203206
-0.5212498562377587
-0.0752593778406695
0.4652674832474832
-0.3242122994769132
0.0436715477126004
-0.3605526560813275
0.4359274679365275
0.1871645793646030
-0.2872896430208107
0.0056255934085266
-0.4358481850221776
0.4577454146920462
0.2292141379164135
0.0874378896530196
0.0390548303552905
0.4476704376506425
-0.4998988464491618
-0.0769483325596988
-0.0527139505180412
-0.1138490868011455
-0.2906234456444319
0.4284699334584850
-0.0866870595770724
-0.3417569742338717
0.7166426504550155
-0.1515875654136379
0.2336699280428536
-0.0272316795805929
0.1851328064833493
0.1814067275850874
-0.0919077302706550
0.6826176698298352
-0.3022628155668013
-0.1228227233339499
0.0673426012213853
0.5310356637695798
0.0827252799778698
-0.2420287668431909
-0.4481828989682991
-0.1590818823548243
0.1696321596723216
0.0380912725901382
-0.0813743327053249
-0.4922019124912531
0.3302801944978063
0.1465567674287403
-0.0022694200091343
0.6034446795101044
-0.2970341170444683
-0.0551807912536054
-0.5538764575014221
0.4844374311741444
-0.0575435171952063
-0.2418734696868034
-0.3235015705880321
0.0819870058826002
0.4318639484226284
0.0870139168643898
-0.3223762235322067
-0.1468191402351960
0.4779087164773821
0.5347156497412832
0.2509842093383493
-0.0537129098300301
-0.2132453972849579
0.3418243289243384
-0.1754235020653464
-0.3181683780549849
0.2370598921298420
0.1218787259276302
-0.1938646288107925
0.2305247858136515
0.0783675480441642
0.1731281796607949
-0.3111462211732536
-0.4782661379234276
-0.3050289456097854
0.6192859162436608
0.0650206458534211
-0.0701217556401697
-0.3944171395383326
-0.7590963557248270
0.2403141558340653
-0.3078338018906885
-0.2257848611771391
0.1688849485465470
-0.1482144673369911
-0.0712888278159908
0.1069481194214092
0.3742416464680938
0.2533365913669519
0.0253782411219541
-0.2209826110556558
-0.2383832615707625
-0.4018984739473975
0.2304451665633928
0.0011319698570423
-0.6807299558985782
-0.1399135840129217
-0.0697346599746195
0.3775265754887646
0.1424260351788217
-0.4729558842474468
0.1107443554540863
0.2016630544126896
0.5578927852360660
0.4070649179989155
0.2432776191959522
0.2411632317030976
0.1819011775466066
-0.0809471315776890
-0.3914363154333366
0.3028969439291469
-0.0073865325544998
0.6742803232054098
0.2865581458969838
-0.0712501830769701
0.3396029988027016
-0.1920712328593003
-0.2406022021210359
0.3493164238034082
-0.3505304425420844
0.4522832587243431
0.4522859763061360
0.2816060447277861
0.1917988995048428
0.3226480117737075
0.1761033630835490
0.4085928935499578
-0.2267457334764887
0.1269115578164274
-0.0239863786030020
0.0818945195331338
0.0566209008554387
0.3853600492725106
-0.7641380594634863
-0.1154672777840167
0.0964451001698551
-0.0691990689769091
0.2585363387967645
-0.0016377236845972
-0.4086505364419319
-0.1223894797079249
0.4366976031656448
0.3126313795429342
-0.5560973666407870
0.0719779486466531
-0.3788469878410493
-0.5643004824518701
0.2381440922256649
0.0108358007164488
0.5645264777181102
-0.0078410373775964
-0.3776127361075372
0.0543788172113762
-0.3210723496385816
-0.1134903731682894
-0.2108728612629320
0.0468423652324256
-0.1127193842653424
0.3683071142160256
-0.3869346950754036
0.3129047159612947
-0.1605368066342168
-0.0320772479394967
0.7396620981503963
-0.1630712817086957
0.0364541471739009
-0.0048100132800308
0.3966308166948446
0.3060631226334802
0.1462432676678493
0.4305413808858551
0.1873774834965097
-0.1210540669233171
0.1039650667453421
-0.6931910610942171
0.0338564508823792
0.1991081357834339
0.6165613671095728
0.0741800209378351
-0.5658186567928221
-0.1157362614567271
-0.4258904992459095
0.2038160297679914
-0.0393487921557057
-0.0629130545196693
-0.1128257485871227
-0.0794308370405859
0.2084900547766307
-0.2728076423097819
-0.4734819457032948
0.1478260357928723
0.4508980413763665
-0.3501935933382035
-0.0380816436557072
0.5423761860143523
0.0905218451384653
0.6877710707051495
0.0648050125899589
0.0467574768329854
-0.3477699190683013
-0.2109752547018736
-0.0560253769743119
-0.3426864892941722
-0.3545133628965147
-0.3298380971227662
0.0092065576403590
-0.0464344434764953
-0.4108882292240300
-0.6340256372542754
0.2171928640533299
-0.4303288436688099
0.1462860091483776
0.2042364152380880
0.2670694335089139
-0.0486893170328672
0.2405445931001007
-0.6344236131484662
-0.1701039443130812
0.4522992837489865
-0.1140580536244324
0.2895376938909157
-0.0050735688764277
0.2610034434772406
-0.2536027985246365
-0.0372418659900196
-0.3651102501144017
0.0015247141073228
-0.3079296586695963
0.0564556847920119
-0.1737175867601434
0.4080984059758307
0.1634777809308367
0.0221990776033282
0.1400925507903641
-0.5214959892985992
-0.6216637947937901
0.4065184994863352
-0.1152543732787390
0.3295684899398253
0.2371735291869680
0.5244132029934508
-0.4800997874874001
0.0439902345454639
0.2291980798421226
0.1982449123368477
-0.2394149270239078
-0.4218206857217857
0.2093120340112581
0.0857593649018966
-0.2060551398386029
-0.4904210545839531
-0.3915906342551594
0.0666225650827879
-0.0481267991910480
-0.5708647468758401
0.0441026345379982
0.5201408102273658
0.0033356839606488
-0.0095725056465596
-0.4998750646621422
0.4410059068867181
-0.0376203921517765
0.2494090214215929
-0.1919925007440813
0.2271405943768276
-0.3645755941862656
-0.1932749668072599
0.3128297034151686
-0.1379267436840182
-0.3572828475628951
-0.6082212710061322
-0.2455573302294868
-0.4216428579780468
-0.1903385577550958
0.2534785345993067
-0.0980468938434924
0.0948218608176674
-0.4413832284205262
-0.3243007221574526
-0.4946042722627695
-0.1282782492608092
0.2357091690745644
0.2776431590166816
-0.0768621347768824
-0.5379359588936110
0.0447502720267603
0.4049416519556389
0.0700501107835702
-0.3032458859762331
0.7492867847783504
0.3158585560297570
-0.1759227709955687
-0.0207577369855629
-0.2119131299545437
0.0368155651984963
0.0178211778768641
-0.5591322521058704
0.2872224447213353
0.3757292482328324
0.1521629096275146
0.1474060525028690
0.5797196305596024
-0.2368363035740971
0.0922443844582421
0.0647997176362742
0.1180911255272520
0.4049088844076542
-0.5304143021097587
0.4592695249378644
-0.1737240127361237
0.4196815428450711
0.1256543404826834
-0.2844201175548652
-0.1874482014651286
-0.0621690208792466
-0.0422220909110131
0.1181166203560370
0.3937690676284972
0.3425941210803390
0.0654196393930943
-0.4519042051732250
0.4256803701611829
-0.3843724057512944
-0.4068903353775881
0.0315987086674942
0.0980936616073456
0.2726562616393894
0.0497961259103977
0.6384926927206668
-0.0862269331674462
-0.0383573709992177
0.4282049632431412
-0.1608094592332086
0.2378040757310395
0.3882385203286904
-0.3001674839748373
-0.0551903011494606
0.4887923146348902
0.0901011350846437
-0.4931620279322890
0.3009339813685968
0.3534539149534078
0.0599022509208796
0.3359627623799552
-0.0175707838648545
-0.4176723387056412
0.2198267066984004
-0.0573004218461734
0.2626395894455865
0.1937396911266700
-0.0069238545269495
0.4127698501078349
-0.4302006721742903
0.2217976891135923
0.2543247305881294
0.6103306219359816
-0.2059028407197271
0.3010934203821446
-0.1192409144855523
0.0431708548864998
0.3374754340500001
-0.6305558537163418
-0.3750819267614951
0.1911837818755553
-0.3754148061244327
-0.1456033442307013
-0.1229441840938604
-0.0989389269488938
0.0168010036448057
0.2087550033092332
0.0357546465008048
0.7504496587341327
0.2770027396793259
0.3526891381708195
0.0057241634682213
-0.4069752991768339
-0.0653938625214928
-0.0233788490588286
0.2567655034565468
-0.0724437722049910
0.5905206287700158
-0.4588858751913172
0.2976455475506415
-0.2922802943667163
-0.3798453191258875
0.2154216328457364
-0.3420826433527014
0.3216551452873201
-0.1418562466844903
0.3927538859768431
0.5408122068720148
-0.1676552099985172
-0.0609059388102198
-0.0218672304349213
0.0275875204491466
0.5287756896629170
0.5457333535282088
0.3827119508961456
-0.1465933467417849
0.1259441119437812
0.2137428606260466
-0.2144624834075964
0.1788965242857676
0.1265709687688599
-0.4144564678695689
-0.4548369304403089
-0.3830090430550987
-0.0610399820938558
0.4705191676602989
0.1471010096486364
-0.1315016234147695
-0.0097454891996253
0.0242470045345807
-0.5966531583760641
-0.2861988158414691
0.3881634668668075
0.6160054555017973
-0.2251949705595863
0.1653007132190929
0.0155202006874267
0.0917709909200683
-0.2438721256999057
0.2182730070394424
-0.0179583933465651
0.2892979441850866
0.5854099957597085
0.4160475670454337
-0.6087660614542573
0.0251985198234594
0.2024339123225788
-0.1085461472360691
0.0037651835387822
0.3811205715902610
0.4042762961651620
0.2536664433112473
-0.1727962072447363
-0.0418933876886640
-0.1007226034825892
-0.8249053366780946
-0.1613539832453856
-0.2102832929830781
0.0121909527803784
-0.1975593576553071
-0.1667233564080866
0.0383152063369719
-0.4110156490733692
0.3325721819441217
0.3590889310806365
-0.2605589180717197
0.0542102595964450
-0.4322559914746739
-0.1121698831508127
0.2917832248977304
-0.1291177168706256
0.3366246392506972
-0.5244700883710987
0.1280234700854479
0.4877518078079144
-0.1999302922191624
-0.0871986369231482
-0.0619491740308490
0.1176831840737650
0.4313196475189565
-0.3509565100954045
-0.5869183980512807
0.1636004058587530
-0.2302828210129154
-0.1498693104616600
0.2620151509928008
-0.4812383221839289
0.3812490751720881
-0.5314215907442608
0.0501185940483504
0.0224306400174167
0.4388142908621211
0.0305613590235084
0.2285532904889025
-0.0128914804535625
0.3866105450558709
0.2334703661264840
0.1048036099664369
0.0677442459124808
0.6229295324041103
-0.1363678246686756
0.0338184400091706
-0.5659213067059827
0.2021139822831871
-0.2524809520670312
0.2129332798882155
-0.0372192138971200
-0.6492000223267197
-0.1063672982202877
-0.5608279044290797
0.2372999843882573
-0.1207343470477173
0.1746046413706363
-0.3971824621998475
-0.6143595208814712
0.2278952346930460
-0.0049122237207663
-0.0922201962229620
0.1062198926196777
0.3339299363171291
0.4120290677334074
-0.3332160266934520
-0.0274006794540431
-0.3230587171239457
-0.2837935064683695
-0.1579351153622927
0.3421031316070176
0.0414782394786166
0.2692636644590271
0.4465859326824693
-0.3947637763789238
-0.4740249609402251
-0.1375347021788977
-0.4643172303474344
0.2305281420695330
-0.1155481239709820
-0.2416029999412532
-0.0660357091285520
-0.3257291752676059
0.3425965896470635
-0.5711688882488049
0.2784906729124367
0.1670907515142863
0.4166013849516442
-0.5693428260579645
-0.1140914990734636
0.3633524319182913
-0.1034999175216220
0.0477837458639116
-0.1119870405809419
-0.2803650529107971
-0.3044727053107225
-0.4005063854724225
-0.4348187651474723
-0.2423881785812732
-0.0275940843766134
0.2885611644620388
-0.6636681764434605
0.0456088082209152
0.2523778722659330
-0.0272371629111768
0.0775548709562706
-0.3939096469475137
-0.0320644341685074
0.0087787786830994
0.2270801798719526
0.4298226377262350
0.5337066440635043
0.4006497097288877
-0.1398665383795473
-0.4839452420067413
-0.0559847410594358
-0.2455992431575619
0.0465219197357368
-0.8013682062506813
-0.0093842225302346
-0.3671738998603752
-0.0581836056322904
-0.2964826986960885
-0.1168314778722964
0.1159942314173352
0.0284323350738188
0.3186534111088897
0.3169702178860714
-0.4593135734434030
0.3254169804531161
0.1745377596216749
-0.2156641159239078
0.2942464411593844
0.0660327599770889
-0.0377113351543093
-0.4829368679257579
0.4243805060314079
-0.0108384258000247
-0.5172324744124391
0.7359914806399598
0.1408664249108775
-0.3405624545392495
-0.1208137574971909
0.0257496302697331
-0.1130108819677561
0.1057321986067331
-0.1250349412397617
0.1571530471202859
0.2340698039505198
0.1858922789010816
-0.0377886395043861
0.1184627533629319
-0.0596955775705337
0.5148548418775943
0.1035405660757545
0.7688522407196761
-0.0018479786744319
0.1238863236652340
0.0700219732234741
-0.1520416248627880
-0.2021315505756296
0.3788879235080201
0.8081217579299097
0.0194554979990330
-0.1384599782477444
-0.2643461695597459
0.1724235166268398
-0.1228583244718688
-0.2027148639190071
-0.3192861078157305
0.4460983921491564
0.2741446715540777
-0.0456335575589114
0.0613960696977482
0.0770013730259643
0.1818560762214806
-0.7230885686651529
-0.7345156648259931
-0.2758927906024375
-0.3179023616567179
-0.2808884897705667
-0.1635814227757260
-0.3730415929660916
-0.0609136907114021
0.1135385139551729
0.0992920344297757
-0.1096829934760801
0.5868825189608726
-0.1231112965883216
0.1726282433338586
0.4177969564918239
-0.3491746231629591
-0.0485001771505139
-0.2495457242978616
-0.1367315887254054
0.4724172433043517
-0.0873835113364759
