-0.0112939895783743
-0.2162673131195335
-0.3382495296988778
-0.3950126660309516
0.3782205944709683
-0.0125834578250842
0.3373104945776844
-0.1002020402712614
0.2194539702729378
0.1968480803683400
0.1271492640003548
0.1766158150832456
0.4364208790947595
0.3014841410307443
-0.5833219620239394
-0.1685368030303964
0.4628023913961332
-0.1048757014626041
-0.3391503041626738
0.1700938809300764
0.1426675679177408
0.4203897566684980
-0.1383505751126572
0.1500537480489085
0.0866325409870263
-0.0602214085228320
-0.0336119082786305
-0.1057867869666584
-0.0975756772650950
0.1389191707299650
-0.1063476265657662
-0.1815917906542187
-0.2013321375731614
0.1100999231796630
0.0835587498976925
0.0113639819761405
0.4156758629736625
-0.3815746124004910
0.1303863810938655
-0.5032875175999626
0.3478994898742129
0.3967475657607815
0.0918949045628148
-0.2119895486834026
-0.2674977080422857
0.2220201540288567
0.3886166686279207
-0.4255791794030284
0.3676445323334889
0.0889264153436345
-0.1467528595762559
0.2477699070158592
-0.4159507832493345
-0.2975207918185515
-0.0580730200487673
0.0521952359896538
-0.0896658016843612
0.3388183688944985
-0.4324848000207545
0.2203165005524735
0.2175156473346821
0.0774265690999888
-0.1051949783859895
-0.0391477451672806
-0.0144860386239598
-0.0509104317988185
0.0499427196288094
-0.6556476207896962
0.0319940900479861
-0.3734699684123121
-0.3211447086805218
-0.0411146149637985
0.1124631166842457
0.0031471085531905
0.1438600474265573
-0.4774133834040387
0.3568874468463500
0.1255787616859954
-0.2044016302129512
-0.4009946774896621
0.1327574967154647
-0.0162848473025493
-0.4461195474991900
-0.2669657711372155
-0.0147082176571522
-0.0758247449292516
-0.0013925876690221
0.0782277407493201
0.1298972047059551
-0.4014892396725135
-0.0702619155374310
0.0179576774207064
0.2417726234797634
-0.2756794660212661
-0.1083129119350685
-0.0409620039882553
-0.4171685746887562
0.6947620366208433
0.0909987277380983
0.3727573096480619
0.3493289704722726
0.1012842382946306
-0.1344357078300601
0.2234177364567592
0.4365782723688028
0.3746365478522342
0.2538347046090750
-0.3101983519836405
0.0449226900242990
0.1473017984403703
-0.3228077216092646
0.1815616970915166
-0.1360209591149989
0.2995816293248852
0.1582090886037399
-0.2557495104271924
0.6992460633947150
0.0409368407180926
0.2327419179330546
-0.2861765710476777
0.0284076295607930
-0.1156645549699169
-0.3190750538585335
0.0453127870882121
-0.2152660127310368
0.1011811660926187
0.1341962501733813
0.0424641566589833
0.2950337967521625
-0.0774840412376597
0.4281446769687327
-0.0176678424645823
-0.7199321416183354
-0.1584892879128057
-0.2303945087295958
-0.0552576020177905
0.1785393721325257
0.0417386813124029
-0.1949851391242902
0.1797932766869828
0.0944675821902810
0.2806176084136436
-0.1539877293454382
-0.4666596033823366
0.2406936756858448
-0.2896588518101393
-0.3491146104926655
0.2805439892663579
0.0347017945291845
0.0960606249836407
-0.3870485343369469
-0.2107390868812900
0.2261612626849377
0.2694926433102950
-0.1106737455295261
0.4266882841653493
0.2943353473165818
0.1765049051701752
0.1424709356720588
0.2445478754093611
0.2989181723577115
0.2096084350139708
-0.0813775560806143
0.2152489997465845
-0.3216628101177615
-0.3404066616104000
0.4339257543818126
0.1179919225253552
-0.2118503212902686
-0.4546784220919188
-0.0188451286800998
-0.0472136880859153
-0.0619735978098157
-0.0667320521183709
-0.2549421561401462
0.1847798650697725
-0.6178061038496740
-0.2711597216384470
-0.3420873230618636
0.0506696329336017
-0.1535575975831140
0.1999666143331129
0.4582511052121255
-0.0441796111083058
0.2986534920240389
-0.2788822832108653
-0.2598417162802802
0.0265017178952797
-0.0797040434511449
-0.6708549342882825
-0.1618486008430608
0.1997519575185263
0.0283909271500367
0.0351210424867712
-0.0814671849227328
-0.1472870179563551
-0.3519922474569212
0.2684477720234903
-0.1042840021599263
0.0297333951011400
-0.5625393518857558
0.0925135908511015
-0.1567110104170296
0.1502359027574169
0.1023120412503244
-0.0528211370226375
-0.4478746963637462
0.2188959571480345
0.0061545929909679
0.3979154185815317
0.2584322407092747
0.1982575392178300
-0.3514176314769062
-0.4465404214119436
-0.0902680510667015
0.0107273236643725
-0.2022061895817045
-0.0298752016356381
-0.1307485013986876
0.2131384295559478
0.6167539746273353
-0.2520967708355314
0.0035267092251169
0.1204031254142574
0.1832452483410885
0.1511579829680060
0.0370053295941800
0.6686706993761465
-0.1566008135390556
-0.1019354744449949
0.2243601614013397
0.0268267266761168
0.0746539697223609
0.4499572352977755
-0.0487533564644095
0.2894821658770680
-0.0068433844946024
0.3388987439522277
-0.0428495597294292
-0.1604641329852822
0.2554113156898054
0.1390550489262540
0.1680680633171698
-0.3047679925028748
-0.3791360534389381
0.4547546026854910
0.2025386787071718
0.2096935957602774
-0.0781615934458545
-0.2074302167970013
0.1829183144147865
-0.4985766459087034
-0.0042142532824330
-0.2780873581872740
0.4694473168610308
0.0352886773094761
-0.1220003647719870
0.5209475923427695
-0.0635868761823484
-0.2026974876501112
0.0480241785178998
-0.0994737589224275
-0.2215045963630446
-0.3189908196980094
-0.2323033412563756
0.3906890321982209
-0.3327824110411155
0.0066129603123345
-0.0791856738954110
0.2517532075210070
0.1111297639062715
0.1874688908625374
-0.3813078486751063
0.1864080598561054
-0.1506948370581255
0.5876629452391546
-0.2134959786665715
-0.2558752333708377
-0.2782884893394130
0.1880697081435822
0.0641144884069933
-0.4087727731137627
0.1707264499938636
0.1436856706203757
0.3393610883056990
-0.0420498224109126
-0.1604331739388846
-0.3787866472861593
0.5290389588534498
0.3909859919660216
-0.0836102165952378
0.1489657090516999
-0.1628816355728852
0.0662167085196429
-0.3344357493727715
0.1970298829886686
0.0744829727645446
-0.3885567117314889
-0.2019034684932261
-0.5252444182195819
-0.1819438140758607
-0.3366511486293199
-0.2633089093250348
-0.1915488095693179
0.1464620672896050
0.1611970786167747
0.1361765377243617
0.2402528950083539
0.5689378074018447
0.2967762518840970
0.2346373062085942
-0.0999263172675671
0.0998635145978222
-0.4786100657763143
0.1726757312394064
0.1556337666275307
-0.3811825330590461
0.0282958096761060
0.1154486297913899
0.0884506040938335
-0.1415031118887969
0.2069753528344054
-0.2368722543303688
-0.0567800795332593
0.1120783881665629
-0.0143864538823801
0.1668581785124697
0.1387177040965255
-0.1802838456327114
0.1870235976175848
0.4239846989656243
-0.0278844469671491
0.5128126785469413
-0.3293718469695125
-0.5098518448278446
-0.0371826633053571
-0.0365205716099920
0.1616845706654866
0.0966903172822077
-0.5674732407733442
-0.1749146375847375
0.0473261738831899
-0.0709774686438236
0.0910222663982268
-0.1529490187824484
0.1295726178276868
-0.1360032558735613
0.0236234169403457
-0.7222629025002669
0.1187037589775234
-0.3403571103711130
0.0015302502833888
-0.1877331013911593
-0.1914510280218924
-0.3726097445003295
-0.0373606870298535
0.0357404935333298
-0.2363152722588314
0.1217563204447074
0.6566188682909853
0.1914752822263694
0.3492776831820995
-0.0821867450497622
-0.0592964109709230
-0.1974676763591989
0.3926845334727466
0.0113119704298929
0.0603987553304190
-0.3576362320138419
-0.5425885954381803
0.0671807148197791
0.2466816776559748
0.1456725269757911
0.2868712991845057
0.1213566236634476
-0.4114914664745091
-0.1400238104277201
0.0904615651769890
0.4708967447301237
-0.1020445831179502
-0.1607012344292150
0.0466962946906116
-0.2835022954941352
-0.0784419565088080
0.3219014213909968
-0.1004112016849793
0.0707662550342834
-0.2170884238052504
0.1217623689212501
-0.5056892138796842
-0.4655252912154734
-0.0145396933450206
0.0304429356118648
0.8327332179973681
-0.0883076080763460
0.0256525902973716
-0.0118967868712013
0.0986489209103287
-0.2065049679080246
-0.2396880569358102
-0.2820266664963601
0.2539542819036730
-0.0652626978191947
0.1798160909090027
-0.0683913874717753
-0.0436150280287866
0.1835925133079123
-0.2507695321971775
0.4274029577605492
-0.2826632207088719
-0.0368227510107695
0.0000829839934063
-0.1214896212208173
0.1040783553193973
-0.3676600881898096
-0.0069988090621134
0.2055394280036159
-0.1983476076890868
0.6090028669900945
0.1618426594813100
-0.0345467545948369
-0.1120711322529667
-0.3086179795393305
0.1165822256309376
-0.2957299478878316
-0.5469446786731307
-0.1672591326801305
-0.0300550034906946
0.1519407499621110
-0.4604565254201520
-0.3720947523384244
-0.1982187042391935
0.1143556545199983
-0.1897311984845101
0.4071266479223909
-0.0395788374491663
-0.1406535345426719
0.4079104502769531
-0.0046767115524890
0.3071577379024152
-0.0815187236941676
-0.1252705054957617
-0.6736935232718232
0.0921051572583626
0.1395139504529527
-0.1969452034914452
0.0106994220078507
0.0953359850026480
-0.4617735647385830
0.0694489960079652
-0.0223706089313802
-0.0053721134609581
-0.2085454397419003
-0.0120359857832674
0.2237855024691372
-0.4899119183978315
-0.3582967273085871
0.1072939251924705
-0.4109492881288171
-0.2756730061423546
-0.1767979519840718
-0.1779382844764612
0.0852085094878942
0.0988674285496085
-0.4696269639752038
-0.0500120599269668
-0.0422487802088887
0.3139261510168824
-0.5693551902556713
0.3909186493336019
-0.0728137264722476
-0.1005861355705021
-0.1614231470676159
0.2127034531323539
-0.0937739991849735
-0.2950992638490890
0.2225066978416605
-0.1784737920856959
-0.1606929926106111
-0.1339482266684981
-0.1888926326109322
0.1793362390653999
0.2564039700405746
0.5223687633892989
-0.1534664048302082
0.2161158231959072
-0.0471536906460435
-0.1744482863229761
-0.0328467789871226
0.6036778139525834
0.2354524194011188
0.3007310331056565
0.5633065093747875
0.1561592907226064
-0.1652122853283150
-0.3003137759977776
-0.2884964011866971
-0.1018595554084388
0.3454271203769719
-0.1448285778095500
-0.1739244719546233
0.0375234123253652
0.3083397242301855
0.1852234438223094
-0.2208966992387467
-0.3470809012279120
-0.0131175050386518
0.1433705423396927
0.1797658752365600
-0.3901579622170736
-0.0359538004386709
0.2085149077782533
-0.2807070404492596
0.2988977171377505
0.5429449246703975
0.1283747277820892
-0.0247699425261570
0.3173059519252175
-0.1252999865421474
0.1113302511198924
-0.1227148139711448
0.3892613265068071
-0.2842504580713792
-0.0215509263113550
-0.3757115059084325
-0.5794573186004881
0.1354198667229942
0.0570727563883302
0.2908516684600275
-0.2323311220622251
-0.1159809791419381
0.2711265883559921
-0.0137375289302753
0.2196858151605242
-0.0751963447635851
0.4358151419032607
0.0384716714870836
-0.1036461014370654
-0.1668711038861153
0.0292989314985674
-0.2259658916876043
-0.5327790510749294
0.1161575883855351
0.5877874724248972
-0.0299667210307189
0.1422473699930495
-0.5496995552557213
0.0496356001946032
0.1380485472541266
0.1597763186007365
0.2934079728878974
0.2671765247705475
0.0244587020208266
-0.1954521340776575
-0.3609311432281276
-0.3273134645097593
0.3312694991966991
-0.2108444785343409
0.1675416330530619
0.1866522589303897
