-0.1930611477698778
0.2588550271390716
-0.1547061261222747
0.0883272017740892
-0.1048761563050374
0.0431599766041533
0.7214480808447632
-0.5750101416646706
-0.0414003864853645
0.5048291837761000
0.1312096222123295
0.4045443288162129
0.2358495921582441
-0.5279411605430062
-0.3940237673954137
0.2701107104118148
-0.0313124030744212
0.5479494543807378
-0.3261911429305748
-0.4301225365013205
-0.0929527935983474
0.4792803721146535
0.2764347736300589
0.3043004924755674
0.2235887376017214
0.0516520610797638
-0.0557345379375571
-0.1897136324972320
-0.5427964311428084
0.6176262179138549
-0.4817896611910547
-0.0055813603126830
-0.3559913232706993
-0.3446466301460436
0.0466160744875635
-0.1313057961406780
-0.2430017127813287
0.4220566627482739
0.0904470866327105
0.6997944506203024
-0.1812262517083984
-0.1939650139143355
-0.4880261066548072
0.1922632524264293
0.4171963665348740
0.3601158674732731
0.5560015282835377
0.2037793766531323
-0.5370298268433157
0.4393588097125039
-0.0105845873020195
0.3716746977263464
-0.1417758384546839
-0.0554269184646533
0.4277645585049552
0.4173171908960500
0.5021411594466100
-0.2541363805351355
0.2341637244808250
0.1315009817655382
0.4605125590829511
0.1601510425469963
0.5084991422977224
-0.3388985789149095
0.4996064231164010
0.3930707991086845
-0.4772834540501118
-0.3274924952741214
-0.0700843583144720
-0.2227591615091832
-0.4408791826657222
0.1092246486531293
-0.7272479099265076
0.0774295658674949
-0.1301958615258602
0.3409229835682996
0.2047544932614123
-0.1612669290304796
-0.1894379131938559
-0.4776165291199871
0.2728984465940905
0.1218989752543451
-0.0906056355735444
-0.4937305562123008
0.7664065669519858
0.0170664447252066
0.0614383241036864
0.2593123160818285
0.1754755237849141
-0.0329725439221083
0.3755144609906182
0.3979016328954669
0.4264824954273989
0.1025231739212643
0.2091370880383282
0.6577595991969550
0.4783956486352284
-0.5260787769744479
-0.4081999127840999
0.0742580106292268
0.2580216569310769
-0.4179297968356741
0.0450593996740330
0.2810097201465470
0.1398863675834589
-0.3092227547164440
0.2585173886738729
0.4560242254991330
0.2706560818864391
0.6061386019030695
-0.3953580966334883
-0.1142672905439507
0.0397220366947746
-0.6273245211862134
0.4719735672300852
-0.4600699606294310
0.2107396865154177
-0.2388119328840180
0.2009248167456124
0.1692617834514759
0.0030244834310078
-0.2266791273381003
0.2585588340878847
0.1952329369217733
-0.4296293947207760
-0.5720843092384986
0.0786643426905601
0.5706039807863746
0.2814631237597311
0.2941315446068797
0.3523006871769828
-0.6908027944987256
-0.0090964579480850
0.0384063150607373
0.2712402305099229
-0.3972553538055100
-0.2332757702425340
-0.1166736246950094
-0.1002869821322300
-0.4317525996996777
0.3302495202298518
-0.6454670976966342
-0.4463038677342623
-0.1030642130428148
0.4790094156871262
0.6516751152065381
0.3265736874843005
0.0464951015412294
0.2137208669772676
0.3697422186919573
-0.2227191284748008
0.0711872785394943
-0.1685035427770808
-0.3547464251380112
-0.6854755140431205
-0.3602277582542480
0.1341403508346146
0.2647931709561602
-0.3761404349667306
0.1285695447211338
-0.1792725258613011
0.1038311088245453
0.6648708136297242
-0.0787251358683028
0.6246086136553126
-0.0348430242230877
-0.1717340215159282
-0.2966261717077320
-0.1812695925883656
0.3947264114318984
0.5385482986398550
-0.4488350554137750
0.0304346270679028
-0.1289462043881550
-0.0316496590709801
0.5488990134028221
-0.6747703568479150
-0.0090374668849164
-0.0027805706606302
-0.5840510832785970
0.3084028822776654
0.0877083969350648
0.2998650531898380
-0.1037098811343715
-0.4875173035677734
0.3082702083064099
-0.0385163257904220
0.0650990485762410
0.4906425614910809
0.4083643538655545
-0.3491027070255037
0.3636078866137382
0.5114975340334258
0.4783327639567170
-0.3080588814882652
0.2540423625621606
0.1501423344400409
-0.1827449973893501
0.5098700440949631
0.1849981800882067
