-0.0533923684519427
-0.0123233116288955
0.1325666600400018
0.6352058857694529
-0.5597090479639646
-0.3711684756340121
-0.3410782207042377
0.0925329454589026
-0.2073679527758629
-0.5764864654237098
-0.1765528325150781
0.1941362867474515
-0.4718241413811298
-0.4467159064836077
0.3376898036533402
-0.1399805767122578
-0.3425449098062469
0.5736195849423519
-0.1526771620867943
-0.3281265896533744
-0.1154722524551625
-0.5681232589225271
0.2428115371212785
0.1661049695251271
0.4131853799320344
0.2850237244188915
-0.3204880558210084
0.5343457340118649
0.1097380322304329
0.0739598315946984
0.5775810381039602
0.0932148752272083
0.5943581080270164
-0.2343503742948193
0.3600153365951136
-0.5051590808758079
0.0451641231881769
-0.1963044246185048
0.3923749711956624
0.1117508780568809
0.1133027537189654
0.0766415321544380
0.3822123621734411
-0.0344322033588478
0.4128361029682001
0.5817657595807957
0.0626654642100272
-0.5667492283039512
-0.4674756930212608
0.1581364023893507
-0.7885905521931620
-0.1604340109405361
0.1442731523904700
-0.1205883570337558
-0.0810777320275796
0.2586799776081262
0.0629670856637989
0.4815783657106832
-0.3376327800950200
0.5572721541871674
0.1164447470624203
-0.4677684913183469
-0.1660493408737348
0.2821881492587205
0.0188054609253887
0.1120674995564246
0.7905495541813304
-0.5205158687234935
0.2816701901910058
0.0784188303742350
-0.0729761797513876
-0.0192023738812120
0.4212622625962061
-0.0889864910983966
0.0168580985571935
-0.7602548282963811
0.2002317800114317
0.0323727672130876
-0.4380222678919504
-0.0578242347689038
-0.0819050305712865
0.2029967630379481
0.1886026774371080
0.2760854891414140
0.0367138816819113
0.4600236001417154
0.5076219229557338
0.6079803240661306
-0.3798448450241477
-0.1172552396801541
-0.2076272927897008
0.1729984403492044
0.2961093572637873
-0.5698091068601623
0.5530061812152282
0.2252832510851504
0.2245451305464801
0.1551768277479859
-0.3058369809047639
-0.2963680677461716
0.1423536047373928
-0.2867759452611413
0.7741306594694402
-0.2057816233696647
-0.2708633082157775
-0.2513715209558451
-0.3779592310999896
-0.6424835581419081
-0.0788261952189449
0.4642755149744050
-0.1339823320767423
0.2609416327307728
0.2252994506127459
0.2465638661549904
0.0188453350970402
-0.5755115154774476
-0.3097348164871560
0.3090992145694961
0.3302388376906140
0.5063023755101012
-0.7654290345178995
-0.2923644791003350
0.3108631064929240
0.2954084589081837
-0.2792251066665956
-0.0845583258805300
-0.1463510171271725
-0.1954583971631806
-0.1878766239736560
0.1872924683047310
-0.3464036385833813
-0.2679552295956494
0.1542148799033322
0.1986533093684009
-0.8213275487980000
0.0020274782297617
-0.1777988945104181
0.0981895354640077
-0.5749748017894840
-0.4395752738087062
-0.5469805781419521
-0.0056481920058963
0.3632238462741233
-0.0614223636778395
-0.6791036722519755
0.2905437619251595
-0.2334728169346059
-0.3541208282633274
-0.1285942844849157
-0.1039176071268449
-0.2109654503012832
-0.4501662217325872
0.7242756995839262
0.2783021902101960
0.0662256122435217
0.4127353202847183
0.2234379134821264
0.2628262722273324
-0.1933686328254409
-0.2585396427512073
-0.1615306535711920
-0.0488210372040563
0.1077597973141678
-0.8211959602392429
0.0691148636980854
-0.3645413992436506
0.1933186239087234
-0.3324304269411198
-0.4763996587224694
-0.0488239071793766
0.4659470504505014
-0.2766755233761074
-0.1051915322248657
0.4247182922918828
-0.1023850290631411
0.5244711734332793
0.2917779426799204
0.1574325376664962
0.5388802367094765
-0.0769510513624030
-0.0970573109703879
-0.3307755246221834
-0.6780060372706388
-0.1234605141338794
0.1597661881233192
0.4449443072556092
0.6110771797174668
-0.1918523870173408
-0.2961634477239722
-0.4136274545982544
0.3128255384513209
-0.0980632149438605
0.3032034347774876
-0.5531542253765440
0.5279690733229480
-0.2238878936908965
-0.0237247433935039
0.0751757187217845
-0.3709855999577515
0.3596753831581103
-0.7640118635573169
-0.1473613721494192
0.0665268370004715
-0.1780156370301097
0.2931473742840082
0.4187145019540888
0.2367684258328401
-0.2028265431489757
-0.3168914785136103
0.1209884007168317
-0.2050185591206658
0.2724223584447190
0.7741477451249060
-0.0850544553147563
-0.3623528732311724
0.1756600420789889
0.0582221768252790
-0.0636716277883741
-0.4055452338729799
0.4647963563012575
0.1200992886991755
0.5118358180081660
0.1982110016959699
-0.5443952309278924
-0.2668226052809161
0.0211216038624952
0.3833177970246383
0.0831837346806249
-0.6504387550483264
-0.1597386836538995
0.3165500639064349
0.4750963521715112
-0.0110699162625837
-0.4753269876600119
-0.5621819927090286
0.0946532612045507
0.2978139048507372
-0.5624131064684263
-0.2044618801525291
0.0461258527035611
0.3521994848932874
0.3929187070730491
0.1289828750968137
0.1498095309842885
-0.1893364488840873
0.1193365732330457
0.4747502298410887
-0.6379762107710322
-0.0564833481270384
-0.3581007207802298
0.3871961513274503
0.3962890206273775
0.0915676530640217
-0.5196467771221247
0.0077910804534226
0.5320991906522203
0.0736385938477093
-0.5680517802278126
0.2820136722083051
0.0654037427018205
-0.5710201867605773
0.0006689990431930
-0.3758708759356829
-0.3474791432300129
-0.0573299741052256
0.5975011696851726
0.4239325947397433
0.0357447527144737
0.4475934203493931
-0.4530293391026414
-0.1529375118657388
0.1724637918550651
0.1859831681642413
0.4815429722574566
-0.6701237321936208
0.2241096565812101
0.2012514792738462
0.3858217608533799
-0.1991910810982792
0.0720971328138306
-0.4356830713420636
-0.4028870567980238
-0.4773071712358854
-0.0491544324964265
-0.4275398887512416
-0.1116970062880468
-0.4679874386313641
-0.0578374140106815
0.5491228768595507
-0.5726848468310710
0.1870316842800356
0.2108432814295970
0.1549806047119034
-0.4175536476269444
-0.2094765609480311
-0.2209296856488249
-0.4683378705967828
0.1572933871247906
0.3103004230856387
0.0345157591724588
0.1410993805932104
-0.6328077108533089
0.1651787016139173
-0.4591318999451600
0.0762043709272400
-0.1541315008522588
-0.4690936432737811
0.3174148764789191
0.2881241874640306
-0.0312357251812518
0.1604731220407762
0.7347737634807714
-0.1009458903164804
0.5940697254370411
0.1903106545613716
-0.6090565116709942
-0.2950925035750208
0.0752790490790207
-0.3671600108208694
0.0465844872952156
-0.2095797328547846
0.0299546273553879
-0.0673912805534594
0.1997104491958399
0.7276623995556020
-0.0493753701226437
0.4198242411163289
-0.4500781258106329
0.2112071611104454
-0.6953571656954514
-0.2123303633909525
0.3586464028170305
-0.2753760723584359
-0.0476962375861963
-0.2688495474894513
0.3844106271262613
0.0541240612760669
-0.5082420211245771
0.5096388919781470
-0.0178317948707995
0.5429995875406438
0.1386178355843602
0.4056202098198834
-0.0109384552581215
0.2205418390994208
0.3269749302853130
0.6011916975463086
0.2743811207651618
-0.1664758919334763
0.0733003573590005
-0.2221960143951444
0.5703279773459397
0.1868366147918958
0.3782312561795405
-0.4084225319086179
-0.3314973308316349
0.3953892866215020
-0.5251128818738521
-0.3362408842700734
0.0141277161340490
-0.1006971359250245
-0.0036722999179579
-0.3348168076538036
0.1510513687127649
-0.5792389012569484
-0.0395166469470709
-0.0162051990488426
-0.7194344388203952
-0.4004236321635252
-0.1477782232772341
-0.3221512860136473
0.2126521633335355
-0.4395622373347776
0.3663162663518909
-0.0181022535438277
0.5840289879887852
0.0694399068360379
0.6260863454589780
-0.1029385817037348
0.1399244015501801
0.0810430649171602
-0.1273008810422311
-0.4013325278415468
-0.6238409308686711
0.5228846164612483
-0.2671963070623412
-0.4404348943234473
-0.0560471148738875
-0.3547226728577369
-0.1118485774380044
0.4572724719442794
0.3326217726258359
0.3549505886758368
-0.1437616356225040
-0.8092139233185361
-0.3283282480665191
-0.1128958236898300
0.0156711824582268
-0.2728282345552033
-0.0573564382964879
0.2266915938233423
-0.0379511662441227
-0.1071309790581753
0.2794236871411366
0.7059773719612062
0.5493866179978740
0.1710279319301846
0.1677370782037282
-0.5363375387542630
0.2566257483808035
0.0584107960101500
-0.5785007889699696
0.4657316535602338
-0.0675919562190226
-0.1592082181184083
0.2481700696532379
-0.1421050505557606
-0.3377513419797188
0.1975202569975135
-0.2728156208966613
0.6233931718642634
0.4340629419920950
-0.4156847214872755
0.0496396882753676
-0.4500293758920799
0.1427299087317060
-0.0192123028971505
0.0783026035720782
0.0295458615641404
-0.6093397246017992
-0.6298518069441030
0.0414748966813758
0.1363621637812552
0.3332664805757370
-0.3168223917488925
0.2388440894742928
-0.5912102289240797
0.5496304515351547
0.2473058268294440
-0.0115128710697091
0.2476212351883102
-0.0751513114443272
0.0004560697140543
-0.1756458364409457
-0.0280001573597671
-0.9332405464081639
0.1712203958193051
-0.0338524178824853
-0.1402087123911381
0.6239313509594508
0.1320644022440056
0.5915386018975254
0.3854381270120134
0.2486075718271833
0.0633311977012335
-0.0965046488930900
0.4653698791418495
-0.6702588069929958
-0.2855974117026013
-0.2362809783381970
0.3956865653031443
0.1233368988376073
0.1075060135811223
0.1159829013594842
-0.2758260872602479
0.1107871011766551
0.3566588028082004
-0.4128741708165257
0.2029109551747943
-0.0753695016886788
0.6962838832772511
0.2868988351756898
-0.0747728083314881
0.1153496469980512
0.3372767759821585
0.6007566986002771
-0.2535100574166485
0.3223369925877365
-0.2556470903806180
-0.5224129886590202
-0.3828920809198642
-0.8910959179144408
-0.0178706622568384
-0.1090650838915475
0.1777643421326189
-0.0228168003682526
-0.0528820713531408
-0.1104983491633338
0.4986202905402790
-0.1408677606211444
-0.1926490483603791
0.0729965212812604
0.4141988873378439
-0.0347811908678378
-0.6251859652489912
0.3542089655434784
0.4629119695551911
0.4070282456773733
-0.1998296442900132
-0.4718015079990950
-0.3449738902296504
-0.3192166228577642
0.0162081272106765
-0.3692465644247324
-0.6258498985563005
0.3098658994543337
0.0821937515182935
0.2473481610527149
0.0834031820736904
-0.1897162538291675
-0.0114270850322347
0.6334660032300791
-0.3082668630573335
-0.3175053941925359
-0.1033079314961428
-0.0636668805698106
0.0255396808242318
0.4251374153991707
-0.4390842315165677
-0.6443964662942729
0.4172626376706121
0.0020549530599098
-0.0672361000341069
0.2322494265902911
0.7060265889746283
-0.4643896411620867
0.1662945064488455
0.1601312993761809
-0.0918185745071384
-0.4624084096586150
0.2562525983491514
0.1916571138269597
-0.0125100673667889
0.0142019520791374
0.3390835385687745
-0.7483409151279881
