0.0316122264920444
-0.0212639791902595
0.0822350733517026
0.2258117161090222
0.0479584479993992
-0.4738104109883950
0.2806314993897016
0.1983430562015861
0.0224588053837848
0.7690471711010691
0.0629817266953381
-0.2119592137716449
-0.0501502294198057
-0.3436828296667610
-0.3860840137415315
0.3549033130884808
0.1250853852613346
0.0948795126732467
0.0113836451123864
-0.7305136854856642
-0.0309581541861528
0.0060346144158852
-0.3450342927550857
-0.3220475573303125
0.1563377993772050
-0.7630296330589706
-0.2904568406885845
-0.0521761223745419
0.2170481061612134
-0.1433048422985501
0.0917647243681282
-0.0687021142505399
-0.0520245307166829
-0.0795025553556097
0.7273688811458712
0.2008214389358568
-0.0241680867625033
-0.0473752088430639
-0.3106321222881622
-0.2586371604528636
-0.2832246698010079
0.0297525982114365
-0.2661609099854816
0.3257722216713561
0.5165957108125877
0.1362446343133683
0.3295796849903194
-0.3151032614472863
0.4299304789977657
-0.1573381470772774
-0.3793909230285748
0.0051169543537866
-0.2657251273874737
0.2871590600156480
0.0049094794395284
0.1207619501417865
-0.4372705856160800
0.3024098528707172
-0.1186059134033218
0.3731955948183556
-0.4913132321126341
0.1367695478171109
0.3646959106693567
0.2863447986017695
-0.2695810624966377
0.0406442012156283
0.2630887415411497
0.0955361748160730
-0.3531595055630520
-0.0194449473334957
0.0453088138962156
0.0898448521878370
0.1051316933732173
0.2412538396031395
0.3567682859305360
-0.3074288491104435
0.7038325296277282
-0.2651642187637783
-0.2108865985910615
0.1517857080237605
0.4447732848272332
-0.0299134329438345
-0.3305743524314402
-0.1328383465491271
-0.0106945376370779
-0.5199336915390088
-0.5100609024768343
0.0769728544865939
0.1478539123824593
0.1598222103870899
-0.3279270003885868
-0.2187947451647376
0.1510906798850328
0.0583583607194750
-0.2988286939877410
0.7443339052862148
0.0378437742771337
-0.1605059715997736
-0.3169051319730684
0.0376916791928542
0.1828723799110906
-0.4532598309688111
-0.1850755705609826
-0.3007765770833718
-0.3466421119139839
-0.1785645393887730
-0.3181730718495758
0.2938005205038412
-0.1333170644762301
-0.5268782609071515
-0.4456161392558120
0.3883455510807569
-0.1322319134052020
0.1762836401916571
0.5107433351909622
-0.3155705116724897
0.3005407861837051
0.0962573790084897
0.0697534246322206
-0.1159551330426929
-0.3517213472180871
0.3123051375850469
-0.4757650716623150
-0.4918787657401645
0.1104635590707486
0.2252961087035646
-0.4021179461384842
-0.1611331107839342
-0.3384309872275517
-0.1108839678314806
0.0856497955768373
0.2222126144951316
-0.3508543494335777
-0.0835076439720789
0.0257480187363622
-0.2764370685298254
0.6518662196452282
0.1103208860814095
-0.2231985988609487
-0.3166345853910955
0.3066055512174656
0.0180627247989870
0.3336745691109869
-0.4313129066815801
-0.2415563886930656
0.0786599167584594
0.3239531587996153
-0.0748526888473300
0.3687342980657732
-0.6549795133576605
0.2233034300103378
0.1127471085259412
0.0986277185561195
-0.0402097785601476
-0.3158933630311183
0.0263118179015748
-0.3954792966144940
-0.1668235297629143
-0.4793615069713225
-0.3660714239031940
-0.2915777668750093
0.2716558659227301
-0.2070614332533719
0.1490874277714926
0.3571741363082108
