0.2035844409628810
-0.5492969555131169
-0.1301648807178510
-0.1391730583753548
0.7877272330648534
-0.5738175409850786
0.1198552242488329
0.1530811108272981
0.4365657483354664
0.6650899756922175
-0.4411087657329006
0.7560172237997556
-0.1802770885330243
0.4182460304493987
-0.1625774999041513
-0.2156199858477993
0.2672275701767814
-0.5733707726501786
0.3940500120794291
-0.6309262971941709
0.2916388229865274
0.2494952770275777
-0.1349226725812149
-0.2361218178741400
0.8824631795238367
-0.2415172626938899
-0.5790161635661081
-0.0375121682306161
0.5562174580776263
0.5437137764617874
-0.3184159317432792
0.7122427600783647
-0.0280768773062598
-0.5048852885631537
0.3682717467865851
0.0810836955013633
0.3192149014078748
-0.3303774436599256
-0.8840409033847155
0.0291497325283095
0.2001280747223330
-0.3724598212583470
-0.4836968603763354
0.1499407982248694
-0.7515168258568117
0.3963352506969206
0.3138646320475065
0.7976032041757982
0.0162365642856988
0.3285922465204997
0.1740912163429978
-0.0845059021990663
0.2985048380251865
0.3693040537373307
0.8585222061510519
-0.4378977941186297
0.0421811694177605
-0.4082281793991194
-0.1726117158434956
0.7810385521538826
0.3126875086551372
0.6181084238011744
0.6021406033943471
0.0070516643176831
-0.3969199744675413
0.0418973701531707
-0.3322557517049147
-0.5772610782214485
-0.6668312614307634
-0.3315968066530768
0.4112429648719225
-0.6425701062117649
-0.4191679627091848
0.3947765354296890
0.2939941981718601
-0.8151951412486542
0.1013896371303161
-0.2637008111709717
-0.0128716292226752
-0.5054435938026074
-0.2332106413770995
0.6800989779611157
-0.2794386398345560
0.2315551604848137
0.5927684464822611
-0.7230109697738140
0.1341167050197855
0.4377767471865909
-0.4480734386253915
0.2585528190573640
0.3931377454748731
-0.6778649032013833
0.3920458270181566
0.3434410139023286
0.3380683741169877
0.0511988183125667
-0.0157983398867706
-0.5080175705267482
0.4663126740365267
0.7222186175454239
-0.1961794420290678
0.1496076659978682
0.9477033378209846
-0.1121666316996382
-0.1685473316785419
-0.7229583429677364
-0.1647878568562123
0.4852821821014363
-0.1518107308534946
-0.4377566701932453
-0.1789018024890661
-0.2991787122811371
0.8140377541042167
0.2356192751495767
0.4003902287205755
-0.7024775675609179
0.4027012664970394
0.5104684293241860
0.2890512660717104
-0.0151097743535801
0.2624317718333701
0.6726995427375136
0.1493996789962421
0.6481536607163916
-0.1902142432860873
0.5805027086162201
-0.0624353066204869
-0.0025332078689193
-0.7109246788870596
0.3920435200123348
0.0319824664126981
0.2681509651740305
0.6034388726486055
-0.7400303766152125
0.1236476865198994
0.1775112395321712
0.5354228789711334
-0.6851717929915681
-0.2776989729504193
0.3677431100986360
-0.1065784613289252
0.8874692846076502
0.3829335174622984
0.1225063520016275
0.1984777453064931
0.8861665304278075
0.3712941942861571
0.1185474157352293
0.2293135773190267
-0.1010509530810314
0.2677295339467911
0.9222426022794866
-0.2471707043289024
-0.0157825296165009
-0.1282459896989118
-0.2900523927645109
-0.4774480487105018
0.6309648178611272
-0.5379892150593383
0.0190780852138822
-0.4027315893842905
0.3756208342732833
-0.8112144250942841
0.1768691668806744
0.0858178891474985
0.4927473238935394
0.4165228176963264
-0.2615833874887675
0.1609158444170466
-0.6995634635538928
0.5166208898706407
-0.0544689455729544
-0.0334030117925553
0.7920383652469605
0.3188972513170142
-0.5526571441394037
0.0796346194676340
-0.6200998411163822
-0.5424947454575774
0.0969744637122556
0.4593140493352342
0.5860969158720495
0.1134135325291149
0.3697033558443841
0.5440384256697408
0.1982468070337422
-0.2851207262571440
0.1850915520468654
-0.8868171370318896
-0.2422825990181098
0.1122815086687273
-0.2142587040953488
-0.6327092160849519
-0.5708119302084717
0.4640461816924055
-0.2024671623163165
-0.0087806661584636
0.0481854643393112
-0.7755977799744936
0.5958659184837088
0.7220506679765430
0.1806529243730164
0.4235860913380315
-0.4766702505165998
-0.1984128254108486
0.8611655811841687
-0.4015876280459956
0.1886181079871110
0.0225277507448811
-0.2470565290978219
0.7362282301619892
0.3895323189153774
-0.3534308854764778
-0.4174823978271784
-0.0838309151133164
-0.4528655489857860
-0.6890257777544645
-0.2118940942873162
0.4047083739329563
-0.3338686822784648
