-0.4716550908156994
-0.0219854436594243
-0.7996769203879349
0.0608006315339839
-0.3658937301713020
0.5987803163978692
-0.2629487657742361
0.5600439264805116
0.3389442432275448
-0.3791934594207448
0.3394040972887588
0.6844179568194190
-0.4238570736443332
0.4141747326142726
0.2553064650812683
-0.8289184434432519
-0.0823309672430167
-0.0897503513905976
-0.4554104054228436
-0.3011014164867238
-0.8281907779483773
-0.0070331540350044
0.3002224094493214
-0.0975440584980192
0.4630358858466163
0.4044999117926265
-0.1270039327679286
0.5966269805660669
-0.5731782679662546
-0.3684463890623160
0.2305106573016827
-0.5066095444908501
0.3429793404683592
-0.6266606213534512
0.4241146589755128
-0.5975540354755123
-0.0549015295087071
0.1500971500668794
0.3056347339933882
-0.7238599668880207
-0.1786630096075517
0.0652082404992150
-0.0992926969839186
-0.9687909537017082
0.1241469400362444
0.2092441351924478
0.5624064765682788
-0.6534447487219538
-0.1326272638512582
-0.4419681167829306
-0.2250984066919721
-0.0960152703574150
-0.1930991889708599
0.0370773066998154
0.9494470768345185
-0.4855199489440282
-0.5908171381167401
-0.2238024027724274
-0.4605005098502630
0.3912253230887148
-0.6290555359378097
0.2102948958650276
0.2674363293464292
0.6952780077471301
0.0716344272539562
0.0908852301333980
-0.3109574185384029
-0.3918842374395359
0.4955792629994484
-0.7041827158705962
-0.6361780420015505
0.7003294828796967
0.1191593775632088
-0.0354473571935496
-0.2989325039056003
0.0584834540779774
0.6067380831050730
0.1215991101350918
-0.6260879074332192
-0.4708249915725983
0.7894709088742584
0.4809007178060609
0.2039247035590755
-0.3223093213200666
-0.0012650388963983
0.0514846280883089
0.1236072865824961
0.4072924979526031
0.5953433866226517
0.6795216294501022
0.2081421162179925
-0.0128589523092044
-0.9035400572367914
-0.2966024501853660
0.2283721925155922
-0.4296854768048133
0.1832270218755976
0.6801298772803417
-0.5554825942649069
-0.1032506027923125
0.0545839499900076
0.7818416125790240
0.6127668028949391
-0.0657658660810999
0.0770453202461879
-0.1523438080557331
-0.7304739549620275
0.3107722781971000
0.4882646608790297
-0.3289640972964717
-0.3898953679138277
0.7022495914312822
0.0095371320765122
0.1841535783814768
0.5664129377891988
