0.3075631421556883
-0.0744079391345517
-0.5680080650938276
-0.7597599687858231
0.7022628066797428
0.4108685375681140
-0.3791402542236018
0.4407569203293263
-0.5189214867911911
0.4930089377404384
-0.6968698023206625
0.0451127084979940
0.3214067217462196
-0.0207318149498759
0.3905304941284079
0.8624116442981588
0.5316458271405748
0.7110189856908558
0.1455040319697901
0.4366157271007252
-0.2681780604371445
0.7116636625730558
-0.4804998282702033
0.4367324974232857
-0.2310628854988209
-0.6163103656669343
-0.1858706515342898
0.7295365494714211
0.2197513475673887
-0.5001890833972744
-0.4887123175684253
0.6802062163413460
0.8040589664557382
0.1117999558905370
0.0624771333002004
0.5805915570688167
0.3639706040456596
0.6727016318133667
-0.5052882816057376
-0.3996018849032026
0.7820743800430524
0.3825798013700158
-0.4591561514375272
-0.1765445786792481
0.1077822000483084
0.2352027878521304
0.8095175709914109
0.5270141821578410
0.1249915609713748
0.1358512183845144
0.3892708916823283
-0.9024354431416284
-0.6566397156905147
-0.6391446922735445
-0.0481161552437301
0.3974961405108197
0.4875985425042137
-0.0438009857500837
0.7946274021595306
-0.3590214850566510
-0.6373525701336954
0.6335419255928184
-0.0700640899716131
0.4330096455698955
0.3657128329756481
-0.3349692460650561
-0.8313229228085125
-0.2509022239850529
0.8269055958712861
-0.2442595570082114
0.3995760646706128
-0.3112930658868778
-0.6178442736999689
0.2075620983963855
0.0939745952479864
0.7525657474356805
-0.0025340996626737
-0.3869571171781252
0.6022942509195793
0.6982115747488845
0.0967121682471293
-0.0158868168781457
0.9930984222130554
0.0644196348977489
-0.1239816886008667
0.3060078964782745
-0.0516057687720229
0.9425097096656712
-0.7580266289427923
0.6059840806651109
-0.2244846768215992
-0.0882357845003323
0.6621602918642973
-0.3662269007429974
0.3118432846140035
0.5746088851484261
0.4548571034493200
-0.2730895400560194
0.4418488575597065
-0.7233924976296537
-0.5615878138796765
-0.7901525989371853
0.2414924883541602
-0.0442648366446012
0.0016554054521378
0.5109404554099133
0.8497675367209891
-0.1297391390191933
-0.4310323761756271
0.5611524784473239
0.4312648496519791
0.5597585337227780
0.1223742893643552
0.4922893670551901
0.3806003731294663
0.7731876023066333
-0.4215281603218394
-0.5438119593792485
0.7152742466803136
-0.1223328039721894
0.8286016120399340
-0.0397425882887478
-0.5294389347739434
0.1775790233849877
-0.0624234585746153
-0.8790555242392234
0.4721817473058361
-0.0202260879879194
-0.0882973096424107
-0.3362398564367789
0.5426298092953340
-0.7646562849525242
0.8122542058220817
0.3044267498413170
0.4442270587297000
-0.2241200111497217
0.7396326705724913
-0.1274223860385525
-0.5137722278889725
-0.4156262094816068
-0.4206563985123121
-0.2116206563362897
0.8122349955668543
0.3442952282256628
-0.9801771260316501
0.1517244269465101
0.0071242811862797
-0.1272074859812374
0.2652882761721269
0.7487145863111220
-0.3380846316224144
0.5047250544913767
-0.0096372179391762
0.1306810823690663
0.8333366202272461
-0.5370099218166019
0.6212959008340306
0.2248242308914407
0.2549202546882633
-0.7060177990394956
0.5986848050986834
0.3066477436247352
-0.2954399933130979
-0.6784238172595113
-0.4225978386367656
0.2127686254684194
-0.7689860712288401
-0.4298848695311887
-0.5133101554024363
0.4709222301319855
0.6743194045980769
-0.2450270966867526
-0.1433619995304366
-0.2090618817593546
0.1607469412312023
0.9538872509739741
-0.3391729384871719
0.8243408534456904
0.4466245721571349
0.0771386199245506
0.5811580323414245
0.3189162767846437
0.5271177029092259
0.5316903959322244
0.0207021947043986
-0.5229644420702920
0.8266451944924106
0.2067300991320176
-0.1223659114577550
-0.7128505464228639
-0.6134402758749292
-0.3171146639817027
-0.8959571263058933
-0.4319621291424534
-0.0182519428512817
-0.1016681532760263
-0.3848587595699527
-0.4666962034993875
-0.6358296825772545
0.4793735532705611
0.1369482104959261
-0.8249493010113604
-0.0380368528525587
-0.5470439070384610
0.4939332215245815
-0.0172537777888379
-0.5991698786009628
0.6298632680222507
-0.4924548952278064
-0.3282926677172332
-0.8040930607742963
-0.0560932268985881
0.8316646692284944
-0.0513472022998700
0.5159658710855345
0.1986870973364432
0.0466231206033923
0.8344873262366113
0.4423567281824892
-0.3252348566918322
-0.3767325240969199
0.1534536465323195
0.1467287740303955
-0.9016624925796985
-0.9242498335407824
-0.0992576953155031
0.0415810737902343
0.3663074793434363
0.0561760965073733
0.9094420702830847
-0.1051893500806763
-0.3983648674394068
0.1676482868863829
0.9745370851816808
0.1012358145851344
0.1091917183441075
0.7374638240288409
-0.3497787304684354
-0.2382421098812805
0.5263484065141304
0.4295813276816319
-0.7916564333967527
-0.1658813473840855
0.4015262792879935
-0.4115342996873488
-0.3930460567981203
0.0835010265905859
-0.8180353879720672
-0.7887258336767350
0.5214415238220927
0.3161715542750588
0.0777550306560746
0.3997539478865625
0.0205808781482700
-0.9001721707529104
0.1716486865832268
-0.3479901486631887
0.9300864096796927
-0.1005035294744938
0.0611650842039831
-0.0510748076017775
0.3831379026873191
-0.8608095107550507
0.3310644918236539
0.2208523520991518
-0.5867908307179126
0.1371961741525319
0.7668624187920297
0.5141101018946094
0.7369791355115597
0.4372019768367065
-0.0375098440495881
-0.3449926622567813
0.7433896829400053
-0.4519334680609285
-0.3522896290465539
