0.2891755096653181
-0.4699625004567907
-0.2221846467786460
-0.5281865486844960
0.1809866651332598
-0.3629170516546185
-0.2895430009858119
0.2811565054234078
-0.1995410634413408
-0.1181444095170002
-0.2157108900078527
0.0531730291180299
-0.0584829456518930
-0.6468986357464662
-0.0577821142517556
0.5990635142849500
0.2108955534916889
-0.3287741446436263
0.5229181639022732
-0.0064758454459283
0.2805350803443992
-0.0371948321003342
0.1041582638306784
-0.7559097679950887
-0.0366852154389282
0.1571353415007044
-0.1953085471582637
0.5988471125563878
-0.0669847459718494
0.0896821083174477
-0.1801485545193664
-0.2154427467321351
0.0983427740999489
-0.4965229089316990
0.1672768203335551
-0.5155534747145278
0.1226709686490661
-0.5645386119275255
0.3388306861160518
-0.1748433570481070
0.0638735943367755
0.3761178512390590
0.5165039742653895
0.2769275136181283
-0.1784989591876367
0.5191912801502042
0.2380911590306040
0.3001797613189869
0.1418036252921287
-0.2221926134408269
0.1826432303408261
0.2092669088715890
-0.4135939623612067
0.5157093614126386
0.1821970766751522
-0.3343691005691545
-0.2848741429187725
0.3431027120181359
-0.1907215863608059
-0.2954687336546487
-0.3797196294230461
0.5349007449482627
-0.3196036319425241
0.2866474318573869
-0.0122933182076054
0.4156916596825990
0.0708607763173572
0.0344971272008620
-0.4342074724713789
-0.3898546984470710
-0.1817870747642520
0.6042366351019632
-0.0030483531667778
-0.3067254335890788
0.7565198368114033
0.1138818560492129
0.1344138186050019
-0.3113536128702199
0.3203547720169494
-0.0875315125288924
-0.3087422594774678
-0.3086199152909033
-0.4100033721448279
-0.0815453228878117
-0.2460466209036602
-0.3075469508712477
0.1541578425242355
0.2989194459628567
-0.5219448251198950
0.4351245802372131
0.7372973716627319
-0.0228069444873968
0.2404734696882469
0.1742924774324577
-0.2117056664865836
0.2664903397816792
0.2405280459483454
0.4338097354714228
-0.0760661147419116
-0.1612537489228607
0.4280917351387513
0.8338784280344949
-0.0067198065179461
0.1372814055606545
0.2423016268119000
0.0828797467672176
0.0182687385864312
-0.1028457306899900
0.0922533619350393
-0.6805429676654747
-0.0657335711691203
0.1540403619883500
-0.1389230079476479
-0.5901247434244865
0.2844608582177932
0.0341277649838040
-0.2251038687645598
0.1390965940990315
0.5858050143545734
-0.5261597287276453
-0.0410257025377599
-0.1094188337903292
0.0634668695009620
-0.1574762000683066
-0.0267524166499080
-0.5634203441186431
-0.4480129913069762
0.1660683094634938
-0.0846826086665056
0.1726330961131865
0.2808012990904118
0.2632053622018733
-0.0148773466466536
-0.5178031290179775
-0.5641493578842292
-0.0142802649813913
0.0739485439952206
0.0524940985340703
0.7667865081354617
-0.3070625454023120
-0.0543684888105886
-0.3637763064657006
-0.4165397489703481
-0.0229913994999668
0.2029182067490055
0.5774285703100438
-0.3403955136707006
0.3037316265102508
0.2563059668936413
0.0296687215479014
0.1799774082260274
-0.1044306094175779
0.5544437207968974
0.0059282442596832
0.3383165991082610
-0.2860115854061842
-0.5696309648453565
0.3766650408188574
0.0629527827261769
-0.4752939379455042
0.3084616394366347
-0.1110502377795064
0.2922651010128094
-0.0673523824770913
0.1041618471985362
0.4983536122982412
-0.0301511350116735
-0.3034194245823625
0.0131124483322255
-0.1990835849888276
-0.7197639236113893
0.2189644510970074
-0.1539348111952917
0.3458136391130495
-0.1424575547190791
0.7401791790807708
-0.3238222449201852
0.1331107826010128
-0.2530326186250723
0.2323948475809198
0.3202787850185031
0.5961594104924660
0.3524526744737702
-0.2476514149446695
0.0165846378495393
-0.1657769869202823
-0.5702311304075574
-0.0509414455025292
-0.0307524555084863
-0.5410479910956046
-0.2054882246324184
0.5004626970200075
-0.2631426595862488
0.0664720167335101
-0.1137139361504661
0.2346801785372397
0.5210214037508638
-0.0380422504318524
0.0217901640236662
0.5130416156753462
0.2701767020954186
-0.3250753136843356
-0.0232616140830403
-0.3287240609018675
0.0707943138518421
0.6631062317720910
0.0657400868620362
-0.1353603408951020
-0.3662431068833495
-0.3569666474338813
0.3976629118250650
-0.2419127212806090
0.3301215260989642
-0.5992348969493414
0.0778716050032290
0.1712721537578529
-0.2979963365454674
0.6759704943372560
0.2664024230638006
0.3326006672753785
-0.2327553266532843
-0.0157873545197055
-0.3450743138101946
0.3148991794796795
-0.0025615167138387
-0.0684480802331014
-0.4985139075505554
-0.1479032629725718
-0.4624125661710750
-0.6229810640463000
-0.3051513011806681
-0.0464434461624544
0.0862367420244976
0.1424131159734502
0.1387212962873209
0.4423811395053066
-0.3972540899723837
-0.0087572125997723
0.3496799824979162
-0.0378098509202994
0.5971722090078443
0.3452642331704712
-0.1662531674573073
0.3238227493617797
-0.0233977314948278
-0.5361759119093528
-0.3654370455318645
0.5237190160418924
-0.0884330718168340
0.0228398201394953
0.0229211828284994
0.4363639265987496
0.2594234012227609
0.6352118760895638
-0.2512101245436072
-0.5791270091072719
-0.0783495562861597
0.0409788319223861
0.2061489379996944
0.0386623804611523
0.2808926308836818
-0.0993924858195068
-0.3411641037478557
0.1534285715763407
-0.1188323207965222
0.2560581125578734
0.1491386160798021
-0.8039753061858510
0.2746750678348924
-0.1625914246664411
-0.4233415725379752
0.1300788843767156
-0.4319502775309802
0.5955309890624271
0.3602012047432180
0.1480788926544063
-0.1984310204774990
-0.1971611714560481
0.1808411785012927
-0.0763790796024014
0.6004337587629585
0.2699667250027815
-0.2505157031067586
-0.6090798121141181
0.2077384280533463
0.2405762612922625
-0.0175707889699948
-0.1602692899080761
-0.4005311932367874
-0.2051357803839958
-0.5266645235199385
0.4570147015552420
-0.2388863158877308
-0.1565273935562614
-0.0652333805897987
-0.1676628468849944
-0.4442098558764423
-0.0326607718853861
-0.0776457949551646
0.0630576255232694
-0.6596888779145571
-0.0331448208013787
-0.0869814492449935
-0.5767512355915454
-0.3804602339214860
-0.2601584050422933
0.1039406663734838
-0.0769478968981064
-0.0607921253307887
-0.1961000656919357
0.1830504114852157
-0.1734759619508760
-0.1947620200197240
-0.8583189700349043
0.3207481558583740
0.5863013802032810
-0.0116082094419299
-0.4570792044299929
0.0257317693601913
0.4726434827188774
-0.1829623867621320
-0.0159513212477892
-0.0261134489018907
-0.4344294699707779
-0.4497114240547498
0.1936836278835157
-0.0465567025085549
0.2595250514490444
-0.6598687182191320
-0.4257114293075977
0.1773927832410401
-0.1950813015942556
0.0674065900445964
-0.5777260431024698
0.2003037396308936
-0.0191134005108789
-0.0241627933636248
-0.0761832821387564
-0.5193205133070502
-0.1842550184949009
0.3266641402691784
0.4571704364364900
-0.5525099632332079
0.6748386632995655
-0.3953070733783621
-0.0895793625797376
-0.1385489436323986
0.0630098602335796
0.1858687943850870
-0.1205890605157638
0.0527104550387101
0.1319164405448890
0.3047214430781590
0.3244683737477178
0.3043570060001040
0.1778472882863868
-0.1849689040584553
0.2868649444912688
-0.7250372959013727
-0.1342246323635658
0.3088636163615720
-0.0200026525883064
-0.1773892853295028
-0.3847480001761627
-0.1089971069806455
0.6518973292781670
-0.1020471493719377
-0.4461926724126370
0.2799163434463744
-0.5679487204278197
0.1988960018529724
-0.0887736137014352
-0.3011026979925178
-0.2734137570794224
0.1870083014633116
-0.6380978816375109
0.1178337816474453
0.0924670111943968
-0.3369776008903944
-0.3364373678441784
0.3158174610830998
-0.6309603880073784
0.1985907471799405
-0.1563121495723924
0.2597309443254440
-0.3594314819589414
-0.1219892922514988
-0.5741019596379833
0.1188690969623422
0.5228487612974361
0.4025711614026431
0.0920364050931041
-0.3431160278272951
-0.0728896911767395
-0.2785303787408913
0.1084035200905426
0.3078667446438139
0.4451596596182790
-0.0885337771694143
-0.3258333109287083
0.4410476689065582
0.2229711228324294
-0.0897530170025753
-0.5273976487505818
-0.2502045502115035
-0.0612775930659152
0.0581906264387392
0.4109617020680340
-0.2271730946858086
-0.3112726980111379
0.6375023341214116
-0.2567644303879114
0.4506595703171298
-0.0063112992880170
-0.0201759426172102
-0.0708127291014967
0.0123122941013984
-0.1383529796994880
0.6841460966765120
0.2879765385998827
0.5492635837982323
-0.1962871538102609
-0.2899652557453241
0.1817540418636041
-0.1627224711848780
0.4230744834483597
0.5105024643733971
-0.4077257905952080
0.3288083468789572
-0.1968735345716370
0.1711373793497528
0.3980950143397065
0.3510715407200340
0.4550449318693773
0.1610196770966162
-0.4078076057925773
0.1140511468301307
0.4014150516644745
0.1212839484362291
0.3177657613732828
-0.4331534606538404
0.0833046310472937
-0.3337092528991797
-0.1359380259530581
-0.0661998245495278
-0.5441613680024365
0.5519982871936339
0.2911103345977513
0.2543671218601854
0.3295077331734497
0.4231608944913663
0.0714509742490778
0.4785943766537902
0.0855419905210672
-0.5504411750216175
-0.3011128807314946
-0.1929417051413081
-0.3609106096609840
-0.1353594558754257
-0.0263938134173268
-0.1233299244079536
0.4101620997854294
0.1648020221091712
0.2853354450788591
0.4150510330143006
-0.0897281680358237
0.2670552382438127
-0.6750163858233683
-0.0368874158307000
-0.1763865453484524
-0.0603221918688629
0.6657833290630412
-0.1878149290114739
0.6294188057380018
0.1227831074618196
0.0549164709876487
-0.2666212786768650
0.0747192458650775
0.1668433384645970
0.4394086758066932
-0.2906557479984729
-0.0973233659569855
0.0476493126226959
0.0677256486374500
-0.3850882781403968
-0.7241529855558748
-0.5029165695972240
-0.1715253615038264
0.2797994590441845
0.1062410232010271
0.7677732297082475
-0.0017321364214722
-0.1283167261968175
0.0958279712910201
-0.1138075886594803
-0.0798173957582448
0.6953502976839725
0.3317898887894655
-0.0366966705055238
-0.1436065424286329
-0.3935881595937298
0.1348942499380273
-0.2003032648024399
0.4059970886084285
-0.4587270609493888
0.0571590507525908
0.1564773907567056
-0.5264845976160822
0.3236630334327993
0.5503193707756601
-0.0637563923674837
0.0343765518131591
-0.2679091771117310
-0.6902750538100263
-0.0308538063261555
-0.0047891234562523
-0.3174835842590120
-0.4417211938008611
0.1584420965412116
0.1089186924623469
-0.2802055818381848
-0.3333911667622730
-0.3754721673407665
0.0394548978689600
-0.6207397598888973
0.0347340324571360
-0.2585564277484764
-0.2572016495657743
0.3329373633205758
0.4755928811832968
-0.0299944773653956
-0.6961218494840873
-0.6338319410795158
-0.0167831462399888
-0.1182816940668381
-0.0167567107200441
0.1696663854238767
-0.2028529303733018
0.0826737458424737
0.1494907310824747
-0.0964709610147415
0.4545902987642350
-0.1338825819578135
0.0892233656684314
-0.5087185710928639
0.0522711700227793
0.2074979113465940
0.3948950198352170
0.5455559911899710
-0.3068666198264625
0.5786945442253804
0.0235042140633667
-0.2366490879498768
0.6471660182306459
-0.1332193953311574
0.1211860118389588
0.0826913059393052
0.2372658829784169
-0.3557064642453960
0.0371655209942723
0.3941674838601311
0.4168058131919768
0.1668539063004245
0.5113128751868714
-0.4843871775506168
-0.1312622621999579
0.0430667211096016
0.1914376108105556
0.3833851043125680
0.0097430379171686
0.1730999277985706
-0.5667795733021119
-0.4232619569225786
0.0240094549365390
0.3330869364729166
-0.4176073048941367
0.2863524225359249
-0.4379377170165513
-0.3172048162983083
0.0440317661370361
0.2535693245128102
-0.1243533824880862
0.3455422319624288
0.6494338113151360
0.0522520697308394
-0.4644665957801649
-0.0373115501651078
0.0000061231649019
0.1146832260386040
0.1019741376804168
-0.3214450766609192
0.6627584932312837
-0.2079158284199186
-0.4165608156483224
-0.2632366076100118
-0.2917803915958749
0.1460109085855989
0.0446909448457153
-0.2203817546645741
-0.4428554575887866
-0.0619947081608325
-0.6775650034859955
-0.3385667934437785
-0.2611960431760810
-0.4633552833738183
0.3467253553982683
-0.1084579553059448
0.2011124596249646
-0.6429304364475086
-0.3617810012569209
0.0159147272049039
0.0123437965825846
-0.3805856703024028
0.3367883430938762
0.1328479719171880
-0.1350511695380718
0.0414259235278050
0.4652421421505974
0.6050010992593492
0.3312234290311519
0.1092662320356016
-0.0633726720381581
-0.0137960919223646
-0.5417271519673100
0.5113937773709017
-0.4401234899590408
0.1829375284541533
0.2027484863985565
-0.2198293457845707
0.3524130443648524
-0.8553917685677314
0.0898616959405751
-0.0110418001025530
0.3707417665376143
-0.0567007934785803
0.1233859280550768
0.1031857356920572
0.2762368618590708
-0.1313973056844967
0.2641124473772353
-0.2491154464617455
0.3069739710957157
-0.2258949885763689
-0.1754084823588823
-0.5063800761528230
0.4165565394490026
-0.4142612163241943
0.3010048530576651
0.1192904138482095
0.3282331836018016
0.2813877476541665
0.3258378270703569
-0.0709600573113147
0.2074179781098449
0.6184563931856321
0.0826815545503751
-0.5052735132132730
-0.1669160131603170
0.1497154493745134
-0.0348714644727916
0.1903762490134115
-0.1459777980073186
0.2478375756860520
-0.3821185882548431
-0.3752238579365865
0.7366984817811585
-0.1541548379521605
0.1853909268755279
-0.2267443839325572
-0.6385507582738178
-0.3951223792437352
-0.1103171051802654
-0.0083882758453476
0.3674518573016436
-0.4234661907997903
0.1394393660662424
0.0294840967067999
-0.1157663779559303
-0.5951964240508911
-0.2163085463949597
0.2755532231952602
0.5873857218340032
-0.2936743642867891
-0.2409172664088753
-0.1571479804392907
-0.0725893111523690
-0.4448703886976662
-0.1214591865153292
-0.5666238926054337
0.0063151997790293
-0.3917496199883051
-0.5298326847165092
0.0456108698319883
0.2038810617154937
-0.1666964900653788
-0.0253863217919287
-0.1489495935980659
0.2043976416962956
0.2043217265771180
0.6920570880301466
0.0694403908081677
0.5835440011307416
0.3671082808562775
0.4470223742254582
0.3401831885513010
0.3402932216749565
-0.2588054527442003
0.4775317315040416
-0.2405620347490514
-0.1079365852706901
-0.2633271968708370
0.1552553419136045
0.4355546772944457
-0.1596996267671563
-0.3462299128084039
-0.2910113491143940
-0.4139612686031924
0.0726043128323254
-0.5817576914588469
-0.2025928023178808
-0.1091463447919700
0.2220077720708309
-0.5458111962138261
0.1845756743942700
0.4893469119477217
-0.4683125946078152
-0.1708495400676560
0.3435818979495004
0.0283973700762129
0.3933563845969285
-0.0671987931438798
-0.5272021421204574
0.3920548341989597
-0.2802088434863137
-0.0014185875469143
0.4011890880192729
0.1905389392958714
-0.3651427188502730
0.4225020300170187
-0.5613235419722847
-0.1399392981264564
0.1117389021223790
-0.1703414377204638
0.1092691745706450
-0.1140913977639812
-0.2199227268143905
0.6099184500589454
-0.1873015871056997
-0.0107755928599189
-0.3608124135225853
-0.1399868754031821
-0.2179017567895219
-0.8175889863279441
-0.2096439734617034
0.0128511617979771
-0.2344598150728178
-0.0788631437144095
-0.1036789389445627
-0.6127126109157676
-0.0348563814645116
0.2862524395493517
0.1082528876164107
-0.5838617255502276
-0.2807140833757659
-0.3050336264833131
0.3689894212530450
-0.2343273873307501
-0.4934022841167604
0.3626262345053041
0.3515734136760055
0.4776057100380414
0.1845711893298256
0.0203051190629382
0.2186412160856863
0.2663452960017092
0.2860145816293158
0.5600374915238233
0.6761887007319266
0.0401600078938451
-0.2430984360269090
0.0564507301250777
0.1114286980588404
0.0083651639455984
-0.1849063780460234
0.2919854483614368
0.4124971687372702
0.2959223046488013
0.2534170768259064
0.1270963990620420
0.0153149782745656
0.2842093974578422
0.6792988775595944
0.0940632784735266
0.1474968295864494
0.0140458462596085
0.0835958949228943
0.2766449428053808
-0.6398552043875040
0.4427070199376770
0.2706761568019655
0.4549824514581874
-0.5473559554699006
-0.2930176185099471
0.4397341310261262
0.1511343507284648
0.1367686878279406
0.3931149458190177
0.3731909204377064
-0.2888026190121891
-0.0491017805488427
0.0655038286202196
-0.1111683080603134
0.6375413534002707
0.1022714593272846
-0.2226580790955396
-0.2297516774655031
-0.3744714787072339
0.5566974606706380
-0.1180212797069747
0.4102386154084364
-0.1627334006136447
-0.0333556443409482
0.5452380726877137
0.3213758443594472
0.2794840941447950
-0.5028870820533630
-0.0611020680537841
-0.2623019092583894
-0.0362596143902796
-0.1316921944827429
0.1311819540252446
-0.2488503656403427
0.5299597614733321
-0.2201859526001240
-0.2585812351294283
0.5749969267380748
0.4187866680217834
-0.1029498307471257
0.5577116336742030
-0.2596613969070048
0.6409893058404813
0.0188146522521958
-0.2992465112037850
0.2267816922854890
-0.0673469657106753
-0.2328083319271837
0.1092278223623470
0.1705554377528499
0.2759680499787281
-0.5593882670072369
-0.5061796072554696
-0.0152538977289403
-0.2346114579241718
-0.2423489150306141
0.4468562616742037
