0.0587965097449795
-0.4262722934270688
-0.3703901897621736
0.0148756781432521
-0.1065838216992875
-0.3005479478117437
0.3557389860512924
-0.4634519304940551
0.1158298195717010
0.2978412168697697
0.2637563417537199
-0.0531803757619476
0.0194777117837421
-0.2435035935802099
-0.0142389141383436
0.1762391617460509
-0.2062748560196041
-0.4263881632678591
0.1855450234647617
-0.0886607761963896
-0.2024482688992805
-0.0147780690031104
0.2776760302347548
-0.0151961997937474
-0.0340892143869454
-0.1593261806889434
0.4309941122408245
0.1695121968597352
-0.1880518175635748
0.5543975014275934
0.0679742316695368
0.1757372396700500
-0.0893914409658186
-0.0443989038035598
0.1913997199510136
0.1711450217715862
-0.3710131041910911
0.1188894461864326
-0.4667523582687308
0.4067752498038114
0.2577552584452838
0.0089637002595451
-0.2550102327792782
-0.1696555215689853
0.4395096529915314
0.2889103729834719
0.1264165275905078
-0.1319688995130764
0.3373753671198119
-0.0521178149294842
-0.0042249177763135
-0.2583806753848725
-0.4111685455450665
-0.3876381063728041
-0.4097888980600205
0.3374456091260638
0.1323120474296648
0.2240264823953790
-0.0040521643594175
0.1760310256343703
-0.2565271084538043
-0.1780316812870072
-0.3849713635247575
0.0488395743427261
-0.0422063435422631
0.1345651152867416
-0.0051936578231549
-0.1314555897559426
-0.1195836262966493
-0.0623726658078402
-0.5184514299664793
0.0475535445583745
0.2078315742576058
-0.5534054609330302
-0.2757140386013627
0.1680788703257742
0.2522867905736035
-0.1175404153947160
-0.0938536140682638
-0.2469444662877105
0.2345510340373380
-0.3141047929859859
-0.2876655536191194
-0.2790143691557443
0.0379805070626070
-0.4177523483417502
-0.5502932149700506
0.0957238952316080
0.0750259520779026
0.1290132865662901
-0.1180270127254983
0.4750986212395343
-0.3295902399413663
-0.2432374261746545
-0.2428137671681721
0.1188205834544641
-0.0452357369743942
-0.3393610664234292
0.2330589320787003
0.0042300713260595
0.1506224986431506
0.2198481378639134
0.0234711122950763
-0.4329612865691068
0.2981721345119631
-0.2479337610588933
-0.0023641712644196
-0.2025393265416839
-0.2564327950757754
-0.0833417290665296
-0.0584438747954076
-0.1673765934683195
0.0132785044552589
0.0829143668659749
-0.2122943070687036
-0.3586509859151543
0.5996942892031516
-0.4835623298815612
0.1158601290313872
-0.0756769382411696
-0.1453228572470099
-0.2314066762691848
-0.2092586226699127
0.4155310509498199
-0.3786824848199436
0.1694175249968200
-0.2469024214421422
0.3756106802644703
0.3187419754475345
0.1495411665509766
-0.1731695639759389
-0.2899149625482194
0.2849354064537474
0.1214860613006784
-0.0280292918634555
-0.1495703825929088
0.2508227862859708
-0.3033934823541580
0.0448742422934827
0.5439225379668884
0.0339684949046125
0.3374960728575357
0.0325997130151108
-0.0569637845517697
-0.2728898973762749
-0.3963668919439016
-0.2141577029989526
-0.2289769786573154
0.2033749514164553
-0.1849528861488115
-0.1851100786387013
-0.0224083426389287
-0.1113509596784002
0.0099396786831285
0.3160441023787360
0.4556440717830309
0.1866510664859306
-0.3456537223239675
0.2786533844306668
0.3348645000830273
0.1658323862901549
0.1865684851690970
-0.4160104956719395
0.2201021101761306
0.1316206171998806
0.0473552033579783
-0.3901386739966176
-0.0483035444106843
0.1968537708075271
0.1729055824847231
-0.3563358468641434
-0.4339783998931345
0.0565335619329049
0.3588022856550146
0.2318914290359295
0.0095714387371984
-0.0537617638337992
-0.4894309468297335
0.0151506870329135
0.1754791699777658
-0.2764057644368884
-0.0777432071477321
0.1677184697295468
0.7007482741799819
-0.3070602398470017
-0.0797366047581852
0.0398535372426019
-0.3167442284411035
0.1246484010651942
0.0107247469936552
-0.1317964647493204
0.3604119253203840
-0.1384930597146669
-0.0601711497376746
0.1004932216092490
0.1514250998300515
-0.4316205654553250
-0.4227916427477172
0.1201864533426182
0.3293274243666993
0.4301166316956691
0.1911355945489267
0.0364977244198636
0.0500989060073119
-0.1968239688803866
0.1685798975148032
0.0807831186374939
0.3932510755818436
0.1492498892860221
-0.1146219615537858
-0.0269720036408486
-0.3404642658989476
0.6601179851648171
-0.0908829202057497
-0.1006514266996437
0.1382628285559240
0.0806911336316251
0.0746883153015273
-0.0642783953863932
-0.2977688694888344
-0.2221238368688103
0.1587795685231216
-0.1811598676593061
-0.4362005331281485
-0.0869864783088389
-0.5436294330244521
0.0422514485270030
-0.2131297924796194
0.2463274211457870
-0.0237305288407672
-0.2258914371626357
-0.4928860763054375
-0.0272012266304501
-0.3351446813948573
-0.1802588142294222
0.0198135470065317
-0.2227941392514615
-0.1728529239773704
0.1219634319751568
-0.2484259702538898
-0.1490376030280189
-0.2800105375417601
0.2113321588514938
-0.2429754593692821
0.1734727508454044
-0.2172637809642586
0.2205609532226292
0.1038582197524955
-0.4589511832630346
0.4354434477393998
-0.1067761925964104
0.1725242056172284
0.4118641472319245
-0.1918626987039345
0.1053433162156356
0.0456879447926303
-0.6462075885187381
-0.0456809291939747
-0.3802541548275412
0.0011365345425972
0.1285175921407286
-0.3300638916637399
-0.3270193231823776
-0.3706248882037716
-0.1031799608673729
0.0577936408908383
-0.0165398291812444
-0.1735820668101741
0.1354256777002268
0.0339571806018636
-0.2554642838693291
0.0630836226162498
0.3021814185930936
0.3408077715369826
0.3242109598743722
-0.3235779957618688
0.1531274245946774
0.1924529740744347
-0.2806787368934989
-0.3074387488128953
0.0697098799840968
-0.1264792792506328
-0.0586728685466272
-0.1215680778897591
0.4905266271840439
0.4615318746721409
0.0628402298582731
0.2306763168674232
-0.0551696973549527
0.0860117157665430
-0.2215229769795208
-0.2817540289413097
-0.4747414932952906
0.3476751287980628
-0.0840207456901073
-0.0771206085634625
-0.1607450292595055
0.0854518616323317
-0.4078899104973718
-0.1793005279229559
-0.2034777004888947
-0.2891869890825561
0.2619409669277619
-0.1030566491126836
0.1720625245541897
-0.0009069906061503
-0.3953927348993185
0.1428461922815145
0.3378350270628186
-0.4689850302482070
0.3700455373788413
-0.2549405759678275
0.2308388325129750
0.0044961461248889
0.0085170521391485
0.4432359973312220
-0.1617175389230185
-0.0245978043070380
-0.1604631004675600
-0.4832159930184958
0.1166387790267743
-0.0721429991050172
0.4778184575514303
-0.1155056136655710
0.0121692645816664
-0.1340508959504006
-0.0846000388287690
-0.4633843157014871
0.0746379765109801
0.1072666754786648
-0.6646836836959534
-0.2233967857552557
0.1564996581034330
-0.0631803468027012
-0.2250919591726518
0.2333088728168712
0.0545541902711046
-0.2129948005824807
-0.0342082639372003
0.1517169883249282
0.0635875586445012
-0.3838313445621633
0.0065596839444264
-0.2259113107015739
0.3157944493754218
0.1981129466022160
-0.1726047365158990
0.1644716906828760
0.1731497073418949
-0.1823889126220707
0.1913261918876763
0.5535697145297714
-0.3605602112961164
-0.1955507428846424
-0.2744041954365050
-0.0127792012722269
-0.2940233012346509
-0.2886350035322995
0.2224995332417698
0.1861333189978563
-0.0765680675675269
-0.0394378899101564
0.1395343331641468
0.2023923102494438
0.1954888185109003
0.3523682239919791
-0.1788083728561455
-0.0789392329423786
-0.4374431144184418
0.1480503817053380
0.0696771807198452
0.5187308307779575
-0.0251060612724122
-0.0044588419186747
-0.4936641090599642
0.0972853259811816
0.1441055323546883
0.4312038039108017
0.1833193367056268
0.1142244231939213
0.0766926382878446
-0.2190074542562065
-0.1561052981750411
0.1869706464629715
0.6159050790432170
-0.2969205016926473
0.0563642541882209
0.2492660854671929
0.3019252593303076
-0.0060088538925541
-0.4409074826120278
0.0324943846074476
-0.0368543480538224
-0.5706502413182125
-0.2662222183462056
-0.3906410912022224
0.0533870448629012
-0.1040568177672123
0.0058884600877130
-0.0165210844700820
0.3461134802821408
0.0957779328622092
0.1581439964013862
0.2737010093097972
-0.1058049920995308
0.0529122877202216
-0.0830251764974341
-0.0472668720633566
0.0231335138105960
0.0963998666148660
-0.6510765862586161
-0.0446135158774847
-0.4015091312207659
-0.1699266930331751
-0.0677107801549325
-0.4238279755787116
0.0551961398578185
0.0831963878464679
0.3726815972509175
0.1708636302342714
-0.1106943355437122
-0.0869259861912617
0.0790113847012213
-0.3458086466495556
0.5250834217541468
0.1325524481236749
-0.2153913351014301
-0.0965205377684555
0.1820902854888742
-0.0517375152474141
-0.4324464743435212
0.0241105597903974
0.0425041848342947
-0.2015457954390324
0.4894073937265105
-0.0722191516527606
-0.0408370927647239
0.0195152752179352
-0.1122839201574277
-0.3071207725119511
0.3317149175624243
-0.0815416554974628
-0.2260950285529339
0.2231543559096243
-0.2208008644197725
-0.1105437446283243
0.2370924753016223
0.2833040929032155
0.5297149886547891
0.4360727169459347
