0.3263066035615623
0.2426939489153840
-0.2026685914365377
0.2895442183630410
0.4814745933201340
-0.1703848484191873
-0.3169684572983160
0.4323245979198450
-0.1529596039214970
0.0309261749759294
-0.0023835730704902
-0.0199936678849168
-0.1642176657719441
-0.1450326549550539
-0.2978766257294398
-0.1749926603593774
-0.0790697741318957
-0.0422779809435658
0.0084989425978286
-0.2803580693409244
-0.6658368595529132
0.2652688664392010
0.1293244430229859
-0.2370198955751114
-0.2195216263851911
0.1167408972429169
-0.3020435172645943
0.3623467076374292
-0.0868319503784865
0.0645933695516153
0.2638005929920261
-0.3325683010612225
-0.0114705291558879
-0.2050053569262393
0.0228231837503320
0.0191800887138202
0.0627047570522712
-0.2195109809012287
-0.2186657556505890
0.2937375224452211
-0.0657900738186914
-0.2576061468689043
0.6965129183964782
0.1558194169710551
-0.1022126721271413
-0.0848478328476692
-0.4574027352176284
-0.0733529334092675
-0.2460061690677239
-0.0209770352565571
-0.2233745579318005
0.0223503891599981
0.2148720638190862
0.0451066308728395
-0.1057574472625657
0.2067465037548852
-0.0837567341199611
-0.3267195907192154
-0.1286710542515440
0.6590884901779624
0.3934382299580682
-0.0838199098078674
0.4577209632166985
-0.0900081500175132
-0.3134914040421810
-0.0365246394093387
-0.0786781430033997
-0.3068412279422947
-0.0581437043378501
0.3310488472880558
-0.1645461169384712
0.5169229813215256
0.0745959314223290
-0.0542588817294355
-0.0696457719586202
0.6383783691351537
-0.0118744379927147
0.0695757862800451
-0.0465774046425839
-0.3631228371922089
-0.1725749534445972
-0.2143832317364052
0.3773685090741768
-0.2223558408975382
0.1921399732195957
0.2292972765093528
-0.2139786372909222
0.0661614879617581
-0.0321400225540489
0.2125559424828745
0.3026055879225628
0.4137368456121820
0.0168806950687394
0.2192756528240277
-0.3147282856158343
-0.1005608111087184
-0.1851939998732589
0.0189898496612847
-0.1288352616494633
-0.6321493826417688
-0.2277041244801427
-0.1191318893063802
0.0486002389122699
-0.2398824147153666
-0.0538758794929435
0.2198965605718162
0.3824804835927708
0.3796385025862752
-0.4648808712631128
-0.2144061511300445
0.3375197038170103
0.2587751059207737
0.1041687447878056
-0.0595206740457129
-0.0855948581863329
-0.3839557708634110
-0.1181403985379111
-0.0760509012977842
0.1685646485537331
-0.0310350737371961
0.0973192391749247
-0.0228523320073742
0.0305093137421903
0.0592112610615213
0.1561580200788807
-0.4723608935625665
0.6183496487558990
-0.1846981274426490
0.4663862227248304
-0.1124298251411388
0.0735865411041127
0.1192204162922482
-0.1794584057948287
-0.1799750873264395
0.0849040932890097
0.0240352263418957
0.4610963761826003
-0.3802097339936013
-0.1318408068603366
0.2581765367221281
-0.2259161886565044
-0.1327393500758503
-0.2858020525480289
0.3084243396093281
-0.2560497510912267
0.3339414453011422
0.2247600320875410
0.2362275361335574
0.1574801662800621
-0.0674591881680651
-0.1722224562500405
0.2667987143229241
-0.3588083334941621
-0.2894475048663209
0.0543560612806521
0.3286464162430298
-0.0536625959329304
0.2697355200397651
-0.1123168799172243
0.2021805764797019
0.5199987833443708
0.2039428693555285
-0.1103834245374501
-0.2905415462917894
-0.1948133308197597
0.3642706466871953
0.1066401145346100
0.0906164462081948
-0.2102026985504564
0.3062987947024881
0.3790291743891025
-0.0847275284411452
0.0917771719262636
-0.2568361814161430
-0.4859563048628612
0.3762311279585880
-0.1202936879514194
-0.1863000809241293
0.0083538702710154
0.2398710121478891
-0.2049703958264831
0.0433501177336152
-0.1319501145506639
-0.2473102574005386
-0.2039655241913744
0.2719595656903805
0.1842903525136031
0.1417133979917485
-0.1774015188967791
-0.5887898730518042
0.1536015074939354
0.1138776470028995
0.3909440529719468
0.2065445789194325
-0.3126033838763362
0.0504118633055426
-0.1739005294003903
-0.2547505298598493
-0.1931585982538686
-0.1001583941415321
-0.0345359908492359
0.3017059079134848
-0.1481282924239881
-0.0377201480225056
0.1480992624107427
-0.5640334982122255
0.3165174755870108
-0.4727548063738692
0.1747441916855367
0.2123919698891463
-0.2179958565187312
-0.0398579863036057
0.1092227089548949
-0.0267356521475027
0.0546391430358977
-0.2587873411372762
-0.1420735222845452
0.3190652874168521
-0.3993288501366431
0.4306868547212824
-0.0327702893194492
0.3474883992777297
0.2730583094232381
-0.2838223394177615
0.3527153914907358
0.0250477353427077
0.3331217404237571
0.2559319857578056
-0.4758848124153677
0.0796098146499169
0.1380510878473776
-0.2814143563720796
-0.2394051706367658
0.0295269643097274
0.3772810072096454
0.2628614141722275
-0.1602006686987527
0.1779717539918274
-0.0191564335886770
0.4056059520568552
0.3158367016610271
0.0896106382390291
-0.1589415623416718
-0.0579987957743157
-0.3916532671039578
0.3404472557427708
0.2595652097080204
-0.1472634393091028
0.3489454041060702
0.5407335542569485
0.0343056776024367
-0.2243177161536507
0.0107130734683584
-0.1846287159846104
-0.0733489936670951
-0.5403748342185766
0.0004993904689976
0.1261337521760989
0.1015493745133557
-0.0093298751078973
0.0043537836350747
0.2581097315349332
-0.1000217639849323
0.0653152226369988
0.2663654317432586
0.2210275758536910
-0.3052677045350344
-0.0330430514327998
-0.6118907388044649
0.1108219280050728
-0.1970394697630245
0.0058743454398400
0.4716679917629677
-0.2117135492866930
-0.4294435591806554
-0.0902248787609623
-0.2702015324680117
-0.0761667899413562
-0.3864368690156450
-0.1973956653118125
0.3391673088936372
0.0076558330299186
-0.2479310484379122
-0.2389873346485797
0.0223325365033014
0.2638436601848114
-0.3841303924544434
0.1833735159460703
0.4072481213405718
-0.0477263675533262
0.0782605383922065
-0.2496759087465893
0.1484291323748158
0.3109392807170303
0.3202332304506228
0.0938639649101699
-0.1515122639452245
0.0264216341004983
0.3451450507036604
-0.3738442511609289
0.0253776230081764
-0.4373142153016950
-0.1396983431150438
0.0875701267767362
-0.2430822674686504
0.2014352511017443
0.2674980100538781
-0.0379433750601981
-0.2484003262469345
0.0063330760405630
0.6332881412599957
-0.3539463637913825
-0.0691247642267580
0.0648615753057894
-0.1058682186537326
-0.2545904117149423
0.2158616968284678
0.1333121423119405
0.3253352468629873
-0.1090436081289632
0.0874155396065167
0.6121984582793952
0.1914042636059248
0.0989851930519859
0.2241646530889363
0.0367973395397404
-0.2063268166027275
-0.2356235229300045
0.4003583824711693
-0.1193307668782736
0.3064033629844927
-0.0276075458362200
0.1840238750607363
0.2689517131645832
-0.2521513395726682
-0.0010583070650708
-0.2413447383435342
-0.3610047846365589
0.4057297837968913
-0.2098282376582275
0.4062809165185888
0.0626172226159700
-0.0431012368083944
-0.0844602849503651
0.4004758841892557
0.0394590875108809
-0.0895513949885577
0.0881173394653981
0.3241698185922825
0.0085987992705319
-0.0459474434122195
0.1747270170285000
-0.0436357245420714
0.1596022854134077
-0.2324532818327290
-0.1307002128540388
0.3779279296474813
0.7049790313514733
-0.3247095517098173
0.0332094326695206
-0.0041493542219173
-0.0588341224393831
0.4469751651357062
0.0230381917804130
0.6494863811873769
0.2327209189427829
-0.0511236942327564
-0.1364804152109823
-0.2982657004351768
0.0577986334631340
-0.1826308375710237
-0.0636154595056583
0.1719434637678609
-0.3628129645554415
-0.0898320069341188
-0.1002962730209280
0.0205464694098655
-0.0047998780605632
0.2935549525513153
0.1884815099781449
-0.1582124510787277
0.2693540707214111
-0.1707144149968800
-0.6456770729279586
0.1748797891050372
0.1396453731387910
0.1727035917813608
-0.4703790980051877
-0.1264437381120260
-0.0837601712676567
-0.1321874905515415
-0.0380022930113100
-0.5589392383685876
0.0088754713076872
-0.3129073969998116
-0.1544031374200174
-0.2473954487162662
0.1606974864311124
-0.2401419776037281
0.1129980485737978
-0.2529113145176186
-0.1994177293734717
-0.2662598946609567
-0.4630516402280440
0.0182055910168634
-0.3937453316502183
0.3847558365107407
0.1084300354610525
-0.2471220202183849
-0.1357057403457825
-0.0217463837724516
-0.0298121661859203
-0.0676329418265907
-0.2329658140450507
0.1719868944712257
0.0488814658136260
0.4955537147142988
-0.0705842838829464
0.5125851467981348
-0.0144271710599987
-0.2488577386173943
-0.0107915881981479
0.1589273752240119
-0.1344171444687702
0.0016373639792429
0.3084559922538523
-0.3365859735363135
-0.2386419738080124
0.1290665576128510
-0.2798927693428852
-0.3729616861351006
-0.4136035310399201
-0.2762250443821294
-0.2239456852614095
0.3124439388757367
-0.2156111336721772
-0.2765747023889462
-0.0753886404695013
0.1731514058937864
-0.3827580723449525
0.4122134084063988
-0.2902290754414497
-0.1717547538242601
0.2297130044224366
-0.1426288875848879
0.0870082179586308
0.0937613867890779
0.0390849401919383
-0.3981739893302005
-0.4020625808301341
-0.1729730196737662
0.1535756973371563
0.3688770141065524
0.0608643736879896
-0.3327909804040610
-0.1859688067559736
-0.1431219316795722
0.7204221855007956
0.0518758898059674
-0.0723657593416260
-0.1205085114214406
0.1049160547567554
0.0870680105653070
0.1202333741625804
-0.2576807638386541
0.4932507469850924
-0.0714358100406685
-0.3035185763984392
0.0473540124082564
-0.0088473749248687
0.4336321183370850
0.1813979634778191
0.0819699640807743
-0.4541666373374247
0.0241875358735110
-0.2166832282619579
0.2568809128443960
0.1032409624425937
-0.3017483484354847
-0.0894021946323859
-0.0918840649300105
-0.6573670705138790
-0.0449933369388816
0.1668471136273694
0.2106907622226227
0.4976974823989839
-0.0607156280281489
0.0168272126676754
0.0255893781076878
-0.2841621202829485
-0.0810602652013898
0.0486650248062170
0.1851224318352939
0.2246670435887985
0.2416878075594907
0.0313366231659166
-0.3759526019092390
-0.0650425243364579
-0.2075756456683695
0.0344238859648202
0.0283852799679141
0.0471655004696929
-0.2333689206571260
0.0176378480364204
-0.2776751101861928
0.3958369059544932
0.6279730256773031
-0.3178453972556562
0.0748300107508784
-0.1288656209108602
-0.2617219354443485
-0.0298053523301489
0.3412496579001720
-0.6219360822628561
0.1047792889486226
-0.1960942962534587
0.0908032695974325
0.0444150175949152
0.2120790386325002
0.0124970064015786
0.0873300119820794
0.2690498546096665
0.2595966878002400
-0.3030427183116293
-0.2886771060820562
0.0627857199037714
-0.0806021116603567
0.1242184362193656
-0.1812079858468301
0.1302416366934488
0.2535070486502093
0.4936997700747398
0.5883513965375682
0.0493666714916805
0.0715123765950940
0.1925086471628289
-0.1482842441828500
0.3690299569667214
-0.1365305268184976
0.2207862859399035
-0.1590275317393880
-0.0039960469346293
-0.2471875698718200
-0.2308630213685607
0.3374377344442276
-0.0322637693448662
-0.3766517289407469
-0.2179482056547060
0.2842047997619708
0.3017291585920575
-0.0644838598291598
-0.4111024071885577
0.0642388486756135
-0.1759793857579045
-0.4194641118187133
-0.0451997892009811
0.2503973307716613
-0.3001675078138243
0.1808171985867744
-0.4794707354660593
0.0153343303582081
-0.0714862635167259
-0.4061972373462109
-0.3599831135259752
0.1603566686564150
0.2856970746582629
0.1539715348967986
0.3527393490648827
-0.1346350061938488
0.0951060770233386
0.0360375326267121
-0.1257078426482291
0.0689807479246515
-0.1748000851641580
-0.1866218738399671
-0.1253813800010344
0.3317805855860452
-0.4746352111758829
-0.2072025435842256
-0.1064048047456375
-0.3667876076604351
-0.1950366047385518
-0.0536016594661847
-0.3927372486640172
-0.4215889930101577
0.2454856236812982
-0.2486986170339512
-0.1911348405697281
-0.0359725178576380
-0.0776102604588191
-0.0446181890604986
-0.0727896630373455
0.4519843218676639
0.4564029762403034
0.1941706015801109
-0.0840585849992978
0.4785184952556226
-0.1049143196825190
-0.3594971345223173
-0.0126514857152407
0.2019240117132063
0.6241772110509909
0.0312480470447246
0.3855449581982084
0.2709984457386995
0.2266850169469260
0.2817619064501143
-0.0580383385087262
0.0347388632746741
0.1380658672824444
0.1734453251250270
0.1109354675812734
0.0442242079779339
-0.2480626620600886
0.2937241500335365
-0.3690408521788841
0.2458915813268661
-0.2730182921229213
0.1181042927080670
-0.3134007915856749
0.4983205943876268
0.1206696894388297
0.2798820603978587
0.1383894548800633
0.0664833576859305
-0.3261907606295957
0.2477928030059476
0.1435131154294742
-0.0487139007092790
0.2471386922180445
0.3278541433859811
0.0466884175373392
0.4340010517960116
0.1038732908641541
-0.0199406978253110
0.1877626543667522
0.3034398158521197
0.1961746523427245
0.0499194335862697
-0.0530492731021560
0.2792265116296228
0.0821348807461698
-0.2782144572316661
-0.3354061711055260
-0.4950275491930601
0.4129676317661147
-0.0692596936871995
-0.4591604213453420
-0.6747453939593043
0.0646470010717732
-0.1579523337505713
0.2326025306808305
0.1123325350760862
0.0834514424592868
-0.0925454095995842
0.0220412481299855
-0.1619478360709309
-0.0468560849845473
-0.0666993196600427
-0.1175349917559611
