0.0005486587679434
-0.7591823154983368
-0.1313102932069199
-0.1390438045023525
-0.3138683289050831
-0.3566719056425053
-0.4016692195964717
-0.1253050882469656
-0.1158843192693430
-0.0914425428665281
-0.4357254282416342
-0.7950701110688387
-0.1643313987614580
0.3369121277287833
0.0613679070413848
-0.0628752800285830
-0.0702182087057405
0.7471309340062448
-0.1050583935945383
-0.4184132796822388
-0.4929893620400834
0.2919549654251601
-0.5528307688747151
0.2107183766075531
-0.3444188423411159
0.0877050303459632
-0.3847544701900853
0.5388744670793268
0.5011332473751487
0.3542307309566282
-0.4037002278237025
-0.2149095513816839
-0.0883001310841258
-0.1928519270161888
0.6076489854330820
-0.3811360301245821
0.2649412851572314
0.1543939908606016
-0.1722816532450224
-0.4641459063350293
-0.4519904582532008
-0.5579392196125870
-0.3527742136986016
-0.1434762665950390
-0.2718104611087326
-0.5417558961674814
-0.2965149656565081
0.4464958442298188
-0.4475543246357152
-0.3971317931843341
-0.0640226541510256
-0.5105619709888197
-0.0604139353258567
0.3975452289283951
-0.2868137993231392
-0.5775462788991065
-0.6429827574498098
-0.0398966740358910
-0.2213879836853269
0.0300956455615678
0.4687894841837945
0.5503690928272976
0.1113253026056534
-0.6269869943900578
0.2890672652723659
0.4435679781640942
-0.0817720723575978
-0.3929016510796299
0.3851924338972362
0.1309323618921731
0.6713445738757904
-0.3685208777163793
-0.2048164682840073
-0.3995698884840269
-0.3011585435052734
0.3481172096557218
-0.0009404076287818
-0.3171988489190014
0.4437008844551574
0.3160547424328701
-0.4836871590096329
0.4359825983283478
0.1307542201904960
-0.4018619853012868
-0.2453023054975323
-0.7350563353832025
0.1578636940965728
-0.0485342236149280
-0.2426240736496838
0.4805109865079316
0.2872023619082885
0.0361240235475436
-0.1720051644481407
0.4565549103346829
-0.0809750673445040
0.4186292350797728
-0.6724135296818281
-0.3559768802620434
-0.2896598849832647
-0.6556027229391891
-0.0808878157835141
0.4328077372266966
0.4514361209352194
-0.2527986570450264
0.1572104076448970
0.1696626677326981
0.0364307068253296
0.3301940527466151
-0.0456165325999905
0.1010099164839355
0.8976410423144160
-0.2069201734653920
-0.5229855401992431
0.5792753420779684
-0.4706942206484279
-0.3570955590651384
-0.0836565532353605
-0.0944732924420918
0.1610350684261485
-0.0644858399735241
0.5804227162004109
-0.0303504583653486
0.4504493102669631
-0.5862601757582939
-0.2260727728011915
0.2455919852851716
-0.1844830572240909
-0.0387492999134485
0.2189557785977522
0.8376405148936694
-0.0338141383391389
0.4187696124681981
0.1958822194646767
0.7069199386553904
0.2186562733338171
0.3830487352575954
-0.3415011513261784
0.4313390204795827
0.0323755856163991
0.0447519317056465
-0.4155136319981738
-0.0123047267101951
-0.0410200654431224
0.1361261134874149
-0.0297656612285362
-0.0604581501639791
0.8957917549701521
-0.0804816030332761
0.2514587768921540
-0.6953064202147697
0.5623170281861287
0.2754309595051305
-0.0608961138711299
0.2259849259986521
-0.0897297234673654
0.4712928317808534
0.4964226606750745
-0.3776566910837857
-0.0625725470839828
-0.4800730228007808
0.3826044670632116
0.1057254865271174
-0.1423288924725964
0.1685333011743466
0.2657889731646201
-0.7991185881794416
0.3148963638707191
-0.3629974077766920
-0.2097269407179322
-0.1478791843330061
0.7457288976381754
0.0095345135429206
0.4898734903351721
0.1647693624686088
0.3328947012427166
-0.7321638221492318
-0.3277861577533749
0.1437243837828278
-0.4866048500245705
0.0923486081947286
-0.2863758356159883
0.0922605500723933
-0.1413008513067175
-0.4448482585775999
-0.7563985047159493
-0.3238577103224687
0.0666210241945856
0.0008452601686036
0.3173050684422637
