0.0039787856722462
-0.4887733718725992
-0.0077093068806901
0.3520571552975794
-0.1963288525434644
-0.5924598788178022
-0.2398671454266721
-0.0583898167025591
0.2481565073728451
-0.1130757565406960
0.0016785836095772
-0.3349793205450881
-0.0209848525605362
0.3240317386892568
0.0314934748821365
-0.4586887369922183
0.0757492250876113
-0.4288744402116673
0.0507550037314003
-0.1560830183777814
-0.4277753959932692
0.0956066734107935
-0.1383597190228058
-0.5052631245375793
-0.1953964666311843
-0.3677927492919701
-0.2371690401037005
-0.0006082912270816
-0.1925599340812758
-0.1048003641151990
0.2259368489283771
-0.2729239441414010
-0.1073993564738442
-0.0386493525360165
-0.6421209147077533
-0.4139494461227814
-0.2651021544518430
-0.1947502058855051
0.4160606789060349
-0.3196103477818532
0.2709463328824482
0.0100492924630542
0.0448156056390707
-0.3135796329141738
-0.6162600388481188
-0.2035102203523742
-0.0580818447037311
0.1345959429164665
-0.0413278989751514
-0.5599898944962136
0.0137233184805281
-0.2684386390659142
0.0404562888705475
-0.1189361959204438
0.4869364392995677
0.0357429359396138
0.0209581996402937
-0.5741780313183008
0.0922345965779806
-0.1402199287961167
-0.3127990956262430
-0.0088650181168890
-0.2349952858978955
0.0191089748863116
0.1042982595979106
-0.3524897709459031
-0.5346845504818974
-0.0619807743400832
-0.0274037502262977
-0.6225093429148414
-0.1437141771429611
0.1127441225548711
0.5559700134854547
0.1895555574674165
-0.2974769522087858
-0.5299439317208423
0.2335027920210193
0.0039408855264215
0.1012681492035879
-0.0792729888903252
0.3377568239470389
-0.0803954975477672
0.2451645952127158
-0.1841347623600684
-0.3332126212263648
0.0265653292857394
0.3957543943866947
-0.1977331549237189
-0.0838525036720715
-0.6303759550548665
0.4496501612722647
-0.1006520844764939
0.2067857425323056
-0.0618821167148207
-0.1401355761059792
0.0979529223840900
0.3424630519727970
-0.1490471051207077
-0.2059301435135524
0.6421514065769975
0.0467945251372890
-0.2171827776264033
-0.2493535357346637
0.1591426134024367
-0.0555203279284008
0.1545029331587014
-0.4259791983189187
0.2458958748732030
0.1639355249881280
0.4701254379726291
0.0329668734892439
0.3070916945831726
0.3728529810712525
0.1981756323327208
0.1820667486164614
0.0077522606250320
0.2151477952202869
-0.1944910202603746
-0.5564585674560322
0.2268309928167603
0.2462389511628565
0.0465085588794473
-0.1666107652329089
0.2271228708687723
-0.2982876528549395
-0.3548424734624383
0.6890188171822482
-0.1198806838440011
0.1153671306727206
0.0044786187740382
0.0624116681882691
-0.3696316064913859
-0.0053168769821277
0.3251413146725334
0.0007793877119857
-0.1064783579577523
-0.0507983083183895
0.1252790457616780
0.6272514914642895
0.1244685495702148
0.5830306690138679
-0.1327527504242672
0.1688237464016393
0.2639222162632052
-0.0359314988084598
-0.2935514071577900
-0.3690611685349187
0.1929405437077839
-0.2685319679836555
-0.1424935999169832
0.0941837885615032
0.6505878416733772
-0.3034684188048487
0.0628443268213914
-0.1282988580677397
-0.3194561660195524
-0.2472776938641468
-0.1204000035176247
-0.4561306114567160
-0.4814068569207879
-0.1131735985352533
-0.0777953605359031
0.6153984120222721
0.1263428012498322
-0.0528936638653883
0.2249828641725953
-0.0971416859193324
0.0903341475123218
0.1759663827084857
-0.2278179948710702
0.4585744971840157
-0.1650870585308254
-0.0198149899564902
-0.4028451564440598
-0.1678856543997286
0.3768849254851785
-0.1986972881287648
-0.4052998716552098
-0.3664382872687566
-0.0930600690358641
0.1112601997804822
-0.1435396429195354
0.0041894636400477
-0.0289513170769375
0.4458528771001624
-0.3238755861359902
0.2586781179197382
0.1593334801301708
0.5050555762225214
-0.0564020667847669
-0.3924200302052668
-0.3973968926370546
0.0094886848971563
0.0135899343278834
0.3303154918474634
0.4635009873115558
0.0911235210419132
-0.0917719086782167
0.1862770761384692
0.0689460706993545
-0.4124439044247153
-0.1195954577834755
-0.1761685361751603
-0.6357335126638598
0.1222859380789337
0.0111659593649242
0.3011212924258500
0.4160763039301503
-0.3866447855341948
-0.2591558218819685
0.1462181512749425
-0.3509166175544102
-0.0764741713684515
-0.5213993596069412
-0.2658307389585673
0.1076021559298760
0.4153551489703239
0.2883435219850023
-0.3874341951053555
0.3808921935363311
-0.0491055567197145
-0.0044224488320075
-0.1101308536081050
-0.3499122184413236
0.0738559243312865
-0.3566186345324129
0.2941878085234835
0.3049224506254463
0.0452585868129298
-0.4434529620533910
-0.8246925614881425
-0.1351025258601830
-0.0361362413560604
-0.0331791229467135
-0.1141003672534328
-0.0248767756301024
0.2174941587145789
-0.1441489287418002
0.0331126159499484
-0.1330681003046947
0.3967777183815457
0.1243611474228284
-0.5299766149496914
0.0834154195561950
0.2908434753897273
0.0704221828137681
0.2719805145222501
-0.1166723437234829
-0.0761195650367696
0.4080629713846515
-0.3666272539932346
-0.2353895395898387
0.1153532455757236
-0.0464402860305011
0.1827282049313807
0.0970514865252366
-0.1475388148788171
-0.2701119658252921
0.0664358409945398
-0.2845876165516064
0.5402950173283000
0.2840021213580944
0.6231436553303112
-0.0266909413325240
-0.0676907785423232
0.1653715735252765
0.2473487213739955
0.2020409978487150
-0.0357046494942521
-0.5882941392684966
-0.1944151599198398
-0.3094281971394263
-0.4272206917975283
-0.0782569297010585
0.4423519216747380
0.0290426815694377
-0.1650988010509146
0.0848028181772131
0.2392252621501956
-0.5724078109021844
-0.4520799325625898
0.1254558801868653
0.0986722600436606
0.1903093893257046
0.0353470459629166
-0.1678131038523837
-0.3992688268910406
0.3546489396732579
0.3148451809244008
0.3838775993788087
-0.3143445417123391
0.0902592952652213
0.4346967132746182
-0.1720551747293116
-0.3074451254554854
0.3817833981485388
-0.0775477046583908
-0.2484336064105213
-0.1185878395361052
-0.3254381762007819
-0.0109402883418885
0.3273562326209010
0.1361516371259513
0.2048971430212657
-0.2950457391507411
-0.2180218933193857
0.2461068570718992
0.2767287367908000
0.0061975057617250
0.3796810151836481
-0.6285913150000312
-0.1454031047180754
-0.3539595019264951
-0.4282728455928882
-0.1651612571248362
0.3651470807416839
0.1133692798038172
-0.0909560721368405
0.4264290431097388
0.2139714792457383
0.3433525507525005
0.3517813592711536
0.1764910552559146
-0.0956195297537978
-0.1315476935375397
0.3878863444430826
-0.0362561105968698
0.0211057973238313
-0.1369805408538667
-0.0323197810888764
0.2085063334810953
-0.6266297160210237
-0.3534825558889776
0.1908715198617666
-0.4178322361636882
0.1963819415551910
-0.0244004214540562
0.1991769344780813
-0.3992786368980933
0.0075484204544817
-0.1503766817146269
0.3556312581078905
-0.3889389699461236
-0.4455045319573353
0.2803694630918186
-0.1620291144736513
-0.4433482431389107
0.0002769840663500
0.2111979127455487
-0.3909239055104347
-0.2770876153770012
-0.3361487446225913
-0.0915271072260650
0.3965524350170087
0.0215621815111884
-0.3006830718881865
-0.3706847492664870
0.1994789558871521
-0.2527739888106821
0.3394118553898162
-0.0256394460647569
-0.1001404715947466
-0.2496140731715492
0.0410706436407029
-0.1323628265273789
-0.5884621627331976
0.1295508883567632
0.2452759098532895
0.2172244803861217
-0.3278704068381484
0.4271767669624401
0.3839319122251624
0.4105971623248834
0.1267239261997665
0.2817628626709974
-0.1573174426370283
0.3420469097591536
0.2485741678949629
0.0057003232942172
-0.0775051842680119
-0.4547352889383534
0.0187150045865122
0.4458556057251726
-0.3470814314065811
-0.5230271319871976
0.4129677848638166
-0.4585029803104328
0.0837634509439503
0.1795021115424766
0.0526813219260570
0.1692266623571302
0.2255888127432460
0.2032287889809894
0.1091902741033120
-0.2022402623450257
-0.3605676683286838
-0.1203455074120991
0.3388022362058217
-0.1111458991654297
-0.2366173730194119
0.1664715930079996
0.0297994093273275
-0.6176537459051605
-0.2697911095899556
0.1345162113192635
0.0107174902509327
0.3096974159987635
-0.4531916344893696
0.4383163163722709
-0.2395915378714013
0.0238304751985680
0.0092561492804477
0.3571503035688187
0.2163717404368035
-0.3421542439246320
-0.2207930991077390
0.4731813340212030
0.4186849390444786
-0.1019966324258342
-0.0052895379199672
-0.2995574235489065
0.3551407588539019
0.2457681774895441
-0.1612353960221956
-0.0314682628427209
0.0615663488990903
0.0215335774011970
-0.0940246493096509
0.1165562816565137
-0.5577097042196932
-0.4290830990578184
-0.4182328992467934
-0.1568821953181371
-0.4691155491677252
-0.3562689744530200
0.3828338924930616
-0.1994269462146093
-0.1718498190631196
0.2684760652373441
-0.3413566285632955
-0.3885012871571635
-0.1146605672662927
0.2154817230127606
0.1157986420600127
0.4030493595628330
-0.5574669440380030
0.0088734116754901
-0.3694445855348650
-0.3127294839153493
-0.1889213135077552
0.1784158005705156
0.1193556294042089
0.3780416151414032
0.2471145185948400
-0.0787757803677769
-0.0214044907051726
0.3442051993753356
-0.0171601677467682
0.1489654094589518
0.0146709581777973
0.0489974938033316
-0.2995762879552326
-0.2064597322424061
0.3350817187603895
0.0555640568227688
0.5400675612238152
0.0572334271102639
-0.5601198915161509
-0.2233959297246966
0.0873197704398556
-0.2634370015040031
0.2544647363316762
0.4230948264610478
-0.5603998586104368
0.2844732984246753
-0.0221627989777024
-0.3344655520419299
-0.1128458932523563
-0.3284972280807063
0.0365082128816933
0.4356998996196266
0.4204347103360208
0.1088579365243473
0.1294557917349186
0.1101934493932531
-0.5847648835609731
-0.1630321076981358
-0.3285613520689591
0.2291190632256455
0.0775488632146050
-0.2339506972728310
-0.0540786818922288
0.0317819965133983
-0.4678635453813108
-0.1151111954259410
0.0559371219438046
-0.6126904325744328
0.1943583411298250
-0.3642030593454118
0.0958363467686141
-0.1211729806725938
-0.3761586085136210
-0.2002490547154903
0.1115481063271835
-0.3814069292293946
-0.1828214838294063
0.1595225116370256
0.1816632690786251
-0.2178543875511703
0.3359723967332532
-0.2339431741058078
-0.5714917652690724
-0.1512410879134667
-0.2797406205560167
0.1211051420500822
-0.3243311816932994
0.2566745540966849
0.1523860200627243
-0.0435381054290495
-0.2643069723631467
-0.0766149859575775
-0.1209815625346641
0.5078690627407948
-0.3999659294764918
-0.2359566056719019
0.0658756560498204
0.4733521419169844
0.3415485846101170
0.0250676509691620
0.1458567548393249
0.2316513726957310
-0.0367337463492732
0.1462263373385043
-0.3717060361286078
-0.1332709164564280
-0.0613661388037535
-0.1472154857297052
-0.1043584278714526
-0.2963922841601874
0.7884159862300733
-0.0888967583854483
0.1432250060457044
0.3700895129546494
-0.0652164455014330
-0.6115559712883604
-0.1919603592095450
-0.4968403408482719
-0.1944622296745631
0.1611032352183236
0.0997157536050223
-0.2562463393190991
-0.1824540838378592
-0.4544166533596734
-0.0212921031450643
0.1626905484516413
-0.0017402621378163
0.2951301143904508
-0.0106897866603477
0.2009821286118908
0.6327731264004656
0.1560484970475446
-0.3618083959842028
-0.1661752785819087
0.2360053704962363
-0.3097316501754199
0.0826572024352942
-0.2205014556909000
-0.5768885701717049
0.5904641511567051
0.0449221423213606
0.0303720952827943
-0.1427002421659210
0.1592470241130648
-0.1962919941207458
-0.2636100889607981
0.1023748055134060
0.6986889089079883
-0.0457211363556778
0.2658202896039493
0.3783440864131901
0.2454667770858897
-0.0250503889948261
0.2875057238793349
0.1303064139753178
0.2990728302868129
-0.1146456036064754
0.1751962022500010
0.0462176072212435
-0.2408438714635417
0.0254600628578053
-0.1802747641403283
-0.4890918151779561
-0.2869510441362897
-0.4209579848513276
-0.1127464659707785
0.3786877233446124
0.3225553441329025
-0.1568559135020479
-0.0599562055955845
-0.3489026542709451
-0.2184742914422685
-0.3716948629470078
0.3966696120884789
0.4380152391046010
0.4685819552552657
-0.2479475998909882
0.1061807387789517
-0.1725731688454161
0.0879405426720027
-0.2703347186073157
0.1500251846441253
0.1987030897151076
0.0193436490330992
-0.1817515086308003
0.5546646792745994
0.1995702765400088
-0.0242778669864399
-0.2972213956898111
-0.1986553437125609
0.3292768416540929
0.4633842751807404
0.2845061426428732
-0.1250854232845413
0.2664183907286097
-0.2890604822294480
0.8003849438824620
-0.0720086989516699
-0.3076944521307029
-0.1008851925128237
-0.2901778972198126
-0.0758118301047053
-0.0631078964720089
0.1283523699922459
-0.0512895617125654
0.0542307180186450
0.2231812168138313
0.1511164490769685
-0.3184461504715599
0.3557835324693134
0.2674053563363987
0.0171929734130808
-0.4158748838861067
0.1972955959638708
-0.3232324919296931
-0.2212951208475544
0.5282522950095183
-0.1814913820762148
-0.0074073358839793
0.5128358290370373
-0.2858463412868921
-0.2020567074788629
-0.1546826327733076
0.3365381361123514
0.1230953285494059
-0.2145943302205989
0.2020857128770215
0.0884005367461199
-0.4019630268567627
-0.2134153562858172
0.4003784068527593
0.0323923411723504
0.4393404849486774
0.1199315006883536
0.3273703506814069
-0.4048615260836235
-0.0085497111473918
-0.2699896510750895
0.4716190855876606
0.0832546643413790
-0.2882215099475793
-0.1624894087594785
0.3296438241861814
0.4390983441602642
0.3437641767478226
0.3834670367820041
-0.2961002062399201
-0.4511327499157012
-0.3357875287976425
0.1388287765582356
0.2204777343076211
0.1099184197593515
-0.0819393134526041
0.2261195871642184
-0.0145764758261307
-0.0008739555879662
-0.2451110998146747
-0.0610101180537505
-0.5731698626986608
-0.2343033321049076
-0.3262124378850605
-0.1169636916731839
-0.6058438386336287
0.0423725747745013
-0.2299062819939309
-0.0855200114711419
0.0605638913585642
0.1862264437603372
-0.1321158224162738
0.2700851462942269
-0.2689966235127810
-0.5624188098533185
0.2063457361643476
0.2778820173588035
-0.1531038875850671
-0.4791290208793770
-0.0884317152593800
-0.0466860075177034
-0.3216253794650233
0.1337741323267728
-0.0817130235247341
-0.1574663784918728
-0.3974985361211498
0.0361641563964025
-0.2609251627326624
-0.3946902567878980
0.0503588569763112
0.0582362630657656
0.2579068386401036
-0.6987883908181964
0.0819017814409040
-0.0510686466091718
-0.4202583531019111
0.3802320260536965
0.0389749242316432
0.0761843918344241
0.2470825510660797
-0.1088421156358681
-0.2540725153373439
0.1990595502973099
-0.1465888938945053
-0.6314587955689035
0.2675312224026652
-0.1428271042113283
-0.3791695532929154
-0.2039480858395973
0.1248712925555898
-0.4105720409735080
0.2335594783123670
-0.2504426620152371
0.0035116754161779
0.0835217318108276
0.6562332495074926
-0.1901502747957791
-0.1378942809806162
0.3678618197047372
-0.1453060409639802
0.2442805549978861
-0.0718195372520096
-0.2141738957006496
0.2912933236888843
-0.2182038025374547
0.5585522783372404
-0.2825607086444921
0.3162133441047592
-0.2481603175234786
0.2167994908341419
-0.0638989332953149
0.1573479627187249
-0.2455440429330973
0.4141573091574727
-0.4747852555347086
0.5734738588296323
0.2876622532680284
0.0101907554840570
-0.1887916343073206
-0.0217683476607868
-0.2570549904988971
0.0005018287734289
0.1818336899071906
-0.1594567285004351
0.2897068539556282
0.0676561579935425
0.7642429918391860
-0.0248528667476221
-0.0833661709666941
0.2359901451576745
-0.2778239801531730
0.2165096299518214
-0.2848042662083246
0.0223675549132749
0.2429280898708776
0.2663665813224221
-0.4797911553167964
-0.2162330696079419
-0.2008086910537742
-0.2713238087195348
0.2344501451971457
-0.0094197088981080
0.0370951415768290
-0.4877417276457319
-0.4157145194052790
0.1095241948369866
0.5040701470097571
-0.1299468440022013
-0.3260297548224735
-0.0592937689684513
-0.3836856610826974
0.2714095761089212
0.2999161447985334
0.3477495500006162
-0.0454981405709178
-0.2165172795422787
0.3425615575443292
0.1454662529792022
0.1545446392183224
-0.2422475322432583
0.7117302457636869
-0.1578492569125876
0.0536122311178225
0.0014986613896604
0.0227177237611623
-0.2939026964861854
0.2477035683298510
-0.0565073392348395
0.0100633973916479
-0.4811786992005158
0.4607609554200718
0.1608586674589090
0.1195869246532886
0.1081642552632407
-0.4777406314923831
0.1231205515074005
0.0809276951040057
-0.2183882594550082
0.3065899231784189
0.2350209751269062
-0.2764691812290419
0.4609971145252150
0.0668216211307080
-0.3587577269790051
0.4205431187185730
-0.4242530785891024
0.3660201314053032
0.3148133367353459
0.2221610071163555
0.1502834025747454
0.2417191760885612
0.0631782394808267
0.1681016065989984
0.3380591471350229
0.2422969924640928
-0.2941628505627255
-0.2964531748733402
0.0796918004173947
0.2477352631061195
-0.3258090929946503
0.3223266912153422
-0.4268898753472740
0.3316596580415509
0.0355977305341658
-0.1528956000731302
0.4150047444598402
-0.2122197560486072
0.0014781254205927
-0.4437471083047917
-0.0661502121198243
0.0363489152085658
-0.6012413164641577
-0.0834716980937178
-0.2119561513682255
0.1212934900932482
0.5598660507803729
0.0494382812287814
-0.0914423077322992
-0.1238982603319272
0.3457651250652747
0.0259071666493781
0.6189424731260723
-0.0702368408208166
-0.3028275434772303
0.3223231986546256
-0.0750398835073416
0.0828952375438471
0.2510167967781904
0.1342161924015087
0.4327571266569962
0.2676515744725172
-0.0993229221280657
-0.0327498241936851
0.0919831232782701
0.4980623143466256
-0.0108942121878604
-0.1129068372344911
-0.5287432106129228
-0.1437602170554156
-0.4241887796942544
-0.3087318501096620
-0.2693391547400006
0.5872251833846430
-0.3428444895415282
-0.2578808137273526
-0.0846294295292354
0.1648713529411001
-0.5038049746276395
0.0817703801154184
0.0238561359806805
-0.3703041430576253
-0.0705425255824011
0.0866758944932629
-0.1615176238774861
-0.2311830999485207
-0.0116293499841130
-0.1342528175732271
0.0769794492616285
0.1605978061004487
0.1124242556567124
0.2275974353529810
0.0838822542975928
-0.7428335311688831
0.5212183480508797
0.0276677817433518
-0.0310814512580124
0.1195237667501628
-0.0663078939875475
-0.1678187327404944
-0.1356105225679402
-0.6249321876419476
-0.4807016417683536
0.0255397665688344
0.0185614052070170
-0.3911284544699785
0.2171050450976595
-0.1493696252253903
0.2995421924449355
0.5130845363899679
0.0322036889783770
0.3032658786055929
-0.4162934210973134
0.1695324568685555
-0.0777547759440392
0.4144811843320408
-0.1975855506646745
-0.0966253365255391
0.0037936571505465
-0.4554035291793754
0.0898431542484933
0.6467344603127269
-0.0147622749720634
0.0215719755475320
0.1215959365797154
-0.2638918959938006
0.1294084982264541
-0.1127944322083814
0.0504332974409072
0.1112935366086636
-0.1597547905878385
-0.4791045238787437
-0.4440327784520246
-0.3362992777859995
0.1951957524610612
0.0464547127752914
0.0002710422720890
0.1063870615800696
-0.5042764934789120
-0.4107173826474200
0.5344799647793601
-0.2640508557508673
0.2159779923034188
-0.0340416593301458
0.0956270260981418
-0.1758784520957753
-0.2188543497123155
0.3357970836166159
0.1550876675119102
-0.5230310801252798
0.1303126456045009
0.3001463177372342
0.3374963330048958
0.4026654116107678
-0.1921736749539122
-0.1405053538324745
-0.2664794269501894
0.2493378115739456
0.0192166069207498
-0.0339530363886031
0.0179149232946501
-0.2580205273708606
-0.1140827808062053
-0.1976904754024810
0.0182643402845698
-0.1506130757832695
-0.6611476212863838
0.3717002995627821
-0.4679972783517061
0.2716922303233679
0.7447140987401104
0.0771281186401910
0.1447931735398788
-0.1322236418963694
0.2793419484089525
0.1494396462234255
-0.2057908265783451
0.1644902410231343
-0.0242366845221488
0.1272742157568606
-0.3750068843120953
-0.1647524606010441
-0.2421946201768635
-0.0503006507103517
0.3052860657394672
-0.1005586766806936
-0.1480757236715232
-0.5287427920292206
-0.5296719311787871
0.1122184253404431
0.1796578683872095
0.0669093141296027
0.4206686488341650
-0.0544905633980875
-0.0025402260066250
0.1412238149969224
0.6668208065094158
-0.0681396579434408
0.1318253054927322
0.0646409730837822
-0.3649058445632946
0.4191921991145891
0.1901459009627392
-0.2861858620242403
-0.2815929789814655
0.4871104070857595
0.4695052991833213
-0.0389367555633263
0.2599128483554441
-0.0651406707271777
-0.0804262273011499
0.2817146616457265
0.1701455299981725
-0.5724832292271448
-0.0526839104833718
-0.0806027927142259
0.1310865222850445
-0.0661913263990023
0.2060489426744670
0.0198599287858456
-0.3973235249942467
-0.1417026857333731
0.0258240363616085
0.2417232494254344
-0.3965259210947339
0.5170237568139482
0.3767079016284062
-0.2906030493508671
-0.2545979836622039
-0.4273966468751847
0.0154717522885572
0.2062930298008545
0.0768624565162150
0.2256917718262471
0.3147551990698898
0.7246317991317925
-0.1702200359076777
-0.0615332471158091
-0.0105703508514089
-0.2130801390237615
-0.1235036240024468
-0.0591992107510890
-0.0946812932488971
-0.3449853190637427
0.6022483483860683
0.0961072688871265
0.0262967003499844
0.2119316693003113
0.1704918332231104
0.1845461243780413
-0.5829131419775421
-0.0891216081644825
-0.2002864879780043
