-0.1028556728581542
-0.8274027853312508
0.1492412619372679
0.1076631401261889
-0.0992219622000283
0.1892942669154463
-0.3066120172014455
-0.3623158691229320
-0.2476030101278568
-0.3538618393800071
-0.0235917715236199
-0.0859243445843921
-0.4517799038228064
0.0671403389266019
0.5775589119247128
0.5131742199071981
0.3220472245421092
-0.2743144469579490
-0.0057014235200672
0.1823527585074350
0.0727570110981554
-0.6318654411312332
-0.3351717226263449
0.5204464742711169
0.8325289449359038
-0.0010911142257326
0.2204591055210125
0.2313887890849956
-0.2103303620330753
0.3410338933076080
0.2096537294285371
-0.0159283568364151
-0.0689562904888001
-0.0838125513152823
-0.1376661593417915
0.1521791283747705
0.5415821492322415
0.6098326041420072
-0.1600769446408208
0.5052507991641842
0.0218472171412487
0.1139042411969425
-0.7348382646786915
0.2335572972585900
-0.5071555005168348
0.1553997204641215
-0.3326447958892430
0.0019752328469361
0.3340557427322736
-0.2999689605690606
-0.5709855855592043
-0.4945386934268727
0.3324969195949857
-0.0891201878675815
0.2837779311290091
-0.1697227197766780
