-0.1691957485663832
0.1935813991059402
-0.1138429511365669
0.5336672364905555
-0.0059021561779945
0.2926703330973909
0.3961946111761571
-0.3232394601144201
0.3036217271484450
0.2951135350038434
-0.3312329606157183
-0.0989620301051589
-0.1060202080993712
0.1746722816559973
0.6244608176170211
0.3028010118342103
0.0387652494927090
-0.3139308210869061
0.2610318783383273
-0.4029344700308234
0.3570696907673788
-0.0936384690032958
-0.1458401297684108
0.4920323270850273
-0.2514305522138017
0.0654330873456417
0.1660212171689009
-0.1909704067935075
-0.0795216525755680
-0.2123783934160869
0.5962243848539833
-0.0312335834036737
0.4440900407350887
0.3032670829385722
-0.0019937866514361
0.5293330395253769
0.1777777886730272
0.3085162079733078
0.3181203175491256
-0.4548189580482584
0.1855583040114539
0.0918937769235811
-0.3550301939824493
-0.1551155429287453
0.2551616537955076
0.6323671918215020
0.0791935811817543
0.0969622469979443
-0.1590085695142188
0.6406805662070481
-0.1196029644360755
-0.2392027482335219
0.0646102519752890
-0.0681724916926127
0.0568406039222796
0.0449438401573755
0.4225255985399081
0.5715230013874768
-0.1083795599306238
0.1098657951600507
0.1309258243050463
0.0444873188035579
-0.0666514358893587
-0.2676343855901260
0.5651992018281307
-0.2331428697832861
0.2438636335586835
0.4257453740504149
0.0451964560415285
-0.4876343637222443
0.4503898847018382
0.2522754273422879
-0.0610047923030045
0.3560475565268197
0.1538398831390991
0.0833786625488746
0.3030467203137250
0.0304143578981708
-0.3623239246900790
0.6325403231897692
0.4205644928801285
0.0200366175846825
-0.2388827797932405
-0.0031229193733768
-0.1590979605275173
0.3213811414076750
0.2825109675197399
0.1578858457285975
-0.5035217439771014
0.2022576590796307
0.0639409770569711
0.0940322488519614
-0.1523604777770863
-0.3576605262206137
-0.2547614752473226
-0.1086614101434050
0.2879301024322464
0.5891177868686454
-0.1865963319405314
-0.3059713054502550
0.2471087093333866
0.4429657865032922
-0.3931144646615612
0.0272991423102623
0.2741237205342114
-0.1503820633504266
-0.2355699199264707
-0.4320412977052692
-0.3909397910014097
0.0327194602776381
0.1572548594835506
-0.3923291983412556
-0.1267570308813774
0.0421870414149245
0.6267731620836051
-0.1040035565170975
-0.4922103477461606
0.0911767522347046
0.2351258673447751
0.1334269092863966
0.2759875745159648
0.5576206181378371
0.2950675361380580
-0.3537558881796072
0.1758600510631542
0.1373798609903880
-0.2198822378741599
-0.3267206261028184
0.4136814576993890
0.0385145846533226
-0.3140368889586142
0.0268649921253580
-0.3611352082653349
-0.5032993716583589
0.1272312941797220
0.2199297809088691
0.2607861967088674
0.0864910218321537
0.0372829181869165
-0.1233814333518592
-0.4082266509371136
-0.2686191768442608
0.4698997776658619
0.0349617118670508
0.1060812055878541
0.6286703078129092
0.3683727803547609
0.1423611847088511
-0.0780514599054691
0.4563325195261403
0.2138987456431125
-0.3316337833337399
-0.2573989218226225
-0.0036939164750501
-0.4515423980103634
0.3809376571173529
0.5169503734394157
0.0057230431293584
-0.0423409678373694
0.2394859518675834
0.0641871104142653
0.1232550239410221
0.4967670444980986
-0.1469317147536742
-0.1920964140685280
-0.2107012788131490
-0.3581869532565736
-0.2322921323115729
-0.0821004583479572
0.2175245544096954
0.1396363861798264
-0.5860725192244893
-0.1102312254772538
-0.2775837616783361
-0.3816291914178153
-0.3485200140048051
0.3326923744052624
0.2787256675337824
-0.1553654583751279
0.2700145541390212
0.0445024430412768
0.4118086468372395
0.3709940285552887
0.5434631626191958
-0.1901101570449405
0.1754865390466099
-0.2075776880469516
0.3507936667514051
0.1970555019830697
-0.1651925475077529
0.2693425765730738
-0.4064716795509692
-0.1972993190320381
-0.1196578984408883
-0.5988867553164475
0.0911296773391201
0.3651821549146183
0.1395947739634998
0.2311123302634304
0.0588404383381371
0.0036112192758949
-0.5026358346210062
0.0899604486296948
-0.2854760485798173
0.6399793911337966
0.2865418314657528
-0.2987480876254034
-0.0074479940741949
-0.1410456631905738
-0.8711811499665659
0.0723177541558795
-0.2702866729606039
-0.1500228421314617
-0.0552364574518901
0.1683974867306622
-0.1761455838422425
0.0511306473004568
0.0543357173333297
-0.1395519360166533
0.2297265875814508
-0.5999271195176520
0.1561769526368001
-0.0729299216063661
0.0910064364425946
0.2847750338613505
-0.1834231542738139
0.2963645917410656
-0.0281139855531737
-0.5001951240761515
0.0515715704537111
-0.3819387855510426
-0.1999912102804954
0.3406838543906055
-0.3416950862811052
0.1479617104888781
0.0278008277165285
-0.2579377509515164
0.4789885160551553
0.3413009679262383
0.3281645065650048
-0.3330168820308254
-0.2710655302953768
0.0355476005532819
-0.0382290711665852
-0.2499024411617639
-0.3016690274773670
0.0896559972351423
-0.1150418397443609
-0.1589648581717536
0.4888428752636437
-0.2215436961815980
0.6923132549412663
-0.1730035147854899
0.4074558039529917
-0.0703736383284830
-0.1527086145897753
-0.4474337084685570
-0.1039993564080977
0.4683575881492690
0.3102473763604712
-0.2310888779245359
-0.0363998192020905
0.4679592377223247
-0.0732767279066084
-0.2350155457361993
0.3004586962457446
-0.3604733906786580
0.1535227785100207
0.4676812753698730
0.2877489143496233
-0.3217042226354261
0.2791262730182953
0.2642299856645879
0.1193994840377701
-0.3660299685811246
0.0659805845972877
0.2092189195230410
0.2297423090919928
-0.2020809409837281
0.5881717531124806
-0.5127575278101456
-0.2246067169447009
0.2034728063560365
-0.0476329751721156
-0.0030895509359666
-0.3940325767202877
-0.1445698350928831
-0.2186426668621895
-0.1140970921295325
0.2189333646414076
-0.3502061999471829
-0.3616047494650368
-0.2835820756227961
0.1444624538059401
-0.0187087555874745
0.2269605534206615
0.6810237151429120
0.2388621209066568
-0.0500518125934548
0.1454500345968880
-0.1100452806937423
-0.2268807542010632
-0.3765972248204862
0.0178487295173906
0.0633154301412348
-0.0835090387717763
-0.6930238193456234
-0.4714769198372407
0.1488809934286017
-0.4610645615137750
0.1528935137854211
0.0872106269198813
-0.2232131829085607
0.1353950658996044
0.6682689726507562
0.0687099921117219
0.3295489146086081
-0.2055245582753209
-0.2529200209841352
-0.0830945081765008
0.2824742766084294
-0.2156738568900708
-0.1153226710972969
0.1552113287361982
-0.4852478384792479
0.1592129088142196
-0.2948780651258850
-0.3836481937210967
-0.4581653383167536
0.3528877952379788
0.0808336927791023
-0.1760629392933140
-0.0062093982923381
0.0733057072149345
0.1732202334727069
-0.1163528097230599
-0.1823484413705069
-0.2091737070225563
0.7644236112278961
-0.2487042355210964
-0.4362458006883576
-0.2298660585939745
0.5193583773681760
-0.2586433562432008
0.1833278635656916
-0.1188949075399707
-0.1543404454139884
-0.2645209088551037
-0.4408080643949213
0.0216728997573851
-0.2976540610102017
-0.4308309321175149
-0.2826637396016711
-0.4557727249765278
0.3632173881235957
-0.0320746375908062
-0.4940166976700142
0.1809568253991501
-0.2756356659282669
0.2119332745157978
0.1089717869726648
-0.4103593775273976
0.0381904120852234
0.1295070684872486
-0.4174735370870925
-0.2099253955285078
0.0586129521574295
0.2733406572294166
-0.0062046714109408
0.3685749901349767
-0.5915989735191136
0.2899116639086005
0.0964937181672643
0.3278556435622705
0.1814320933371107
-0.2279539599068108
-0.2214289271869163
0.5034302153847006
0.5591122297865633
-0.2353180605455457
0.1908774611785324
-0.0946971023963654
-0.1096545596944294
-0.3348887842663545
-0.2740240761675103
-0.4225677572055520
-0.2166974080064481
-0.1623508488192133
-0.3937819552659692
-0.2863943406315502
-0.0092847529046065
0.0602251338788345
0.1316479783584049
0.1745424080594822
-0.0128176162791658
-0.6777618845073885
0.0241696382850122
-0.1526135383141046
-0.2891113486253462
0.0413851218353248
-0.0745993509479433
0.5298579312689645
-0.4581908993427737
0.5295034260174499
-0.1534247492528880
0.0025444483291140
0.3010879265252606
-0.1294442016610899
-0.2686740208171056
0.0332235197428010
-0.3197601826049603
0.2107459018543208
0.7271007249413194
-0.1078032148102461
-0.2081589419469920
0.3585203290122705
-0.2053263820834257
0.0947172923050529
0.2408129995423793
0.1922772040675636
0.2141102058864729
0.6431771387310278
-0.5080515771295272
-0.0088659692875454
-0.0116901165643187
0.2402280820178374
0.2873570185152116
-0.1607117027193667
-0.1451725038187665
-0.5184619823455147
-0.1176762393566032
0.1183513944363408
0.2847294774120755
-0.3289873635725549
-0.0101435012312902
0.3273590359549568
0.5841357952241436
-0.0225126316599207
0.2550089460474508
0.0045852852941814
0.0640810329241940
-0.3744100762793143
-0.0411185299448247
0.0211270022066374
0.3094286013409553
-0.0698048983278287
-0.1089751138437594
-0.4178644150302355
-0.0586333211456048
0.4927943124634332
-0.5658484811181814
-0.1801990492949126
-0.0265162076641456
-0.0647201568040889
-0.2264775967399984
-0.0764380952991360
-0.2319458725987975
-0.2911508912298719
0.6405029211798297
0.5917488329163414
0.0115232170386708
0.0799401233502728
0.3202080772443952
-0.1068986131200271
0.2239663176523748
-0.0706584950763599
0.3206539726501597
-0.4647746431162977
0.2718688374538447
0.1498395165564811
0.3937187918234877
-0.3904107055309539
0.3290166391271445
0.2644062390668568
-0.2887491687331478
0.1170782547116451
0.1232470798947615
-0.2652061519287426
-0.3940973099056142
-0.6889835940854708
0.1170447989422649
0.0522508005220614
0.1376960654941355
-0.2864975997939659
0.2469967629460379
0.5236956889577116
0.5424820049708828
-0.1065874839670119
-0.1995931249848298
-0.3728758408130669
-0.3113387606784238
-0.1383980788733874
0.1234708158839004
-0.1582501038879540
0.1544021013787469
0.2854242108920745
-0.1648366339211618
-0.2995993726792285
-0.1788144242999943
-0.7251446853439242
-0.1232738471894546
0.0700620506983645
0.4644219355068188
-0.0859448975193943
-0.0162188341107657
-0.0187153494686140
-0.1873799544460864
0.2876348964896603
-0.6333176304242302
0.5969141121051164
0.0060711948326817
0.0463157748935730
0.0223401029827224
0.0543178277744872
-0.2322573879028715
-0.0263495037765823
0.2539447442770192
-0.0895442967684862
-0.1366297897140643
0.0155924069510412
0.5449921259568675
0.3205633013997261
0.3551859122162569
0.1915317129389901
0.3401683665434777
0.4160091300842226
-0.1667881174535957
0.3063591510513131
0.4641425704345287
-0.1383382222593233
-0.4967379127035531
0.2416200492212261
-0.2507999432782876
0.3396498098306150
-0.0749761195906782
-0.1782688872348076
0.0341213601010632
-0.1729752729825727
-0.4621221447410727
0.2025916958443124
0.0929407821888191
-0.0418508512688739
0.2526240872202080
-0.4697920985167497
0.0350684086157823
-0.4399961900958272
-0.1461822468383172
-0.5065774624122906
-0.3994588573218910
0.1779319610613562
