0.4516348651105281
-0.3634395994722402
0.1662675039460582
-0.6100923749920028
0.2343266796926654
0.0229826729478900
0.2295439118773894
-0.0185944229497410
-0.3853483460338670
0.0843404609470065
0.5675492580762579
-0.2505380028420040
-0.0646223243115011
0.3460072994772361
-0.1000456216066636
-0.1100430403620697
0.0693916963864289
0.0780605911048122
-0.4520542632924370
0.5038264931416371
0.4039773241267274
-0.1590578782612256
0.0104238992244659
0.7607783503727736
0.1839566187946817
-0.0369004622170263
0.1489226141991232
-0.1314412888684861
0.3972534418259067
-0.0119925264829822
0.0559619956201405
-0.0641098763973236
-0.3165117681370675
0.5545411913944237
-0.1101027423871827
0.1075422646764132
-0.0561420670330217
0.2113189069225978
-0.2763423224171805
-0.6612124489349842
-0.0873237511267854
-0.0369169821611304
0.0695043315998429
0.0844560354840291
0.4244022352400154
-0.2042248991697118
0.7037911213909168
0.2294444241707993
-0.1875079177498824
0.4172493889848020
-0.0798164920347387
0.0867285023601512
-0.2483779724330918
0.3017846838091773
0.3171064858362764
0.5779970713340172
0.1687539246355879
0.4648394843625224
0.3734158100074418
-0.1212919766921057
-0.1385035784828466
0.0581624155583005
-0.1750474696261629
-0.0020554180424360
-0.6112084274976159
-0.3453631184151907
0.2510136311794683
-0.2967434025035128
0.0866131052575312
-0.5434798114215729
0.0015149979345138
0.0312584100355971
-0.4458015321249112
-0.4489584895595317
0.3035481925279155
0.2442320175922229
0.5835796449591883
-0.1787105117210303
0.2727218483161076
0.0068735745750939
0.1322205469874792
-0.5796142119426155
0.2130056362647098
-0.0204190761722518
0.3435607029366486
-0.5877219301893799
-0.1882649898458747
0.1163652109229771
0.0833738503366721
0.2852892585667716
0.1365336013787410
-0.4794278124282061
-0.3157937247687327
0.1179858218860830
0.1879375261269055
-0.3666153208412752
0.4083367094529840
-0.4971529776261950
-0.2204810542425494
-0.0749804218697803
0.1378750649054671
-0.1561354844547235
-0.6396186976302015
0.2611857931943288
-0.2547642630033352
-0.1676675496785666
0.4749836352737761
0.3655715682397465
0.1421649258292825
0.0824739456352418
-0.4075159336375903
0.0785537566614456
0.1645933994748056
-0.1455979958374381
-0.3871316011302213
0.1159433970786926
0.5597046587043210
0.5198513990829946
0.1314790333228185
-0.1239154606017336
0.2466062959256013
-0.0944192341347794
-0.3834907189498578
-0.4601465649464780
-0.2005348117118369
0.2758987652763598
0.0220926920981495
0.4695178047064985
0.0733954367942315
-0.4783451314380062
0.2959403630913837
-0.2262612953905145
0.0930340858043030
0.2104150932189517
-0.0017507666061888
0.4779232981822618
0.6975927812285804
-0.0351707589126035
-0.1966425578139557
-0.2309557636178708
0.3051165602691614
0.4237752479741838
-0.2394425561028605
-0.3616179755889281
-0.0853346235209168
0.1972777488945123
0.2433082575571095
0.4275525720544445
-0.1545300392608309
0.4765899439053282
-0.1067184807449875
-0.3195807955947734
0.0448120577986514
0.0528347495684479
-0.3300993245534839
-0.3622150292927799
-0.2457391681697235
0.4667686101494281
0.5123360126339231
-0.3174358110184540
-0.0249495307529307
0.1714442007746377
0.1712077576764223
0.2664022817431789
-0.2690024839121770
-0.3646044852804080
0.0453886023685405
0.4350788907620609
0.2803677354189131
0.6280473982242400
0.3649551472331262
0.5571771685419772
-0.0052637596471536
0.1316901379701759
-0.0871946978695461
-0.1309832839531756
0.1559951446810178
0.2499739275099409
0.4739699027217287
-0.4502920046623124
-0.3955786696793637
0.3395308677375661
-0.2007986596693718
0.1662135837160902
-0.0435439121450111
-0.0859601340636670
-0.4005219601902067
-0.3721516758631059
-0.5647160673198919
-0.1821677379412008
0.2266629175223599
-0.3843765575524513
0.1025891455455518
-0.3850011637534821
-0.4335805126712834
0.0597874797374011
-0.4027846686104126
0.3434056272537607
-0.0015905661740523
0.4127906336746648
-0.4008163796101600
-0.0971664414373507
0.4050127895011841
-0.3384063022008048
0.0475014667517828
-0.0162499839389261
0.5569780180386722
-0.4352845203791698
-0.1771007442489612
-0.1332984481181983
-0.3454919330688825
0.1909267819504165
-0.5231464906772276
-0.1637331783694566
-0.1348623898051051
-0.3266416961220817
0.2320785683228963
-0.2668289270493749
-0.1857933287575669
0.5091478397146791
-0.0098558032509739
0.0698083523639611
0.6927128776184229
-0.0774249953621385
-0.2037421227195247
0.2055481336767845
0.1797446352130999
0.1949155160073434
-0.4439032793987331
0.3975835695797400
0.6250167331824390
0.3755614248831096
0.4200308565225752
-0.1426791310462958
0.1623714622563684
-0.3524796848377832
-0.2314995996728518
0.1581349333352762
-0.0690579126687084
0.1937790170376813
0.3168650180344799
-0.7688282707364422
-0.3147950084023021
0.1002496230889984
0.2252400560084154
0.3407931533716865
-0.1489271996756883
0.0895526907625431
0.0332137852941776
-0.0343301506349073
0.2559094154735190
-0.2415452883789409
-0.4027690930216070
-0.2599607738749817
-0.5620352995523755
0.2822421215036371
0.1272697275460424
-0.3633633464675737
-0.3073745603448509
0.0900543166098019
0.1090641398105872
0.2396493255716913
-0.0869222056718357
-0.0663391837764954
-0.2021737612355050
-0.2434781323020379
0.4345106390354055
0.1068693506229552
-0.7650185463696790
-0.1818985886391555
-0.5886972904454053
-0.1159607406064804
0.3920188497086976
-0.0850379458652477
-0.5780203123757391
0.0940437693817033
-0.1943732266249240
-0.2003020571716791
0.1697494580699346
0.1714932073495342
0.1431898703409412
-0.1192956497173900
0.1275987104634269
0.0248622302739254
0.0978523272817242
-0.1733302989829437
-0.0037457396565437
0.9016734402678850
-0.3084385213270385
-0.0241626198011165
0.2636814659080396
0.1405441337058595
0.5112299980269399
-0.5747384917698529
-0.4562285088530594
0.0519464701108481
0.0908403236048978
-0.0554921521949860
0.1965590014861848
-0.2413075086949500
-0.1478880710211294
-0.6112792507336727
-0.1095424181416151
-0.5948167184453979
-0.1148542542020844
-0.1359105379889957
-0.0655388882102273
-0.3053032697740953
0.3077852665700680
-0.1214905321113353
0.3294093207951079
0.5600475587526915
-0.3767779407993748
-0.4834779506417196
-0.0093631939011008
-0.1708966605984516
-0.1026571470134962
-0.3520591577659563
-0.1047141836861948
-0.1654724968388979
-0.3041385718759002
0.0396220834597674
-0.1265414560138360
-0.3792167832920772
0.7607637519796497
-0.2977923332698840
-0.0558966567428924
-0.1867235812127587
-0.2006880293734441
0.0201030731203182
0.1710936500975706
0.3043207004368151
-0.2481785307231621
0.4265779881065455
-0.0156005131643187
-0.7849114879888203
-0.0475309082381187
-0.0729570451716446
-0.1001014256288875
-0.0249575250001507
0.7016136653235258
0.1624844172683090
-0.1090312210880664
-0.0601469351783758
0.0384348024196452
0.5845147566625553
-0.0548049940636682
-0.1991342714055703
0.2800535071751149
0.0401107304347317
-0.0619135754437101
0.2395996193776003
-0.3626037056703879
-0.3228974723426205
-0.5117870028436957
0.0405516479295991
-0.0139201606046002
0.0198382910218405
0.6367041427476067
0.1829334307208660
-0.0104380321650859
-0.4293749159646275
-0.3202224097036833
0.3325031552518033
-0.4263263747367906
-0.2960224746894595
-0.2819567934133331
-0.3008170587621946
0.2312716817476096
0.3310088802523749
0.1095204955463406
0.5642325297704193
-0.2958158795595857
0.1482135254432601
0.4161684577842238
-0.0704008555426118
-0.0110473427101070
-0.1294971685114066
0.4352254377201951
0.4191746913787057
-0.0853235849122760
-0.0496923008145457
0.1021905849851386
0.5578871106183401
0.0753350602624277
0.6798673217505976
-0.3158312088845793
-0.2942009263950108
-0.1198009828000455
-0.0043425427667880
-0.3382035476556712
0.5170921025056593
-0.5219975844197616
-0.0615816685623332
0.1737130399653489
-0.1915696054331939
0.0230469316782904
0.4660867597656371
-0.1116776178133134
-0.2117670532625518
0.1690793969207964
-0.1127438245246973
0.6180312182426972
0.2425136559184250
-0.1309519790691833
-0.4879537925179686
0.4265515321999395
0.1519325960622444
0.0120177171038756
-0.2398000295901754
0.0336146759143229
0.1432751777205607
0.1868207641234770
-0.2065530571239181
0.1035388006591061
-0.4753161352283289
-0.3008211038586708
0.1176700141907727
-0.2185955684150999
-0.7155465119403160
-0.4735520408105657
-0.2524329767348192
-0.0087598352100909
0.0021519307999676
0.3027085160090778
0.2234084634635048
-0.5765583354867887
0.3467019312180368
-0.1878682729535527
-0.2872014499583265
0.2029427508380081
0.4606438602442782
0.0033218599991098
0.0923922272157055
-0.4333153319604304
0.1126602291392774
-0.3880943990229386
-0.2986164499358982
-0.1102968327527590
0.5344765414080795
-0.3769564466473479
0.0382496279582821
-0.2730889577891797
0.2208490793744169
-0.4644393134191474
0.2187526619521563
-0.1359848737751047
0.4185698620048215
-0.4178906477844153
0.3181306285548475
0.0397754014467256
-0.3305651739309515
-0.5801635991915400
-0.1846124169167488
-0.0822325581500835
-0.3937929739945878
-0.3378178552161576
0.1800119913401869
-0.4535557541096386
-0.0663317006758468
0.4599090642456670
0.3022708737188317
0.3201873677298661
0.2919319023261077
-0.1840273807619423
0.0274977731367882
-0.0246962180034762
-0.4846036718334543
-0.2795140797572740
-0.4014608802338385
0.3745389178670465
0.1308376307944086
-0.0032087618101962
-0.1204161853696133
-0.0468780569529163
0.4116302972189259
-0.4383710509255324
0.1875460473586166
-0.6493064166592993
-0.0866786295646541
