-0.9615209240135846
-0.1910965581568218
0.1973819093652683
0.7539129335801188
-0.5544922609766212
0.3523543970176251
0.9212487749826548
-0.3467315006901048
0.1762894240223893
-0.4530967394703403
0.7315700378939828
-0.5094198900093548
0.0215891947530572
0.9900895610799454
-0.1387680356221697
0.6441991633441859
-0.2428072912123488
-0.7252944624638826
-0.9177220323245164
0.3708158275164762
0.1424145127767188
0.7047524377898526
0.6819360117676521
-0.1956713501861955
-0.7951550627947732
0.6052798857863223
-0.0369416563561638
0.7471049621148431
-0.6007513371072798
-0.2844855120163315
0.8245870613112418
0.4358300598523746
-0.3607053329896385
-0.6082246053916751
0.4803768465678133
-0.6319026148685450
0.1499959020363979
0.7090134716690850
-0.6890581444000492
-0.8489015857391142
-0.4547088683349583
-0.2694548993563837
-0.0852465968844338
0.9830360462242463
0.1623981205045928
0.1541297349428518
-0.7739062759679709
0.6142581711494223
0.1144880211786495
0.0677712796657661
0.9911102595872276
0.6733167258246888
0.3769428720360846
-0.6360492574839695
0.3063028839577177
-0.6777484688008600
-0.6684575950030598
-0.0038094517939622
-0.7572641503752555
-0.6530976149347599
-0.6655979403900938
-0.0756450430404103
0.7424669751658183
-0.1587020928039387
0.2307526619847666
0.9599827366815480
0.1604719923951793
0.4205448296568810
-0.8929674047273991
0.3869784842192888
0.8540784852593544
-0.3475594823457255
-0.8105571880461611
-0.0291384778984967
-0.5849341792137465
0.6373258884344895
-0.1841090017501437
0.7482777475013903
0.4060550745602244
-0.0374188691391667
0.9130822003829866
0.9420771463629837
-0.1038970711649039
-0.3188981795243309
0.7580044224382694
0.3429767499075462
0.5547938757654793
0.3286193364270270
0.2868261939282790
0.8998555807477542
-0.9722991700446829
-0.1993989818306585
-0.1219605262997726
-0.4635109513138073
-0.8409013653784680
-0.2793608628938519
0.6415302974070952
0.6289330717761344
0.4391834112702798
0.1716901706207422
0.0879085053737253
-0.9812209638991507
-0.9488997180703550
0.0578380574397116
-0.3102323067599531
0.6026118957454168
0.1756698546415640
0.7784593793360877
0.1414561250191703
0.9035483394782631
0.4044633023163342
0.3893014044099536
-0.4071203474067739
-0.8262550691232251
-0.3314381711659817
0.9427342899373952
-0.0374272263250295
0.9956151738459442
-0.0934600798623374
-0.0039546276481840
-0.4928331929442636
-0.8688895867151462
0.0463285012745366
0.2192130261536259
-0.9161692630566363
0.3355287328900906
-0.8192239548906295
0.2791413572751880
-0.5009513094023428
0.2286003913116659
0.9679745912937073
0.1037644047924602
-0.8849911002845990
-0.4631248924054903
0.0480217289511527
0.0919811592471798
-0.5224734920186489
-0.8476797251800847
0.8557109447128478
0.1478641715337992
-0.4958779747833823
0.0831091729450896
0.8952510776341592
-0.4377423595761094
0.3858054758928161
-0.3511636932798500
0.8531343360181756
-0.2197116703154497
-0.5678057655172948
-0.7932990574635229
-0.4142885199142959
-0.5352137906459862
0.7361461951063639
0.5776497468011954
-0.7860408102514657
0.2201377174400933
-0.5007443038337813
0.7652522271431180
0.4045295675602952
-0.4323465499900432
0.0774966137108649
0.8983711569140319
0.4268463996599648
0.2453289928404629
-0.8704113029879667
-0.5858889290206155
0.5347369543507750
0.6089257364430687
-0.1029410625945579
0.2503825615945298
-0.9626586676913395
-0.5162403806676351
-0.4933168335767921
-0.7000959727622371
0.1292739365319213
-0.5405825384890228
0.8312994456958965
-0.3637210526502146
-0.7400108653033614
-0.5657657775899760
-0.5854564592570383
0.8046540447125566
0.0988564749621120
-0.2026263329135364
0.8751286507158781
0.4394228190549731
-0.7040057639574051
-0.6993766187487130
-0.1234837214468690
-0.5845224507686139
-0.6468995641055347
0.4897493833661485
0.8085453126235573
-0.3500439790145872
-0.4729943870598354
