0.2524018921407956
0.3539201560690463
0.1050099231286494
-0.5433166296045500
0.3823108952282364
-0.5442462218377749
0.2498963653528549
-0.1167321871693121
0.0982824140354567
-0.3371103261844419
0.1168654165736470
-0.4773578796809566
0.6975401963189714
0.3673967816744063
-0.4022386169058305
-0.3919087220406607
-0.7256599084241573
-0.2124294381610593
0.3293776798909550
-0.0261536775125394
-0.0610688865854217
-0.2262164445968680
0.7226309090317974
0.0609187451409282
0.0977393180737305
-0.5595380970159576
0.1530482374941852
0.2772363192052068
0.2673997323726689
-0.3452951632775238
0.2385976412460253
0.2853194143796203
0.5323475821425790
0.5471633940364078
-0.2969021770340960
0.3960515827409039
0.2456453504848241
-0.3935459791707871
-0.2169325657477874
-0.2857491965039170
0.0947267747062287
-0.7001696684670956
-0.0748226689458279
-0.4859225307610002
-0.3346799439464252
-0.2471859906290861
0.0234659704640922
0.2124460125513446
-0.7344966463154174
-0.4331528759341948
0.8266113113465974
-0.0828445076448829
-0.2070077345449113
0.2569812090213558
0.0537722755165579
0.1022062229570632
0.7820402288387968
-0.4158448953842049
-0.0589275260100389
0.0330714638422948
0.3274280491966043
0.2090328922521899
0.2449817360015157
-0.3260594831506611
-0.0182232534154350
-0.4229779954098482
-0.1345677263522722
0.3850650372263802
-0.2177847739480907
0.7075513961883989
0.7274808163080039
0.3220368239158429
0.2865120321403509
0.0050431469736997
0.1877276806500974
0.4324192817446878
-0.2504421105696650
-0.1415175192261886
-0.2646460502820272
0.7788038401812379
0.5304602597268571
-0.1054656304773245
0.0641663406935996
0.0822887155184338
0.4685343378890680
-0.2795594361541097
-0.3100994457128828
0.5231206515672238
0.0179483593100270
-0.5729909408347305
-0.0621647140096685
-0.0400422243786791
-0.0058560675848844
0.6624278663332347
-0.1385731646674016
-0.2549950054434081
0.3461292513000802
0.5962559981013781
-0.1309292929331445
-0.0470402840772703
-0.2490669333717815
0.1640335063403392
-0.4416895392213618
-0.0936911247164660
0.8293586241887233
-0.0192845289480629
-0.3696846032007715
-0.1063545154958007
-0.0181269088932982
0.7875251708601514
0.3002548171083142
0.3754632916439493
-0.0595761822373253
0.7023553614918755
0.3455180083600094
-0.2016429656449638
-0.0743311142527911
0.2686654142070319
-0.5151687351357621
0.3157179364418657
-0.0930658118476405
0.1928198891790722
-0.3132547642073746
0.3146063603469015
-0.0072582367621156
0.8107546104344784
-0.0831579818349620
-0.0231084652047555
-0.8375475933604181
0.1376117177078910
-0.2136056134678749
0.3769371250938561
-0.2905492015471113
0.4842365253838977
-0.4458086736656253
-0.6715447710941592
-0.1591244963684174
-0.1806397090631909
-0.1263231438745759
-0.2046665284589193
-0.1567846688980433
0.6823473011875866
-0.5637709320572226
0.1092602002247971
-0.2755870100509067
-0.1778074407781944
-0.2692240458611121
-0.0665017821571493
0.5108511920548012
-0.0066341312715515
-0.8217450904065086
-0.2217386738412298
-0.0680650006193383
-0.0741531081951728
0.2111773187486844
0.0970238853394741
-0.3550174077756899
0.5685530867480559
0.2150750957882390
0.6657128037101239
0.0852625333503664
0.0859155617121397
-0.1449886815802134
0.4916712226541553
-0.8271479341584961
0.0583732943070286
0.0856518477147423
0.1869192921964321
0.3869967361116579
-0.2895557291516784
0.2741281266796212
0.5150083633653092
-0.2598775031431674
-0.2650970905807508
0.5368411102989089
-0.1264994677225887
-0.7945767199330629
0.0806519018123746
-0.5514392137058658
-0.1349726058062206
-0.1215528928232781
-0.0952001841174252
0.5381901794196589
-0.4466968122299977
0.2688537295731863
-0.4357813576622458
0.0464206359188673
0.3141698951075881
-0.3844059972183142
-0.0094528887845824
-0.1442830333519448
0.1148809403777615
-0.0921885379053635
-0.0280059486301970
-0.7539728811263572
0.6230066240133594
-0.2232690007058577
-0.6275952054991785
-0.4851750096918581
0.3759625537022671
-0.2058744149702240
-0.2242089164116535
-0.2947518729450371
0.1282053885771238
0.6333380619909337
-0.5031405507236859
-0.0626825870276744
-0.0480817372913698
-0.0722794475595405
0.5637646539770585
0.2665279013989346
0.3987927324876408
-0.2171492078777129
0.4888075413873831
-0.5080655887551410
-0.4002447762747765
0.2559572618221066
-0.1185803748854671
0.1962763288718149
-0.1619659004094686
-0.7014509316207080
0.5536950446804142
0.2194865635156519
0.2727551667376078
-0.5925240994544294
0.2631675374940528
-0.6290900564004477
-0.2501774488526961
-0.1868161691594341
0.1488941326475505
0.2534664474884188
-0.2002759775912186
-0.5305846297798772
-0.5574757263211054
-0.2208391638944702
-0.4795917840459793
0.1552184404706159
0.2543999176647753
-0.2113046079876020
0.3693426320897027
-0.7197582158443372
0.2296007955207014
0.4788827715664039
0.1165173918234642
0.0725462382527930
0.2534825046123336
0.6774359451132130
-0.2805074942762753
-0.0870438286064023
0.4554950314611403
-0.0140073131908855
-0.4276612551679169
0.2005367146843182
-0.0260078135578902
0.2004926940618660
0.1613073126023805
-0.8877602903171522
0.1599324260117827
0.2814152381665975
0.3636041595683017
-0.1357570495559536
-0.4023078462838672
-0.3413917213476709
0.5584483913080731
0.4281813428560431
-0.2752421841390287
0.4411362669093070
-0.4818890926500018
0.0723158596325492
-0.4095976967481719
-0.3781518271095355
0.2485835786085764
0.4420285508497730
-0.4203516267300598
0.0563284729357373
-0.3874420246578110
0.3383830210249281
-0.7434358611283293
-0.0416086483572135
0.0330009457968259
-0.2117860832679378
0.3939882323193254
0.0763921796378435
0.3103731251765334
0.7329477146421282
-0.1701855883919361
0.3627357149369535
0.1522803457567188
0.5916412970977997
-0.2957960214122749
-0.3827271846227718
-0.0145625085968162
0.6222769709200797
0.0731791810417502
0.3490431042172794
0.2313047068773950
0.3625980777090920
-0.4708318729969948
-0.4854542429402794
0.4806435165676517
-0.0694479184663065
-0.4505803566486098
-0.1334204478433018
0.2390789787340224
0.4888040372248027
0.3122884316627023
0.5968278235177422
0.1713495431702688
-0.7718639990621250
0.0300153573285750
0.1417672103408517
0.1046592375634409
-0.3269592639565047
0.2720016964907723
0.4374771584439995
-0.4735875571431278
-0.3958181804769282
0.2019383782595916
0.0000550666900201
-0.6055463688385525
-0.2903617619854659
-0.3567454616947831
0.5178691741483078
-0.1975855725617421
0.3035535483550556
0.5462890554070121
-0.2534374402775058
0.4877172370170484
0.0098148758529912
0.3449211997243014
0.0884120332234064
0.5827324126095929
0.3278107855958416
0.4165682309599582
0.3045866173654250
0.3998419737597236
0.3792065546318414
0.4336760766628835
-0.0195842678085383
0.4619247615205829
-0.0911168523809571
-0.3418546296075119
-0.5737617554623092
0.3201923331247501
0.1072868306924066
-0.1569459004901000
0.5759664552379148
0.6772654669620543
-0.0949879327660382
-0.2487685921044616
0.7110617837115021
0.1453741115763165
-0.1114961834778659
-0.6499833381767143
0.0719166921770439
0.1261570656861211
0.1313779005568261
0.0110176043908510
-0.1950133969083847
-0.2781465068206289
-0.7932286846148934
-0.1405299503720936
0.4765364762005291
-0.0918448799125294
0.3014256296982207
-0.0756836313246865
0.2063909601863246
-0.3525021542529613
0.2844501194947949
0.7595495907256979
0.2805924611580833
-0.1163570751148965
0.7036505779711603
0.4548616545736344
-0.1629001089970013
-0.1549170604222332
-0.4833332214054277
0.0170594945659469
-0.3075704175112529
0.3148301346276124
-0.2169561613823256
-0.2926064831924109
-0.6071649975755611
0.4263048012853376
-0.3510110778230031
0.4737623571647986
0.2599892277897881
0.5386965018610693
-0.4686547662510951
-0.0191478073697453
-0.2445623506037172
-0.3714111434243966
0.4583178954775022
-0.2721742148401409
-0.2952357059538637
0.4879634442022782
-0.0135987654170984
0.2015135679092202
-0.5914396114913397
-0.0312542036720434
-0.4479868769729772
-0.3690006011797616
-0.2204024714036214
0.1074965050655421
-0.7705378866660170
-0.0911488143199784
0.3612095775428735
-0.1689027204291303
-0.6212912371756036
-0.0161092528207233
0.5838522920092996
-0.2860298388880846
0.1789989806854996
0.0663357829636516
0.0214602773448889
0.8483949429046120
-0.1713424430982775
0.1680206432521550
0.4040848465403210
-0.2334337350930475
-0.2408883422646015
0.1048511298649488
0.5776922225937134
0.3219087178339763
-0.0911421256190386
-0.3990289450900376
-0.5710468758186600
-0.7624565205901385
-0.3363189109319981
-0.1376544913347637
-0.3670920269366895
-0.1747450620342310
0.2810038379647192
-0.2057798228148853
0.1411193331993573
0.4913712905099292
-0.3471150556630452
0.2141660513256859
0.2977672804251338
-0.6921878669462372
0.0670390394637194
0.3625455027719063
0.2235773138461937
0.3453076030615861
-0.4371737291313389
-0.4599959870644071
-0.2927870045811325
0.4592332684066965
-0.2161618168789175
-0.0829966948050300
0.3688012366717445
-0.6126032622977317
-0.2423268065645234
0.1089022046233066
-0.6037437677318402
-0.6469648041392104
0.0744309146736304
0.3633315547482102
0.0788884286957684
0.1735463671463450
0.3293041261468616
-0.5469038574019008
-0.2529488742229422
-0.4003124218518038
0.2024077509293219
-0.4568321116414368
0.5561670556440015
-0.3806673842872078
0.2680912248352539
-0.5710193418099642
-0.3111628004039200
-0.0476485744216248
0.0081110289935067
0.2454748976148522
-0.4029832011739740
-0.5934012653344389
-0.5648266041712845
0.4509395803696562
-0.2521071541585398
0.4064513792467379
-0.0873696308947415
0.4721213286644536
-0.1353944600945988
0.6017217395414085
-0.1153221170517349
-0.3309579791544584
-0.0990141291618864
-0.2581127891453050
0.6554980455683450
-0.0948413205200619
0.5404769996623285
0.7665863205010668
-0.0248014539883260
-0.1501766412970494
-0.3007224080052811
-0.0593545433719984
-0.0557221845412743
-0.1376597151786110
0.1637585697208752
0.0978077045372594
0.7890421196697828
-0.3234974718765656
0.2482466929549397
0.3947177283914314
0.2940261024528440
0.2095374523344517
-0.5752935489499608
-0.1970103816089711
-0.6967645166971517
0.0486917288177168
0.1096142008908983
0.8118213005184658
-0.0329824561592235
-0.0516976959757189
0.1536397240170977
-0.5148412789831502
-0.1226726998509525
-0.1829491273858293
0.1387348784867489
-0.3985593730253101
0.0279836011713365
0.2924622324960797
0.0202764731812196
0.4991923288786671
0.6971238797501168
0.1166176190333690
-0.3976384086095731
-0.2041773814832567
0.0851440892582094
-0.6712845716678019
-0.5463347214035470
0.1739008450645067
-0.3409448304029806
0.3079409064944806
0.4881459140488636
-0.5191009334214106
0.4483576023595176
-0.1543046960657039
-0.2373653922242152
0.3700159992674987
0.0573919275588387
0.3899393341814867
0.1621982570409755
-0.3012467186555586
-0.7658825742571083
-0.0640910676825387
-0.0238266568030397
0.2036681319926472
0.2968309356618436
0.7602305350824105
0.1147607408370266
0.2964245582174200
-0.4368695059703600
-0.6058415415116586
-0.3212021719472052
0.6689913344240569
-0.2794147698538644
-0.0077272597114095
-0.0182237460823567
0.0614113727601427
0.2307127612406112
-0.3580321981034122
0.0000007267366775
0.0596004686012893
-0.2139820218150863
-0.4943957204535798
-0.7244424870209258
