-0.1774592424666178
0.4067870766365408
-0.0562042958696313
-0.2121880826942374
-0.1382950994381590
-0.0681204663930817
-0.0815770678080275
0.2870526841107633
-0.0172467544885343
-0.0436158466828694
0.0502082951899716
-0.4041637972089079
-0.6787718751509747
0.1150195345018182
0.2666898306848757
0.2886066162365619
-0.1892321447615964
-0.2003393118621979
0.6909525864007061
0.1672777453004458
0.0072651695324223
0.2002433386034316
0.1884592068226476
0.2445526304354190
-0.2249260914768662
-0.0552678588304549
-0.2702674168592721
-0.0455740229034248
-0.3431168736098357
0.3866152273541132
-0.4153325734138181
0.2910125813693067
-0.3372470219520315
-0.0686673709920261
-0.4131515606686667
-0.1515524328422495
0.2362965401545905
-0.0615091950186235
0.2859364914301555
0.0800581987319103
-0.0857750072449271
-0.0913844307648510
-0.1582169633794009
0.3403979666718835
0.0456025757742294
-0.2419409475570670
-0.3134686661649400
-0.0213272846818127
-0.0039529677620926
0.2190717790036164
0.1801252317205955
0.1704839752776156
0.2444187553472078
0.3775106667552375
0.6227195539235917
0.0145503424844124
0.0838475664749463
-0.1547018605584385
0.4188539752748589
-0.2413799790956706
0.2812283123982720
0.3261506873954820
-0.2697629047961877
0.1343811658328051
0.0599919493009421
0.5091015556599042
0.3668007755896408
0.1833071051263767
0.0776289059670224
-0.1486137178922246
-0.1012462312506400
0.1539215984716908
0.0739291338957851
-0.3465612794694024
0.2366237115821649
-0.2355915300955123
0.3195576913113173
0.4963431650586362
-0.0653977314753158
0.1586779041909945
0.3125281670902756
-0.3219017041290398
0.1456886377120558
-0.3585303576242294
-0.1720211405082750
-0.0466273187809637
0.1520215163488528
-0.0113137139046230
-0.3564980926171014
0.0490379240527342
0.4148179971246040
0.2646500553619857
-0.3443211691453107
0.5299240698940543
0.2794853284972896
0.0938749096640180
-0.1285577013616201
0.2656287461211350
-0.0606329925941613
-0.3852226322764279
-0.1322964419477630
-0.4094083661574415
-0.2223584702739287
-0.1119262881351048
0.1073023639716514
0.0973941799854895
0.0466919470217614
0.5539935528592870
-0.2958284622090866
0.1152606114323879
0.1869168268926510
-0.3674411732092928
-0.0759956026699558
0.2379371868144817
-0.1906195383425831
-0.0222150945635053
0.0896249028062869
0.3830883607452196
0.2118258221586064
0.1335654237060382
0.4468161591419106
0.1923335912494158
0.5751916460991611
-0.2046339527851752
-0.0205736839170077
0.2711113733484919
-0.0964620061588691
-0.5888819810403483
-0.1063036337546052
-0.1478869856143681
0.3564589159145619
0.2143760527690598
-0.2003945198786617
0.1718160504661019
0.1077917003595218
-0.1274339731682756
-0.2567026470528896
0.4751260404025826
-0.2100511875253081
-0.0665005890351953
0.1014374818652699
0.2017655709572772
0.1177079683830154
-0.2946109834650699
-0.6328697679684518
-0.1754696699964284
-0.2752632367704616
-0.1791920605205106
0.3644809349050483
-0.0628377039359037
-0.3931203542097676
-0.1080717356585091
0.0626162380420884
-0.0470963557823294
-0.2285874309526086
-0.2877432653973227
-0.2018984907243951
-0.2592322730423045
-0.1894130810646155
0.4099927552034252
-0.5995182269989355
-0.1246333256210888
0.0241843159419700
-0.0052695703044930
0.0041676193522540
-0.0789171446201667
0.4133074202657693
-0.0194762626525758
-0.0816810780865870
0.1101916883344066
0.2838757688077994
-0.6281162127282145
0.0715965812818880
-0.2600347423133860
0.2368550939692129
-0.0337883600454869
0.3909570700445634
0.2780275554729423
0.0244442478683850
0.1229218307975861
-0.1850228800373615
0.3098337004321978
-0.3197494915096165
-0.2830664055841695
0.2040731937912250
0.0386318100735945
0.1633671842715428
0.0141623068044128
-0.1804835570954017
0.0260020199496074
0.1345391527125823
-0.0360631661342300
0.2782858351535774
0.2638514602461120
0.2321598052341305
0.7028480991149224
0.4146224167229490
0.4072491296906671
0.3224239430148600
0.1253239764235718
0.0685013264500989
0.2719012614316316
0.1286698389623858
-0.0499467048306494
0.0416899277444805
0.3052217326481987
-0.0836263803312457
0.2388707379100783
0.1512215692200187
0.5129140778679048
0.2912860216941951
-0.0561406657197394
-0.1697978387239367
0.0215423002302969
-0.2120140908975073
0.0182610494514053
0.3829227658397767
0.0688726848341779
0.2840218804803213
0.3849245400353613
-0.3533565142412573
-0.4688110790356018
-0.1745508150732361
0.2865320215329609
-0.6534476625468842
-0.1320297295994344
0.1917429867695813
0.6105644015976749
0.0926645018051183
-0.0467294527759656
0.0256635304880860
0.0218260320248173
0.0691397354956942
-0.1653462950529477
-0.1550742129096960
0.1503308598183489
-0.2312443187721940
-0.0432860603176219
0.2388509792403227
0.0298188708455484
-0.2607225889914640
0.4224225701759272
-0.0705136562265367
0.2703348884400488
0.0993328633202723
0.2832673754188426
0.5045660475996138
-0.2699301500005886
-0.1000622940866859
0.1189060014933120
-0.3982779450966706
-0.1313689210182380
-0.2882262746813270
-0.1413847810467259
0.2477571163939668
-0.1296282038585292
0.1136442839968197
-0.2793386680618493
-0.6920737428098175
-0.2667429008945474
0.1217811075999231
0.1336986548947897
-0.0304597670857966
-0.0202275964803659
-0.3767602549512182
0.0411671181644466
0.4033967052343162
0.2179792981645782
0.0528258680125318
0.2027499532867527
-0.0791587768117110
0.3805770106278342
-0.5252159455951610
-0.1313233430288610
0.1732495043437603
0.2130639313122397
0.0501667944132318
-0.4304498115393856
-0.1905770812153028
-0.0460480619587490
0.1396367986888272
-0.0671852036542771
0.3387307240539730
0.1676543741745803
0.4977096346463149
-0.3146492186368141
-0.0135546354996074
-0.0862347924499275
0.3105160674123162
0.1674350979777406
0.1741230924291098
-0.5177089407858401
0.0878471533924862
0.2197470825314273
0.4433585490054976
-0.2497422929100636
-0.3090423015376706
-0.0570753120466512
0.3126198228071418
-0.1200248860797696
0.3180485829349942
-0.2427319472719592
0.2858713769955576
-0.2713724405321480
0.0698459544405767
0.1394071551339170
-0.0410058347782733
0.4344268478595616
-0.2252817038312719
-0.2800854810885046
-0.0476114363525516
0.0311923948695877
0.1640062433440549
0.6345180120874150
0.2108275045349419
0.2207944442788063
0.1102187587475635
0.1045517490286275
-0.1673537402642761
-0.4060030265922006
0.0008775122431302
-0.3590614696761952
-0.1704186118965558
0.2749034520500373
0.0035242195523606
-0.1156097542506439
0.0606320430501392
-0.4274784751290324
-0.1484876879233913
0.3534316868541399
0.3122045627100565
-0.0123886053371009
-0.2147866861621624
0.4163122543416160
-0.1920964501777128
-0.4411977843675403
-0.0351950878150651
0.2946296720465845
-0.4555830240801523
0.2808978780660407
0.3109109944549886
0.0073775976028395
-0.1074756543115900
0.2071712805833651
-0.0097003318625760
-0.1779897147377696
-0.2047346279841859
0.5117796532883283
0.2722193790903212
0.2541488037843477
0.0604258773190198
0.0344758044459075
0.2811804600511669
0.0611250422122403
0.1581260451384770
-0.1937188808942613
-0.1547747081860545
0.3076622074774874
0.2438957016596167
-0.2529093085630694
-0.5834217532103982
-0.0113858490416412
-0.2115640882685583
0.4717002654436965
-0.0938941607568488
0.3650539046478160
-0.3190664364459443
-0.2156441123986510
0.1512654408263875
-0.0335541322520998
-0.2686856947307997
-0.3385160725619701
0.1203907182870914
0.0526315043606909
-0.1639312814708711
-0.2967791774487045
0.0926069067143659
0.5983561875666720
0.4001264627762828
-0.3181455384115611
-0.4366485099980443
0.1228387043538435
0.1441109262982665
-0.3783361412509750
0.0532383207827564
0.5470907033349520
-0.1742397086282462
0.0331206166620558
-0.1541139012742814
-0.0314665647875165
-0.0547769748190360
-0.0876584435569697
-0.1003745079508113
0.1248232423276901
-0.4498571376110811
-0.1281893499780978
-0.1501023535141328
-0.0970231400520539
-0.0796578036419772
0.2840602305508483
-0.5090187053856987
-0.2491026506549895
0.4351875036147549
-0.1145353529573308
0.1601412540864468
0.2953920640225953
0.2824236173154595
0.4786092735905688
0.6400358177704482
-0.2928461401370623
0.1960612468259535
-0.1340444391318094
-0.2055902552427703
-0.0214891762254661
-0.1198198945715540
-0.1533164456621035
-0.0575000157598007
-0.0998983892588900
-0.0893276468339873
-0.1936496417635643
0.0629720521805216
0.0974043638985238
-0.2926988009140906
0.2036483590644527
0.2038719199305289
0.1139663818504602
-0.1010289986134897
0.1858841363181022
-0.1269342836533935
0.6101482361590128
-0.0087771018820826
-0.2736969334392231
0.5424733017894596
0.0493182238862582
0.2470771163705406
-0.4053094239235577
0.1713116034472661
-0.2412278090555168
-0.4552341280924237
0.4468969309268042
0.1937647199137852
0.0723308715830802
0.3605671821103046
-0.0130718744046891
0.0734860558704801
0.2409639784002321
0.0603456636956945
0.2003051248773088
-0.0080084418762111
-0.1170978124118526
-0.4303896887182682
-0.3758171792146923
-0.0808049136176117
0.2620129504361191
-0.0372822064437070
-0.4501941602320724
0.3808991698490224
0.1161599083274684
-0.0098155054648148
-0.0238987553603505
-0.4471084575151085
-0.1461314354362273
-0.1663968719847845
-0.0355552602575892
0.2960128982649554
0.1499940040938212
0.2175702702465287
-0.0323989350618329
0.4172138552643421
-0.3326494264796674
-0.1639033251031445
-0.4576863006959797
0.0345057619800557
-0.3350008396844584
0.2668236034358453
-0.3269012334544786
-0.0810124476221946
-0.1705579554437102
0.0531062868623185
-0.5806783715987898
0.4569580019886945
0.1833144094453074
-0.1343189699267124
-0.0583376870918029
-0.0448359679761055
-0.3566365219729624
0.3273608850530290
-0.2872736791353685
-0.1486838686137290
0.1395764203118799
-0.2189395952900379
0.4097550557793817
-0.3063107049532635
0.3368026741968868
0.0228177514000353
0.4289960370360347
0.2763224190482058
-0.2662143894077085
-0.2308158795267218
0.2422941747939497
-0.1550604877343335
-0.0510927882539545
-0.3140855247105808
0.0885163629670456
0.2417718886847666
-0.4574150844183040
-0.1294096238273871
0.1659696162023839
-0.1058593397102605
0.0423179594861357
-0.3411878335609514
-0.0261042311045708
0.0080136460904986
-0.1460661161003081
0.6412275488960552
0.1066317739102560
-0.3338529997576332
0.0503685723680143
-0.1256922804742530
0.0609086150044274
0.0874757126718883
0.4337311230080576
-0.1686969369180711
0.2313398419734488
0.0041043884862053
0.0270226872242409
0.4624582228579683
-0.2084806295271598
-0.1800766709500798
-0.3018751938186515
0.5218436154130834
0.2208716220946749
0.2108291961888745
0.0164070265445347
0.0603151557543971
-0.1920340513441525
-0.3306154365873697
-0.0685843760557074
0.5368926520185027
-0.6243921052502868
-0.1907234548008226
0.1111749667179341
-0.1876978788804332
0.1948908791766245
-0.0069741688038252
0.0253053985740126
0.1126866548176481
0.3944146802432866
-0.1193320902019257
-0.1368390825127662
0.0876037395700046
0.0579660485579087
-0.3872721225080773
-0.4393142241487689
-0.0909680069418702
0.3825302303006581
-0.2230510650859205
0.3752685453448664
0.1556517158452058
-0.2745036655650745
0.0366192249676772
-0.6211148566408385
0.2731814050052523
0.3507865266153327
-0.1979071309813012
0.0832782912390118
-0.3043135247588695
0.2531618260142654
-0.0891772217322481
0.3318665447889697
-0.2108130560077895
-0.1629382501650659
-0.0087575165224804
0.1524475964665560
-0.1370468563777580
0.0073784543435850
-0.4606410953405234
-0.5066125944750369
-0.0577537996101266
0.0860163522800282
0.0964096968033439
0.4614409761241019
0.3605146208179260
-0.2499001591663872
-0.2323943657734388
-0.0837008895966240
0.1144681309105175
0.1132406513874425
-0.2924729874861107
0.2951714686285667
0.3619283807415671
-0.1483565159592646
0.1592087941198440
0.4251612266910155
0.2271755490152877
0.5118342034189274
0.0028765514839183
-0.1983244762736779
0.0133485017089194
0.3025833282781465
-0.1396003349052746
0.0638363331132391
0.5702120796666665
0.0437954213072826
0.1648225381845001
0.1313255307823293
-0.5130366310075340
0.0429846628168373
0.0180802740974300
0.1995050050476257
-0.3979380196351527
-0.2242209429857037
-0.0558042098737529
-0.0698309719009479
-0.2695856779405034
0.1845189985635927
0.5242475420530158
0.3019853036930784
-0.0368193698267907
0.3007622140696863
0.2387607050424840
-0.1726274415306811
-0.1091351350067670
0.1376899388361635
0.1806403997463904
0.0204337742190145
0.4397933796643439
0.1644571120463575
0.2313222565635701
-0.3427201085091432
-0.3976723362124814
-0.0362602653043220
-0.1162723221755970
0.0269751645325694
-0.2390423944915386
-0.6541863671548407
-0.1031340853252049
0.3059097287780869
0.1422041175295312
0.2536627822430214
-0.0520713621332135
-0.2420543750944698
0.1379158899579669
0.2684905298440766
-0.0828297632199699
-0.1989137639190688
-0.0916964232793200
0.1447821373480714
0.3565633711036005
-0.3086760152806809
0.0939591014130235
-0.2171753388883134
-0.1426755791387413
0.5292940093378673
-0.3743573353197065
0.2465101487578433
-0.1188268054600526
0.3609040538447872
-0.0041433477761825
-0.0953875348151796
-0.0785286409147265
0.0443000329558954
-0.2660714730110834
-0.3551268051069990
0.4743355427341239
-0.1189400799005976
0.6245089280027698
-0.0338280805471419
0.2220055427111296
-0.0474311715730428
0.1415797548609131
-0.2897723936772603
