-0.5979034149419508
-0.2821097505621681
-0.1857491093853964
0.2045432635517199
0.3461935251232375
0.3405223920331596
0.0108620571568653
-0.3509713533481243
-0.0139401387136789
0.1129193345988265
0.3384309112257904
0.2209988724265784
0.0797448758772637
0.1646208355399227
0.6670897722400828
0.1409912070335107
-0.3920106807508915
0.2305776115586634
0.1863425076122696
0.2291651562591219
-0.3136469343462166
-0.2456826037581720
-0.1792109711102103
0.2353140950992381
0.1338209066258376
0.0862830306281951
0.5873743491862117
-0.2363822995381467
-0.0357637260303805
-0.5229143102023404
0.2863027617739676
-0.3454481912084147
-0.1012449816900323
-0.0000837185678611
-0.1674061527346103
0.2995058991241355
0.0933552808931471
-0.1232649028604955
-0.3500562010858984
-0.3192260747079649
0.1454525173507087
-0.7065052475438921
0.1068052045606326
-0.3196933884766720
0.5338275985411957
0.4385991530096717
-0.2572171410260004
0.4449257406548644
0.0855151596416932
-0.2204881911238117
-0.1866710631304788
-0.1444298209219251
-0.2727761313660778
0.2404580204532310
-0.1211547947930342
-0.3972846796295866
0.4085999534756805
-0.0595283858850363
0.0945158742365184
-0.2642638092721822
0.3949251855962245
-0.2066177393319892
-0.5274082495153476
0.0178325401338367
-0.3383016437493302
-0.0362831299453605
-0.3089018617892285
0.3113927922074661
-0.7005183981527523
0.3979774375386137
0.1731106425131500
-0.2439575159119739
0.1787296268099577
0.0111749349409049
0.1785032242580389
0.0064229273262735
-0.0710332594375043
-0.2672419474470742
-0.2017318879179804
-0.1185467432379749
0.7023094889784293
0.1058612249093474
0.2286180187964647
-0.2865530402689160
0.3806695841560759
-0.2078734372462716
-0.0444384367302316
-0.2119271645212498
-0.0212278109225127
-0.2141722499260252
-0.1327950337472643
-0.0445107984529305
-0.4585460455148590
-0.2555169506654635
0.5149048034437412
0.0883438289750047
0.5457768463679421
-0.1206500736779511
-0.2704627742708442
0.2192192554922010
0.4665388022364297
-0.0288006629766618
0.2694871393783848
-0.4946430754499617
-0.2833506974874099
-0.0488120457638691
-0.2337610312330729
0.4401368495062762
-0.1370763401243693
0.2575559606062308
-0.1434648034746419
0.1767573819053163
0.6045809789810517
0.0316852494867823
0.1293894300910677
0.1185068285661739
-0.0039964452281860
-0.2665509938194470
0.2649196857948680
0.0638134751553246
0.6368257740351617
-0.0583028116103543
0.3467669995160865
-0.3571583597513031
-0.4334783260328156
-0.0144753680879012
-0.2292401192180959
-0.2735537568998164
0.0492776679771166
0.5434955411986193
-0.1725517205565566
-0.3251243801055264
0.5666754370676426
-0.2733896648137329
0.1822937295250948
0.0166920450091881
0.3350080173383022
-0.3017274474264853
-0.5472747238419624
-0.0930980762699175
0.0578719494213137
-0.1723632395661956
-0.1616244528219638
-0.4686416439957967
-0.0859554579094817
0.4668428343990007
-0.2457471767828262
0.0134599602854833
-0.0927098124750233
0.1061927277740698
-0.5805689762438981
-0.3601990555135203
0.0378849395527663
-0.0797535086080277
-0.4559506547958801
0.4476756044068688
-0.2031152793991985
-0.2693070403811375
0.1663955092336351
-0.2653044436222037
-0.0295661705817135
-0.1827856657200347
-0.2072182806913980
-0.1369980476899326
0.5327728433656768
-0.3557920659447766
-0.0140031144428203
-0.3226466184563974
0.0093193441650840
0.1860603069826074
-0.1221493845853193
-0.5295701520721641
-0.4207022395056036
-0.1916399994961878
0.2178766364286396
-0.4217324740063038
0.2950102893268509
-0.1913222539943286
-0.3670878227366445
0.0740900032686221
0.1032489699285371
-0.3426060990872657
-0.0645858744493196
-0.3233052609873507
0.5445620658433493
0.4480371798673363
-0.0458241437378937
0.1839631401444858
0.6142861998611971
0.0668149627213108
-0.0191959850712913
0.2674551314342283
-0.2334336581811766
0.2260393057933591
0.2432113375500002
0.3199101738801598
0.4353246679211567
0.2363433396787655
0.0824844120052279
-0.0828611750860971
0.3912012010619250
0.5931531442831555
-0.1121769220201744
-0.0115783654483561
-0.2677999842042401
-0.5936279254893845
0.0943876052413255
0.1168613440281892
-0.1485498420125446
-0.2115058024866697
-0.1496325112777468
0.5990019608361558
0.1437137392180434
0.3777409746335892
-0.1542045537859926
-0.0782277395006137
0.1426365562536946
0.4383584425697197
0.3091988768356081
-0.2696744237340309
-0.0620280704990702
-0.3639017760383227
0.1185618333276131
-0.5810598627579660
-0.1494816875352409
-0.2802999444381262
-0.0762035924260770
-0.0373153760104865
0.0762927395340563
0.3667943684566219
-0.5133902940775751
0.4574856580473642
-0.3556439631590473
-0.0902369019450958
-0.1320633382843768
0.0098856988697823
0.0787754806889785
-0.0160764714294248
-0.5913382271592831
-0.4018044036297701
0.3144307157678385
-0.1486092572152041
-0.4086284539769646
-0.2293179876358390
-0.5519573367163665
0.0406196004428952
-0.4395058225934945
0.1915335279855449
-0.2927677928823230
0.1471851456220812
0.3180552402573443
-0.0589297424952964
0.1796397371658270
0.0982874600588121
-0.3259495881529479
0.2199399604937163
0.2999624877863768
-0.0906625935596627
0.2268746716029289
-0.2697947494791614
0.0698992249289345
0.5147092869590187
-0.5558133474161088
0.1858071652312934
-0.0225700945301234
0.1887472802877274
-0.1610289220522257
0.2487945713122069
-0.1677456426268556
-0.3186540866355176
-0.5038439359076172
0.0898848768607072
-0.1947619893493435
-0.6671589682698764
-0.0372243299196208
0.4336955222987267
-0.5797219815470207
-0.3251686447561741
-0.4898433010693151
-0.1349381604908433
0.0983160589683133
-0.0850523499545314
0.0284388273756897
0.2353226331898462
-0.1583866731598827
0.1173431175873379
0.1614016288054840
0.1718378567966740
0.0024514571787923
-0.6044554019326963
0.0881132501011586
-0.0087897709730343
-0.2539334978188312
-0.2206840749799273
-0.4193096885480563
-0.3873883459242884
-0.3635019807001350
0.1456079058007987
0.2610871596728952
-0.0025305767706193
0.2050703653447229
0.1672083859616428
0.3019358777341920
0.4822455955656316
0.5654941452775520
-0.2331745773106783
0.1776572819979780
-0.3334227339658450
0.0631421767331410
0.0238549735317777
0.5517438608822717
0.0793131680648512
-0.4705595741481938
-0.3912770142682412
0.3419775033103618
-0.0701075775249890
-0.0093525349320056
0.4288877431761685
0.0656678995783242
-0.3995554472776685
0.4850181369202013
0.2244567651229639
-0.4773778200851801
0.3771473494583929
0.3361303676088474
0.0836452769975958
0.0682440463673894
0.1084486953293871
0.0801501998661988
-0.2044008937658264
0.4115493446788504
-0.0158859693675490
-0.3819392488364143
-0.0328977931879462
0.3913471786143523
-0.4373386951679895
0.2164456551657105
-0.0416875287558159
0.0418880205976945
-0.3957671847155414
0.3633515203098901
-0.1832147240216091
-0.0076941082309301
0.4359583230610493
0.3295113673094701
0.0637707353997222
0.4901162239957944
0.5123924323434739
-0.1660823830396305
0.2289279305700325
-0.2021393797955952
-0.2001435892361557
0.1433609681121554
-0.3163466330573350
0.1068606534583685
-0.3449477650776861
-0.2404569795129305
-0.1561745774775082
0.6051895695012995
0.0428890073435886
-0.4910735915059355
-0.1814737818685479
-0.1567620339066035
-0.0775829053103654
0.2801864905572792
-0.0809520110512159
-0.0165551536883143
0.6407634649015649
-0.3927795228187985
-0.2209832863566686
0.4062459477262733
-0.1577223104453965
-0.0230108794112336
-0.3232960561636549
0.0227477525750261
0.2778983226200531
-0.1406923809123868
0.2471536288008143
-0.2157793937123886
-0.5053924473441891
0.2771655812259083
0.4517986042149452
-0.4176130483017612
-0.0306690547858146
0.2882872525067523
0.4271634609982179
-0.0470345716343902
-0.3522652220508300
0.2123258852483526
-0.0695946084430584
0.1157035720119309
0.0828532948579448
-0.4907392785179654
0.2353394155147765
-0.4526107479206417
-0.3463877809164801
0.0365489163552758
0.2357483450146885
-0.0872967932793742
0.2741815765703021
0.0635993077505514
-0.0898147447204189
0.5487936393187647
-0.6563274538643614
-0.0608849936271348
0.2071716115101094
0.2638405254232697
-0.0794407315084147
-0.1715216055135031
-0.0465868190915679
-0.4646400480872195
0.6422174500411049
-0.0980050285233148
-0.2303493764098494
0.0481035661773259
0.3323839418079580
0.1611128145997112
0.3637985049108084
0.0868384228224656
-0.0235825412266772
0.2346295301980388
-0.3003621579741421
-0.3761341571730034
0.0799483096844009
-0.1979059227203060
0.2494713220030707
0.6643513422623707
0.3481734134282835
0.1864825641706837
0.0225715573569315
-0.4742077716436989
-0.4501022966493407
0.2720674795314548
0.0531118927416641
0.3184446780029528
0.5310677958551809
0.1752141814705953
-0.0274991298824626
-0.2715167076461777
0.0810327050417369
-0.3202295141555181
-0.1379308932483768
-0.4497972358444324
-0.4345219744609310
0.2140095342048532
0.0341495739442714
0.4175197468619205
-0.3835439543454962
0.0495635034658778
-0.1307598193933371
-0.3152008533924707
-0.1371096566536328
-0.4280168605500098
-0.1121330410815131
-0.0083233743616407
0.1043209942660177
-0.0100805349004873
-0.2415933218308099
0.3148683961182098
-0.2934605415364901
-0.3308899579125468
0.6490440901296287
0.2878717596501815
0.4583072198388844
0.2982170228062609
0.2321950956443226
0.1762122493791742
0.3854304847838541
-0.3156793344015018
0.0820923772828811
0.0190473715511922
-0.3178113249845057
-0.4205585933579567
-0.0622422172931529
-0.0614091223514079
0.1214400980326094
0.0200062422435147
0.1703700808153380
0.7971096583812469
-0.1096314550202037
0.4265864745479883
0.1282096852882854
0.1168581254504412
0.2978396983869883
0.2738002495603062
0.6024434847756024
0.2636239746229636
-0.1285686921844340
-0.2754162600536326
0.4416508702238231
0.1241764998243948
-0.1561325412376475
-0.2788534493792045
0.2450760571566049
0.1659501773143254
-0.2559916998801521
0.1288909226020974
-0.1415932576463996
0.2881123547034747
-0.4850285819506489
-0.0737706567699218
-0.2522531216977458
-0.2661180663924809
-0.3876606832285368
0.4223792993581965
0.3331180338798236
-0.4947891672632224
-0.1508830909853514
0.1099022546967359
0.3954389227436095
-0.2950005004800725
-0.2806448077724555
0.2762928581234884
-0.2108203382556294
0.0158949215116076
-0.4454613938014724
0.2805517097128697
0.0696477946842696
0.0479080063359852
-0.4899696117739330
0.3318023213803843
-0.1213571646085959
0.6081918294435643
0.0330216519943259
-0.1925948057047082
0.0248400801125940
0.4359323536157315
-0.1709646416416309
0.3094481469560494
-0.1496159379883754
-0.0744193788101799
0.4270992508125599
0.7658758021631165
0.2239135119635895
0.0799840983542848
-0.0123165679939118
0.1107296763082125
0.1958237490906538
0.0066888354277639
0.0820958099784928
0.0920395733335416
-0.1337771892171512
-0.3624003077027051
-0.3674513614814694
0.6490655651189599
0.1838833418895117
0.1353270458403570
0.1100859745945301
-0.2636786541554651
-0.3814186904818899
-0.2145059913182949
0.5990413769527178
-0.3649301967352271
-0.0225435634475466
-0.1751205877657048
0.2381539154935895
-0.3665041569448642
0.3855403165047698
-0.2468749608344739
0.1039370402906259
-0.1391152492749333
0.3715873214386888
0.0322597661332380
-0.1071525657301141
-0.0426989532553151
-0.5458291274414315
0.2350481128081714
-0.6613483299847073
-0.1712073437588787
0.0226130912975535
0.0308228030440627
-0.1620039510912909
-0.4510805325420392
0.0507752533221414
0.2323640801366361
-0.0090717885479080
-0.0550275425898985
-0.1709710803316272
0.0206008356010175
0.0681402932095113
0.0311572441537061
-0.4000739222958185
-0.7358779191025236
-0.1709992448531632
0.0813713583483297
-0.0901988844197927
0.3148211137479190
-0.3945704392356793
-0.4688377867913323
-0.3161477085411533
0.3054796829099228
0.2334247134830029
0.3415632330712821
-0.3420165737340966
-0.0337885365678603
-0.6529842353512051
0.0569199138353305
0.0906407729444143
0.0108727153877474
0.0825661935613662
-0.5273644068229671
0.0349469341346065
0.0188487355876027
0.5070309794573491
0.1315625701232219
-0.3197904188970579
-0.3854667032855446
-0.0476911369994698
0.3823888007256607
-0.0079013978115701
-0.1761136888182108
0.3971152001669360
-0.1741898267291996
-0.1381668769151732
0.3764672567796709
-0.4698033061306563
