-0.6790298127102160
-0.6284417454901206
0.1175513133978331
-0.3010083001133364
0.0213656819878993
0.1977338756778307
-0.3458489616769089
0.6916636992149415
0.5224586036243208
0.2195053674765401
0.2789561375184468
-0.0550245162087823
-0.1011463651274936
0.0497199809575754
0.0865779111224139
0.8832412201565855
-0.3939863360293469
-0.2108585204805113
-0.3281510569116087
-0.5095297719003045
0.6073658879092277
-0.2678468427657907
0.0659298803007164
-0.4332600758241917
0.2706202298211447
-0.3147823806369463
-0.7644131536470189
0.3240139926711781
0.1162534051421972
0.3533402792346674
-0.0365314520099396
0.6180541028928365
-0.3787075131060622
-0.5742285911026869
0.0883071482840055
0.3684000151337785
0.1741994773361872
-0.3520223810394539
-0.2462658153505090
0.3893553201978188
0.7749490774958231
0.1815056347744845
0.1558185756989847
-0.5312514193195803
0.0571841116886037
-0.6303934515165003
-0.2523966463492431
0.4786674289161793
0.3848181015008037
-0.0853970664222085
0.3042523673851191
-0.2682752202270606
-0.7709422495868803
0.2927956979847745
0.2510078499806410
0.2067022949406282
0.8645571376816702
0.0864023750797352
-0.3515908095159371
0.1254141476969809
-0.1222123139516026
0.4645535871521171
0.5151550339906851
-0.4198641971684700
0.3908240295221440
0.4181387805751841
0.8063712046602891
-0.2027660561147865
-0.0651660034834857
-0.5063617881690038
-0.2133352929378386
0.0499058217222732
-0.6065492399955932
0.5597977450815538
0.1523105314922615
-0.5261438414158544
-0.1203607278704260
0.0648996100573073
0.5232619093073468
0.2180224604093495
0.2007621316362670
0.4900476567077259
-0.6173392847610125
0.1307793912356768
0.2053646335148058
-0.0972731449794549
-0.4662331421975603
-0.2278603354080636
-0.5829761487137232
0.5824160345168777
0.0923375780213600
-0.3938818748085033
0.3020422707289375
-0.5709297483086969
-0.5404984893717575
-0.3563732769981653
-0.3716203451817519
-0.7259573881820894
-0.0480987547552118
-0.0452551311451574
-0.4014598746109425
-0.4115247763673940
-0.4059013938673324
0.0794737681182382
-0.0020675929682889
0.6541170022895842
-0.0782813580720908
0.6284319215245515
0.5874020483400743
0.2379248999927399
0.2847636262299404
-0.2630199469287844
-0.5076838997033154
-0.4362772263656655
-0.5669613147271630
0.0337555940430039
-0.0449273827643302
-0.4696247709143077
0.2881094285881743
0.6097888892509259
-0.3045684507001419
-0.1522914562799586
0.5353632412830119
-0.7522684722094262
-0.0141796340427200
0.1769820746948767
-0.0232654210622933
-0.0783515221264124
0.9100736541737706
-0.0208596777262166
0.4034356551130134
0.0434769958801308
-0.4267375867327728
0.6760814942216993
-0.0148254620697844
0.0671326066060918
0.1305666194001417
0.5822667961884410
-0.1571793656568973
-0.1269719759014747
0.2680958465330781
0.8321714936698625
0.4299065874117861
0.0998414375011966
-0.2377787985580291
-0.3974633362380656
0.0872713086059499
0.0517520071537400
-0.3839168570942533
0.7923366926953729
0.5031965365739233
0.1249017000986697
0.5476291145331683
0.6388626933949512
0.1214684701520792
-0.0916244157151922
-0.5649761858594047
0.6153842205851850
0.1270013975639333
0.2456026355944002
-0.4443621777436933
-0.1679178842866306
0.1476781915062194
-0.1598795365213186
0.6409381340642980
-0.2332917231560439
-0.0029400581322267
0.6981363203719025
-0.3955062552224506
-0.3186818995006766
-0.4345851314825984
0.7052083807224353
0.1641670648278717
-0.1699491897287229
-0.4016883710662971
-0.5624544628334550
-0.6094087540625105
0.1516689300512745
-0.2849301535528475
0.2161567568091860
0.3754699485874332
0.3283150968964361
0.0860521420040216
0.3776396033496141
0.7536169020453410
-0.1824183067778091
0.2538255072392240
-0.1124593762089174
-0.2231413350282324
-0.2686512184495417
0.8380363600302899
-0.3140939784077827
0.0542103797947830
-0.2822172856454431
0.5295411239102379
0.6273571292759235
-0.3186922646223373
0.3766418846993313
-0.0412202461664545
-0.8344367424987246
-0.3675189334282207
0.1341475825270973
0.3087978026058316
-0.2315046238281701
0.6373453953921561
0.4518604984208611
-0.1660534517557819
-0.5159638308261769
0.3018905452600466
-0.0684296139184312
-0.6552126564805737
0.4389179525151409
-0.4965346911869860
-0.1809794634312417
0.3133042196563565
0.0242405849164632
-0.5648645322724034
0.4958876713732792
0.0468399933054125
-0.1160122213357437
0.1792741236677124
-0.6222792344853995
0.4849929804075466
0.1228744060486573
-0.0905628046715098
-0.4531779907755139
0.0547197596387861
0.7301489740356871
0.1952103003135718
0.3325499208568254
0.0678672756499960
0.2108529100348254
-0.3698007302867022
0.8157732478420209
0.4487541458361060
0.3644778097788338
-0.5145865392801763
-0.2536967765364781
-0.2524632251734881
-0.5223759200761302
0.8432217814387744
0.2478108359740919
0.3652086926048074
0.0034730281347168
-0.0263617429094534
0.3057489563568131
-0.7769448715390505
-0.0889774621437273
0.3306644974422900
-0.1480398611909596
-0.4330382902415178
-0.2639369368507031
0.0302476190853683
0.7026248883409897
0.0536803779270585
0.6518050296310687
-0.1576384681970898
0.2298305496255955
-0.5769719888826824
-0.5263746175792512
0.1944241526474038
0.2836751793785129
0.4720739275295429
-0.2211491226114147
0.2291969700209209
0.4370367627160108
-0.6762661528606002
0.1142724149522449
0.5023639259023046
-0.1835865152892979
0.3727219589717197
-0.0298594346282079
-0.7567071148254559
-0.4740729459237895
0.1233008656120369
0.2182494818297725
-0.7466424742712916
0.0608476528859317
0.4905137521263590
-0.2072561015950441
0.3932157135658645
-0.0253997772382009
0.0508672561792914
0.3142770646437408
0.5718773229719049
0.4268040285297988
0.2369486661125360
0.5773148423662922
-0.2316048520764551
0.1064559659422343
0.3000406634742736
0.1498751496983676
0.8604597315750482
0.2866154390687194
-0.4269831350387728
-0.0113476930018308
0.0481915753186644
-0.7417202859661209
-0.0779740391949351
-0.5089256045064598
-0.1233064509919022
0.6292709784691355
-0.0096670974828296
-0.2507218945722277
0.7112605679073549
-0.1413047704387773
-0.0726382661893736
-0.6674071822440989
-0.1054823573361926
0.5686130338250438
0.0934885942582693
0.4539866828142494
0.3841303807980445
-0.4326038844013931
0.4684625584626220
0.3413000660405721
0.4087186252087406
0.4028695960178780
0.1121621953596230
0.5133085293111695
-0.3390880405986280
0.3826308926607142
-0.6092075522848690
-0.3023459187954105
-0.3155847409171405
0.0936600572489644
-0.7039175515337669
-0.0592550950623667
0.0104271555576733
0.6265095799388982
-0.0044995237901548
-0.1544129572962074
0.4289693088758908
0.2337694574210568
-0.7365216865582810
-0.4415986537045286
0.0499304748200616
-0.1221937348556230
-0.0244513250214686
0.1535450064205660
0.3586332469632353
0.9109247481141824
0.8519315288782511
-0.1200221919384241
0.1652785704389035
-0.0183742845043298
0.3036114071228723
-0.3741294386077600
0.1734434249301293
-0.2168613595313179
-0.1498503675967340
0.5381456261189822
0.4287682985350075
-0.6534450456482643
0.2194973462406746
-0.5928537937934039
0.3633496697712311
0.0611148858231349
0.5817881160452115
-0.3551195156768995
-0.4350803393823653
0.4174394224051792
-0.5894448335066063
0.5164826533783921
-0.1354357161536429
0.0625064053237036
-0.5110141440586177
0.2833053020017942
0.6533737796486166
-0.0075002769449337
-0.2235689305926598
0.4262229857912351
-0.1085737462367188
0.9352791478798722
-0.3026581996181186
0.0369562578052765
0.0152897215593340
-0.1423486241479413
-0.5113069570353527
-0.0624491505119635
-0.3314322342099835
0.2575928763033487
-0.7024455377195821
-0.2550179406037466
-0.1588030735922925
-0.5848704447680623
-0.4475985671838575
-0.3487448116356095
0.3050063109018804
0.4665960522514916
-0.0681116637510297
0.0325151708944892
0.4417779050204483
-0.5921467262394965
0.5667639917142850
-0.3567585736299122
