0.1638548158931417
-0.0674526059747563
-0.0603119217047352
-0.3721826889033757
0.0522997172498049
0.0926878045841427
0.3893953607555664
0.3321404701839852
0.1547391300469947
0.6172667235359792
0.1651667214624468
-0.3477491664268121
0.0340264385577525
-0.2826108187897298
0.2344514899410314
0.2497570487768852
0.3698518659786904
0.5461802975587225
0.3180926736484239
0.0165356259386982
0.0068237246908258
-0.3223566609478042
0.3990086582480966
-0.0435804593425098
0.2500362126036630
0.4736395591208808
-0.0149209076186250
0.0285054422857551
-0.2982659065304033
-0.0504276808824948
0.5657186166911977
-0.2986291738929128
0.3004269143631308
-0.3075999242646567
-0.0583007040598098
-0.1520421374314499
-0.0051450330601576
-0.0858220660391871
-0.1782096532337106
-0.1456355669851106
0.0085054680258171
-0.4839221986221238
0.0054969934709379
-0.0667281266523263
-0.4111951417693550
-0.2846259849916990
0.5189973705214296
-0.4259719932743133
-0.2851614625118231
0.1372115876387394
0.0058836633833818
-0.5909599597728153
-0.3154238479636095
0.4205948333790889
-0.2537636527321300
-0.2278464796022011
0.1176825971728812
-0.0865235085671169
0.3554597052825543
0.1009865745046155
0.3627515530639585
0.0852947065050804
0.2788155075535456
-0.4320118698425288
-0.0060690017674638
0.1013869485179330
-0.0393993128627632
0.4803780615311595
-0.2985015985754772
-0.4098630996010197
-0.3115132108378762
0.0008953182682946
-0.1833925636103269
0.4281552125790399
-0.6438615091560578
0.1603291091178052
0.1924894202951274
0.3436265489631614
-0.1114864208699039
0.2852728045488240
-0.0912031185313834
-0.1155473242845552
-0.0941511347766105
-0.2516195720930547
-0.4320596250737869
-0.4321546917242367
-0.0537497764174659
0.0746230587334186
-0.5260783445444432
0.1563933087440595
0.2933991840595935
0.0613474904645773
-0.2251531445112269
-0.0798591884358569
-0.3342779525322990
-0.2413132777540095
