0.4143005774609855
0.1559236883083107
-0.8180600585784487
0.1950337702823328
0.2939405628341037
0.0096153838540864
-0.1014341848787636
-0.7299748748032857
0.2793135349880652
0.1148349716771361
-0.0454901521686609
-0.1624593394191417
-0.3217014810040950
0.4939426351503278
0.7508840804077435
0.1143861802507209
-0.0812123112454821
0.2489086947875706
0.3096605908483346
0.3245557945026765
0.3915504775241360
0.3580027812302183
0.3918199015180348
0.6579587315497518
-0.4278205632380523
-0.3099337556752952
-0.0572147770163909
-0.0551233438564323
-0.4122087376458689
-0.2864277091428530
-0.3156320820277607
0.2262232689131618
-0.5865333901606034
0.3073692229872931
-0.3984285236118745
0.2972505488146901
-0.0279084691089460
0.7085065227320065
0.0103577506208893
0.0281755643380518
0.3868409962431747
0.5082663022761369
-0.2451848919635160
0.1753568042234228
0.0911887426595291
0.1069815858190159
0.0123753330984311
0.7452333533565194
-0.5777958234955579
-0.6482114047814822
-0.5566202268680125
0.2057451082708519
0.3939604444397438
0.0249606804992851
-0.1951566136273475
0.1837141175266447
-0.1417694144496504
-0.8028671355652266
-0.1859443196994569
-0.2662844006390239
0.3560364473307562
-0.0558254808039835
0.3161402972871556
0.3240357326395910
0.5418010237665044
-0.4622857284096741
0.2476084999450184
-0.3857339369418769
0.2257940122437111
0.3558944009228205
0.0718996602237317
-0.3825217343826650
-0.3714325529465364
-0.1138304773578282
0.6816061771462720
-0.1234177862336963
-0.4666573817458755
-0.2716920980903151
-0.1605592949691838
0.6847755013468514
0.3945157533377256
0.3653374816418756
0.3564928656454361
-0.1236337777846070
0.2104725296360285
-0.2660195553060506
-0.6370572831463207
0.0309593735298454
-0.0202041198225369
0.0904991436493046
0.6852270749066980
0.6150117976790854
0.1297802826910175
0.2206501440878026
0.1268312890824966
-0.5251328977623100
0.5114823704574285
-0.0525940050090575
-0.0854541035254805
-0.3017213572512462
-0.2646372691718802
0.7238895747031232
-0.3328183344498639
-0.4155938371962318
-0.1553271930765317
-0.0254693733321489
0.3856887033971253
0.0216246665890269
0.1306802234130745
0.1721958538838418
0.1114302573599857
0.8893719546665705
-0.3211949416883521
0.3845277208674827
-0.3179237154958789
0.1683215234752114
-0.7146114794249540
-0.3273058169336152
-0.0420232418317795
0.2310060169525546
0.0398747387047847
-0.4323695894546872
-0.2131786966087533
0.2282663849625653
0.8127381464160370
-0.0029613558154837
0.2490027163880758
-0.4134404135434080
0.4913232492084611
-0.6357167419310481
0.0661550755468290
-0.1924790781842917
0.2830294524196159
-0.3243467470951071
-0.5355986276724478
0.0040428243267515
-0.6394049735398500
-0.3648509127075300
0.2565914848265089
-0.0110839739800212
-0.3112496929196011
0.2806736962331166
0.4418340759801764
-0.5810624149728170
0.2208924325574922
-0.4924453603442216
-0.0141111453567491
0.3264219198709379
-0.0391166550717846
-0.1172509235884712
0.2278088103053849
0.2068898632973877
-0.7663603713040165
-0.4429021902725477
-0.4212204637585314
-0.4682631668489410
-0.5028332177678180
-0.0824536690607412
-0.4097711342770775
-0.3485429236054859
0.2329560537293461
-0.4444933976902166
0.6295020937816173
-0.0100844281397740
0.1791378236054914
0.1470113038602578
-0.5184223590546255
-0.2891134932286843
0.2177158333654215
-0.0115752272449985
0.2623422396988283
0.7316193866517101
-0.1453735071959108
0.1899850641364588
-0.5395810144658824
0.5676156131182636
-0.5985087096287405
-0.2157696426149380
0.3885175699719148
0.1806323347164153
-0.2630095858203602
0.1424616327765397
-0.2147830955174692
0.0396455456245853
-0.3190783806263461
-0.6875089621291715
0.1776895324209782
0.2703704041818107
-0.5226309799577320
-0.1621586774112966
0.5375119830572745
0.7099195655646401
0.2494667047011044
0.1489470647277995
-0.1912739979181115
0.2445302327188503
0.8289360709130376
0.2191843176467670
0.1178505874075400
0.1314202035872496
-0.2456906683131310
-0.4062340067732785
0.0909572515995044
-0.1887655780455953
0.3261658769359638
-0.5815241178310360
0.3486866666451532
0.0948306575965200
-0.4691800037182889
0.4112273782752692
0.3435885901199411
-0.2668568952975617
-0.1900907956226484
0.1898446727221579
-0.7874492881173686
-0.1143867514310412
0.3246506700603053
-0.0433209453094985
0.0460792052104259
-0.4054085714145920
-0.1053793843502432
0.8028905458740319
0.1558122333691986
0.3893949118835685
0.4493418900000006
0.0098725840994098
0.3111522848073246
-0.4818466024478968
0.3860690601739306
-0.2538523761966494
-0.5054821037571561
0.0070004170143721
0.2493506773164407
-0.3080115571018138
-0.4298336542786472
-0.6731991035229562
0.4399113392641634
-0.1069024079585494
-0.0841949064940683
-0.4477639307835006
0.3997443827081853
0.4461550284249388
-0.4882000383507475
0.4191973583843824
0.1396534868595909
0.5820865577947945
-0.2727384448804969
-0.0055417712709406
-0.5251905758917448
-0.4977049220241054
-0.0598854309056818
-0.2442062109011026
-0.4530305462750823
-0.1284356013994968
0.4236937578039866
-0.2338360144701497
0.5210076122797922
0.0806619027092005
0.5158649666020597
-0.4243759703288156
0.2531958689699631
-0.7830050017060757
-0.2064908608808639
-0.0215830659141532
0.2573684230758997
0.1826396602305749
-0.1185202707578113
-0.7618067576200239
-0.0101858244425915
0.2083037170315895
0.1707396085252197
0.4557771247803329
-0.3538706239896683
0.5060768774248672
0.1435111687728435
0.0067331291096601
-0.4571620279535774
-0.3269817726564890
0.0991802781777416
0.6304716302214712
0.1817021618199877
0.4212660265141906
-0.2014463393681883
0.0957920872401747
0.3060764804449933
0.0120370451074370
-0.8037006938753400
0.1212662683947494
0.0014780200481747
-0.1543437307318396
0.5329470342939869
0.6435695326045837
0.4546768231442091
-0.2377499153017275
0.6407234144566005
-0.2377697527025692
-0.3465349164909439
-0.5066860471214391
0.3488245255112010
-0.0918308837663681
0.1612773739880252
0.0030610718215062
-0.4017639850612734
-0.2077031065830786
-0.5849474511506387
0.0279416578814526
-0.6354029423950250
-0.2208044238815845
0.0735928196437283
-0.8506345756798553
0.2186980527179411
-0.0125200689019452
-0.3610023264996016
-0.2922609414903766
-0.0853240148372257
0.0171758263732069
0.4388528703653682
-0.0675007468231143
-0.4766607531285368
-0.3507052222676179
-0.3651629083297135
-0.5648125549420255
