0.2129271681697585
0.4620333707506355
0.2046850327842484
-0.2555959871257799
0.2877460808445630
-0.5441566805561568
-0.1033647041501233
-0.0511336574110988
-0.3372332027694720
0.0888001964205925
-0.2170314605220268
-0.2702671609295658
-0.2012415452229685
0.1228247253463142
0.3624394409606288
-0.0549052739674331
0.2547017374780233
-0.1528138117638664
0.2907756297844164
0.0136389917177203
-0.0532474073387538
-0.5596660939140717
0.3288739580209619
0.4613653231498323
0.1070701714995691
-0.2129279233805419
0.2207923293547276
-0.2017491906303757
0.0924081971747192
0.3394958265084359
-0.3493132398157017
-0.1750630725222013
0.0002591821430040
-0.5505434696611817
-0.5118913380884546
-0.1102327448305506
-0.5123579826677908
-0.2066142262513710
0.2237661506330781
0.3630818645780057
0.2987425189561628
-0.2395198333047688
0.0823692023507724
0.2254662267611851
0.3057723684469126
0.0026829058346584
-0.2209505358279136
-0.4078486262035368
-0.2252379247745023
-0.0369350434786197
0.1961325273903671
0.4474565584144884
-0.2852747771289122
0.0753171545821897
0.1806902111874627
-0.2995644554559330
-0.6653807222806503
0.0634804730565602
-0.2250219839321439
0.0487850685249746
0.2534410810004863
-0.4585314685449703
-0.4242501965194644
0.0792138578694228
0.0974141827824202
-0.5096742385658263
0.2611097648648211
-0.2757598941427292
0.0474358303993546
-0.1544938520150011
-0.2500825798712411
0.1926511360687466
-0.1223477960408866
0.1253702216049080
-0.4552465310790876
0.2485210156222403
-0.1431499339098262
-0.1842271284085545
-0.4244930627389509
0.4590303345041853
-0.2763760663612845
-0.4175461853884161
0.0640527683443087
-0.0116264449565832
0.2889887005748387
-0.1619965223416374
-0.0943669475948297
-0.0877947962025840
0.1336530953560583
0.2577657868720004
0.5444911285853609
0.3308879241678765
-0.3071171772534875
-0.1933567318217758
0.1434135731740614
-0.4807188503968607
-0.3845596072968112
0.5003919020537962
-0.4425499370681428
-0.1624399746116873
-0.0817995876696855
0.1305698387072857
0.3207975035153832
-0.3317821419717682
0.1769501135810271
-0.2116223871954712
-0.1819127787042344
-0.1832128292812639
-0.0962499937698950
-0.2180654429817891
0.2054098487910745
-0.2621118866205329
-0.6172439190217409
-0.3386774269805902
-0.0480312712263054
-0.1905840238010997
0.0706681386382211
-0.2031366924954874
0.3251744711939648
-0.3820587488280947
0.2787743733417438
0.2522693911375328
0.2244327918709751
0.1127047885485269
-0.4821084873386224
-0.0924601856901471
0.2930625240685079
0.4091537338176934
0.2768946040730228
-0.0802362167947560
-0.4335251855349988
0.1739255486656458
