0.4166945135641655
0.3491414354593576
-0.1483110312933084
-0.0481472376212770
0.0110032232409795
0.2814894668876742
-0.1224188285498762
-0.0319946893557570
-0.1614942312276739
-0.4557469554116814
0.0631743029321948
-0.4564700320992142
0.0434323337871503
0.1146242185045634
0.3515928972088655
0.1809668535644904
-0.1360620385719302
0.2826814054459653
0.0928949262605340
0.1243801567567500
-0.1951389546914002
-0.1597536053296529
-0.0599271184819377
0.3135858908340030
-0.7456398140292001
-0.1343273196790860
0.1290558932034955
0.2061102937586035
-0.1705772624546919
-0.1301753242528564
0.0374279353673529
0.1772634721946111
-0.0160217691142954
0.1806415157775906
0.1040784905818276
0.1104583682986204
0.0279697340172024
-0.4262806147509157
-0.4697113978383906
0.1454412629715669
-0.2772766646874216
0.1677566767045038
0.2197256494668919
-0.4492062168099651
0.3631607207032794
-0.0286636095551168
0.0644392731414408
0.3690480900819452
-0.3837190063626321
0.6467859811730243
-0.1340679542748690
-0.1036584567877344
0.1305010815221997
-0.1368769257233765
-0.0627187252200690
0.0775775171140101
-0.3781399380101421
-0.1982199283456588
-0.1554126128553926
-0.1112926043510474
-0.0516403079996223
-0.2259811721836326
-0.1408312282154641
-0.2665438283259226
-0.3085934991147304
0.3966812138585774
0.0595068242438115
-0.1177453815842229
0.1755254267404282
0.1029211590644197
0.1778553543042168
-0.4725158895701757
0.4604320466054946
-0.1803979318884040
-0.2110662319539330
-0.6226807919114106
0.0440986290193160
0.3707987386287774
-0.1838174413948390
0.0905568903690516
0.4035737051702635
0.0413344890718844
-0.1060804111227532
0.3319068839959594
0.0465127616447658
-0.0420008652504806
-0.0336432978684030
-0.0424954796003085
0.2442828298530241
0.2798356283680505
0.0253475122804977
-0.3696377341144259
0.1609326304389498
-0.1021406919997623
-0.0770712733128365
0.1803592516503108
-0.3642249592636417
0.3472533433445691
-0.2799718561991230
-0.2087682806094257
0.1249916778125990
0.3197060441648086
0.2200417865862535
0.3762354257455866
0.3238896069914841
-0.2140659549363117
-0.1479741014580500
-0.1804570084951827
0.1808120555288525
0.3377592104835704
0.1793511213742566
0.4209099045050876
-0.4565168896166709
-0.0174406151537418
-0.2410140097676727
0.3949767482062169
0.2260734762493059
0.1911529218115198
0.0662926167202160
-0.1695843355912001
-0.0895296913089869
0.1968794984204751
0.0203615254061559
-0.1258108691199908
-0.2152328644595837
0.0311514928958378
0.7723474378788781
0.1605803784458805
-0.1814910708491015
-0.2773200685342448
-0.2306633844407485
-0.0179951176150785
-0.1479499679464960
0.2864924723833736
-0.0059771765976760
-0.4659719326771453
0.1989118326379463
-0.4003214468963452
0.3689613389737915
0.1009735852067274
-0.0964871206858823
-0.2130045567848353
0.2515651802942629
0.2032412282651475
-0.2183267589336023
-0.2505631021903070
-0.1636269814838845
0.0766765578402152
-0.2219976937037981
0.2916532212438565
-0.1628795585740865
-0.5177561397865164
0.2714348198978092
-0.0728191035602592
-0.2314126347710851
0.2833097569451626
0.0117227567465339
-0.0258734533098641
-0.2740294102315877
-0.2213292881278099
-0.2504651563923666
-0.0902125092766959
-0.3979678941989406
-0.3689806773747019
-0.0481789720847525
-0.2866601237403719
0.0735401058751278
-0.3652819602786140
-0.4594116243898310
-0.3364773766395444
-0.2658829858392877
-0.2193232282014086
-0.1919971970742658
-0.0609431457450507
-0.2604565294346750
-0.3043915414178532
0.0771741713226333
-0.0238565922084239
0.0091887690707440
-0.3581007979327455
-0.0043064338052897
0.2953372504778666
0.4553409936584768
0.3632553867165332
-0.4362151490877386
0.0158976226306883
-0.2463241594408793
-0.2420214425662479
0.0965122037360143
-0.1168452032809209
0.3266249337677711
-0.0900276142801706
-0.3470765650952305
0.0169148315499662
-0.0719487767953642
0.3280704777443460
-0.0326453854529132
-0.0504071491734061
-0.0464767567343536
0.1596458023611525
0.0926714495167434
-0.1805436996115260
-0.4770743803980280
0.2987499569182260
0.1115539862983250
-0.5955247360789084
0.0173777524214835
-0.0658266476866348
0.3574034108849178
0.0601201075485128
0.1808413914661399
0.2084392637364061
0.1702722122909456
-0.3645456088465071
-0.1697231911678512
0.0377127553468106
0.3243305949503101
0.1335759470922151
0.4186112099403053
0.0903820675123969
0.0314642305643642
0.3594393822150849
0.1858661440020168
-0.4368409213747372
0.2640740628650635
-0.2298904263930975
0.1892214496630578
0.5303483154639621
0.0044453303843133
-0.1438120035275304
-0.2428286425642124
-0.0302016051090809
-0.0173349971231774
-0.2922626175841679
0.0403810045546405
-0.1623077514391080
-0.1499319660803341
0.5800973945951754
0.1817636280697336
-0.2092218668705760
-0.1154179767957440
-0.0179233517790191
-0.0306475793616065
-0.3761334292382058
-0.0449303799575817
-0.3962318535367260
-0.0632744118630447
-0.3928845939809616
-0.0937369652786905
-0.0400161649885741
0.4547077738413822
0.0264254183759031
-0.1235800079396535
0.0296525530361673
0.5408925683401254
0.0453653171941981
-0.5156631927581864
0.0357451606461116
0.2229483971413513
-0.1651589935224088
-0.4905414691359178
0.2822324728152394
-0.0373172787454251
0.1737223227346776
0.0393176518891790
-0.2004099653014285
-0.4364899397783565
0.0966681630461754
0.0682332505728747
0.2359663665193737
