0.0048946006601990
-0.2457631328804067
-0.3360980725648228
0.4066596720648378
0.2541207870810668
0.0819964213666848
-0.1191989363028484
0.3005803377232138
-0.1337178621322002
-0.0520576537292723
0.2531085419674001
0.6330327075029164
0.3589279671553488
-0.2014823930039430
-0.5808226800155042
-0.1373846690623571
-0.3248500812395029
-0.2405420942557936
0.1986316235906817
-0.0078095254837301
-0.2331153068922210
0.1619252103032986
-0.0373953350875270
-0.4352947400268134
-0.0925012229411389
-0.2775804679053919
-0.0308883285706817
0.3190507851252505
-0.0350871001117366
-0.0236138397262768
0.1637921556572250
-0.8334065463408670
-0.1924274876035365
0.0287934661621520
-0.0477350948859476
-0.2198317869157148
-0.2948536373643608
0.2011884141335341
-0.5005727805008078
0.4589921525175951
0.1844185614344288
-0.4592141364286241
-0.0346162872669042
-0.0720560324677492
0.1540181497634275
0.2192803781124529
0.2271812601639088
-0.1914227316503286
0.1318389331219426
0.5904976599772590
0.2592994261924582
0.0784326883764263
0.1382956341203743
-0.5143376790969243
-0.2981813006378174
0.0373414471326796
-0.0804317790740028
-0.3937649038866987
0.0715412977590612
-0.1411718812738802
0.0827134320382499
-0.1232055061001203
0.3556074619228818
-0.1364411848131437
-0.5829022998293012
-0.5450712903406695
-0.1597698891155625
0.2554716454059844
-0.2154194995996311
0.1829111075167165
-0.1328302541712153
0.0879211878918325
-0.1937846906990073
0.3854464090150092
-0.1096323704204553
-0.0733258473189837
0.1592315756423507
-0.2485755921265730
0.6218800317021815
0.0766233369385012
0.1027250379561664
-0.2893214751588987
0.2353402782415049
0.4087637430704246
-0.4271205492510929
-0.2467999136152128
-0.1585297597437007
-0.2068886318180391
-0.0262025370385057
-0.3786264783189414
0.3296673021583330
0.3656848851200662
0.3404592704891848
0.0439017488083928
-0.3897510728111742
-0.1803522188109163
-0.0749883445759609
-0.1127624922609859
-0.4984790228952798
0.1014775061360182
0.0974330665385576
0.0018315241238733
-0.4123561162656336
0.3261385369762784
0.0101419677693747
-0.5606620625546634
-0.1760276705026033
-0.3025745039809944
0.0045812429216776
-0.0862064835864181
-0.0460457551557860
-0.3068471253991473
-0.0721684431933397
-0.0965253961235759
0.0122173843230463
0.2656646291839717
-0.6444577745303618
-0.3920304602200143
0.4918823713865486
0.0075971260786985
0.3510744493259940
0.3450992687084106
-0.2281247234001842
0.3355254539320559
-0.1099509477992266
-0.3238623637948445
0.1198628645876596
-0.2141473989796134
-0.2736082184333802
0.1536732461776367
-0.3709376861002464
0.4239823804694670
-0.2017395957427423
0.1368892008792155
-0.0595596313069823
0.2742625030590840
-0.1312795681406330
0.0184613182554315
0.4402400052462421
0.5345400192792649
-0.4312078017941507
0.4181486854230406
0.0515023263200344
-0.0351395951570847
-0.6000333212384031
-0.1243912188622517
0.0631301933469630
0.0936387562820388
-0.2795721067959906
0.0640693236013877
-0.3552358410529473
-0.1485159902112437
-0.2742047113681964
0.3294382922193649
0.4161599373427429
0.1559209776628865
-0.4019436809731546
-0.0214779037817358
0.3607696126179307
0.6092432854730461
-0.3013931525683696
-0.0624773591227524
-0.0476588700297491
0.1250209728101278
0.0874535932128230
-0.1875472681362164
-0.1280308075631787
-0.4059446044757609
-0.2581452918104775
0.0818123968859042
0.0987786087853797
-0.1997724762304350
-0.6735276664969422
0.1381698090111772
0.0748086862064684
-0.0323805167651085
0.5602613270935159
-0.0973418823371059
0.0912385285311447
0.2567753247103198
0.2338316630503296
-0.5021298955711330
0.4969129060709586
0.2596847282325020
0.2541047606320334
-0.0434784952604770
0.1328887376330224
0.4404900069495596
0.1957482398616796
0.2440821794952584
-0.0499432660370964
0.0170716640991298
0.0880429837144224
0.3808715286028289
-0.2343480010569565
-0.1382300331109220
-0.1466218039888724
0.3754273839023878
-0.1106841184226263
0.0577170739410748
0.2202307360332617
0.5923849747985332
0.3399596465325419
-0.2830879344828583
0.1724581936993949
-0.0115363158977824
-0.2358750387498526
0.3588797695348441
-0.4207209050265761
0.3998694425603297
0.4013144492709412
0.0062956588484730
-0.1685198657421167
-0.5036631640314542
-0.0159040045584261
0.0732824884132983
-0.0007332433421375
0.5793980485585490
0.0707757032176496
0.1316480514834926
0.0598180948557951
0.4869666845352966
-0.1579736785516089
0.1738283729343857
-0.2223533453376326
-0.0280162828222427
-0.5127206675052282
-0.1815538658656308
-0.5785447071763720
0.0054792701975013
0.1357230943127982
-0.3849526333103221
0.3244061717762604
0.1773047756492598
0.3007098141003430
-0.1701131507282440
-0.4438038746073176
0.0303002203188178
-0.2111110445598199
-0.0125551371727300
-0.2844561909397009
-0.0934588803904959
-0.1854548553896479
-0.2497558428597256
-0.0964580764930029
0.0519079117198451
-0.4573831436301129
0.0304294286074493
-0.0113647885261469
0.0641895298230487
-0.5740381361684473
0.5076273344954800
