0.2253239921526299
0.0108607091771830
-0.1568370704221327
0.3012419082712873
-0.1262661381858571
0.4987826749738526
0.0490547660049920
-0.6228504129604796
0.2247229350416884
-0.2004334341431334
-0.2211223102025325
0.1977909324875502
-0.0830014515618221
0.3778358406522705
0.1986915862857788
-0.1264545228589990
-0.4993056383247141
0.3975336749465966
-0.0166443371120588
-0.0742100468770838
-0.3816140708908824
0.1791008265483710
0.0569383655409648
-0.4481183469882408
-0.4498580449763912
-0.2015393952906711
-0.0473525365431636
0.5731997409824687
-0.0689652711034274
0.2444811134993918
0.4080735468095339
0.2992732403215399
0.1160399836134465
-0.0863652817977805
0.2543329898806730
-0.1413654160084734
0.0942138270266336
0.1815263760096609
-0.3534020007249587
-0.1603985140570032
0.2048552297990878
0.4384630260006867
-0.1803216449860023
0.5024448249200724
-0.1629599380796687
-0.4921601683324681
-0.1359822847680371
0.0331712166471546
0.1067695014060308
-0.0321889904183095
0.2682395869574540
0.1446126040355983
-0.1902268818164942
-0.2938957685281672
0.0822463384839992
0.1235305273275700
0.1795880119861782
-0.3949904086522202
-0.6140358617549516
-0.4298887111922263
