0.1514241520312991
-0.1920185705576468
-0.0710681458285172
0.2068044986473330
-0.6976352790942665
0.0459051180779966
-0.0745210212428854
-0.1359164673632007
-0.0914897300535697
0.1604505240341247
0.0216350769281894
0.1202950583959253
0.0483112670606126
0.5728370392276181
-0.0046808639933363
0.2954838195201712
-0.2013819394762297
0.2179844614340361
-0.0583323665103825
0.2200604688664186
0.3733193370489508
0.0986817737045647
0.2836608396392685
0.0882344573379008
-0.4026231263341616
0.1418562949998902
0.3048263315973901
-0.5083930512638442
-0.0175759601248908
0.0389078852132259
0.1824896120837083
0.2792124717585589
0.0924767021903511
0.0455780583488331
-0.3370554228751650
0.1910837561138418
-0.6529383130338650
0.2556023273908025
0.2189677444556492
-0.1522677451955265
-0.3041234513630804
0.0185837528313300
-0.2513753382507830
0.0363918298376425
0.0885753468696940
0.4828123173197109
-0.3867033670247638
-0.1717601793970823
0.2753588382622966
0.1548357390230968
0.1877560724103965
0.0283849362504122
0.0347186160415906
0.3301346932662474
0.0207601855180307
-0.4735654784807827
-0.2889972290309920
-0.0824608525287798
0.1075334535273903
0.1233871541305873
-0.2630896414324874
-0.2638444861856864
0.4933203699842137
-0.2889368532658697
-0.1086102880725412
0.0010744342266930
-0.2355426542677823
-0.0854445493504246
0.1133873193338754
0.1972431811385798
-0.1744602456773235
0.2507634607309897
-0.3450739156849250
-0.4305710902074323
-0.1009666020373489
-0.0439419982313960
-0.2602109426389144
-0.4954231008357098
0.2233340270814955
0.1332864923203006
-0.2030572432939651
-0.0666629157511185
0.0258188077284451
0.3618437148027702
0.2541531069099690
0.1129267302710083
0.1390225962462683
0.0589236408617763
0.2411710920126618
-0.5307440493534887
0.4130442773541145
-0.2938263537549259
0.2842022154399371
-0.4774827962428106
-0.0558878282864359
-0.0183141821020470
0.2810252584807443
-0.1664869735686958
0.2729162801604177
0.1405960949191216
-0.0003198695615540
0.0127961993996744
-0.0208439213867259
0.2694623239075556
-0.3958396088610279
0.4358942357057697
0.1718746756110409
-0.1855955278252459
-0.4427010713767754
-0.3288470607343500
-0.0379926138357102
-0.0168772639487475
0.0714530790102745
0.0754482676556251
-0.3378996281092803
0.2018980481805649
0.4193721492736781
0.2446285473168885
0.0274455171985690
0.1948085116883563
0.1204809821504188
0.0330612295654305
0.2410176131639488
-0.0281057794564834
0.2033989079229749
-0.0954405845612164
-0.0131900969065421
-0.5068658641144552
0.1279495965587903
-0.3207532024630816
0.0607622016842383
-0.6832388494732528
0.1579418876280539
0.0516253099585675
-0.0239365897797704
0.1877537314234960
0.1329335756988142
0.3816516301732270
0.1980131510995408
0.1324277348436346
-0.2157230560599361
-0.1144200670435262
0.3385126141668633
-0.2162257872597485
-0.1034968127437744
-0.5126809837988981
-0.2429135581759739
0.3878058347070059
-0.0569414174799414
-0.1936597085763799
-0.0803971403464847
0.0221239836211086
-0.0923089881761400
-0.3041108161340181
-0.4528775366617258
0.0478071377045990
0.1228576129171324
-0.1558503969171143
0.0833552996590799
0.2007122811049529
-0.2811380598701980
-0.5554858608914331
-0.4534995663496317
0.0127858409004693
0.0679231621282598
0.4064738423421009
-0.2933895696023723
0.0973030425664159
-0.0228959806713568
-0.5304967377861775
0.2827459716881688
0.0657043587704802
0.3193209515503926
-0.1513452525495723
0.0301563593750174
-0.0284211553131898
-0.1178095002013288
0.0566595318569622
-0.4439404798955744
-0.1796089575194194
-0.0419105952823253
-0.1334204798107118
0.1095655589430312
-0.1803361372077534
-0.1008571658956310
-0.1005145080296892
-0.0656911264846666
0.3344140128205331
-0.3464108782895325
0.1494792504863516
0.3749914148027095
-0.5684021245203038
0.0591054141532429
0.3167687928096146
-0.2993548994682340
0.1801954651186892
0.2616277028940109
0.2819420273897493
0.1429756793259813
-0.1654039069772771
-0.6590692410570864
-0.1889543850034162
-0.2356995982073771
0.3231884317527599
-0.1288199815905550
0.0254998007214773
0.2281748398388960
0.0001560905776295
-0.0079786252451268
-0.2689523755433921
0.0885531630215603
-0.4321775823453405
-0.1595397112198881
-0.2799479722871679
0.0916023185661639
-0.2433219234854813
-0.2523097622522973
-0.1706867642765929
-0.1588816828046873
-0.3965866541667689
0.3744797491035003
0.0163073749641334
-0.0945930255612541
-0.2949901410397565
-0.3495339139403001
-0.0142967965260297
-0.0197740014881429
-0.2690216614964606
0.2634026961258845
0.0237599281921115
0.1583665046303425
0.3901992362673644
-0.1865479159580432
-0.2970722252123708
-0.5026030798299697
-0.3088378733845080
-0.1734907719357932
-0.1537525872581222
-0.2952881436939805
-0.2603350037154865
0.3539872688843943
0.1061552782583015
0.1753090600579864
0.3564398007774107
0.0460002016643608
0.2911962580175987
-0.1172707212782474
-0.1918946633973977
-0.1713342975904268
0.2185273029199585
-0.2186117711025213
0.3398425325642324
-0.1818378336137089
0.0051787827124792
-0.5428339658888726
-0.3170044534173533
0.3280221312620312
0.0264102183955682
-0.3340530057083168
0.1820144222060739
0.4055147297766717
-0.0527167891878869
0.2430463322830027
0.2459559123744252
0.2115667901428569
0.0279573011577057
-0.0042141370234759
-0.3036190393059467
0.2206825090957700
-0.4162442122000330
0.1123703432767099
-0.3076299338910399
0.0540696261090497
-0.1932919950940045
0.1961539945783754
0.0379286354549405
-0.4053263114374960
0.0398240772792716
-0.2994552383579562
-0.4181185268835543
-0.1320370214565204
-0.0319079239276807
0.1330087733441541
0.5206769366945194
0.2737093785386135
-0.0624709539438709
0.4563328474389942
0.1785735365532367
0.4163912801598018
-0.1924462866174975
0.0945952120049419
0.0921036659169647
-0.1277956868575005
-0.0400120560141420
-0.2052326486651652
0.3265485102767558
-0.1855963626854905
-0.5150809749097016
0.2406753970024584
-0.0612736023308182
0.1138958673806177
-0.2097561390767001
0.1532318790205777
-0.1002000777858693
0.1473396697126636
0.1792374106251696
-0.0651879795832272
-0.6572221339769556
-0.1892531498052630
0.4629080874225878
-0.1767898150221286
0.0241538331014633
0.0117433748644992
0.1379458286373426
0.3440624049698074
-0.0126486344444483
-0.3542847645211848
0.0455277884925098
0.5367205313286915
-0.0830011134310951
0.0580774413170162
0.2341156348484226
0.3831214523605311
0.2069816411407256
0.1721474990150050
0.4752820767193979
-0.0730006173580939
-0.0181410630951621
0.0369354652610121
0.2587172725273023
-0.3259759003488967
-0.4104556725933919
-0.1130240181943618
0.2784616268705505
-0.1722291741014524
-0.3218696148588843
-0.1100941758613093
-0.0002328421325409
0.1913917129147294
-0.3795389947779501
-0.1795808734606336
0.0820815152673928
-0.4843489594280037
0.1429443327277423
0.1219529802644822
0.5016164075586400
0.2415768928321767
0.0673449422892713
-0.0483351167688748
0.2317812778795047
-0.2783392284116645
0.3598931507476817
-0.1073858483785752
0.2354388389844225
0.1506105142598787
0.2061604128841814
-0.0654649147082960
-0.2702547519074169
-0.0109357737023345
0.4613457549776154
0.0300777413225165
-0.1587018137065768
0.5531293441056658
0.1663246784564756
0.0730267698801596
-0.3718768100257369
0.1624070982563336
0.1058111138945455
-0.4384392105440298
0.1500624968963908
0.0347427072445893
0.2722304728510362
-0.2594395726052911
0.3035261193787852
0.0979519685135324
-0.3466903822242817
-0.1781543528430100
0.3406189398296354
0.0924755919688804
0.1608722345866386
0.0625426064671836
0.0117014434082549
0.1171968726548316
0.7177834959697140
-0.1589789446214722
-0.1621407929501252
-0.0092153604614024
0.3233674366307808
0.0614536163668964
-0.0680093108991064
-0.0508912780932519
0.0662046573462109
0.3366070780428376
0.3450691226253144
-0.3087384784689812
0.3087052175378827
-0.3511569295568564
-0.3633038293223339
0.1425890242824701
0.0545132381014528
0.3341256407238017
0.0355540223282428
0.3116648156588607
-0.2791961700622592
0.0586341352728541
0.1510020873998473
-0.1254572704664975
-0.1763284658975286
0.0772842656057044
0.0048957217018688
-0.5500764759091125
-0.3273524004906783
0.3505036507464447
0.0465271277768084
0.3232792741013245
-0.0348247089124337
-0.2758288767176622
-0.2403453418774053
-0.3832602158617374
0.0561327700142820
-0.2405430970119433
-0.0416185515366916
0.1859032679415331
-0.1770428473660307
-0.4899392349356154
-0.2809614448173348
0.5325782567896642
0.0618961869108133
-0.0092423200973082
-0.1304497694258145
-0.4027182633394982
0.2157968174995653
0.1971009876870630
-0.0536618874433377
-0.0217018074218019
