0.3879790898717657
0.0191730568662497
0.0187140871084202
0.5252399991916417
-0.4826327337071795
0.1961449672708991
-0.1919313944866816
0.3642509735467826
0.0058736110992746
0.3632068430625294
-0.1059265300179221
-0.2167890861032775
-0.4051655664438101
-0.1174701883823958
0.2776608716697416
0.4107771769884923
0.2361463311959622
-0.4188884319167072
0.2067391285225610
0.4939803202661866
-0.0698485983854368
-0.0901495210043629
-0.3975594232919837
0.0461730891105236
0.1536555113311457
0.2119339998118725
-0.2579213310540323
0.3891896136806710
-0.0264889210177395
0.7345673013244183
0.0678728063493469
-0.1334039508208978
-0.4666465192893102
0.1055137453599345
-0.5738415046084174
0.4660935191706087
-0.0917092972972641
0.2458209056970793
0.2347183964565058
-0.2797071041129120
0.5564967052955371
-0.3233735299595133
-0.2655470215648668
-0.3781824369886370
-0.5121386326034856
-0.0379732905955784
0.1289711292525083
-0.1329480142188491
0.2678884390490986
0.0490194712630631
0.1178825460821395
0.0077400009983235
0.0176106428272934
-0.1361819391335444
0.2881297752794528
0.3220438739096719
0.6539242035908884
0.0506205117108299
-0.2508747810470330
-0.5360407281990782
0.1830572255721154
0.1731434938448924
-0.0034871539950566
0.2670271764132637
-0.4044905884807427
0.2290852915792594
0.2406305476164382
-0.3989750375731593
0.4603953614909577
0.4691001733065825
0.6335697205870597
0.2246158373176290
0.3475725987156472
-0.2384975791933695
0.4958777958848378
0.0189630939744651
-0.2245119327613125
0.1158458528618957
0.1938079429139873
0.1510216952081032
-0.2111400437397848
0.4711056815183353
0.1970256698041025
-0.0712445727319043
-0.5243822106124412
0.1803497640101143
-0.4704809239691241
0.3891980752926771
0.0480063141552819
0.0833644231717870
-0.6567182531459337
-0.1221045744120256
-0.3531757279046993
-0.2970722667757784
-0.1320801973058141
0.0643344654318430
-0.3754939093242543
0.4093393084914132
-0.1024858171972004
0.0135938338645394
0.0267838573553523
0.0394973178322986
-0.7072028779529134
0.2724960126396749
-0.4089027793735959
-0.0864649295046714
-0.3395159789901098
-0.0319712276437045
-0.3044676575402341
0.1991509942014417
0.4165474928355435
-0.5849251051051677
-0.2618114933102145
-0.0002372602395016
0.3481002398501815
-0.0053696589982884
-0.4631291403053152
0.0898161655484382
-0.0142187380287583
-0.2680394866096758
0.1458656916320677
0.7797520098105934
0.4793403487239106
-0.1072232864337905
0.1538133393555430
0.0542532446031457
0.0914559799009137
0.0180709413169951
-0.1882586264009846
-0.2423055439416105
-0.5486515671930129
0.0277549886116652
0.1324192575376568
0.2168167174501196
0.1078175981405730
-0.1590760590206074
0.6354940338346858
0.0086639073395519
0.2704459908386930
-0.3459308867074848
0.3172933109329831
0.7297637601101014
-0.1841594249252624
0.3929421262632930
-0.2295570319956078
-0.0569530070843968
0.1192054003219812
-0.1259602131478259
-0.2201411890240275
0.2096985433052907
0.0153246990566444
-0.2328904543271978
0.4383241978627445
-0.3680043405180604
-0.2197801645562552
-0.4485934900431178
-0.4861877882102311
-0.2172858256892695
0.1522638922033444
-0.2483071977397527
-0.0725109620503989
-0.3983933182631452
0.6828941028791861
0.1698919963446113
0.3003529826432830
-0.0496589835531679
-0.4097416093036563
0.0586139463464232
-0.2724566665342101
-0.0508225649337458
-0.1557611307340584
-0.3977550706370724
-0.4615388316754259
-0.4507628686712912
-0.2473326363955751
-0.3314289742703821
-0.0379442211655520
-0.0593882803547928
-0.0307603618347422
-0.4737009472040235
0.3143856384441203
-0.0162924695623118
-0.4363446059170299
-0.1575019130098504
0.0787850073438915
0.3707652400241508
-0.0088783836085254
0.3804527747709270
-0.6091271806192490
-0.1617397779555092
-0.1376209100206569
-0.3753909723639616
-0.0765803040001956
0.5008556006965009
-0.1566674296693867
0.1518172340544797
0.1584344241233627
-0.0577792232554244
-0.4726250932707694
0.5329293452524831
0.1947907398191547
0.1704061158074393
-0.1358873986008028
0.1739202350047739
0.5181582476401462
0.1339611748679314
-0.1358751099055283
-0.1406345122485899
-0.6284982876934717
0.4057350305348938
0.1348734051623856
-0.3227473445822145
-0.3418479453741249
-0.0674147333977705
-0.3920571119912995
0.0402589897165599
0.3899030920775346
0.5897850596917620
-0.1315698077297726
0.2893571057364688
0.0950887819294275
0.3400436916964673
0.0452935543228563
0.0683633223599137
0.7074331749975370
-0.1914027313231313
0.3795964874003826
0.4216322082679002
0.0568018180937961
-0.0800812081698727
0.3032738681189608
0.3995235603320499
-0.1328514121981796
0.4113720637033594
0.3755845372812960
0.4435673157673692
-0.0144585203633839
-0.2563143826975075
-0.1397657269159506
-0.3718509578665001
-0.1875531141497629
0.6696922456122635
-0.3659169579594746
-0.2346946343879722
0.0648640728938834
0.0202533884026337
-0.0102036929637348
0.4287129577704448
-0.2953942451440649
0.2271235583067641
0.4324465373342640
0.0023364379777552
0.0620482465317794
-0.5451129772489981
0.1091343474993299
-0.1985067902149430
0.0447598096324865
-0.6632674394008486
-0.1312685414280337
0.0388918022257112
-0.1166045391257405
0.5431136808672600
-0.1164696246064085
0.1254258946711720
-0.4254036881857637
0.0251771789586360
-0.2289839841637160
-0.3449345300396310
0.4601103536817157
-0.3121167437921895
-0.2205503660936836
-0.4620705876565209
0.2664242567029406
-0.1381905257126019
-0.0225930427121481
-0.5603713276249456
0.3448869489595977
-0.1294459910301393
-0.4017716690435922
-0.1900515337391783
-0.0518603745967869
0.1838479111654264
0.0766235467599000
0.4079431996064381
-0.2432115934886719
0.1383359846301074
-0.2551882269092292
0.0604703550910096
-0.7888490156261809
-0.1478933290598391
-0.0182934714447756
0.0146757244082783
0.7375083613062527
0.2838928858022390
-0.1278377248459352
0.0691451143180955
0.4227977419922171
-0.0337619064142348
-0.4129974091758046
-0.0578621701772313
0.2854373955794281
-0.2121104206852421
-0.1088833395545023
-0.1934883814807655
-0.3588576184157899
-0.2202494669528321
-0.5023066586846869
0.5708242964090436
0.2538574002214061
-0.0660058548606916
-0.3280985056643827
-0.2433216976598612
-0.2670950021970024
-0.0001356353072305
0.1943763322487349
-0.5185189118296377
-0.0274027781256723
0.4902045256614420
0.4202160799629403
-0.1937245464114511
0.0179757544343762
0.6405671811198622
0.1274998833784866
0.2688454607396188
0.1388134225096042
-0.3737913682556793
-0.3117230862859243
0.2951996056062344
0.3965025839252170
0.0172891503113521
-0.0399685013240713
0.3278341671750937
-0.0159831374435911
-0.3893054689842407
0.5570166396181980
0.5517416212788391
-0.1253830670518984
0.2604574117389284
-0.0232638932795955
-0.2008146654116220
-0.6332837126927979
-0.2217076054194072
-0.1959782532965890
-0.0875162103052877
0.0836426623714674
0.0524951058303768
-0.3948654647999443
-0.4946841890086655
0.3029556060472378
0.0395702112557036
0.3345534915214613
0.4443597651104740
0.0293698689639866
-0.2981698561388524
0.2606754906050159
0.0909537022057712
0.5310464047064223
-0.0996040596983183
-0.1327975257152538
0.4637453884468715
-0.0118381608967379
0.2006218626252143
0.3489895511864812
-0.0567689423402941
-0.1455518855745888
-0.1541990445433021
0.0940238819763822
0.3365249799203568
-0.4867306458651153
0.6562281125360544
-0.1853809816241337
0.2284414023901925
0.0307747393591695
-0.0326046099489446
-0.3890720130665169
-0.3012607600029557
0.0761978978681663
-0.6305117486065446
-0.5152275058826503
-0.0221952178603992
-0.4238597808705035
0.3105399818436123
-0.1625700871636463
-0.6812455119771750
-0.3440018685739603
-0.1633086907932756
-0.0641143867325733
-0.2429616209972255
0.1452721895953872
0.0642751740800249
0.1689026893427893
0.0600528640860546
-0.1098911785796861
-0.3445512245145190
0.3368148955651188
-0.5960856131916923
-0.1946427847759767
0.4508392790433725
-0.1171917578428694
0.3368023280428655
0.4265570036137373
0.2325368849560184
-0.3631956169500241
0.2099367072187045
0.3606190397576164
-0.2019100323749114
-0.0469089047282264
-0.2150013344220870
0.3103187306661885
0.5219710296901388
-0.1716348947969033
0.4430282214285163
0.1646041703773452
-0.2412823264395826
0.0708815140994825
-0.3400817763677659
-0.5963048143529222
-0.0562481935248933
-0.4570334724337070
0.0255553217479460
-0.0631054430364046
0.3872406401206761
-0.1806322305631034
0.4176361400027655
-0.3236294677936264
0.0722332479162902
0.3135475170776230
0.1615783243314944
-0.1322036666910236
-0.6222245231174250
0.2817934421400868
-0.0839262357742702
0.6894610933486212
0.1422613994359151
-0.2050259080323981
0.0481578461506719
-0.2339259291177190
0.2480540462620436
0.5071861676243810
0.0104488269300490
-0.1784752220955873
-0.2186236574542027
-0.1778939804530074
-0.1806116060070104
-0.2549617766659200
-0.1192959784181381
0.4334027621542029
-0.6995212263233725
0.2983131459966274
-0.1033818145120103
-0.2931130626544320
-0.2565511867614312
-0.3140343658848576
-0.0316557749149996
0.8421245571262271
0.0196841406535616
-0.1325145974379061
0.0978737947010869
0.0421993266676041
0.1008222868597684
0.0806642560897038
0.1414206087254369
0.0577145399844577
0.6576609396567420
-0.0294365900811565
-0.3115414642414718
0.5036144294120224
0.2905308104980943
0.1872169842132217
0.2581359491150327
0.2272960393439280
-0.3003384902372596
0.2523692065159724
-0.0930833373649653
0.5713300602837124
0.5241500937225060
-0.1186866700356020
-0.4088795544253744
-0.0543750435989315
-0.0200389150740615
-0.2681578875953990
-0.2955052473999175
0.0345302905584618
0.1898560217038384
0.2358719689521549
0.1328620483615711
-0.0918395579880974
-0.4283687332708265
-0.4602151874585578
-0.5714106594044347
0.5364462713672450
-0.5096153706681372
0.0731891447691241
0.1426677622945250
0.0663481998298401
-0.3834946018933987
0.0475720637279523
0.2270095126685979
0.3050646997387125
0.3584351352570174
0.2096579029684804
-0.0080302842659519
-0.1552645130978865
0.1874936307833864
-0.3503540290146385
-0.0178984102338727
0.7920537025568781
-0.2162146549977454
-0.3108798463288804
0.0539047798121343
0.1377354277884857
0.4743684487299237
0.1691592518955659
0.1153967283667878
-0.0381608443674699
0.2413984387778003
0.4262748509559099
0.2785147178749493
0.5963660957539119
-0.1985185036198275
-0.0231144665587218
0.1660775953793543
0.3997497969413980
0.8073855629065546
-0.1278615109651096
-0.1010185250752827
-0.1479728180426801
-0.1568313665954194
0.1183194717495332
-0.2704954125057587
-0.2641992020155430
-0.1470413604987505
-0.4431910280259631
0.1604393030510791
0.1894381144212413
0.7088842622305909
-0.3363343070646103
-0.0738910721343786
-0.1527919070730171
-0.0780310369039620
0.0575899762843186
0.2391471059964543
0.2520534797428257
0.1475664896782112
-0.1935925022718817
0.7608180305377789
0.1370684615193328
0.3949443390188288
-0.2064868631660457
-0.1430296456856169
-0.1560369382995318
-0.0317563765930108
-0.3123823582367540
-0.1997497986056193
0.1535224167052351
-0.5115517377111241
0.6778388108932817
0.1306110465679225
0.0369934028187327
0.2720547058480488
0.0254993868962854
-0.0202501015495246
-0.0954271799257179
-0.4296640504591606
-0.6067720788547315
-0.1539992105156692
-0.1956400942513803
0.2367623686801225
-0.5645583175946383
0.0166282754806004
-0.1136340660589991
0.1062755079194492
0.2384674568141140
-0.5294903763062753
0.1650360798403320
0.1157338401387213
0.1788978797330137
-0.0944950862131329
-0.7463135063452055
0.0041445192749003
-0.5842554397196504
0.0066061413316349
-0.2955441833600773
0.0860581970708638
-0.1781292748526780
-0.0216788370474233
0.2088258278202795
0.1056402118618481
0.5281036713008570
0.4449584065391815
0.0158239549611862
0.0754760032154679
-0.2913660917255793
0.6277283066751373
0.3744410456989289
-0.0602150718709152
-0.6086903202335759
0.0118748135065719
-0.0066361295690647
0.0243934835002694
0.0722537451585490
-0.1467235230005813
0.1607977473815937
0.3097493959826653
0.1036247330799783
-0.1105076625837275
-0.1645495442723313
-0.7735295635388769
-0.0748409671272637
0.4443818885701840
0.1204738680880977
0.1781909038736849
0.0237097097213033
0.5014741211027142
0.2992711698528775
-0.4359434097440703
0.2864873174674160
-0.1433435158836480
-0.4891289973274298
-0.2832246319924669
-0.0240903646972667
-0.3636363775491894
-0.1229377600017831
0.3950694439248828
-0.1050719653480576
-0.4865522075051449
-0.2016559718162515
0.5120337508671712
-0.3735220271961223
0.0765448533024226
0.2932534145743460
0.1159078166435468
-0.3952336924828672
-0.2051289415410119
-0.2996086437704101
0.2567382249663360
0.1101173534140411
-0.4437498539811850
-0.2723734859555533
-0.5131991062798238
0.4117897036456666
-0.4627666085660261
0.4812469638796081
-0.1730128744997379
-0.3381276309445330
-0.1190790917353011
-0.0362557578131077
-0.1544776813683501
-0.3522163878689903
0.2774885009978248
-0.3281402365404281
0.1084320779741549
0.3224843476684788
-0.1735172277997331
0.1439948134412782
0.5069009092488757
-0.4383460744875268
-0.0001184156294561
-0.2979460352102296
0.4334280952605908
-0.4674247816657684
0.3548001657426904
-0.0945374533836753
0.5412784114181787
-0.2232294589939122
0.2966102578600351
-0.2542621599368275
-0.2047438896292802
-0.0186247467536900
0.3301303427066235
0.0775772710892884
0.0125036376483290
-0.2950353077241643
-0.2647242164287716
-0.2954202432815893
-0.2673903681952824
0.1002051419358929
-0.3244637806675388
-0.1289425872416622
0.7389086189130413
-0.7434246569986988
-0.2177573977865862
0.0360633633149405
-0.1798648435914484
0.2158219074483938
-0.0777336224024180
0.1912643045399312
-0.0953325925746161
-0.2799684672295066
0.4354024289256720
-0.2956724490774943
-0.2768379238168536
0.3771459147243728
0.1433109297677149
-0.6039408621898418
0.3372382863467264
0.2400724689260845
0.1955459419284036
0.1527666041204653
0.2747301136260865
-0.4413391450411172
-0.4629810194056508
0.0570769058406230
0.5863846037998862
0.3030677175040454
-0.3454163575025192
0.0049616081764381
-0.1772824915359816
0.0126253034700413
0.0314334041834265
-0.5151934362376224
0.3624513559236020
0.3477050430802714
-0.3698409478805079
0.1419238131281325
-0.4031728613079315
0.0886975033626195
0.3769144500793128
0.0439930910365406
-0.1047174649514211
0.1299970788226756
0.3942726538969021
0.5458833082496465
-0.3646221499567159
-0.2298408158836107
-0.0710809613606707
-0.2276536019569759
-0.2681866500948735
0.1367555543898758
0.4431481786924662
0.3641450310383554
0.2123402404560832
-0.5878343849828930
0.2832373163076106
0.0880899081977893
-0.1847896631553628
-0.0143066848876885
0.5874158655402352
0.0962705073979594
-0.0100117273678146
-0.6082065358007596
0.1907517886165137
0.3853391961962641
0.0317810491161366
0.0264805411304586
0.4546240700959951
-0.1082104199404195
0.0503083321557558
0.4641444135625659
-0.0845429456679319
-0.0018412184983809
-0.5989486320859018
0.0615506267477838
0.0135738018943454
-0.2404798893378081
0.4136616724307589
-0.3711356673302098
0.4064652853324829
-0.3099792408990834
0.0964106858101876
0.0825041423126743
-0.1011372786069879
0.5511550198033093
-0.6204465655899606
-0.0328002135686449
0.0884060075534296
-0.2306867067958394
0.4648000097335308
-0.1153346308585278
0.0528163021509497
0.0003427056171156
0.3402765796765041
-0.4001142750924877
-0.0104671513056052
-0.0859377306857123
0.0526368163083676
-0.5838196645515070
0.2231801502387028
-0.1333483498608932
-0.5526465840956228
0.3170928162240204
-0.1080633957372100
-0.1654395034035772
0.2974931115780753
-0.1435089035763510
-0.3623457097515730
-0.4285699527486382
-0.5287129156101236
-0.0977279825165722
-0.3837349851111974
-0.2477972938040406
0.1241619181930945
-0.3212718153484548
-0.2137016954558730
-0.4589241914233097
0.5706070109934503
0.1227330482035166
-0.0038733029546474
-0.2837363336432598
0.3775021061943319
-0.0035223861631443
-0.4634410883433519
0.4008121594218437
0.1587640430899985
-0.0519564012426299
-0.1538839601378723
0.3819347968505684
0.6070680120619656
0.0922559137797499
-0.2237339651301852
0.6093430542498218
-0.0121985729795807
-0.4605400326097800
-0.2423674455758904
0.3638517226324571
0.3374126259591120
0.2034391017332259
-0.0351012997260352
0.2344345458107131
-0.1178925565859730
0.0910191625379747
0.4031422643010355
-0.1863559321933715
-0.3815191519075246
-0.0732534673828670
-0.4602994399873843
0.3379572808268996
0.0947946620812656
-0.3635152742412124
-0.4199050831833704
-0.5053075415225294
0.2497269771733246
-0.1594311309344998
0.1452568867992760
0.0047578960552644
-0.5825449902149614
-0.1594192573940832
-0.1767855193419360
-0.0405531713023345
-0.4879440483287832
0.4887332336379395
0.1549415250287976
0.3278214734619453
0.3753964265939030
0.0314174434565153
-0.4769713937674075
-0.3553868317058120
-0.0154163847962074
-0.2484402586783564
0.2683183951377653
-0.4184087195720602
-0.4330773071543316
0.2503049929702471
0.2781645596337794
0.2940566608092288
0.5283614292720931
0.3149874301877714
0.1227862990442654
-0.1206555348891105
-0.0535130213550681
0.3351112860801821
-0.4808169192356080
-0.0203504714952942
0.2687688369704699
-0.4740471007358784
-0.0230735890501529
0.1090697799244460
0.0757683913977278
-0.3442417807067148
-0.4716695589735271
-0.3974340650356541
0.0520300971975484
-0.0265950586796791
0.1201138358614061
0.0234930530329964
-0.0951408811571366
0.4862775565312906
0.4865638826674870
-0.5781563469724613
-0.0844136006110496
-0.3232472399362873
0.3033506612220442
-0.2557977107304065
0.3459005066382031
0.1584482865526282
-0.5569858369648623
-0.0475547431059375
-0.0188867520469374
-0.2404056868861615
0.4718663259116564
