-0.1208100977741274
-0.0576351998282762
-0.0680562077421451
-0.2780258671547607
-0.2307506479547474
-0.3733171561773746
0.0628103851944175
0.3420041899630731
0.3868519346699040
-0.0698561950387715
0.4361157373779133
-0.3762034164453948
0.2671487571863718
0.1702961831206474
-0.2065050168863791
-0.2575652794111922
0.0336039562207032
0.4754704318447512
-0.1989208208947655
0.1314882588656073
-0.5402669409605345
-0.3359673169232759
-0.0148215484984286
-0.1911284529198085
-0.1677394043423566
-0.2896631445948812
-0.0499805468572977
0.2256198632313875
0.3599515460349187
0.0961857966252128
0.4632915669499515
-0.2148819750724868
-0.4007581219927204
-0.0741268802504238
-0.3360411983980477
-0.3012823551340930
0.2127738962300363
0.1052883586118329
-0.2521309078843486
0.1043093232241397
-0.3144779279544760
0.0294628646473410
-0.4452526946317473
0.0293290899581549
0.2727547305072496
-0.1495199887655009
0.0159511152844202
-0.0896676368139209
0.5273329240623071
-0.2077921605652114
-0.2866290020066297
-0.3226441498012591
-0.2816003156188910
0.0288243647707192
0.1107395527620706
-0.3097384249467177
0.2539703107884210
-0.1505830387315120
-0.1762291436318374
0.0617291085259409
0.1833914442264558
-0.2828162642440231
0.1804911756565926
-0.3450036595182958
-0.6165689393075440
-0.0518696914163311
-0.1687542444185568
-0.3480899232280463
0.0905699092348820
0.2684014998933835
0.0564264529159109
0.2577071944146480
-0.2354222997325466
0.1757749703982916
-0.2152874540639591
-0.5837011721783713
-0.2800467184674514
-0.0769429824871373
-0.0674460955598217
0.0115136153943758
0.1245667157507040
-0.3527865776692761
-0.3897934242266016
-0.2758346167501419
0.0099278187952201
0.2779568707402393
0.1815744682431679
-0.2826205300011013
0.5821146040629008
-0.2023873866794210
0.0581655876095996
-0.0828155604129797
0.0494425458041182
-0.1174081767379876
-0.2678172885472668
-0.1960141304332316
-0.5346210251332760
0.0868419285728950
-0.3355388615501461
0.0156152878968591
-0.1911381340222862
0.3286829705593657
0.0053373721672775
-0.3901262974075597
0.0458193214418492
-0.3219345029696045
0.0940329396969134
0.5161784453964848
0.2092956593466030
0.0386323471608564
0.1427933103759152
0.3790327978862049
-0.0050960629859844
-0.1938974546170719
-0.4691299483302340
-0.2521749694065200
0.1923881812603558
0.1512117314739017
0.1008853989565904
-0.2539539072805769
-0.1602823275851903
0.4531846126715153
0.2357588860967005
-0.0851250731164067
-0.4811735704198332
-0.1368604392594611
-0.3722216493275479
-0.4353369218562307
0.2255720592176388
-0.0762526791618957
0.4524212822740107
0.0662262953392972
-0.3123878728279659
0.2601884193629314
0.1515561850722839
0.3520364514209731
0.0391670416175965
-0.3021770732683600
-0.0248246280995325
0.0228079913858569
-0.2440986798521619
-0.3868804573012785
-0.1680304818196648
-0.1667612402904231
0.1368532143266399
-0.4706114896199096
-0.2810130903149313
0.2380205639823012
-0.1548272110516317
-0.5385916158119062
-0.1885367542703475
0.0606700313542103
-0.0664679746985536
0.0342392165167425
0.2439686315328676
-0.0351833924566674
-0.2143623270714014
-0.2376440488947522
0.2438338322471319
0.1128531974479808
-0.3004907706613899
-0.0883855651469366
-0.4307229779288942
-0.1983310404694742
0.4430937620318371
0.4581250521351785
0.1878298997094781
-0.0130322399912585
0.0509134452484640
-0.4735148482363151
0.2824735186802238
-0.1886865512823480
-0.0860598368160895
-0.2768077377574520
-0.0340491314659590
-0.0689746569784840
0.0220297937383317
-0.0036659740994640
0.3761264728632777
0.0827712502915726
-0.0191947891384395
-0.6470413787204353
0.3567651276559187
-0.7641240349457881
-0.1652766939715505
0.0563974385420077
-0.1146190823598423
0.0333014043441991
0.0567209616220158
0.0111014503002450
0.1410227049606239
0.1367391401704507
-0.4340456059483320
0.0585467773151462
-0.1001304489123698
-0.0177370589093530
-0.1446097660461885
0.2818575897397692
-0.2166492904020875
0.1479119728140876
0.0415023157062200
0.0881835321182447
-0.5740208992927025
0.4473833149186105
-0.2660764258874890
0.1083836740996321
-0.2575176855047397
0.0348586276977995
0.2241808188132199
-0.3022377211362310
-0.2700569331629762
-0.0890178925650011
0.1807788160967039
0.3020419702444089
0.5572488841407893
-0.0736567843151606
-0.0815661592594639
-0.3428851991346348
0.3155424500139763
-0.3274198714870850
0.1722319712836268
0.3230744621060311
0.0776038846544654
-0.0906954448991197
-0.3493554688496360
-0.0547852665105776
0.2069167180302506
0.3279617641152948
-0.2339277978422028
0.3636249329382343
0.0746904875351214
0.2425835044425858
-0.3671167464417047
0.0811582221642096
0.2321414127022814
-0.2003214435138472
-0.3723349359248272
-0.3149478825882878
-0.2360461248169266
0.2137995329571435
-0.2249801229505221
-0.1677431644402738
-0.1548426073222195
0.0603367237660049
-0.2729022916210799
-0.6470724952015110
0.1082258704818241
0.1101342160914619
-0.0615915114786781
0.0733249873125270
0.2477854981458710
-0.4523414947733722
-0.2635841137458855
-0.2235434830226278
0.5032909138684292
-0.2519181401280578
-0.2888126097332589
-0.1728885176487975
-0.1216334343803876
-0.0011338863437859
-0.4677414314452513
0.0913037721449924
0.2000586612698234
0.0668727155119430
0.1285848380223926
0.3841095906652808
0.4218076981241191
0.0133530540663351
0.0966727912965905
0.4060115643848705
0.0521224613690224
0.1028655817932849
0.0327923242799794
-0.0620402445292568
-0.0163172103228195
-0.3980676383595815
0.5361512491287715
-0.3885803605283403
0.1384720699032581
-0.1146083184301075
-0.2182227326901402
0.0985938012010189
-0.0690882450384973
0.1109556935562223
-0.1199010770622160
-0.0426808692878263
-0.1510978453478864
-0.0649248269695046
-0.0485722649895608
-0.1697416460565219
0.2351584918422861
0.4410755131089392
-0.6732489744005441
0.3847690676806951
0.3638000595047066
0.1800016962096307
0.4844217429214252
0.2307601137038625
0.3925667350212540
-0.3620517828393080
-0.1991428055779555
0.0292755393147333
-0.2119892441305357
0.3592961249859483
0.1076284466350167
0.1001765457188455
0.1485303088001280
-0.0625746061109318
-0.1151458444316206
-0.0602337454820488
-0.0531218667071163
0.5278546440422411
-0.0751568878214755
-0.4041124041621272
0.2471312286713550
0.3069954437377029
-0.0021177621546605
0.0639792793910227
-0.1570085120201267
0.4925598337562569
-0.1125495146288930
-0.3055377943610130
