-0.5015863312955882
0.5277817471309528
-0.4587977646868179
0.1769886495313560
0.4775324163952411
-0.2034462651875020
0.8598810167199712
0.1924002180912578
0.3693363840926311
0.2139790777849607
-0.6487255925147439
-0.1302298509868640
0.4887310271197379
-0.4551136828653645
-0.3408941336068197
-0.2820265366914098
0.8223943761595893
-0.3206033217698284
0.3161171366336703
-0.2034993578850075
0.1110386414736775
-0.0869760233214815
0.6428326434627589
-0.5745005841640157
0.4866424383063478
-0.3786470471115944
-0.1153618280757287
-0.4309593022785123
-0.4230569875753583
-0.6918200108264990
0.8262857241077963
-0.3350778116603323
0.3544652127523537
-0.1963241466113787
0.2019554522025102
-0.8035313871912122
-0.3493465916042020
0.1777663283397415
0.0814154240244554
0.4405280126991000
0.5704823451115438
-0.1538047386477639
0.0030749199153360
-0.1612414236535919
-0.7904971501853779
0.4195570613937543
-0.3508463205719790
0.5504755559890424
-0.6298197370875238
-0.0343873902658945
0.5512930205171280
0.2978762865906422
0.5636202850686349
0.5356081809962304
-0.0529317874734161
-0.2330109385953482
0.4204679009492642
-0.4581617670388249
-0.5035472647615259
0.5526668020980472
0.4366355636316311
-0.4608226709672495
-0.6696935606775559
-0.3612601278358316
-0.1341398722146157
0.5143797800877337
0.3642938597765277
0.2891206395311952
0.2083522929530835
-0.6897115363572509
-0.2034197719068290
-0.5465979741594771
0.5437255453678910
-0.5938599665523463
0.1074426474123057
0.4122588820324157
-0.4655995490689479
0.3384916275814696
-0.0049860860555405
0.7061573699220803
0.6679877045218108
-0.4558338459959284
-0.0473331454640050
0.5831265737431404
-0.0610811246401994
0.1168125004548612
0.8323536787930652
0.1036727258550053
0.1758621064347366
-0.5018632070308244
0.2129269877274808
0.3757102222664664
0.3304132544169194
-0.3502649467133872
0.7626568528448897
0.0802890502254726
0.8163541435732992
-0.3823002458426253
0.2408412853734857
0.3506587771223081
-0.6447906451039307
-0.6409430415017269
0.3840501908577196
-0.1533155444353231
-0.0493643218693650
0.2041962597388808
-0.2882073977217839
-0.6555540578962900
0.3834137526134403
0.5463361189686037
-0.5524725961274545
-0.1315608000385514
-0.6794559391527731
0.1213679750596392
-0.4484141253365608
0.0033429869232284
0.3118611015125752
-0.8076507673294319
0.3093385704124770
0.3933717893915873
-0.2542032318124764
-0.4901164590336494
-0.7721472459664658
-0.0719204249819432
0.3062395411066776
-0.0415018696106408
0.3648115551424297
-0.6289448546591316
-0.5129553451262829
-0.4544175478099005
-0.3220755098544454
0.4575384699227715
0.3140804096593908
0.1099890348456959
-0.7590664153910576
0.0608491538984514
0.0893681629254623
-0.0152637659216327
0.2268730978625678
-0.9677842356854661
0.2123329457436706
0.7302826424797425
-0.5092719309718799
-0.0304982320911520
-0.4016390673329815
-0.0941618812020008
-0.5749757265479568
0.7577529610296661
0.2558216685737354
-0.1445758553426985
0.2670209604341086
0.0192416104320730
-0.3461021583916234
-0.5753163962443002
0.6910527528965916
-0.4592359443303253
-0.6201588271805574
-0.4387204481577847
0.4126903356614325
-0.2042460078556174
-0.4384975913590783
-0.0293755095753664
-0.1081946342165634
-0.8771256411464642
-0.1606283679168241
0.4590291761065221
-0.0200200095954308
-0.4275692401348964
-0.5841799657461972
-0.5145966645927715
0.4538922124732626
-0.0535120605899068
-0.4933007616003632
0.7056719887931170
-0.2231585124184545
-0.8559107085481024
-0.3628121265674351
0.0802912429209298
0.3128039439554539
-0.1774576816157209
-0.0926597894005539
-0.0942829838867751
0.4595535559183448
-0.8230048714907473
-0.3065915737964017
0.1351424095097233
-0.8505527190872021
-0.4762417095872271
0.1344025531105725
0.1158722959644297
0.1563893772517481
-0.4627896121579567
0.1096609130492095
-0.5963458776018885
0.6274665058614249
0.0979161840927896
-0.5233065842426670
-0.5036198338313974
-0.5678879528961075
0.3747438801476063
0.0845070798043650
0.1343763243493256
0.9215030296477951
0.2441735785748161
0.2569299258420600
-0.0342872230425814
-0.3861987048784847
-0.4540268583146093
-0.7435638918219427
-0.3010768961474486
-0.3963694623219384
0.1478733852742512
-0.8505430891365873
-0.1807386736129701
0.2548228730878884
0.1292072217217214
-0.5155143879914467
0.2728207955650507
0.8019468419423270
-0.0006970184641326
-0.2660935232583990
0.0977033284349839
0.8893117070944588
0.1685507120399940
-0.3168022120948783
-0.1408979181866750
0.5469259897857917
0.3807387125408673
-0.7230700235169790
-0.1150109221394717
-0.8248306338353052
0.0968036131004858
-0.0599582281117051
0.4842851935065304
0.2686193369986372
0.0297869408219733
0.2712512789147357
0.1635811751822230
-0.8534458923186343
0.4128035729666614
0.4391907855254947
0.3755350977553769
-0.5457784445740947
-0.0665247347062052
0.6031460796307222
-0.2458759361749326
-0.9499629791452919
0.0562522496863758
0.1839689823236060
-0.0103179557830369
-0.7464114757693560
0.1392204006737416
0.4419637812672042
0.2589473071816236
-0.4013750079756286
0.2689504888340873
-0.4308799437447929
0.8130091002788905
-0.0973452723529566
0.2674849705097979
-0.1428952316147999
0.7772560351458856
0.1777313099547096
-0.4277485077370547
0.4011194388228476
-0.1514577016942382
0.7601792577579767
-0.1071442649214537
-0.4186071706317571
-0.4609514116066328
0.3443321742457932
0.6018912028401509
-0.2268505727390302
-0.5587722016867843
0.3943029013244499
0.6651361615367872
0.6812164919066859
0.2568689669345081
0.1022413451165567
-0.1307785110223119
-0.3242204027188736
0.4270503999607050
-0.0752652742592841
0.6860054889996579
0.4860459792110499
0.7543034807083697
0.1784335917224704
0.5780685166405622
-0.1838613698668856
-0.1766904045948996
-0.5993962875312729
-0.0652749548414005
0.0084080138119862
0.0565800772941009
-0.7957331656537334
-0.6270698266004460
-0.2437861529486933
0.6816217863683516
0.2770581768549009
0.0773450139544806
0.5971445908096382
0.0107684581001754
0.1950210077868675
-0.6124239995296638
0.4797979046419646
-0.1082534395002134
0.2837166794292458
-0.0156777890293262
0.9481902610393125
-0.0920623400276601
-0.6405607064254694
0.3056649182890246
-0.5296238754738609
-0.4215639755826333
-0.1950212914788562
-0.5207214582589277
-0.6685537361301264
-0.0409068106251732
-0.0090351736969857
-0.5292731462070287
0.6129036840863827
-0.4236164393853606
-0.6148377508079920
0.2532148817493196
0.0524876190911372
0.3912259603568036
-0.8049773049502073
0.3406575913065914
0.2708739289223100
-0.0976396772494698
0.1235785402704522
-0.4673157297105953
-0.7456267410683883
0.2527828079332966
-0.3827348536085664
0.9710091362259575
-0.1466974383152537
-0.1616931530463377
0.0859640802939040
-0.0456795371541704
-0.2803857843989803
-0.4176025051866574
0.1560938532329651
0.2691527623343916
0.8063395432939208
0.3377897673955162
0.4749351183460952
-0.0737460335100394
0.6121734864585080
0.5292823928898776
-0.0376346072668596
0.5226161838621900
-0.1677805427885024
-0.0184477049556242
0.8348444959060680
-0.0248436875630536
0.0455007266629885
-0.7022168081251440
-0.6954548761988137
0.1433406593372479
0.3813779356844825
0.0367272465985284
0.4917297161965579
-0.4858827098011000
-0.6126351753335149
-0.4696705293376807
0.2707290042100586
0.1337453865315721
-0.4667443971025109
0.6858405350415117
0.5942870466445594
-0.5237229266846359
-0.1125751572462102
-0.5814396428542520
0.1476210619927854
0.7779234934214327
0.2820269574538873
-0.0500139885152718
0.5239191707627000
-0.1957118726915067
0.3019918868258484
0.6966020353237574
0.0986832565960540
0.6387095613843047
-0.0765389818199149
0.0556510716731191
0.0869391441447808
-0.6223700304640861
-0.0051690110232708
-0.7758694284105929
0.8618945115595742
0.2006197189434744
0.2279801998382251
0.2381542399085153
0.3289333759438900
0.1861014159648827
-0.4865529806316439
-0.4166257925060938
-0.2390458855440693
-0.7056291332119514
-0.3109337122373235
-0.1391215208750189
-0.2229831257433260
-0.7680287081759640
0.4943438662257629
-0.2753578484527389
-0.6761713332730809
-0.5821648599742656
-0.2057871398190266
-0.2927560627065323
0.6233049858622955
-0.1411995039829698
-0.5723152323291292
0.0365023557347163
-0.5125197045422136
0.7862177264374960
-0.1656696526520287
0.3369728890942796
0.2863269402414784
-0.3985993077427733
-0.6597688281229742
0.6332914411727247
0.1407127383073251
-0.0290011430050808
0.3781612129199184
0.5226282614506681
0.0736763751423265
-0.3284341523066607
-0.7757194131038396
0.1087285234489054
-0.2185546685120427
-0.2106830033036928
-0.8159407588637315
0.4869880513457237
0.0702128539649271
-0.0315823152613045
-0.2502071942412725
0.0456858239098236
0.7969055301415746
0.5470404910389196
0.1296119369108899
0.0111459994816983
-0.1754438394578478
0.3737314033976883
0.9014548296040378
-0.4290538952595607
-0.2271055457039055
-0.2763728930858566
0.8221688976254442
0.1095086928871178
0.0868189500727566
-0.0091260913561375
0.6038838224675334
0.0786797174197118
-0.7883609677004428
0.3355799601133931
0.6555891052780457
0.3379721868999457
-0.3823665306298489
-0.4440266349524386
-0.2924225721473253
-0.1225199748781541
0.9030298553592772
-0.2368535860849534
0.1670788859883252
0.4196078557059435
0.3517289608482916
-0.3593637075830175
0.3936053655241165
-0.6450957505930847
-0.4377171872379746
-0.5793466193978276
0.2642671934327844
0.5760087808654790
0.2667168787868675
-0.5949468120519095
0.2963066890043937
0.0331106941518508
-0.4753099243015776
-0.5755213242563083
-0.6338210001838828
0.7112182960057564
0.0976310440190974
-0.0448327693848904
-0.2844251697469712
