0.5855746081090407
-0.0804128351733293
0.4550754703120511
0.0324711380497956
0.1723403632652463
-0.4028041359603866
0.1847776629994043
-0.4526706803059614
0.1071549974661610
-0.2546123266672426
-0.3269005931844808
-0.2969894275641382
0.1911975773824941
0.5597428298024248
0.4384794863510326
-0.1301050421052750
0.0772130833577173
-0.4184302258611413
-0.3535376868442575
-0.0309210091738922
0.0000838178306101
0.0873664007184647
0.0721430562464558
0.0304709727683034
-0.5910011212449220
-0.4717670374490943
-0.5370684653657072
0.0767739333729092
-0.0472071244659754
-0.1112028567776510
0.0677016847895147
-0.4961813064197036
-0.0086737523874846
0.1061144061818659
0.7077618700731140
-0.4652627239804321
-0.5117608091366709
0.2542057573895475
0.1928039460988226
-0.0979676674405976
0.3331950106262931
0.6295802285846597
-0.3205457693453614
-0.1040610236049740
0.0757681690214626
-0.2772650930411656
-0.1308220748571139
0.0237279847292350
0.3628662069702054
0.0851411589300763
-0.6921922739995137
0.1213177904192649
0.4024353125804046
-0.3327512633758492
-0.1543411755888087
0.4521770117083559
0.3810533495341968
-0.0428473192904911
0.1135720018109918
0.0512663335458628
-0.1450865476179302
0.0972705098313916
0.7606830540413094
-0.7649786502900968
-0.1468990452327848
0.2785010909594178
-0.1152564223626493
0.1142179474775513
0.0361761959618790
0.0554521177307757
0.1659116612825480
-0.5073710290881766
0.0162951995403637
-0.4607302365442792
0.2363297337197179
-0.5785790910758718
0.3400242080261142
-0.1070647788058136
-0.2378764897941559
-0.3934578408135584
-0.2416257066965288
-0.2852251005419821
0.0687483688141616
-0.0126298116512788
0.7216961002073611
0.1119508168400774
0.2599303223070338
-0.1635138466425474
-0.2264124167542199
0.4845816879115635
0.1443996313356558
0.3019728727711214
-0.4043936842292181
0.1419477167311020
0.2479386236678012
0.4485173155283493
-0.3529904984283235
0.3296625299974759
0.4564610666319481
-0.2282027457496400
0.4333144866405571
0.1007958685498662
0.5225163792057295
0.5093741905214848
0.0408912305117106
-0.2872200183765973
0.3025948536281599
-0.2044156201078771
-0.2379375782851024
-0.3961472327025427
-0.2048647555941965
-0.1358105464817302
-0.4421854529555239
-0.6185826511039404
-0.3583769619798817
-0.0464737931618430
-0.1314255487360114
-0.2104323097571404
0.0180821677171796
0.2224139195442590
-0.0775338932308939
0.5048191256767841
0.2508574653295863
0.3956323380471433
-0.5149262988489982
-0.4005820319219386
-0.1305926310298611
-0.1206640152751771
0.0230444083695562
0.0990311051211343
-0.0424052287739395
-0.1354183931314290
0.7303150978340210
-0.5676257174637230
0.2869705798920231
0.2668865907386561
0.8699995703626938
-0.0585484807792176
0.0306986857249458
0.2160934176255175
-0.2481760243922867
0.1768678772949216
0.0751086077919796
0.1493007305351638
-0.5254888718535906
0.2541519904672972
0.3099609481998462
0.3425285090461208
-0.1851627214869110
0.4425706202314693
0.4581153303664694
-0.0730847381668072
-0.0223968790470534
0.5070723308309765
-0.1097693008704263
-0.1926829822403735
0.4981726005842192
-0.0775975822108517
0.2538944658255941
0.6048776655486513
-0.0396329357375760
-0.0871443392170264
-0.2175409071747096
-0.3752009052637832
-0.3310111646275511
-0.1752874061473968
0.0567180466517172
0.4268096220071515
0.6814512693821774
0.0144781498049241
-0.1470963252927939
0.7901455155565450
0.3789784408778910
0.1262702496739098
-0.1442554563084478
-0.0526645213092098
0.1854984390131395
0.1430959830707600
-0.1023042194512362
-0.3566030799062469
-0.3465196199128476
0.1167786340234675
0.1493938004040883
-0.7309865704594295
-0.0973207396099230
0.3968059416460831
0.2324028531543184
0.2977250159498405
0.0070339817597342
0.1757036252989042
-0.1571448318692807
-0.4309838880678485
-0.1231558741170457
-0.0348394467398435
-0.3001187158731440
-0.1343572019652506
-0.7871998032510755
-0.1204111213511364
-0.0737815604624406
-0.5468680056788441
0.2470021969531374
-0.1460376482190738
0.4720593395387070
-0.1389453460326790
-0.1910925901554740
0.5547309559292314
-0.1636030103487963
-0.1608728037964035
0.1801334507324416
-0.1030769231693989
0.1354407036331904
-0.4522149425127007
0.3453317330232559
-0.7332260711828975
-0.1296417783160227
0.1858037201546962
0.0754270224453381
-0.2774998917078405
0.2474475530403818
-0.5429239384772846
0.1771466296758014
-0.4088768233662430
0.0336724282129987
0.0624040363314801
0.5980958105905967
0.2664290198805132
0.0890749593411162
-0.6287480064220415
-0.1963806181957376
-0.4688244145688312
0.4084376133027296
0.2006646742456956
0.2013592979245758
0.1405785623564602
0.4127411473060155
-0.0144071118120557
0.0021408250307848
0.0907666457404596
0.6449070094138418
-0.1940363466761812
-0.1442040469463896
-0.1603643998190486
-0.5666809603572173
0.1207851272606666
0.3368378746639009
-0.1937184857070812
0.3055245471993260
0.0319774503383588
-0.4122029292575243
0.4493638380295818
-0.3847306471731111
-0.4692544688726899
-0.3086737148513906
0.4107729352192152
-0.2300299622219608
0.0941746740604872
0.1984411248592428
0.0489125486668300
0.5334713988395537
0.4168432796527817
-0.4172314826004784
-0.0601560433719996
0.3533349772997760
-0.4964754352706511
-0.3999988477198180
-0.0297158583587543
0.2655719493433966
0.2048710647893224
-0.3138673065523258
-0.5031425011183779
0.4793492076669851
0.1731900991651488
0.4085046939656686
-0.0317860863736400
0.1465667332421437
-0.4533904003580705
0.0401185204809062
0.5799239461094138
-0.0858903079191504
0.4952885377354725
-0.2322699968680177
-0.2684810722998226
0.1329680191339335
0.0706889077384853
0.4252062531803129
-0.5602907932856110
-0.2330654951496156
-0.2386100483137050
-0.4096717191613328
-0.2241247605907900
0.5342558418773937
-0.3368855795731396
-0.2044886518221906
0.2365113148435204
0.0886774861172238
-0.4771225490845029
0.2230541229007751
0.1781869218816061
0.3514255084994363
0.1393760977699498
-0.6740419654488737
0.1549636585947438
-0.0568605400969412
0.4150036273246098
-0.3924109582765815
0.1324010485502243
-0.0639661676849614
0.0306991808479495
-0.2654302694769748
0.3329128554068688
-0.0505927049792355
-0.5825570031399770
0.1836138277115929
0.0014518662426208
0.6618408140105552
0.0056232301555770
-0.7571030252152550
-0.1773474539475695
0.0903877059511583
0.3175819765080229
-0.4766543754028097
0.0931202643496174
-0.1857079539424312
0.1261934962678996
-0.2668027836514892
0.2513127407474454
-0.1917756353841745
-0.0876807150836470
0.3286736202854085
-0.3756352750554399
-0.1499171167382197
0.6674062784746071
0.3227350118492288
0.0361231698928723
0.3634614302806490
0.8752714047674708
-0.1159096702746374
-0.0566619574857283
-0.0119639241811939
0.2619605588747354
-0.0402753136216368
-0.1160029026672443
-0.1480380717364526
0.3697296975610561
0.2995082529718350
-0.4413184224689862
0.6503983371986412
-0.0998833858242481
0.0335990880118145
0.2379761230998636
-0.2572184184187973
0.1455243448291222
0.5188878364677830
-0.2452507933524590
-0.3065789639221894
0.3937467904937745
0.0511855557060179
-0.5712321587430760
-0.2557680780524196
-0.0778426643829665
0.3115473561477391
-0.4656561880664416
0.5355950709763901
-0.3476115609273652
0.0480099480457725
0.3365141256207621
0.3662910510128559
0.1683005105386325
-0.0191252266624610
-0.4718291720208109
0.1519066523341701
-0.2439069437822321
0.1357650022049292
0.6636569046659353
-0.3917432992717363
0.2374808138730558
-0.1575793933401319
0.0353152454268666
0.5327903798177912
-0.6865279113450060
-0.1572824000601727
0.1578398520900840
-0.0342607642957020
0.1319864900745555
-0.0423473674911077
0.3860710731532783
0.1603878400936077
-0.1530682057559936
-0.2574005163657082
0.5792177909169567
-0.3459791572673730
-0.4373264077001348
-0.2560302171769283
-0.0909951552863353
0.4357870724913973
-0.0111320333888561
-0.5962788374923638
0.3363977477092066
0.2869260326640581
0.3132592964967391
-0.3886741893962612
-0.2035247334945085
-0.2726472833114076
0.2897258732085297
-0.0079121983400955
0.2622755807239601
-0.5075014026569994
0.2866778265618877
0.4449577646347257
0.4536640306911073
0.3109849653318444
0.0189402760748861
-0.2931831634978862
0.0681502361282524
0.4049860053050721
0.0373810106975109
-0.0027384872589403
0.1027725060177842
0.7687657576161232
-0.1750601247442629
0.0465929465525376
0.1415028355088341
0.4244743994124651
-0.1910288850320201
-0.1584132916699639
-0.3642774256680012
-0.5551679431588591
0.6151493926122812
0.1699119891753919
-0.1311647998181601
0.0760827425260624
0.2592914545925952
-0.1682198751656319
-0.1587395696799241
0.6905931449804581
0.3667404427085677
-0.1739432462122111
0.3782620977105960
-0.3684471921392726
-0.0568655583747617
-0.1508671130934963
-0.1499404508912909
-0.2821513015775057
-0.3500851545113792
0.4729270291583578
0.3681427527066553
0.0250333272943306
0.3795110865252909
0.4711513052201660
0.2225330151566235
-0.0032987324311010
-0.2636367810986343
-0.0722967472341489
0.3226161781985383
-0.1526677866711797
0.8743144151478502
0.0240939462682369
0.1525223347336351
0.0979796788035625
-0.3137936666399120
0.0485524283041117
0.2260416771354424
0.3006195017828571
-0.3198065350279961
-0.4257365251615141
-0.1719340328587924
-0.6311411678843535
0.2151301412432710
0.3774024327084607
0.0735265226649467
0.5967814283968569
-0.2014530715562744
0.4276280455279921
0.2782138835937031
-0.4248112424477156
-0.0423141628200350
0.1136047996352862
0.4104307672675933
-0.4653297018280562
0.3807915953656645
0.1521365735374280
-0.1594390791287363
-0.3053292824782441
-0.3752663216361626
0.0551446306242226
-0.4293652811241185
0.1976887567404711
0.4816445893915113
0.3589394239353484
0.4304202615239644
0.1795590553679876
0.1452677451159675
-0.1579330265253930
-0.5532173896711274
-0.1746483327866702
0.0072107727179397
-0.4237893658100354
-0.2704828158885838
-0.0023977943225906
0.0880128883340736
0.2848267251163824
0.1820864110402027
-0.1372006905016216
0.7786731359572221
-0.0435834736945399
-0.2305953753487535
-0.3832972235580485
-0.6506206123233181
-0.2703067743320349
0.2317422280472582
-0.4692298777944373
-0.0244999582770942
-0.1647882648751057
-0.2850324235076985
0.0367007883492068
-0.5009773057401935
-0.2866819082452424
0.2920734999626912
-0.3413994415309468
-0.2791213644504130
0.1945159499579029
-0.5163710810679212
0.4443015623128747
0.3775761068436133
0.0144177917140128
-0.6202806239929994
-0.0514244747587260
0.0667579772495505
-0.2104773380664134
0.3534898607472109
0.3141967288608168
0.5846913524516588
0.1442412461851375
0.2521779346389847
0.5895318317438539
0.0144014727641507
0.2708491979798063
-0.2367349101236111
0.3090312794710179
0.0328413471458062
0.0847223661357769
-0.2021126374466839
0.3917927524149462
0.4156870247113360
0.2026458295969192
0.1582634110287726
0.2859414847126616
0.3096658007347439
-0.6179864551546429
0.1025412427430399
0.2460603419428966
0.0809183325996004
-0.2026165856260142
-0.5196219257991835
0.0695046851811457
0.7464030226901407
0.0332598125680529
-0.2197198441010534
-0.3883158998848342
-0.2355386841667710
0.4024843163314779
-0.0422904159837365
0.5766902421222577
0.1751054869176906
0.3329550979091774
0.0923113991409235
0.3838438842002677
