0.9425740536054249
0.1226489483228493
0.3106628219551492
0.2971839481859126
0.8887549255791741
0.3489933856097985
-0.5675819752224839
0.8092066241088307
-0.1517739796570330
-0.6290589116457084
0.6932091899548358
0.3517753610491748
-0.4467658965590826
-0.8820914806711047
0.1493815698110632
0.4130100543820913
0.6657462481858121
-0.6214536410753557
0.4427948253539915
-0.2078772580229136
0.8721925178746968
-0.3707327170828192
-0.1079279907558421
0.9224471807620193
0.3491310943456624
-0.4061276625943020
-0.8444926291192180
-0.9002967163061540
0.4351693091071208
-0.0096692822684859
0.0010996020744677
0.9090499054579834
-0.4166858052083243
0.7931063700386616
-0.3346974231616592
0.5088810477243606
-0.9790268697350319
-0.0341729759273570
0.2008447063108540
0.0039415617714188
0.4746349278769199
-0.8801739312943058
0.1686643688105343
-0.8069660538506670
-0.5660018715750210
-0.0788801442496294
-0.1462238079356968
-0.9861016787512037
0.2557629889860981
0.5851102957245433
0.7695656146827472
0.7497176960678478
0.2693422722449004
-0.6044651491894898
0.1365758817324189
-0.9874756030925189
-0.0789870991116806
-0.4081623926988495
0.6648266419801001
-0.6256268834535599
-0.7266937138591281
-0.5950099533105703
-0.3433356982589792
-0.7719783787625911
0.2501733885443814
0.5843480627051854
-0.6475617215465811
-0.2460670892848490
-0.7211898531999119
0.8312330928276918
0.5316488229711813
-0.1624840743625895
