0.1748805957165042
0.0494230779097508
-0.0591303786686416
-0.2141924968032793
0.2192015115597344
0.7394492852376459
0.2603794313810408
-0.0229891911619205
0.1728647724585877
0.0586736859152618
0.1772951586612307
-0.3976650900455054
0.0443341928108848
-0.1646114382440912
-0.0498039715653558
0.1835591788090013
-0.1007936868155685
0.3331925006270673
0.0509665582939445
0.0171628784211326
0.3602890681800933
-0.3246088250552089
-0.2665382311634850
-0.3384072226585322
0.0549746943769432
-0.2938946342597130
0.2403537597942876
0.0288008379685435
0.1744354568799812
0.4930240002936599
0.5395510379002781
0.3201268047687642
0.4899293749771217
0.3233466635911771
0.1214709207042644
-0.1398128027448600
0.2737816987083491
0.1681777535145627
0.0704282376402715
-0.0075981437617983
0.0711226924552758
-0.2134996579089809
-0.0239793565561410
0.2319240260950704
0.1193921947165454
0.1866574188113525
0.2406537019709608
-0.1064839125988307
0.0165610425081322
-0.6752014465806243
0.0012312689229604
0.3866369235762143
-0.0029308306884340
-0.1427572406885887
-0.1504755369893279
-0.4540414213533944
-0.0284525589880275
0.0371364191279750
-0.1767783072472925
-0.0872991470326084
0.3039168887044100
-0.3707896986348171
-0.3853381290929013
0.1471921804761749
-0.0959029842335300
-0.1677978493729124
-0.0942440802292328
0.1640341990832301
-0.3179268905579711
0.1005498604702837
0.1982930650938339
-0.3621973575384383
0.3070000693609567
0.3881318198169966
-0.0162986766183151
0.3486458782617610
0.4039195959013528
-0.1550419866164917
-0.3479652429849856
-0.1138044281678248
0.0877105341796161
-0.5270593530303307
0.1727102006560622
0.1223469824792344
0.2513224920803053
-0.1078430933300014
0.1006032855779199
0.3429801754478134
-0.0221920569271472
-0.1546007821394896
-0.0870436086038161
0.3692239081814458
0.1288988461246265
-0.1308044713183037
0.0968861930749775
-0.3619078385572939
0.0625655563839552
-0.4524722025687971
-0.3110055387742681
0.4739421821613716
0.2356359761927317
-0.1767925155815724
0.0945103412942282
-0.2372440465989177
-0.0044884672393577
-0.2010740652052505
-0.1442240114640184
0.3007685078680869
-0.1321931902131989
-0.0853027592996094
-0.0218549670631911
-0.1148397905962720
0.2564797925869396
-0.2995511375073079
-0.2984444743083166
0.0262210615240906
-0.3858567784182431
0.3808872582195325
-0.4591628038063515
0.2445998538365874
0.1861958130644414
0.0202451501954707
0.0669399530806169
-0.1264811890978631
-0.3277024441996908
-0.0394538833080030
0.0100275966403742
0.1928877900079446
0.1191828401950398
-0.1374371342992124
0.6950468424212153
0.4200797955735517
-0.0264619804457927
-0.1579602975224232
0.2826458851868981
-0.0800892071627291
-0.4218534294113782
0.2712596375690082
-0.2648037801759877
-0.2339338066461211
0.0742063953972755
0.4141781013653324
0.0245124606750457
0.0747178380583930
0.5418760499931267
-0.0264248002422211
0.1933463297238195
0.2736067359995572
0.1627641009863424
-0.0300052314037594
-0.5120163491616623
0.3307885380492459
0.0056885553644101
0.2873351237961742
-0.0930034194016459
0.0464652587076773
-0.0188003410176140
0.1856387910865214
0.3869469200778599
0.1144988047989954
-0.0413714298905675
-0.0974406326499206
0.4023174944474660
0.2679856332509664
0.3041063384142788
0.1098821127572510
-0.1137016023495176
-0.0390767528697749
0.1463090984677068
-0.2489749035009852
0.0242644434838642
-0.0781969555261412
-0.7472830809606040
0.3289809382076033
-0.2844461402952894
0.1688605938457180
-0.1123570123867949
0.3051594348936434
0.0392585989708537
-0.0009529734626795
-0.0440005456721559
-0.1027970840722437
0.3718478374299695
-0.4892123473445114
-0.2292021485051087
-0.2044239690667199
-0.2511159738342113
-0.0063561722239289
0.2891376771840298
-0.0993140816869877
-0.0652898120601158
-0.3945583797987317
-0.3243559429678012
0.2970124830582806
-0.0751572258322702
-0.1669121163850484
0.3187672589555154
-0.2238021202445980
-0.4641491409967651
0.0542078153878813
0.0580680097623704
0.2767752278380686
-0.0895385048195449
-0.3303780343888331
-0.3054928349384110
0.1112613717869394
0.0340785146870677
0.0051835400125866
0.4935370907103075
0.2333500149912880
0.2476483398707534
-0.1373275595243133
-0.0920196539201138
-0.3012727973274399
0.4513466974307263
-0.3756662008014268
0.2179099229301835
-0.0228180832945779
0.2971976701781421
-0.2018832525894738
-0.3018461860657142
0.1573364810845078
0.3422660225126578
-0.1269059139606957
0.2225620330866667
-0.0897940913725662
0.0644082691407857
0.3804410423371503
0.0204528045049183
0.1300780009116353
0.0843964730730540
-0.0041112820164943
0.0166025525759083
-0.1886881629249383
-0.3163122733882375
0.0933702673002952
0.2556511794246367
0.3782903339078743
0.1820635665962717
-0.6575076921551040
