-0.1279332648752128
0.1182360556316209
-0.4444382056755478
-0.2623292267934381
-0.0525393947353401
-0.0934660406717761
0.2790494473564907
0.3176459331923405
0.7141203939979466
-0.0331241475547589
0.0445242070819876
0.0821872630730184
-0.3028099063084246
-0.2791163470207251
0.3640637478602467
0.3267552866435742
0.1290147825887382
-0.1632069285968099
0.1473170175582032
-0.2708712175881354
0.6677977754338172
0.0050343497674127
-0.4011425834145012
-0.3427723212269000
-0.1583713689241670
0.0170219118780357
-0.1304496603052440
0.2301456913617988
0.6756299959920627
-0.2564532465727061
0.3008675822089891
-0.0622656288044817
-0.0979484800831260
-0.0213887023643992
0.5671130880337933
-0.1862194472962029
0.1861754254314742
-0.0738083805893480
0.1826630401749240
0.6807125081545922
0.2155912411665481
0.0269570882724089
-0.1555978502714726
0.1870464013869345
0.1160848825333117
-0.2734236704990315
-0.1885026292383253
-0.1280758339596295
-0.2886309579463672
-0.0115273175600580
0.2671499407387345
0.5840248796987108
0.0106794944136359
-0.5772778962907661
-0.1748383680948035
0.4191742718338137
-0.0586303996438150
0.0087596448690387
0.3828491290459078
-0.4581100491387802
-0.1645203651588910
-0.4308632931630592
-0.2960460798577753
-0.0450589826307389
0.3954856463118367
0.0744834495571026
-0.1258356322119751
0.1375770509847549
-0.3284727522726403
-0.5086613777058817
-0.0822585692287898
0.3533936477080002
0.2137561220865177
-0.3734875024477609
0.1882839904558859
0.1016433992997862
0.4857847508965960
0.0461380238380588
-0.2705893461766343
0.1810252858562356
-0.0255926764932161
-0.4124926712859354
-0.0557437725241745
-0.0071885981969180
-0.7527001058735133
0.1883368693098320
-0.0922472951627373
-0.3276896582293432
0.2794225761245059
0.1605338741567430
0.6308116553140903
0.4827310772572755
0.0985598339146767
-0.2616252153713390
0.0869518191167331
-0.3503857951437087
0.2367272996615417
-0.0211993402444727
-0.0147450626538706
0.2521850294937670
-0.1202242313564465
0.1890768031850579
0.0123178847184285
0.4017643802910151
0.3498559045058313
0.6355838102049564
-0.2137863176501083
-0.0024381135062722
0.0343438658355622
0.3890713189019485
0.3074228637178202
0.4765366666138706
0.4087343216651362
-0.2813079812240952
0.1117555052721149
0.0104471950442517
0.2485803240655519
0.1303224294534144
0.5041662151763493
0.1086265482121967
0.2735840140666220
0.1726184726291429
-0.4085697903663764
0.0296259734019967
-0.0227069482742235
-0.1120325913618062
-0.4210220902958282
0.0278147338839107
0.5208267093479030
-0.5249035057856054
0.1159784409446597
0.2259658684884347
0.5324585230456184
0.2195851585457800
0.1144082352438130
0.3963861937996545
0.5323181239538702
0.3382344463771124
0.0524974036953533
0.2063125334162418
-0.1287835513235806
0.0280502786275832
-0.1939098620187840
0.2927928057189922
0.2247029629417979
0.0893870200591812
-0.5125715842594980
-0.0482780085057777
0.3275374744567631
0.1857053616987592
0.2781514288866234
-0.2877899328834594
-0.3642447896672402
0.3950920256295886
0.5383983315131252
-0.2476844457480727
0.0450625659643175
0.0157674074852743
-0.3777711018129138
0.1175928348756533
0.3961768751250281
-0.0890129271303726
0.5113423836226797
-0.2078164631378449
0.1429097357391239
-0.0677836480059764
-0.1122496145226752
-0.0266220200809780
-0.2350983124217724
-0.1123193775141623
-0.4371848533511214
0.0341943537499032
-0.2872342957891968
-0.4656880870933928
0.4436873395260935
-0.4750605959860379
-0.0119484589018046
0.0913448705248331
0.3851706671754066
-0.0833684187319198
-0.3489776784397934
0.1781843470660355
-0.3889079864574538
-0.3619964096594525
0.4234035968414696
-0.0016224282333932
0.4702206616552451
-0.1975390190417328
0.2800527649077178
0.0524100740997924
0.1576090825926709
0.5536389584596212
0.0273318085505803
-0.2550794686432370
0.3661960509570347
0.4981026272639183
-0.1060579574141054
-0.2986278976919443
0.0540637149634085
0.3557867295681181
-0.0884683507782101
-0.0361830807267779
-0.0102665118263189
-0.3126556402548257
0.5658424663215040
-0.6038018998626535
0.1920718626020529
0.2045466813930205
-0.0035674186990711
0.1740264217153313
0.3251538652488000
-0.0548377221125059
0.0388336382614004
-0.0827682285664290
-0.4654425035426339
-0.0771329226468605
-0.5161076171819573
-0.3929136480441653
-0.4222508750991370
-0.1760503929473384
0.0600064292697811
0.1409062736211369
0.3050316718620894
0.0754278436454956
-0.0058724010985661
0.0263345282957430
-0.0745677427745753
0.0541585436522651
-0.3606020819921723
0.2579083278433607
0.8197797962673918
0.3084719415626864
0.4994315666519403
-0.2262580765995529
-0.1378250418582619
-0.1016192142623353
0.2969746214364224
-0.0531296781761757
0.1508839562268641
-0.0441220084802910
0.6453814856811566
0.2065225822607484
-0.4860809019909758
-0.0330567172817130
0.2336829232201604
-0.2356998688489035
-0.2095219292849065
-0.0464832766049500
0.1296327499289061
0.0514312545903724
-0.6632318082295658
-0.3767339516804559
0.0718026039067062
-0.0068500303825689
-0.4668083870366114
-0.1250938597199323
0.6559661186910013
0.1145521450094181
0.3716450721885799
0.0843261032415934
0.1671997904595265
0.2183977412281955
-0.1890077372309347
-0.2576287463254004
0.1372468732691587
-0.3299176201109998
0.7053805016820801
-0.1524526129220613
0.3181941879486186
0.0723616625445361
0.1680649928683127
0.3098565108310803
-0.2522672325156051
-0.2375665521461172
-0.0263995169596575
0.1400604287098447
0.4502419471290920
-0.2667030362432201
-0.0053168387040581
-0.5213588696340631
-0.1208107692239230
0.0295817334609032
0.2902598077781277
-0.5759095096144221
-0.0354222623938706
-0.0452088401742965
0.2492697941910450
0.0977733637639346
-0.2168872094196005
0.2961217450883547
0.4104559780643695
-0.0961797437738897
0.3700253626596463
-0.2329827018957127
0.3258142815936588
-0.5596505822762694
-0.0727235020503508
0.6093664696717467
-0.1946180220501755
-0.3607106632262272
-0.1393380590422678
0.0586172051078048
0.2165816997584663
-0.1694081311418721
0.0287727241270618
-0.5689475154659921
-0.1420301930226331
-0.1323805455107971
0.1258172205563734
0.2291761573235570
-0.3956018429627149
-0.0531454495927612
0.0566855745226508
-0.6657155668110488
-0.0398008305054032
0.3329998363080737
0.0455314976071516
0.4570625932757953
-0.0498022104727914
-0.3289695922787234
0.1968359009174228
0.1590173244107085
0.3192804329360228
0.0123487878520882
-0.1037409519097993
0.2802163803301784
-0.4421536674229637
-0.0894106446531089
-0.4095407422842906
0.5149315343751040
-0.3523246198454013
-0.5211959566451115
-0.2944059823655082
-0.0419694838343109
0.4255406063450135
-0.3443015061852140
-0.1837336152408028
0.4007779873926129
0.1355049506678475
0.0583349591452992
0.0034476847108263
-0.0119808815684869
0.0504635541661567
-0.5448203009357601
0.0641594239871866
-0.3288504380578042
0.3018481395153632
0.1978475228949254
-0.3154256319171989
-0.1726671724470583
-0.5712189431734922
0.0486557414170217
-0.2262939230257196
0.1263781901390676
0.1031248750374869
0.4782648620077100
0.2156561175207911
0.1239408083710055
0.3733816350819177
-0.4091249626440957
-0.2604203766954499
-0.0801394541486628
-0.5005402333357709
0.1421129062182344
0.3365943875281469
-0.0327544279950293
0.1455281146474384
-0.5405249052486868
-0.4660690467986575
0.1459994058316464
0.0385372865240646
0.2258478655198561
0.0217265152469342
0.5104792621706064
0.2654738801150025
-0.3246477077418147
-0.2731963787199798
0.3563739453424709
0.2488375405843630
0.2731823296228351
-0.0939374149913535
-0.6760072162797631
-0.0883315249415035
-0.0137764722409039
0.1101720648090961
-0.1558503330795720
-0.2913938513804341
0.1938241975470537
-0.4543103654886257
0.1519749361130146
-0.5409626601121289
0.4320177274340694
-0.0118719767747368
0.3025372210846882
0.0802759632222794
-0.2152773267360091
0.2180287904042282
-0.1476084307320932
0.0811042545025056
-0.4101340771119373
0.0230978048326433
0.0842386017282776
0.5455330428701924
-0.3012219923749450
-0.3050699970238277
-0.3565564926307708
-0.3737866513678229
0.0787209953384130
0.1715396194974314
-0.0488812722058536
-0.2041139823973365
-0.0066187690710215
-0.6150048201702346
-0.3314616146472659
-0.3436606058648618
0.5553652102170080
-0.0702908180864481
-0.0266420810332999
0.3780474046988422
-0.1196312962102420
0.5877436576346218
-0.2793188755408234
-0.4665201664295961
-0.3891884145314455
-0.1193034766041825
0.0546261495055148
-0.0677570281210692
0.0359587029912583
-0.1646110714173225
0.1135579988971230
-0.0875283377196618
0.0763073716005095
0.4515923580644298
0.1930344013473234
-0.3399589611767337
0.5395803859730089
0.4018892561696467
0.3695636326816685
0.1657786465462960
0.0113453677284481
-0.1376872184638292
-0.0339513511581506
0.4638578869711957
0.3151795916663536
-0.0154777486339141
0.4848729546615592
-0.4641990628895595
-0.0156870128154191
0.2169514173428432
0.2833800256224076
-0.2948675460023220
0.4560134798717311
-0.4475808764559924
0.2063662520353407
0.4044595352992124
0.2903066242798373
-0.1101685635488853
-0.3233444832882751
0.1217619387313429
0.0828107397277859
-0.0178623002989042
0.4032110688641916
-0.1409227309255295
-0.0034941968935843
0.1228847121021413
0.1866919765833429
-0.5329915808253668
-0.4513946314905166
0.5410718055747086
-0.0220550508406097
-0.1287728716105989
-0.1708586659327467
-0.3214290420850932
0.1494602499880261
0.3961247421492597
0.3476523113790262
-0.3641511101372754
0.0939203575563671
0.2432226995564366
0.0242919876295288
0.1735492105070458
-0.5029618517025042
0.2185563007215892
-0.4096992025651797
0.2222290720478309
0.3153188320695989
-0.2183307737110370
0.1496225095205280
0.1078702805882097
0.1334552998466847
-0.4464777520296520
-0.3209705901382690
-0.1623956441909907
0.1887949341660181
-0.6223394265777140
0.2312797445552211
-0.3241359435891440
0.3483342644889442
-0.3380514273863446
0.1473440589091806
-0.3390474236699391
0.0151682240762135
-0.4689183333040207
-0.0089520815681920
-0.2499147350140944
0.4318733869922730
0.1483964860940235
-0.0509957758807594
0.0138746904775361
0.0626761141005773
0.7753824768534405
-0.4560940093174007
-0.1598296251214623
-0.2340300558979511
-0.0709799755638729
0.0361273852678791
-0.2745149534518392
-0.1096963618160772
0.3553118407460913
-0.0816045891446454
0.1184206497995128
0.1535156271388533
0.2042333754644265
-0.1701484600785672
0.2111812859075016
-0.3443559721148306
-0.6318569559972727
-0.4294028912037781
0.1083488053130942
0.4746867701791768
0.4321141165609402
-0.1516720658358901
0.5020002936553903
0.1548751165991134
-0.1590027880282565
-0.3136073087263898
-0.1455192994273197
-0.3396231914729629
0.1306299175792614
-0.3213687236211328
0.4795027588031318
-0.3377207189856362
-0.1453941788145460
-0.1188855827239835
-0.0393783094982440
-0.3149291342625343
0.1206546594600450
-0.0640564200036904
-0.3790557488537913
0.5043765174300360
-0.1352298128301511
0.3814418261420384
0.3518362472793446
0.0046189931381548
0.3628536696384096
-0.4850220801367250
0.4686675184138151
0.0979127560308022
-0.3375139709054510
-0.0216698581865542
0.0432935709315949
-0.5533712008473352
0.2642969107532278
-0.3879954531524611
0.1715487685015468
0.1570400536327973
-0.5321877309595091
0.1182151388783470
-0.0100725372180896
0.0761132562833826
-0.2832196348502850
-0.1897097297347974
0.2348731779706547
0.0184936389949081
-0.6890325309485755
0.2691406125078313
0.1240891661593752
-0.0575344397687244
-0.3634266797210901
0.3506446365225725
0.1540580399239320
-0.3096117950610053
-0.0629109585154010
-0.0638364328723678
0.1423993979811584
0.4881976611293142
0.1379286840411819
-0.0697043178768899
0.3207146007004524
0.4305623405506631
0.2381895199198526
0.3618752861915553
-0.1952979404428434
-0.4464933496129431
0.6453852428746142
0.3138066422224077
-0.2583901535467475
-0.0694091674971919
0.0179977518840125
0.0201066459193724
-0.2209762846179321
-0.2913067572663606
0.1444307601054996
-0.2637489939076418
0.4342557516794330
0.2044376997634214
0.2999351242054997
-0.2778069180352377
0.6926490307466390
0.2543416556376290
-0.3422954617630016
-0.0278130096494355
-0.1252029532810159
-0.1787820202193253
0.0749344674005410
0.2746295606273781
0.2991928435607095
-0.2077022538906565
-0.5493273696053690
0.1634167217568192
-0.1100289842881050
0.2542374561922318
0.2059890435941124
0.2090103605885228
-0.0814174782292224
0.0871895673791412
0.6014874290405416
-0.1649294043213860
0.1467288544253554
-0.1259224316823805
-0.0975635326677451
0.5644051603090504
-0.3558723836367597
0.0864010585376538
-0.0829290873861560
0.2671378106856442
0.1193865549713606
0.6170391874800428
0.0987422289496553
0.2605043609893577
-0.0556225276303567
0.5532215079119603
-0.4673712413083318
-0.0329236942049005
-0.1235218266652467
-0.0779234838731258
0.3751010075907723
-0.4143918447425826
-0.2448849178749083
0.4999709097872078
-0.0266768833186717
0.1759244504641692
0.3968349124007378
-0.1292474388099183
-0.0645008711951498
0.3523092601459877
0.0682868034856628
-0.4030307726889172
-0.4607736926834810
0.1910332655575368
0.1701167068024374
0.4791958055530999
0.0572675944475991
-0.3093018132310744
-0.2268115803733925
0.3884151804587389
-0.4464739184272044
0.2841812825759295
0.3051979811384868
-0.1934254050401856
-0.1718065637706649
0.2712690878138020
0.0243123012625823
-0.3393531909547420
-0.2161142843392286
0.1001759009857013
0.7276758487386826
0.3201785303544968
0.1329323064045523
0.2155364973235319
-0.0920580387839302
-0.2220196305560928
0.4924003424966989
0.0756935159576186
-0.4230439914822782
0.4152089489552154
-0.2524241325149617
0.1057027525955262
0.4051851455808977
-0.1380691245149988
-0.0944646093510005
0.1984925988025663
-0.3065872309868233
-0.2422564813721138
0.0843203429410586
-0.0523519635022687
0.3622923703412607
0.2478456363249954
-0.0882814988536368
-0.6864510719220446
-0.3362522409713860
0.0642260542659119
-0.3774679917219886
0.0098280365223214
0.1097828610324108
0.5644525211229381
-0.4981829420386970
-0.4355830314828717
0.4512613243436561
-0.0006154567996012
-0.0552672366633463
0.0208468292907109
0.0421472456902702
-0.0562229263112375
-0.1391352817575104
-0.5361025556730509
0.2272364856777359
0.1210766759274109
0.3356236656439965
-0.5360372372074955
0.1098402313328430
-0.1946394661258510
-0.3577953795689943
-0.2349596846136828
0.0934816879431794
-0.0663859330149826
-0.7095870302141598
-0.0708530492060927
-0.1346413049152279
0.0622589420682316
-0.1719477180305154
0.3231742135571269
-0.2052575224063217
0.1517712401798439
0.3096836681309957
-0.3944479679310629
-0.1370974525913051
0.0290933057903686
0.2392040140888881
0.3418272051109670
0.4547615438278066
-0.2397472574016128
-0.0716464947046174
0.2430898888975392
0.1755032554280196
-0.3263115088369155
0.5916063292759862
-0.0964251796959217
0.1264067694576718
-0.9223984820491710
-0.0909883387124537
-0.1904183352683883
0.0412591896176535
0.1899112703202726
0.1374924279621065
0.0015534568649708
-0.0751789613948641
-0.1204644935551031
0.1087455103395739
-0.0823722693446107
0.3292281045905316
0.6582249418799574
0.2759378711108493
-0.2700903981836615
0.1028469328349020
-0.2335562118627836
0.2770508142570796
-0.1300236449317842
-0.3472486269949998
0.1519939203016525
-0.0425352216314181
-0.2387833801231497
-0.1289658239265751
0.0530981711340931
0.5797469485662519
-0.0208433768496075
-0.0266564223961729
0.0222051230025870
-0.4715940458129552
-0.4763507435297459
0.3669687654261765
-0.0973392781195742
-0.1253645916428802
-0.1336137803551293
-0.0827435626778675
-0.1928038280922067
0.5748114110483319
0.1151478253871672
-0.4162411924949750
-0.1738470932104860
0.5505807014066694
-0.2503008142882240
0.5575771277198339
-0.1455012857933560
0.2838663109396483
0.0215252220651284
0.1051618550230383
0.1029501694304258
-0.3490379974684824
-0.1395746494654056
0.1757787991501937
-0.5155866686141792
-0.3566504537128073
0.5340840485330610
0.0856127586515127
0.0516906164596583
0.3371621102395093
-0.3608080561917171
0.0853629141829842
-0.0932799707618719
0.6461011193357142
0.1262649454681326
0.0861081252450591
0.0640307791404252
0.1515323828494251
-0.2637127237533631
0.0014367912130210
0.0403208960802949
-0.5027513476967751
-0.1927535296229666
-0.4488651116494425
-0.0603481181189856
-0.1392822413822212
-0.5602577958675964
0.2784649565822821
-0.5386491612135480
-0.4356307063258395
-0.0417644998009527
0.0741274588171456
0.0167828216593412
0.3269868221754069
-0.2509246162533788
-0.2562000672864599
-0.0666093474209973
0.2178034033690231
0.4745155477473706
-0.3759453418785769
-0.0429355969818243
0.3864337519094661
0.5734462252148058
0.5218235731501777
0.1129876196851972
0.0462174665731953
0.1442924950424287
-0.0918427923251382
0.1105466540711091
0.2235440299715531
-0.4961601578066507
0.4835484179094479
0.2307640275734689
-0.1303117006536971
0.0929639874132557
0.5953039769041715
-0.0219902564529240
0.1310154638743229
-0.0370454783315687
0.1431720882352412
0.2173119514710219
0.0086486913033306
0.3952390489929387
-0.2433098364958690
-0.0401944537796755
0.2298229239771906
0.1711119419090662
0.2553443705710856
-0.3565204454311314
-0.6726591363399183
0.1311159174416043
0.1970504440223678
-0.0611327952414140
0.0950995286849308
-0.0029702535674546
0.6105109033029831
-0.1910839991086992
0.3870080038492252
0.2348920207707812
-0.2508266351674184
0.3134554776128822
0.3167870895917682
0.3339184434324159
0.3646433664380406
0.0364174937478095
0.1852221986984914
-0.5998816016819123
0.2713305696144242
0.0927814999676743
-0.0954476371499883
-0.4438620903805588
0.2124735308652294
0.2470989634124058
-0.2774678216277040
