0.3968119242701528
-0.2141471401450062
0.0827420098484280
-0.0527632670009160
0.2513164616434804
0.2625455277066375
-0.4870411888633693
-0.3636471441713016
-0.1129660603313913
-0.4754068908981443
0.0824067177772604
-0.1108161500520689
0.1327753635628010
0.1001957451420467
0.4446896634789518
0.2150317389204019
0.3490690235960791
0.2056828342620395
-0.2951430643614953
-0.2136720484650232
0.0619782685931417
-0.2041804497566921
0.0068352939137408
-0.4533306759881705
0.0447231286552074
0.4053594811775125
0.1788779170053206
-0.0984505403069184
-0.5858791779786560
-0.0659093331870062
-0.0145119082697739
0.3634821142913465
0.1409812188302645
0.3331964568893310
0.2307274677662813
-0.1658403532931711
0.4968770613145688
-0.0959706616507355
-0.1991479583237366
0.0020370905943278
-0.1119038613283817
-0.0124185517980315
0.0316321854781878
-0.2404596542686903
-0.1292230321743253
0.0314730413437858
-0.0824565821981375
0.3568264222110996
-0.0557754585946875
0.3827016582662552
0.4655492056913291
0.3286376168099372
-0.0944116638400299
0.0786131973963494
0.1537743300542872
-0.5256566206357837
0.3564712085817041
-0.2146449543412371
-0.2344689421227553
0.1178258647001534
-0.1365388692616877
-0.0735172092667171
-0.4099820567893379
0.5007915848490623
0.1588256844276068
-0.2699669672138331
-0.1789937112913189
0.3465225618269617
0.1656800564647799
0.1933850654148382
-0.7094171316625487
0.3352435970408512
-0.1228921455891583
-0.0893506810489240
-0.2300945481474747
0.1736930368881994
-0.1970792432645714
-0.0634730631114440
-0.1537255927793128
0.0030849823053980
0.2682976442681268
0.1936035592012124
-0.2539604204952903
0.1940831678784500
0.2052863780027712
-0.2036967808959262
-0.3643705517489889
-0.3714075922639673
-0.2636702194361208
0.0545919851969720
0.4870197847500410
-0.0698419872814039
-0.0340345410179405
0.3626435302383231
0.1797951498887491
-0.2696319101957789
0.2810896058070422
-0.1199144406533832
-0.1745309623258264
-0.0208277813333307
-0.1940538586088038
0.1546674773188470
-0.2852335871342785
-0.0251595754270260
-0.1664940548317204
0.4342471483403912
-0.2375895688510018
0.1460779392770704
0.5828673451537785
-0.3051401471340244
0.0740050610835626
-0.3051802589555463
0.0058835465293095
-0.1697940665755486
-0.2989005171651613
0.4897760902605961
0.3025654685339681
0.3045428657859213
0.0824959134264893
-0.2512855225467394
-0.1801010497733995
0.0835409948182444
0.0802554733356454
-0.3956281357164638
0.3567167365846960
-0.2409276505184246
0.1806970832150297
-0.0936715643062466
-0.1389346522045367
0.2124470572346362
-0.1550018166434386
-0.1505731932481574
-0.0112530559277057
-0.1855049407299206
0.5098592833123328
-0.4260360515200097
0.1350294878479664
-0.0153342831484492
-0.4586499761094173
0.3776373115419832
0.0227983746823269
0.4381932422710901
-0.4534330361010623
-0.0272547755772779
-0.1889384431911885
0.1346222081094051
0.0911876107342381
-0.0746078665380249
0.4445004172092187
-0.0539195739525018
-0.0861555117342023
0.5687782687163256
0.0118769761078640
-0.0431241475937075
0.0370477790438460
0.4921382069115836
0.6153937139461055
0.1263702579838587
-0.3217409241712881
0.1623284897917718
-0.1198667492059694
0.1911171794781729
-0.2470263808624589
0.2100721883872502
0.0814272751392466
-0.1854049987491136
-0.1546916057883832
0.1044018322729444
-0.0738577896867779
0.3569163806757797
0.3617787501676475
0.1561252741218298
0.0102681686154411
0.0057332723993696
0.0722742697965248
0.3413279524059747
0.4057945842742250
0.0020628112723110
-0.3620410973307453
0.1237925912199498
0.5152937641936391
0.1158904090816910
0.0560792845582637
-0.0436431021856861
-0.1669110594257945
0.2015866672061531
0.5661667319873034
0.3450579207657493
-0.3183947328326526
-0.0406389721980702
0.2702798667037138
0.3026455004745695
0.0481678645875641
0.3415748171769027
0.1525226173488789
0.2773360511323184
0.2113474214444176
0.3098212090590330
0.2174486183212863
-0.1146966306974369
0.2595529914509282
0.3214904814518241
0.0954166593884517
-0.2355897672748266
0.0094017525776254
-0.0973274512390428
0.4210660623030589
0.3860960143371963
-0.4714899789021284
0.0730925287719834
0.0263340364028088
0.1354701227757417
-0.1474939069845721
0.0261595695679050
0.0335449858901611
-0.2247641360994141
0.0576340346953183
0.3038545244757761
0.3552131518585910
-0.2693772844585854
-0.6271611824257648
-0.1017563245186910
-0.3472757870199293
-0.2969775690563469
0.4596025317430851
0.2857461019954418
-0.0646546628968132
0.0479722265596715
0.1097228299503731
0.0608241223558491
0.2502820148737267
0.0596725870876116
-0.0597588074984505
-0.1550357358852615
0.3586161744408378
-0.6412708086329503
-0.2206044909962695
0.0508447997785547
0.2740623331977878
0.0686511192388235
0.3031549895833920
0.2952791646378325
0.4036384556502718
0.1238016980355738
0.0479093997897919
0.5125187138450866
-0.2621889675027779
-0.1562088111066520
0.3529594213779955
0.1558740420071348
0.2362997288298435
-0.0019087486308427
0.0835247701347784
0.2367145450614227
-0.1843779712371895
-0.1412537376554957
0.5897644063712769
0.2703022222644361
0.5962483397876281
0.1795478631523588
0.1310553409017024
0.0924965378717404
-0.1288603420063932
0.0324400888023210
0.0206861066435653
-0.1749020983200967
0.2406550051967032
0.2427062112799588
-0.0098390260545202
0.1087391282391623
0.3024740309675458
0.0289856709468559
-0.6156101595596646
0.3446904835992716
0.0084409503761315
0.1615094733075451
-0.1723349765038708
-0.4330112666010373
0.0866331746672085
-0.1740108754496150
-0.0577328581293190
0.2065849885843093
-0.7111540619149571
-0.2356319927353780
-0.1779751716162050
-0.3381451408564018
0.0464840151630657
0.2811777747549957
-0.0784745707719471
-0.1680643702075140
0.0365577138636712
-0.1701044948976674
-0.1188949077314378
0.2944080936793401
-0.2002757333338627
0.3074280098964653
0.0617072231063905
-0.2606013372755752
0.3945726013389977
-0.2629789217488331
-0.0248568084645425
0.3490687102110772
-0.3835760135951481
-0.0735334565947395
0.1262202690356057
-0.0856578893028875
-0.4546369852376800
-0.2526720968028000
-0.0173944270703765
0.5400942990153637
-0.2071870980273949
0.2936427981993037
0.1750624897575669
0.0178112912177162
0.0047587660122894
-0.1685273610316327
0.0729590063346687
0.3204199221632779
-0.2439266106807457
-0.1269408738858465
-0.4947753091323338
0.3017383541363298
-0.4753509733679089
-0.5435451153580404
-0.0905581184858051
0.1235249429539576
-0.0895460581139652
-0.1668418523124108
0.0087207906686260
0.3999297223700810
-0.1015651556825655
-0.3434723632445127
0.0002215027909386
0.0515352030395879
-0.3546447906300680
0.0504860495878795
-0.0436362288756744
-0.1852831721264264
-0.3284303004201972
-0.3556807287273349
0.0852198896510640
0.1414720562350934
0.0930868957330942
0.4230508329182325
-0.1946004147297924
0.2088865177301713
0.3306381473652191
0.5640962635544632
-0.0732230805338019
0.0092809311007162
0.3583634543979895
0.0434899021307838
-0.1554087879339138
0.0017186316440667
0.3421907890240102
0.0154171860416246
-0.2388085886522235
-0.0729279677310089
-0.2482004871223392
-0.0302828248683305
-0.2781203359986560
0.5099194483958757
-0.1204905910843248
-0.5014398096631721
-0.2800990932256494
0.0089825315671715
-0.2789411277930282
0.3235636736762824
0.4136550329736128
-0.2251088211940015
0.3118664753142621
0.0133829400563661
0.0354311075464190
0.0533132974842148
0.5849118384841695
0.0230221060127190
-0.1612816703183521
0.2167408932221894
-0.3291274765836270
-0.2119812048857183
0.1674398560827361
0.1931484914490698
-0.1077295473694320
0.6118248840980105
-0.3772630144526801
0.3040983395387343
-0.1262615096315891
-0.0940185592092619
-0.0657337784736482
-0.1127997761442497
0.2957089938704999
0.1771669126557694
-0.2642037869350621
0.1481836724341759
0.0780655220897429
-0.0199543305296697
0.1838542685515981
-0.2510826755013761
-0.2368875685812337
-0.6622701455824564
0.3628698937422282
-0.1284150348235437
0.2952645240597196
0.2120312519022576
0.1721533422549090
-0.0155898721334547
-0.0021113574334664
0.4991870469567178
0.0739922852603064
0.4702640504474311
0.1568575364040891
-0.0453596763602474
0.0440835513344348
-0.0077919873318827
0.2373619352253148
-0.0045496804125276
0.2257569810019019
-0.0053850509925907
-0.1066872129600177
-0.6138241399845935
0.1392791623923496
-0.1369635476295601
0.1405182917490037
0.4920960735725742
0.2013225984144929
0.0221997723722697
0.4726767991445093
-0.1502717888722029
-0.2852972237488615
-0.2240112266508138
-0.1992869865678461
-0.0002967280148083
-0.4715030990154551
-0.1389376878601265
0.0684462665852598
-0.0561814015267376
-0.2746316713671465
0.3781814785162592
-0.2197019482762166
0.0011680228779531
0.5422956893038018
0.3468450998873961
0.2384505947853713
-0.4017884711912948
0.1167098394212902
-0.0572624321047710
0.2469607771200761
-0.1219674746618912
0.0436915186096442
0.4862015396699998
-0.2218643935698527
0.4805396880922028
-0.1088350582127276
0.0461650779372419
-0.2984657009784303
-0.0143194392488694
0.0512210656253863
-0.2071702488802750
0.3021321442363022
-0.0864071829967527
0.3303534229935823
0.3533656466288363
0.1763447055904308
-0.0084351205763213
0.3322687149293874
-0.2371251663534746
0.2414397239090476
-0.1310615649161901
0.0527421124131494
0.2286991986750304
0.2430540517470702
0.5965510489601215
0.4782437605143577
-0.1159230671112920
-0.1005028583406361
-0.0666387241475069
-0.0985178458282825
-0.5221369558247925
0.0887092853940739
0.2906250699820412
-0.1825764709237920
-0.3367707357207986
0.1783695710804199
-0.2482500350269326
0.3283893383061058
0.1409953478013145
0.2681133182569223
-0.2178562678754956
-0.0755247239030603
-0.3638312114597003
0.2592027342044982
0.0351523395283865
-0.1796785555101625
-0.2027354353462780
-0.6120945770202565
0.4753704815681080
-0.0188385473264691
0.0695729843636873
-0.1104154858874860
-0.3383884699744530
0.3155749857602263
0.0585322616412893
-0.0560376550372704
0.1396707068818597
0.0121008362286977
-0.0462191122137940
-0.0131204542448051
-0.1274031405065760
0.1504572354026083
-0.4679682694718227
0.3986722987315703
0.3061033657822327
-0.3496192373868139
-0.2384058942994186
-0.3582131872806987
0.3469469707467130
0.2363919361951692
0.0583274079980521
0.1814272427881204
-0.0927886694549138
0.2529967253166044
0.1234318069923621
-0.2885445216024007
-0.2963513720235084
0.2475938204911150
-0.3275444495461485
-0.3612781584589358
0.4970197807363577
-0.3731271979365985
0.0062399527872412
0.0719423333599702
0.1325609632325198
-0.5199245263055031
0.0434456989483483
0.3272068303601627
0.5391576443341910
-0.1323373735920281
-0.2076179839642884
0.1786967174058611
-0.0418091954860560
-0.3243472025327197
-0.1106629507302927
0.0951250134218964
0.0518139153278113
0.3193263725223193
-0.0677242269323439
-0.0110261398776016
-0.0845124583364069
0.0275060535681396
0.6446535437407628
-0.3097716385310547
0.2596488134700200
-0.0026753117671650
0.2059741371233607
0.0660679260041937
0.1797344180803307
0.2523586146283028
0.4356494348788836
-0.2717448318628156
0.0812578078268431
0.1643282880496203
-0.6132187182093429
0.0573616012941305
0.0226023782195927
0.1894278760780581
0.5013147563973142
0.3123363540017454
0.1038546637179041
0.1864608480953092
-0.0459216624083872
0.3101005346687977
-0.1049544201014313
-0.1486697942041340
0.1773743938560036
-0.4443092937057931
-0.1529914159502165
0.0530068503257504
-0.0409046268358212
0.0490747425819182
0.0591545166662042
-0.4401133258906580
-0.2090086495951178
-0.1142205397365945
-0.2169284300863709
-0.1010054368290486
-0.2089781253206877
-0.0535697113650137
-0.6438633989254278
-0.1749335778827162
0.0033476792759177
0.2241303984284169
-0.2830653450939167
-0.0022050767730817
0.4070339083191285
-0.0303737040701507
-0.0589869093422377
-0.0521597476035203
-0.3606140475008663
-0.2403387756201274
-0.3737890626984455
-0.5529297941708783
0.1815699610496017
-0.0308966206314212
-0.1066614648453318
-0.1257483625108313
0.2026071731741228
0.4998820642923609
-0.0119534014699884
0.0604703710131185
0.2402412182305443
0.0808657570746581
-0.3750369107999172
-0.2648982764908600
-0.3582540946251133
0.1244080571884681
0.5081560092265832
0.4838595430475855
0.0813552728896457
-0.4596287167334189
0.3898314714359623
-0.4561847003388227
-0.0981734215342079
-0.1449763900367211
-0.0938571222767259
-0.0544794740753533
0.1131562781738007
-0.1387663908881800
-0.1593161027356724
-0.1310584598489408
-0.2662290481955888
-0.1439182692265884
-0.0330645202169409
-0.3359709538841546
0.0656163313636307
0.0463426507942446
-0.3779996076952091
-0.5104036868462610
0.1181869818044404
0.3061739649328210
0.2754261828414528
0.1532371104768475
0.2127415200451233
-0.4136939796107337
-0.1789287551894906
-0.2590500163738469
0.5141909640437522
-0.2576615083233174
-0.1091602946960097
-0.2467420421213832
0.3924624015724302
0.0832617285714188
0.0878821884947253
0.0923780098780365
-0.0689581784966432
-0.1753619779308390
-0.4624352491037610
0.2052371848060783
-0.2462148252444347
0.0268524540741537
0.0741343500974659
0.1815010155569677
0.0146638878346928
0.0756484813058125
-0.7144555222902872
-0.1698377732883514
0.3050793767565895
0.2647757943104455
-0.3149302932083008
0.2747983503539363
-0.2201264711296948
0.1710720433655808
0.0038681617028548
0.0988178607255618
0.0840076600634714
0.3402393835749565
-0.3830484830727617
-0.1217262022720685
0.1469234658696475
0.3366964520278640
-0.1411801271314079
0.6429812005336021
-0.2373810116264278
0.1027998013720132
-0.1206698959171880
0.0136660119054313
-0.2364282363427503
0.0496844354430423
-0.3217990212297217
0.3537175070310808
0.1678304826261306
-0.0881423697301424
0.0189437610566289
-0.2315790306861533
0.2062740358986909
0.3790259564603002
0.3587959561497677
-0.3821892801746788
-0.1588953965609861
-0.2914390288823848
0.3282371369341335
