0.6416632039889720
-0.4082038721189090
0.0578772986653884
0.0356332301527110
0.6457696358933407
0.2364873535348136
-0.2101824251208031
0.9008356245894210
0.2404936877684322
0.1748000097327395
0.2123410760359053
0.4160767804574827
0.5721099841397859
0.1912349078526803
-0.6464601737603025
-0.5369142693636549
0.3487180755352675
0.5205938840549434
0.5635054282763540
0.0395273492197921
-0.0472322096280353
-0.3356861868435201
0.1562020400945480
0.7829306081488496
-0.4976991941223980
0.4104507115483541
0.4031708034408012
-0.6081566726757555
0.1313397333276025
0.5309226427378447
-0.5521428011047791
-0.4142213340190984
0.4521771730752335
-0.1899637532748497
0.5319855169297651
0.0175330576130865
-0.9985414247107561
0.0065898110971958
-0.0496771269665603
-0.0098169482733292
-0.2786096802501092
0.4344265647680638
0.7153277465750365
-0.4688229681136055
0.0464913480529531
-0.0144909518482526
-0.4006464988228448
-0.3543097987991515
-0.1093759299573540
-0.8377194445137326
0.7833552935453985
-0.3971533415406121
0.2138567982659099
0.0942572500999590
-0.4171385237742690
0.1889242991844607
0.3467367174218162
-0.0002225404940262
-0.7243065882016015
-0.5652089655452116
0.4975639761718328
0.3539324348218874
0.1789180669171920
0.7589937828485956
0.1381256099531158
0.7558685652853812
0.4396409240546825
0.3736519294372841
-0.2733346135413595
0.1450896087862774
