-0.0917813314459166
-0.4158792200197627
0.4822573563188736
0.0639431137282685
0.2860179147822439
0.4641318463714934
-0.5336058129783061
0.6805605755346453
-0.1032059385811119
-0.5377610091576756
0.3263639309601878
0.1342269801965005
0.1082690697880464
-0.3174058052116184
0.4867738645684130
-0.1152267714833686
0.3781625089223152
-0.3529054676980173
0.4447428914686357
-0.5263127302934443
0.0861598168536412
0.2199671091437786
0.7905686113674040
0.3951131609682131
0.3195743119954558
0.1407019116123717
0.2202412943421652
0.0083866019932722
-0.2504805761305741
-0.2069210336379101
-0.0914431737646759
0.5393568705192145
0.6000422458027230
-0.0274183666735325
0.4841208686227619
-0.3344390992829125
0.1477587573359516
-0.0251203771200753
0.3368865644772386
0.0419113479505272
-0.6448779772490860
-0.5784203326315004
