0.3577656976020627
0.4184193628559608
0.1274208608950975
0.3415338798311839
-0.2826446910937450
-0.3569388698594691
-0.4442805848461820
0.0180680642010731
-0.3958421318429854
0.0484913493879023
-0.1549740452787629
0.3983847217883457
-0.1803932833105800
0.5667509406785446
0.4605645891936601
-0.2037863680662898
0.3003093945769916
0.1633917393649095
0.2102024209810782
-0.2209253673370302
0.1121699575941236
-0.3859127160158527
0.3423298346669985
0.4541877306429430
0.0166135160706479
0.3116655277951596
0.1868876439994097
-0.2513914087430654
-0.3708554019838258
-0.4265481153149738
0.7986911048744778
-0.2375218781337087
-0.3134884365981322
0.0507531996941979
0.0205489280651511
-0.1085965164090805
0.3770596164282830
0.0593253543888333
0.0999717347558162
0.1921502736323192
-0.1920702039323066
-0.5543920616959584
0.2185381223776142
0.3899444447636615
0.1204028746517175
-0.2777542320272759
-0.2200997071148187
0.2605293234761744
0.1294987880687658
0.4808422678465500
-0.1905235762366867
-0.0891718901867986
-0.1163458795506026
0.1449531929508491
-0.7582349679248579
-0.0892933662196705
0.2719945843158107
0.4315843217190218
0.1270193520820311
-0.2488529300097937
0.0643071917484474
-0.1369901874220566
0.4019145485354939
-0.3449422671441311
0.1121166172555838
-0.7035129810909122
0.1367830671317795
-0.0667348012937848
0.0942829649321290
-0.3962634636073923
-0.1135759596295478
0.1966302067089959
0.2399231838804645
0.1715381092697859
-0.3068343409758754
-0.1013686659824445
0.3605490481423996
-0.6380101979735100
0.2553292446310708
0.3934209385187725
