0.5278043882537914
0.1164085129265444
0.0812020099158380
-0.3732716161971341
0.4665048671626792
-0.1262522012104869
0.4317281973139716
-0.1671719287116725
-0.1656665536454148
-0.0960776169632771
-0.2781505078285381
0.1491472319065930
0.1634852308215168
0.0139383587015501
0.3263953935541064
0.3081333812832746
-0.4220626970912509
0.3406359336945727
0.4662721900637816
0.3221306810179373
0.3586592381561863
0.0732743576259367
-0.2192292130729078
0.0016433959162090
0.3789117540289809
0.1121408543528958
-0.1693256651183133
-0.1038647243449277
-0.0379187849396398
0.5790908277223369
0.0915280445856844
-0.3112446275665105
-0.5606179437547806
0.3168382398315995
-0.1457409752000798
0.4279067829016380
-0.5459538307070178
-0.0638307254290505
0.0970689720845121
-0.0155146834459362
0.3696095016134766
0.4324908381123451
0.0575523326582446
0.2376848035318841
-0.3153180826154292
0.5207586237237565
-0.0557698894686584
-0.2809729347066084
0.4037238467003071
0.0835107818624225
-0.1345886024314369
0.0910924678244235
-0.2175167341300332
0.5208952119828417
-0.1797348486250674
0.3685776292581562
-0.1979232183893057
0.1106299988252229
0.0730050846497729
0.0478420251117414
0.1520858932817770
-0.7187637497896153
-0.1224209958212407
0.0493434645458322
0.4627504272730569
-0.1838701983511281
-0.2319251385358519
-0.2343762152786645
-0.3157214971936082
-0.2925542731576612
-0.2672767791386497
0.5464054652460975
0.4053504974710344
0.1083192127878042
0.0955345825670447
0.3814082620908684
-0.0733038038565449
0.2220865771786332
0.3544732835058598
0.0570032044599867
-0.0901786486969624
-0.3896856427365055
-0.1237295743495949
0.0338821767690017
0.2538231696717166
-0.7611747270837190
-0.0379821970781674
-0.0087730259191984
0.3253595767014463
0.1058293192949283
-0.1314143485081439
0.0703652460673992
-0.5313643055638571
-0.3198088391283468
0.2431417863354967
-0.3646772943969463
0.1460971075914028
0.3931799642816664
-0.3287130616451097
0.0024011716780029
0.6942362338191349
0.0344332639251315
0.0643848408787490
-0.0089399367352648
0.2708174380002658
0.0134147360912558
-0.2981911489381637
0.3779914583725277
-0.3272854470496205
-0.3165217188935032
0.0235444267833052
0.4327305095872129
-0.4863817020147144
-0.3503097537014191
-0.2053790368002825
-0.4215345280308107
-0.2580888590813709
0.1732565881414403
0.2569057480948700
-0.0754113471053925
0.2543989704672878
0.1755101193018926
-0.3876770986457133
-0.6464895160041993
-0.1097664527383655
0.1874335896232173
0.0552881822543900
-0.1956962652451590
0.2412032212340996
-0.0016104496527876
-0.2848634918079656
-0.4160424719477687
0.4241376076953138
0.1656038566421090
-0.2509177559154854
0.5058471381193372
-0.0126034769094422
0.5900952055634181
0.0133663695368629
0.2903320079068756
-0.0491682275934649
-0.0069245529783807
0.1962997887899075
