-0.3051781148295671
-0.1901003096947788
0.3790898922545185
-0.1618228082286056
0.1030084873959104
-0.2995489750108366
-0.6002370322548186
-0.2202959718569710
-0.1244099166445357
-0.2370687156346684
0.0732888036835200
0.3126135591258744
0.0460362836883789
0.1215732166048678
-0.4167229255659611
0.1194153129739875
0.1050071353073624
0.5103745956083708
0.0371528509952554
0.3721375879862793
-0.2941513463419144
0.1150701024434792
-0.0199316766357158
0.3204193120682874
-0.2316652999370707
0.0508399542008427
-0.3576809968096132
-0.1169845432958934
-0.1401596540460616
-0.0826087455352594
0.2822555886071502
-0.2753940477698545
0.2512887249217130
0.3288058450393432
-0.0137815930520227
0.2955106820147735
-0.4168282486276524
-0.1963925627244339
-0.1209469719144436
-0.5077441326684619
0.2105044908086826
-0.1737380865625879
-0.1990956847224503
0.2787967722538031
-0.0347103567947672
-0.3819963999815564
-0.0658199774929384
-0.2790815570464617
-0.1096975363826758
0.1354552224394876
0.1723076055370177
0.0618762466955414
0.2294976121713718
-0.4286133298814675
-0.5871332058124269
0.0910177740873514
0.6772442509074010
-0.0521884696473738
0.1381423733979883
0.2166098885182265
0.2591818616297691
0.0462082279859700
-0.3594888269757857
0.3148070359096002
0.1498018092714377
-0.2310221590109725
0.1432460308022649
-0.0021203027477230
-0.2555091632244498
-0.1155276212671612
-0.0206982795619472
0.0654785256617928
0.3297247341031384
0.1026248544423470
-0.3094004248848133
0.3686066954369225
0.1617541506759121
0.1608958298738975
-0.1057210773653982
-0.0969795590314674
0.5102924140239474
0.1061827436615122
-0.0161870062545194
0.5475996417068876
-0.1113303853956486
-0.3996892540785607
0.2084770694634387
-0.1686975380750142
-0.1772359849796576
-0.1476361174856844
0.1937115184407028
0.6012090665967817
0.3140568309766059
0.0241263913003078
-0.3744341532261982
0.2298650122093903
-0.0687506082788451
0.0822660622931162
-0.1382999765480465
0.2195778269135239
-0.3008755377219643
-0.0078025989011586
0.4268307161745936
-0.0238454261027805
0.2688113039950533
0.1486086867269975
-0.3096838545109779
-0.4262738515446342
-0.1324854270698585
0.3717683187759970
-0.3076064976585874
0.1922895895117507
-0.0278547220889220
0.0523476175807019
-0.0950163796688001
0.4559156747592973
-0.0310003025194315
-0.5814852935780565
-0.0647830690465595
0.3598606258008286
-0.3576223699641099
0.1434766799591309
0.0537548864595278
-0.2256462729860305
0.2466082484457059
0.2090769507396958
