-0.4449382266785675
0.0222198791243419
-0.3525296511379414
0.1982533303930508
0.1342742651521892
-0.4892698644706073
0.4764811535913477
-0.1716070660429141
0.1378995607746890
0.3240996315976909
-0.4322720364299288
-0.1825823202926734
0.6792712384931877
-0.3319726457686077
-0.0351889216322255
0.1517248901752583
-0.3532331327369480
0.2385426720451368
-0.0430445246286197
0.0200385578362977
-0.0009851841729310
-0.4450437107742758
0.1964604041556541
-0.5763034371224429
0.4265893208089856
-0.0008720743221478
-0.0645371732956366
-0.0548479032874436
-0.2466624685598378
0.4256969122536786
0.4763969502595100
0.1100827949266728
-0.1624051913284882
0.0404573392063276
-0.2389372311628340
-0.3039239933046071
-0.2085533009942614
-0.2832309037253590
0.6474694744960380
-0.2013050989210872
-0.0442143521690494
0.0137356381273498
-0.1602582042361980
0.4391609590187744
0.3603029567492627
-0.4710140708685218
-0.0033282900572438
-0.0807300937384479
-0.6267310190182090
0.1682816448947449
0.0745041041355438
-0.6318296163739155
0.2388373387585062
-0.0710080412576870
0.2454236444122465
0.2081891841410439
-0.0042703840006002
-0.0129873108730868
-0.4900111781080331
-0.4350651621393056
0.3685449105605428
-0.3889877139269418
-0.1887594274880319
0.0846678389519154
0.5045086492606129
-0.1203410774921321
0.0172405265330275
-0.2363201875638495
0.2640276654699009
-0.5245935720592142
0.2347566176899950
-0.3135431875188365
-0.1990086764420600
0.1978637760392365
0.3215710028376867
0.2849803779752682
-0.4625798506030439
0.2430594435955646
-0.4951017029522406
0.2549902734918824
-0.1892020540073382
-0.0030023471232275
-0.3370321223119561
0.4972355769658163
-0.4994783374539064
-0.0091460504972392
0.3124951836763191
-0.1659626330829447
-0.4324512512353251
0.2039277280788249
-0.3331470902107159
0.2733049626021381
0.2472451401450186
-0.2189828143998296
-0.5035755437224109
0.2016557813651941
-0.2701610092628543
-0.2082458347979464
-0.1067400350026630
-0.5321970173451377
-0.4016656280323888
0.0170015204286505
0.4934373079307479
0.1653858248269217
-0.0626606969680248
0.3328244918479794
0.5093507319714309
-0.3701187743327952
-0.1323811128576857
-0.1972143098651045
0.1431882354072807
-0.2537997914839611
-0.4345135792534793
-0.2566685009688549
0.0245586106872648
0.1731504092287288
0.7672225966480916
0.1958681207629223
-0.0139509291962854
0.0512676662169691
0.1860272471340073
0.2725584993443537
0.8255355034159896
-0.2298015022067859
-0.0606256736767794
-0.3689228856235897
0.1187206599729885
0.0504164404129612
0.0144720474382043
0.0127557583514896
0.3025848392461737
0.1386052393470978
0.4645596312687712
0.2495625757229781
-0.2866333356402888
0.0337826489772513
-0.0595303366561192
-0.3907052994590491
-0.5692490023402685
-0.2181628229842828
-0.2230192135863316
0.2618059304424079
0.2741179328948625
0.0340676830244297
0.2473678743484118
-0.3042488672255806
-0.3556171063446129
0.5653746135274071
0.3041789685900291
0.3361900855898920
-0.2245834658284648
0.1057836004041972
0.0846550171707459
0.1049716838288331
0.3242371589076260
0.5738333067807864
0.1142471134296830
0.2399396737470791
0.2272300703398881
0.6029222308100431
-0.1243585803086980
-0.8104010211491226
-0.2349265263360768
0.2509060058839075
-0.0422641204260459
-0.2092768653792568
-0.1284134628960791
0.0212245880640662
0.3303066409053611
0.1949738238408524
-0.1817393249305206
0.1816977987274257
-0.2622446756784410
-0.0294669188144858
0.0033153878734684
0.1447916551179259
-0.6629253310933956
0.1753115983995979
0.5294405620136250
-0.3046786560505072
0.2466809733539762
-0.5613712103102478
-0.5527683595867341
-0.2101759868087300
0.1378686182648746
-0.2971219617253217
0.0184544485385731
-0.1058709866864065
-0.3942652589749615
-0.0007168399623036
0.3984447153183202
-0.0137384348766724
-0.1249325624604610
-0.4812455864109971
-0.0766077070923892
0.3500030534114495
0.1197633861427796
0.0905430324927630
-0.6558570208113622
0.1130795530360109
-0.3268335978880621
0.3200785918977552
-0.1994317671409423
0.3212472973067254
-0.3553509282173885
0.4675191110753739
-0.3920049031564115
-0.3328373646389323
0.0896599355032841
0.1744155316761748
-0.2957282677025351
-0.4668600003613387
-0.1275967612952645
0.1680533706115308
0.4853663720460107
0.2152812858529322
0.2986525834954811
-0.4627725465348567
-0.1610074801654536
0.1971342476629132
-0.1501004700443702
0.2494951791780713
0.0179017263246919
0.1156979682256254
-0.2215463410109827
-0.2057012429526219
0.6792679638914169
0.2401733816399714
-0.3350213855833700
-0.4228382449815052
-0.5025902775225810
0.4483421765085847
-0.0921072460777598
-0.3622457705938454
-0.1124482948737678
0.1752505531727222
0.0639485467399225
0.5386743947131132
0.1290428204884840
-0.2289489408874593
-0.0473490913182278
0.1173080376599053
-0.3407998524176669
0.1779435482866036
0.3110463508313476
0.2771696887597705
0.0782971595941302
-0.4640097985607337
0.6401040300846239
0.1773326412222124
-0.0961370573993671
0.5497710386804895
-0.0208678150888587
-0.4410741575793244
0.2129904755334594
-0.6358513077040567
-0.1275461728917376
0.0265836840129372
0.0533689514518615
-0.1550251637665477
0.0491811938396661
-0.2989566198751009
0.0061034640796304
-0.2195471049044754
0.1225709566047346
0.1675846749080820
-0.2131922799047233
0.8717502204946076
0.0174068494863457
-0.1056281678350675
-0.3805648628638554
0.1846514971895157
0.4619043253672064
-0.0430516875679920
0.3424673513935668
-0.2444331653487415
-0.0790193555457290
-0.1135426714061470
-0.4806582765594731
-0.4226882083104988
-0.5377017276715810
-0.4942785027899992
-0.3017231132088588
-0.1518770553025444
-0.3016826916350545
0.0310666901743207
0.2622035804885798
0.0822573947769940
-0.3088247052689461
-0.2993239981947928
-0.1849361760667813
-0.6369656310939247
0.3183286287872209
-0.1739404156646328
0.2290441247073790
0.2987957869553085
0.3448739163127146
0.2182811359087981
0.3466255822875328
-0.0033032365780026
-0.3461116277859786
0.0338027094834994
0.2310350906015240
-0.5108953095939763
0.0204628412063386
-0.2122199950216356
0.5393287145472326
0.2781366621296019
0.0897950735883812
0.3780452524960563
-0.1082468802331933
0.3732836404428352
-0.0186502553982640
-0.3783525025784499
0.0665115763966246
0.0499998618042142
-0.6514181796738029
0.3218668271619193
-0.4050014021084998
0.0809300781036416
0.4297532374294551
-0.3928131634205353
0.6098153600939746
0.1499054377155762
0.1265007325581866
0.0839257451017140
0.0030232366251607
0.3249210089021656
-0.1179350254610004
0.3523153724355446
0.5305320925961189
0.1395717693285406
0.1068535366445496
-0.0087429103706082
0.4523553824000127
-0.3008859554148329
-0.3961105678881592
0.1124692447136574
-0.3527807721805158
-0.3136819516410010
0.0761474703804130
-0.1010229009471647
0.3080150259676375
-0.4742597110015096
0.1176209508335783
-0.0945269413079022
-0.3837746104423988
-0.6616725486765579
-0.0993018093671103
-0.2155829612790687
-0.1777986705302859
-0.4292907511467716
-0.3210447176218429
-0.4962155803918666
0.0068446461585875
-0.0614908282071898
0.2386980976132312
-0.4469832761380176
0.3928344157018940
-0.1409957111235517
0.2366142284565086
-0.0821166951090423
0.2056074862743664
-0.3581353606529015
0.0210300343850102
0.3281548439849973
0.4768901809885895
-0.3908603850754023
0.2850286292812135
0.4440381869644214
0.5643077321537294
-0.1709563677018686
-0.1804144235372392
0.0896603271849886
-0.6543767247758598
-0.0435275078248028
-0.2793212117836200
0.0501899119365165
-0.3049383541448401
0.0900669582902417
-0.2506050004658182
0.3398721386809237
-0.3799599305642744
-0.1435505415935994
0.0523784854531707
0.5404502413639188
0.3758137002294728
-0.2984111769610427
-0.2759039706373351
0.2355198894067805
0.2325785509426719
0.5398607424673182
-0.4986429142837137
0.0569953146051224
0.0640808523097500
0.4804863825305333
-0.2057812173513897
0.3156925249760230
0.0437653992511453
0.1538433137635825
-0.2567807212124825
-0.3147885587044920
-0.3301832949118687
0.2131311710400607
0.5714122039246192
-0.0598859683906500
0.2771614230090088
0.4146613435474135
-0.1419560189538305
-0.2855060221017394
-0.6148982447314549
0.5911259212420182
-0.0886357789144737
0.4234056591587878
0.1174143189987519
0.0022450739850390
0.1013643411227433
0.0595730141476407
-0.2402343311909548
0.0037775837119519
0.4015328316453497
0.2033712987959140
-0.0903571697086188
0.2216814110835682
-0.0931490471188226
0.2165388822243823
0.0400387120663054
-0.1028603923971313
-0.2976212247592030
0.7640529098759186
-0.0875302020573498
-0.3435046486247567
-0.2775460569685346
-0.1869382986076950
-0.3486078378306727
0.0702937146826234
-0.1390631814988281
-0.5770531295912578
-0.1764908550667317
0.5024129210253013
0.1917323878729986
-0.2376876415357761
0.6673150818697990
0.1297984610724942
0.0074953217462128
0.1201653234036495
-0.1174647457135072
-0.3660464240758017
0.5307663802838984
-0.0242782044912506
-0.2289419984672066
0.2293042350017576
0.0263050011085277
-0.5291933424674574
-0.3273916210681591
-0.2827370285657524
0.1918169677581146
-0.3639090837582583
-0.5057871721390804
0.0458022665698158
-0.8345469502649353
-0.0187919993991857
0.1416321712886325
-0.0616492342436283
-0.0317277552638169
-0.1120614307223481
-0.1795289576114609
-0.4609876015725265
-0.0352258986078842
0.1406145599442568
0.4761445313545326
0.3251370378625356
0.0959760731129209
0.2366429174083538
-0.1715536180906178
0.6492600946258532
0.1407266438969228
-0.2954134134301501
0.1833356607725332
-0.1034730056586550
0.2943005701878458
0.2448702347283997
-0.2832989979856346
-0.0208837154384734
0.5276746312359150
0.1661208033767493
-0.2428066007020614
-0.5618355457821214
-0.2579032403111341
0.1598947958025070
-0.2837092017169376
0.5085769503079721
0.0131085627550519
-0.5487580649070017
0.1492525461500259
0.2679343588865588
-0.2567675170392383
-0.2895746013503572
0.2890664912874549
0.1792867510872719
0.2406397740583880
-0.0294229467340864
0.2023182776953191
-0.1929463520403470
-0.0917590686180101
-0.6093589086790655
-0.4131865939966305
-0.1424010709547618
-0.3372197378419957
0.4226220826853742
-0.0009612489083899
0.3950530834546518
-0.3934854450130124
0.3468294806462688
0.6286276818890966
-0.2598840498018494
-0.2221505019411600
0.1028366381082681
0.2069061689204497
-0.0579809365648059
0.3126872088332319
0.0597691228174955
0.5297818172278911
-0.0324826313110328
0.6459219145566660
0.1978493488755660
0.2652806338514989
-0.2525300988284057
-0.1220989715161771
-0.1073198829493163
0.0868411445071991
0.5327055412934826
0.0910447065479774
0.2654904500465219
0.2307591483822500
0.0791185377033216
0.7087011585967674
-0.0501200507566576
0.1662718488280577
0.1948945798944175
0.0479132955988622
0.0267241788119746
-0.3906417149248267
0.0997124445543334
-0.0636828921230162
-0.6495014143194237
0.2181429408068824
0.3972925737638464
0.3194155990643910
-0.3179386083251732
-0.3664879077218630
0.2273501657679860
0.1957597424949484
0.2500385877005474
-0.4526046564385202
-0.7012093931699198
-0.0127731381173150
-0.0144653152637083
-0.1261688035155168
0.0179106117932979
0.1180901354231287
0.1334983326365267
0.3838760851818993
-0.1320065613517529
-0.1219613882580096
0.5003150418956198
0.5002013893048494
0.5315879929986442
-0.0739342659241220
0.0017643330513359
-0.1269329188384977
0.0511194856928775
-0.1707951996204343
0.1815097522830992
-0.4890549907066438
0.5087773778145580
-0.1231147871810571
0.4499389992232860
-0.3927790315825179
-0.2219259252630404
-0.0101492393695493
0.4660688736437301
0.1508024845840550
0.1204467598467146
0.2935404603938759
0.0821762823638954
-0.1352000305470376
-0.4616835079408374
0.2860843003692156
-0.5824380711223881
-0.2653596501147867
-0.0982590645484213
0.1378235105074037
-0.4569790305740843
-0.2730974366090425
-0.4078180207614841
-0.3729684407087867
-0.0615404253215247
0.5349762693753036
0.1487085049469377
0.1203438293319434
0.1684344975067265
-0.3236528223471259
-0.1628272107462020
0.1180797874575688
0.2323800723243379
-0.0335562728368671
0.0869659427121936
-0.3062206199563252
-0.8096170896629371
0.3480385592070394
0.1547739850000761
0.1685829976003302
-0.5289411957823216
-0.0817847962990575
0.1803011751379287
-0.1413890961155575
0.3895612368322758
0.1498635175548532
0.5597409980503147
0.2018030250150253
0.0165118512700793
-0.2194654257763719
0.7427817714221935
-0.1677212598680264
-0.3292241100560375
-0.2838896361114900
0.0749254854361495
0.1258745655632043
0.3471924092274109
-0.3254511216931079
-0.0703148671037694
0.4882515852510873
0.4725978442714656
0.2324092375506640
-0.3012520243992518
0.3996127996930265
0.3113292344588834
-0.0518238604303136
0.1527423439061960
0.3389713502488718
0.1245970081188857
0.3870235611745928
0.4303582294473135
-0.5750983536951987
-0.0484394352475651
0.3696318791185801
0.0910137028718796
0.0709546467693354
0.2270424835611459
-0.2138621929432209
0.4326720889070208
0.3455787181360921
-0.1066465683102868
0.3735977344164519
-0.1550841459933396
0.0880478941296859
-0.2569425129870809
-0.2998577964232195
0.5558297767601511
-0.3533550208790530
-0.2278406856824621
-0.2412019870855783
-0.5214637362929629
-0.1401565585887611
0.5706877678965699
-0.2116685485821256
0.1871026697064076
-0.0746136339739988
0.2498388623443374
0.2890340729332487
0.4388152554153231
-0.3311662870978255
-0.3927483599312043
0.2304963332274877
0.0815314776963709
0.3153102992527672
0.0415552579335701
0.4566688480371846
-0.3008459569755211
0.1637852742866382
0.3518205151867957
-0.2879206591150186
-0.2465651659206760
-0.7263306061554415
0.1951568780649565
0.3713883749806525
-0.0047543366140344
-0.0062647693841666
-0.0455026308337626
0.1211476741911555
0.1887605048117316
-0.5027680671708236
-0.5589120781283768
0.1527033778734376
-0.2235588699516504
0.1737743087500987
-0.1676718130892136
0.0117342060136951
0.5027806117899136
-0.7402797587706195
-0.2466843078487488
-0.0647984318861838
0.3187635145594701
0.0044084357687339
0.2336120765926286
-0.2284354926844756
0.4031566385073445
0.1222130262556837
0.0327964344635674
0.2292387851958582
-0.2336270014180520
-0.1265593453851848
-0.1782983765780907
-0.5081051685411169
-0.5923273368678357
0.3388330632111615
-0.1759342083903477
0.1502398096688490
0.2602022241645128
-0.4016366761625977
0.1020418749967968
-0.4031675533660711
0.1078875534787051
0.1548978937342206
-0.0900082663134472
-0.3794835414800145
0.0432349991485636
-0.1301888370456179
0.6776213054800325
-0.3384750393583215
-0.4066317138389930
0.0255681315601776
0.0324904407908864
0.0560557886082733
0.5127474167883959
-0.3165753815380006
-0.4175030145368159
0.2048450969398662
-0.3685559943811126
-0.3118146844609878
-0.0106441924855797
-0.2595750187006028
0.0363986696893462
-0.0463663497115032
0.1930398753438912
-0.3440086790483506
-0.3422424830471344
-0.7284779346040238
-0.1684874734397018
-0.0578156403457055
0.1319922915788005
0.2878486784362419
0.7722337627967936
0.2991672231322331
0.2589423481601718
-0.0323932696823362
-0.3202690055789296
0.0265094730134153
0.1978814330157692
-0.0973132664762810
-0.3154616395037463
0.0782805185745692
0.3417698629785494
-0.6981269223845223
-0.0866694043705163
-0.1470648616219499
-0.4338743185151058
0.1895016545252287
-0.1655323021950403
-0.0362699272180632
0.1307834579893317
-0.2698548610182182
-0.2371062440318912
0.4942567197410858
-0.2678538447083548
0.4915418473607802
-0.3523536276350297
-0.2835623302002676
-0.3005490204019833
