-0.2388884493746041
-0.3573953694513629
0.2301319958917011
-0.1470132504897197
-0.1123684351429312
0.2218381466449386
-0.0137122606242039
-0.2975036579752302
-0.0580128887780982
-0.0314751328536020
-0.1327749766529608
0.7495523840297338
0.0792325443973945
-0.0745485734769273
-0.0742601044399330
0.2022548524951519
-0.0228278876847417
-0.0760385068623388
-0.2353269884296335
0.0961629217261451
-0.3258593773365730
0.3871955112536136
0.3719689618596469
0.6367159557111515
-0.2667598996571633
0.0778344210531868
0.0083791873209427
-0.0890245374079352
0.3136146932081237
0.1960240184581191
-0.0900759393038868
0.3081860552024889
0.4150576205388435
-0.3888664460691347
0.3158434646931699
-0.5309309177447362
0.1020459046229176
-0.0891323915377502
-0.1692332271272176
0.2379072311500280
-0.3859422119406732
-0.3987066080838447
-0.2512006149326457
-0.1546982455685753
0.3732434774749415
0.3502894929855709
-0.2922117998491556
-0.1450948759918351
0.2002139864745554
0.2863261353898076
0.0168273146906168
-0.2400903306336417
0.2705576612019931
-0.1520952676436415
0.0018877057740132
0.5293943583897628
0.1027643947551475
-0.2755375361260886
0.1246429736567529
-0.2315197841858435
-0.5641954271250569
0.3295907267868758
0.1692498803118861
-0.1018798677948693
0.0425833157682650
0.1410630328076905
-0.1361312415553559
0.0981957174973175
-0.3205193952137085
-0.1036872614822671
-0.0375672669168517
0.2568780874633503
0.5533861915628153
0.0623998615824247
0.0718427294823918
0.5026969262960586
0.4047448051838906
0.1980701141019599
0.2135610525525551
0.1524091371472481
0.0214880857449728
0.0156975102170925
0.4928547679485570
0.1577328113664760
0.0832193787013787
0.2030557945362941
0.5589672301360893
0.4413552152558969
-0.1146307537158893
0.0339569515529944
0.3049267529709939
-0.5836773876543742
-0.0506607710276303
-0.0770732316645121
-0.0833026557919422
0.2337741325149026
-0.6379367370637247
0.2315347759760960
-0.2756852014701894
-0.1159393432978079
0.1075850873120536
-0.1159088186541874
0.1156804637948756
-0.0285825700769955
-0.4120170734739562
0.0321050997714456
0.1243515783161825
0.0512407168208279
-0.5746948539095982
0.2593505458827824
-0.4842450512295349
-0.0702318347306624
0.0197550303421922
0.2528510815353754
-0.0129795609986113
-0.1436390329175068
0.2983873911480840
-0.1465223355735538
0.6022130502462072
-0.1564305965323962
0.1600543021039545
-0.1750600317034754
0.0791847487045757
-0.1104405918545977
-0.0069474055896907
0.0747974704885463
-0.3583418661855543
0.5923423713120537
0.1259135542438763
0.1260707880120201
0.3136872446821378
-0.3221541328018997
0.0907375250306078
0.5302406716706126
-0.2621885504603169
-0.1963604242577053
-0.2355915041525798
-0.1928924179697070
0.4737643021157779
0.0589985899779504
-0.1813456068736879
0.1756214650747858
0.1294406784891905
0.2406963738133698
0.5043289251113831
-0.1150654161633455
-0.1068268212527505
-0.0164253293320894
0.3530271422883142
0.0077328410641101
-0.4092355747820808
-0.3172488164743884
0.2708952902524597
-0.1468114886679370
0.2065130939180781
0.3638704756631671
0.3740847012545784
-0.1268471566734728
0.2729176614820403
-0.4856079257034502
-0.3655406974516026
-0.4065042024456313
-0.3152235592281451
0.0708712817034994
0.0681189106490904
-0.1252827541323329
-0.0305973428356438
-0.2784601933225259
0.1777773821085064
0.2741556735676209
-0.0981525113864823
-0.6107440550478519
-0.0965729745829163
0.0620280064159515
-0.1145802510999527
-0.5398928958614509
-0.0736270131515304
0.1579011328929973
-0.3066754450653104
0.0950886218049464
0.0392202781328749
-0.2990418946992165
0.2064401178520200
0.4422812023117802
0.1324003606017443
-0.2238477967225341
-0.0567260290950187
-0.3885882703854262
-0.1266583694909568
-0.1463580375839391
0.2950885870502492
0.2172143864407331
0.0320497963293446
0.5289406938846984
-0.2956105703052831
-0.0157452593065795
0.2318466863221189
0.0197435014770646
0.4806968874733373
-0.5074000496648827
-0.0847122827183729
0.0817943896696144
0.5090900150061900
-0.0951623546000083
0.2075291914068508
-0.0268850165313089
0.1556368439071209
-0.3270719802363465
0.2697103894325420
0.1074158916266545
0.6965082761918104
-0.1070936861671706
0.2734984865532122
0.1181105633624273
-0.2095404320775517
-0.1811068107095003
-0.3937778165554677
-0.1282849966889568
-0.0631825995206964
0.0367297230099553
-0.2771421587039372
-0.1342846345419279
0.0355691806155513
0.0366131859930497
-0.1046364771821692
0.1224187151033192
0.3028177221945507
-0.3230569633074631
0.1020768906229414
0.1716482242573365
0.4781789751199684
0.0761250071498458
-0.1988582476962610
-0.6659466046308968
0.0933921214547281
0.2933218343654501
-0.1443307934405481
-0.2870340280748601
-0.4074318892792614
-0.1613661371511259
0.5580300538462368
-0.1157709887544850
0.0165774690162364
-0.0473116806859107
-0.4665897557703289
-0.1772549512548247
-0.1831434927333496
