-0.9156067313022798
-0.2519341312379355
-0.1297808447192227
0.2103654621571648
0.1926053264754360
0.0337243053314189
-0.4181383801207126
0.0859463165278349
0.8959217162011114
0.1181544557538663
-0.4101700355680681
0.0226748832927641
-0.6848357843010653
-0.6010372942439275
-0.0316308561128619
0.7286621149556672
-0.5463250119715728
0.0608012716053036
-0.4079899737810123
-0.0206855067122401
-0.8384425581876265
0.0160752025788183
0.1031717273638975
0.3180829130396389
-0.4300401371811772
-0.1088502192725193
-0.9087710930342258
-0.0115805315413915
0.4024622529315146
-0.0132949796619557
-0.3003654196367344
-0.4323122954932342
-0.0580183879986196
0.6982582439322522
-0.4816180906968801
-0.2065099179723313
-0.2232218503315037
0.8476674574270040
0.2018207543884103
0.3850375618442599
-0.2805392763971383
-0.3358016122664219
0.6132816152024017
0.6176877342164835
-0.2255715297884065
0.7548949065203300
0.1791610657656566
0.2282078807277845
0.4718189312643553
-0.3512022948354287
0.3271631971030272
-0.6763254114335912
-0.4621325430287649
-0.3635997602414888
-0.2996279481900983
-0.7766274787313631
0.0933518361695317
0.4811138280785207
0.3501697898323837
0.1845150310503701
0.2768738104649206
0.0243248864786158
-0.0440227859854249
0.3574167810314435
-0.8905416508662807
0.4499605815964281
0.2440074917408052
0.2732843417925693
-0.1297436787648915
0.8040385969189042
-0.0325835509655031
0.1057173243691341
0.6478051802903431
-0.2642019503937629
-0.7059092982330220
-0.1140040339011833
0.6602761407072365
0.3106516361668796
-0.2286272341764797
0.6342425774155103
0.4719358224545133
0.5131672359188605
-0.3194640773334808
-0.5171278722745184
-0.3800755641630703
-0.2402653643800014
0.5620945356419687
-0.6019795676768300
0.4856767781777372
-0.1675140439464541
0.1796428506092050
-0.8509273286673947
-0.0944539347518606
-0.2988759827945037
0.3813170972700825
0.7006206304507732
-0.4205465085825404
0.5537271553096973
0.1032891412156897
-0.1224293963284645
0.0228274179932533
0.7597486551463342
0.6322148746540408
-0.0649771289632347
-0.1354371255194399
0.4075906305478383
-0.3698734872522924
-0.4299697210806439
-0.6553017468594632
0.2876962648944428
-0.1804491043033177
-0.4405048393236700
-0.4946157581333377
-0.3251431681219469
0.6504081636313962
-0.2433139988810177
-0.4085436408787122
0.5584887495093961
-0.5860381528763383
-0.3442963715911260
-0.3281286258116231
-0.4665612854029668
-0.4639060645927470
0.6126683074896063
0.2899670328123500
0.4728637603545564
-0.3590778506151902
-0.7625615842813970
0.1875688163455251
-0.1754443805139065
0.2916265455031964
0.0828140263096598
-0.3901287770184185
-0.3301697402727715
0.8042905413807743
0.6207618491441300
-0.5189308676912607
0.2301967499440085
0.0105744271523512
0.5406136504103192
-0.5783338310036692
-0.2627147473496262
-0.7384543293633393
-0.0057645948337534
0.2261922066132807
-0.5367488058946174
0.4860706127565366
0.4908180774167887
-0.0221378268138909
-0.4839872005436023
-0.3124191696622601
0.2791925111097660
-0.1733478515068786
0.5885918524396688
-0.6692951200982685
-0.6340236423335458
-0.0393114615449562
-0.5644836548142869
0.4488454797605886
-0.2763413988154791
0.3618009006570918
0.6488449744233964
0.4202979471822789
0.5209279514699868
-0.0091658289786028
-0.2134692276619579
0.6575542107610117
-0.5327219345650259
-0.4210384302724562
-0.2469561285307016
0.3015726546838237
0.5412076992916639
-0.1753942901775042
0.6608284368325363
-0.3856044349083283
-0.4889073515346667
-0.2377299411892671
-0.1614846857671445
0.2642040223979335
0.7801108943534530
-0.6036715076168753
-0.1999008729590522
0.7118831393469159
-0.0096096939132228
-0.2979100561885274
0.0390341754736238
-0.0525761045340115
-0.6759586832625558
0.3802240605069327
-0.6278706942601281
0.3112316590178090
-0.1120159887648102
0.4211761086682930
0.4649501777469703
0.7049959506168525
0.1259777420231792
-0.6368266097388776
-0.0823372126209289
0.4210900193271381
0.6280806132051165
-0.0357207052410454
0.0144553737895045
-0.1320278523331484
0.7559935862790901
0.6399667312437924
0.3771825384701565
-0.2956200820712257
-0.4874583877638249
0.6753464495032268
0.2768277317963086
-0.5154935299553500
0.2962608844254929
0.2519181940596880
-0.6512916120880466
0.3985628789275993
0.0723289114876315
-0.4431937987478889
0.8125699432585189
0.0183060180801011
-0.3711371206566769
-0.2173773062013867
-0.5565552938037273
-0.1535258242704957
-0.4529173260441304
-0.6436528790728548
0.5599772046225341
-0.7759151829893940
-0.1787647787085278
0.2163904384737408
-0.0748297476950268
-0.4754537167519529
-0.1547632225972403
-0.0414759213351127
-0.8465160223270538
-0.1779957304292928
-0.5896677846519542
-0.0473954451512130
-0.0223701900445456
0.8041251117096465
0.0541105797224026
0.7803519793765468
-0.3071805480017629
-0.0202151356327686
0.0296999352752296
-0.5435072781007061
0.0719207414264759
0.5500457253928447
-0.3910188005238814
0.0793160086736678
-0.7301303824212969
0.2044471194348490
-0.4356191910545843
0.2724627522976185
-0.1012201983026178
-0.8270162125410405
-0.5824755272172666
-0.6680128341364968
-0.3736564487208043
0.1401498409822862
-0.2349893487456174
0.9068958058792285
-0.1605899529640741
-0.2619728461664323
0.2792324263564779
0.0717658987834356
0.1426528229827792
-0.5318675543417671
0.0339026528485285
-0.8201565716040831
-0.1515284953994453
-0.7474136334135607
-0.5389865299273762
0.1591526140985083
-0.3296081446783131
-0.1299819123252037
0.5067724942701337
-0.2185133765392885
0.5218817833940950
-0.5035328920732108
-0.4117372634173564
-0.1006475587689520
0.1906460319450431
0.9202480195351949
0.2595311081594621
-0.1982708900886188
-0.5976725110016811
-0.0676956508890965
0.2135409719270611
-0.3474599572196182
-0.6869328205006909
-0.1905858508101090
0.8920321866510944
-0.2100392087656297
0.2197637738281790
0.2748509158495914
-0.0317253374355850
0.0221925706487710
-0.4119199052300019
0.8920309527552661
-0.1819443974802087
-0.6569121131130270
-0.2163368733309955
0.4733571476012437
-0.2164280891977467
0.5007561541346975
0.4955676472589777
0.7699493832657407
0.0772039189298986
0.0372540274051659
-0.3927369941103945
-0.3066669795977868
-0.7611697449545233
0.5607491678291991
-0.0547438207513571
0.0956005641125654
0.0804519842853586
0.0407734036864979
0.9038596770202842
-0.4148226437880667
-0.0531494706825250
-0.2098029229506870
-0.3697705417898700
-0.7798145799717541
-0.1816245656304336
-0.4220831884460782
0.3111572310608640
-0.1704693526035517
-0.4142539331269549
-0.2324254671529588
-0.8052909154392837
-0.1971765760812093
0.0847066459508718
0.5061803122944426
0.7651379576078590
0.3350993572805228
-0.3738882070526827
-0.7030438793525841
0.2529276484893928
0.1044549126257175
-0.5394939185846117
0.8395455480367032
0.0942892804462679
0.3663476478388291
0.2179484905305682
0.3233584091423647
-0.2674647144491665
0.6226483594402458
-0.3256588971792617
-0.4856118501471374
0.4459810093441847
0.1555792634632523
0.0128540841423373
0.2668859175944603
0.8358576247553225
-0.4535899066659742
