-0.1889495096636840
0.0344874627127018
0.6931117548172496
-0.6947695970950702
0.2717096897266295
-0.2514238346729938
0.9286442560792768
0.0240779051819831
-0.1235388703117797
-0.2049075924423779
0.5707792478281085
0.7854693350668354
0.3649719488498420
0.6134656868055398
0.2206523643221948
-0.6646561981836784
0.2745536552967573
-0.6887305477635995
0.3583853824124569
-0.5673010141128947
0.4349842211570478
-0.3335064936386389
-0.8243783826460933
-0.1412884576710662
-0.8689011121556217
0.2577066044952565
0.1896796553308710
-0.3776503563454048
-0.3149796536420953
0.8366848285880945
-0.2827797351641835
-0.3475369574340129
-0.1189372373564783
-0.9124847177314767
-0.3519189921510386
-0.1714018565824580
-0.8284751138102834
0.1097523236707617
0.1140740080825978
0.5371876152015028
0.8256311482401555
0.3275543894198443
0.4561848655842221
0.0541913040933754
-0.4303825882017464
-0.3740706316504603
-0.0983198573330538
-0.8155827339782272
-0.5951778308552195
-0.6221008435944614
0.5076484633890318
-0.0323562617786742
