-0.1365277129380939
0.1621419811030653
-0.2330399360842195
-0.7955684015595169
-0.3680939528350601
-0.3637860773586938
0.4748298223889313
0.5344056228854308
0.1138069483778128
-0.2842968701206615
-0.3869665797629607
0.4954063022263773
-0.3326203645745171
-0.1442007669145711
-0.8735637154391256
0.2866417733085884
-0.1037580892037665
0.1119241693248003
-0.3182234396889836
-0.3164879064541088
-0.3352989185313412
0.6471369994938991
0.0076599783477417
0.5170095853562733
0.5468315434453148
-0.5215472677002140
-0.0208709138222496
0.6133014268083697
0.1946221788433826
-0.1204644469582325
-0.3140420599836508
-0.4567158351965677
0.3353373878032458
-0.1365655754200146
0.7266597194701974
-0.1834463477230242
0.3751570842386740
0.3736947582135583
-0.1028543594970592
0.4139107285207119
-0.1567940836467596
-0.7163266675969303
0.2830974020410739
-0.1626198808694363
0.0716260347795818
-0.6730137410449238
-0.6594150101196693
0.0224654231865740
0.2817593603199672
-0.0925288973791176
-0.1165919456925448
-0.7394206910515319
0.4392337900174634
0.3984809952473070
-0.6175451734843959
-0.3191097054488467
-0.1926444269826148
0.0628200984889760
-0.5246609914033417
-0.4477494373782237
-0.5175267988877829
0.3149831538531381
-0.2592949788399095
-0.5779339923275512
0.3517231563927447
-0.3286348443783292
0.1009266309667551
0.0618429143386019
-0.0932990661630340
0.2808713854033253
0.5111703777157860
0.7981858575347174
0.0864158926426289
-0.2557408175142989
0.3782287283968441
0.5572843598178373
0.6050729701872329
-0.3277084067008736
-0.4290147147754630
0.3784516063901832
-0.6366253544120618
-0.1377408136047150
-0.4237880466144273
-0.2624120310899903
0.1483295805006127
-0.3661810596380138
0.5469738109405297
-0.5385945123361995
-0.2691171799744158
-0.4268738829912610
-0.0173141678403147
0.3290323923023379
0.1916431955532281
-0.0391034814687023
0.2212391719652769
-0.8967914676953002
0.6154323406057601
-0.6261679154803695
-0.4091408222253717
0.1074861965103521
-0.1936237255395402
0.1127702700899410
-0.2527583305149518
-0.3110770632500909
0.3270852975949960
0.7315300412226260
-0.3391079914446855
0.2867561056008412
-0.8452102225016761
0.3609687562969644
-0.1016017609608566
0.1739298883514969
-0.1678051307635875
-0.2942586463524804
0.8073243613513535
0.2961526649984010
0.0745770933742976
-0.4983800358322710
0.0790822405888887
0.0179602570716797
0.2097094717767008
0.3031283276859947
-0.1020387717283147
0.9054806328503396
0.0696031123038186
-0.1702453340217490
-0.1645236696902275
-0.2342694689551891
0.7896045100223565
-0.2719480967608753
0.0068655751789871
0.4696505001861151
0.5593225260282483
-0.3810375918407694
-0.3935805258041584
0.1460691892668103
0.0694614304043483
-0.6007511438377854
0.4479540493858121
0.4949698325089399
-0.0072893240915976
-0.3974278067153890
-0.5772424572102367
-0.2512591975281633
0.2230598262069131
0.3905704285594844
-0.3790185540319616
-0.3095718049756201
-0.1476203369880858
-0.7324053001163934
0.2001493240501706
-0.1678354957148851
-0.6078878311291357
0.6742764837715641
0.3278496332110516
-0.0104747630784052
0.2051849629746104
0.5841599238745947
0.0930373868674644
0.5541899747865994
0.4432842100215637
0.3230680113294965
0.5995396188433857
-0.3091598985646848
0.3944365181354477
-0.4075808263214397
0.3367519977419998
-0.3314637201108002
0.1097847796898140
-0.0513989981041103
-0.5554199447195737
-0.2066062106626490
0.4699126931954965
-0.6428919540944923
0.4473282884122741
-0.1973272740098571
0.4618391237150042
-0.6878585852532506
-0.0416539060016607
0.2697767446099510
-0.1214783418145646
0.1934466046127535
-0.8662127114586634
-0.4064175745207682
0.1580410162595951
-0.0857015428186763
0.3044823311096741
-0.2923927856703516
-0.1279952645780512
-0.5686606444160736
0.0104993517387948
-0.6942110747322506
0.0972001522523968
-0.5319864111533910
-0.3065291815466414
0.6121580440541116
-0.4819825428655721
0.0808567071013529
-0.1744859471349094
-0.3815160188413443
-0.0493462994255376
0.8747444579766670
0.1133497503895583
-0.2086602302275677
0.4922734226936166
0.2866821730377791
-0.5985713972588357
-0.5036580429560426
-0.0609371712198483
0.2445561863557458
0.9359194064621649
-0.0185179372103373
0.0751375359658275
0.2274571739725712
-0.0108151539410494
-0.2573180284232139
0.7512715979312663
-0.1404503127083334
-0.2916440097107292
-0.3248370844818010
-0.3768137701603562
-0.2886186386300834
0.3277799115801278
-0.0418745562378644
-0.8181952470187654
-0.0497853955187411
-0.4675065065278677
-0.0179574387777986
0.0670860601027272
-0.0517337340210247
-0.2825686368312841
0.5321487410041117
0.3914792566970603
-0.6903185900778720
-0.6293300965339613
-0.2425988502401029
0.0471165102261243
0.1836362923709099
-0.3925950760816083
0.5958324263445123
0.6502453435916403
0.0043551542010869
0.2284770639815254
0.1050373422530844
-0.7066422783465508
-0.1207646644894972
-0.3660627098846901
0.7969292567516547
-0.0784513596685345
0.0386186981060945
-0.4694937230003096
0.0532116204525834
-0.0477925626381440
0.8124274095286154
0.2696589568957738
0.2992568759145108
-0.1157552921021212
-0.4025017474958657
0.3949917703851434
0.7954015524735548
-0.0640281286796388
-0.2027887547680861
0.3988554470651982
-0.0837217037241984
0.3759083776632990
-0.5971188698360269
-0.0528331549849310
0.3093118951307166
0.2588665101460942
0.5802283051334686
0.4157446978700011
-0.1243397710147917
0.3533965157724432
0.6627500757492271
-0.2729548778208760
-0.4160106272020612
0.4998202482191240
-0.0950328011174212
0.3518331535376971
-0.0341349450694522
-0.1458636870351336
-0.7713109026736827
0.6176561783055859
-0.5376620196574651
0.5092830138851624
0.0863099667789098
-0.1953448769932560
-0.1563399451642252
-0.0681119071423467
-0.7708327643636271
-0.3492110327565521
-0.2675721762491172
0.2006409364800101
-0.4091180968813278
-0.1077435662810664
-0.1713239460423552
0.1532278572653233
-0.7462579389982255
0.4870143488665015
-0.3761339730410562
-0.2050913444972523
-0.1317789725649586
0.0751810577998230
0.3449487136622049
-0.9022263075848991
0.0437918507789106
0.6946102751652311
0.0570744330345821
-0.1925692865934172
0.5180593587283038
0.2931873276729114
0.3504737312775398
-0.0699744979228757
0.3892942104549571
0.3441976040189487
-0.2000875730857062
-0.8009692963039582
0.2085539407667049
-0.1240964084750842
-0.2294111651290827
-0.6685519049766198
-0.3143899382567335
-0.2425769393240176
-0.5721226654319455
0.4593758515234649
-0.3130146443322498
-0.2353252743524306
-0.5157015522204960
-0.2496898024526235
0.5543686375600094
-0.0661288221352676
0.4572950767950734
-0.7610421734861073
-0.0093177982406210
-0.2414566495561723
0.3859208038167764
-0.1583451328568577
-0.2771390319709430
-0.6331327930565180
0.1751389317186206
0.5336357689767175
0.4264069217077657
0.6194025293602036
0.5701581592293139
0.4222660853517174
0.0052834487250877
-0.0444579022209927
-0.3330872458498475
0.4667301590119782
-0.7074575747840455
0.0232335704565186
-0.5002348506795128
-0.1535052980426558
-0.0856046575348165
0.3259100531148245
-0.1918272795713393
0.3213940850535461
-0.2091156857779132
0.2012407162156944
0.8182075398590343
-0.0187724379547081
-0.7724454376104457
0.3958953608226906
0.4636853425516048
0.1517221754570685
0.0906575388177453
0.7101133950464319
0.5163047284611954
-0.4076189502735381
0.0219241217953233
-0.1109651086328236
-0.2241010095286273
0.5226854000654004
-0.1529055305753077
-0.5072238138028407
-0.1204792598721279
0.3687074154436349
0.5437678399158931
0.2974073205852067
-0.2299226566467586
-0.1888225110316969
0.2738583613797319
-0.6188346313843910
-0.6042150394125113
-0.4154911263385616
-0.2031984262587977
-0.1064807035342117
-0.3234603944048106
0.1691156564053538
-0.8009448490906171
0.6135639681742440
-0.2826057079946132
-0.3626863080797855
-0.4079892797019575
0.4709550455468043
-0.1545250964111624
-0.1649883975937404
0.8147487323221525
-0.0378319654467447
-0.2508114149390224
0.1815505251489314
0.4600707719294550
0.2635856842562152
0.5329730075479684
0.0992303147356004
0.4012068018353336
0.5286759207113652
-0.4428889002210187
0.7289660333068655
0.1226530310567516
0.5655064072769513
0.0433016413605360
-0.1681890936940443
0.3218767717683586
0.8192533226106617
0.0695490420328901
-0.2910964080722683
0.0389904472775581
-0.3134593299839911
0.3734605719727390
-0.5246617156733552
-0.2342980170923560
0.5710618967570227
-0.1333663259381913
-0.5628002858566554
0.0958754124422328
0.2897956618515850
-0.0870914831761892
-0.6679612639578423
0.3943154237569841
-0.1546408429734888
0.5318485254786497
0.6481832738615815
0.4875326010380571
0.0867795831115538
0.5004081152099566
-0.2612760337818062
0.1263576779202636
0.3264625501883908
-0.0967548176636831
0.0494175577926252
-0.0446408761740599
-0.7590058997263890
0.5509408769733097
0.5940516922372295
-0.0091952454675230
-0.4617335910880265
0.5705510534184181
-0.3017719601969536
-0.1312452084986447
0.1587039344573607
0.4415281326415260
0.5504751252620934
-0.4297772605200925
0.1631738103656556
0.5152755764560563
0.1072201841322700
0.7634926567698490
-0.4402796898316327
0.4313274437025113
-0.1505914157805163
-0.0549131286414986
-0.2478394174999203
0.2177034067820049
-0.6859024666504363
0.2116376580869196
0.5871515498694527
-0.1765820353746105
0.0297541991217474
0.3944683828705806
-0.5451983975004856
-0.2016991524032360
0.5925369192155270
0.3930464873260968
0.0583000164047564
0.2362935382735024
0.7552714235340224
0.3113920507931845
0.0592255728665353
-0.5194794229531434
0.4742840173332500
0.6251112875201952
-0.3593660518987852
0.1019664070251532
0.1049603718453292
0.4834591627430677
-0.1737860760609778
0.3229713292605171
0.5368068763621021
0.7562502456615506
0.0596456002109601
0.0430611895528255
-0.0697564017299001
-0.0789039617655443
-0.3511218439604735
-0.2309447513802091
-0.8652739479051977
-0.2521649793601043
-0.0216246266365752
0.4404275054641182
0.0004168395721947
0.1696059067585648
-0.7395966510097770
-0.4793604535273859
0.5496019253802260
0.1942213691963601
0.5350542002395640
0.5374512114194485
0.2886560882296534
-0.0419123399914876
-0.6593846031956572
0.1383741118193709
-0.0959432135559951
-0.1746869824237163
-0.7024505581971476
0.1136095131556631
0.1765239818882968
0.1310285818115082
0.5266644429303636
-0.0945322324638253
0.6893378014512443
-0.4360876192181856
0.2508976295366389
-0.6181748177762946
0.0077346584188981
-0.0330449815168436
-0.7433089688038227
-0.0353589495267156
-0.1030322907855084
0.1083992582364331
-0.5569362381684306
0.4894736861858785
-0.6240546956749224
-0.1960286250060606
0.1592100508612114
-0.4292532767673343
0.1053526125829414
-0.0247014560234197
0.4919613248900294
-0.7325697946230076
0.0247202275504523
0.8151222039645777
0.3846588846462907
-0.3810933002400478
-0.2012902675865328
-0.0353888415117809
0.1348138504422958
0.2562804031639477
-0.2581289075098528
-0.3838134336356616
0.0616855560197289
0.8357016142919416
0.2237384209578273
-0.4106355451052100
-0.8509187079252502
-0.0219462329502044
0.2167794137450495
-0.0989038382567434
0.1671326489584453
-0.7344564081572461
0.3381752329586635
-0.0263368590234916
-0.2772578215791126
0.4906245450568341
0.1272946385487239
0.3311692515196792
0.5141607719083199
0.4824119626612912
-0.6137660104215048
-0.0182122268774689
0.0980904667395684
0.6850972737003737
0.6021048855856244
0.0659746510989742
0.3926022323268458
0.0007247353981246
