-0.3081489257014562
-0.7004958695993472
-0.3559720196872270
0.4254935750968953
-0.3264109916359110
-0.0066917526563149
0.3300995577849528
-0.5190334827122366
0.5594114749530368
0.2290209286704409
-0.4813073941350184
0.1568117790427112
-0.7668344835626434
0.3438383364103764
-0.1700009815879429
0.4724706980468524
-0.1833143841446928
0.0894819285982747
-0.3203267477041313
0.1346830137486087
-0.0478299695393029
-0.7127614101183646
0.0929049643184215
0.6002527754020206
0.0316956677055098
-0.0123425198738154
0.1769537822918018
-0.1802437973539136
0.5536838071959288
-0.7927653000409105
0.0619015516500451
-0.4309946600106969
-0.2015421108638901
-0.5879536212435608
-0.6498158992314043
0.0429233603853785
-0.8132728628307645
-0.3840101248461847
-0.0089258045738344
-0.2100291110310783
0.3616321348311710
-0.1270975066172618
-0.1126754364035458
0.6927415181537744
-0.2280708544172805
-0.3277359394661246
-0.5898842550726805
-0.0047791235861694
0.4312093125932623
0.0834987081329569
-0.6289409410144939
-0.2066092064488824
-0.1576786890097191
-0.5864894321567233
0.0741437492765042
-0.5050426540274436
-0.6824162814283178
-0.3196452634245407
0.3687269586545222
0.1887060582740470
-0.4477434621304427
-0.0613090222114644
0.0161417867018082
-0.0569421680862628
-0.4911492789233161
-0.7423182699784068
