0.2138376869469986
-0.1981215641600945
0.1579919870596181
0.1338149624500056
-0.0619365560772932
-0.1978332366833129
-0.0081061990881668
-0.2413349467221398
-0.1854826988138130
-0.1773830645119933
0.4960201486495189
-0.6256836722546761
0.0807166392770191
0.2469234278749985
-0.3020837607589775
-0.3038689787614922
0.0691551458888268
0.3854835399770851
0.4405311676619023
-0.0244570606063695
-0.3592871070783589
-0.2509552885173909
-0.3769860209332198
-0.3348892186502459
0.0220270968410712
0.1232811746015419
0.0353342745697686
0.0713877516129853
-0.4664800647073771
0.2109876204293905
-0.3243953202393589
0.2139760518223291
0.1412231793067386
-0.0760524283876202
0.1985746025963849
0.1133044328767847
0.0655198497584307
-0.1665800216128476
0.3804733541504755
-0.0225975099156394
0.1456798952680828
0.5570724964448994
0.0172283205763395
-0.1623039382516970
0.0983874118946770
0.1886180433887919
-0.0635026825432599
-0.2633892398581373
0.1339975345738935
0.0985511788874196
0.5222167475553485
-0.2552953208369673
-0.2287119991356025
-0.5317260731411824
-0.2662490111113756
-0.2884670646688662
0.0064962006147976
-0.1756056012419161
-0.1730814250851723
-0.4104006141603562
-0.2974386742261148
-0.3840550180986735
-0.1721157130194779
-0.3179987993283863
0.3086732241600508
0.0864473577825383
0.2272210253888622
0.1580974608965230
0.2977782797891142
0.3687426488309500
-0.3548162536893730
0.3436111351961733
-0.1079375556706823
0.2843587247082855
-0.0853201161376404
-0.4807256749366447
-0.1515253331978566
-0.2506798536253722
-0.0338003340365074
0.1765100496990890
0.2271820349072243
0.3814558989300904
0.0942663803984421
-0.3178753069324985
0.0494613016155963
0.0229560745477739
-0.4196722297815301
-0.3784551926217362
0.5310651013103161
-0.0771471989190911
0.3247872737037223
-0.0591603729934799
0.0419166813784444
0.3353919116659294
-0.2391213968646925
-0.0795646929841213
0.2481475536864315
0.2034045136933308
0.0271040598852216
-0.5261334856461900
0.1933959461573759
-0.1058722343489449
-0.0124191330633212
-0.0542630564162455
-0.0060048290002004
0.5160581102722107
-0.5419326993827824
0.0381084531514219
0.2657008920785836
0.0264551196941325
0.0674099141506494
-0.1827649285819704
-0.1888792804810697
-0.2780497571203815
0.3407468205377819
-0.0310345991886954
0.2317858351500339
0.0022686664420470
-0.1643319977801393
-0.2938235841688845
-0.0109387885669590
0.5944004020308323
0.1642824723052378
-0.1411114869728432
0.4207949334075673
-0.1596033524439260
-0.0949001905611773
-0.1960436258170890
-0.6046820640023604
0.0071265634492643
0.0950637173641610
0.4774587519547548
0.0582683179518645
0.1742784636661934
-0.1457159669240753
-0.3313607399683962
0.0129754637212159
0.0451896823197491
0.3602655673769058
-0.2303533853229667
-0.2692518734831905
0.2574895387290955
-0.0062434212768424
-0.1053995906154752
0.1047552499443558
-0.5857899157363566
0.0640607044073453
0.1739489066812520
-0.4790767738426082
-0.1739977957270718
-0.2662509410103159
-0.3611095714222253
-0.0208312709656869
0.0074573548024932
-0.3099644709852760
-0.3355047852286840
0.0443906807648291
-0.0530298173633637
-0.2611963934475112
0.1929616963995789
0.3782521170313016
-0.4666453104876707
0.1167950630474217
-0.5323855241843564
-0.0066251430530411
0.0074773627403020
-0.0565727609372995
0.1411023593478670
0.0366885563153296
0.4488691125688616
-0.2311314747226975
-0.0066385090558566
-0.1864302828234940
0.5560170847993530
-0.3200151606682969
0.0723162088370380
-0.0932088714534506
0.0461652810019541
0.2954143881920276
-0.3840200207983098
-0.1712149689694109
0.1314508483617101
-0.2093198710625159
-0.1620884048113111
-0.4058203585269263
-0.0430200033363487
0.0851836887565821
-0.1599053313362287
0.1273473073363985
0.0906235484284811
0.0598684838571727
0.4262035588776472
0.4828760425447429
-0.3157539333372238
-0.3605976729249641
-0.2407934943613673
0.0362474405616062
-0.1027640471305619
0.2128059789971152
0.2730100763594586
-0.4485284379559835
0.1087913908322623
-0.1169287523847432
0.3344191646227392
-0.0093584453139571
0.3657147965633303
0.0097734799800600
-0.0933707053652031
0.3160901100049306
0.5359304898075763
-0.1286205565561242
-0.0277274616397528
0.1112724127710109
0.2694742960833873
-0.2782420028526762
0.0229818205839745
0.6170364143929037
0.1191762936077333
-0.1629012125544262
0.2383628456043186
0.1857895833678436
0.4292273333150438
-0.3382495632427006
0.0910274745998724
-0.1301087318824922
0.1944993207414036
0.1087570413863315
-0.4723074502980917
-0.3795925034094653
0.0533468968403275
0.0062878490869201
-0.2008340198419762
-0.2802272275332847
-0.1677916576975100
0.2802651684060288
-0.1449745878260118
0.3601803144253088
-0.4324947580738054
0.3161966188365995
0.0372308956107707
0.1784047661185571
-0.3130854788912558
0.5176283897724260
-0.2981741924800872
-0.0983189866419862
0.2030473369858492
-0.0289199081732683
-0.3340693844817315
0.2708286616748954
0.2038529587195591
-0.0439949034968467
0.3629910175159383
0.4889054210186612
-0.3531054845622297
-0.4035306313576011
0.2658777498030939
-0.0125313475223660
-0.3643639512558529
-0.3100038516543827
0.0249576813408135
0.0724690645099433
-0.1933255011567901
0.2079730328551155
0.1446999152839443
-0.0500497638550430
-0.2525753725007658
0.1497732642654717
0.1135199049219692
-0.1124312449976060
0.6457850851177274
0.2049090824613639
-0.1718153729987632
0.1391988578249263
-0.0372364909555342
0.0384845942672375
0.0074380651297146
-0.1827107979607502
-0.2269378284741848
0.5936399724584273
-0.0624666898433075
0.1208382450177922
-0.1060176982217472
-0.0187461411425095
0.0459137962624081
0.1847030261755251
0.2995532511312588
0.1299901985567856
-0.6138299741011894
-0.3144358795430280
0.3134250831119040
-0.0669717282923260
-0.1395322034536651
-0.4594804379562656
0.1482730542578097
-0.4130096447997083
0.2118904523202806
0.2784991507294464
0.0531224584848215
0.4258984448796186
0.1265338785128967
-0.3559878904487003
0.1616932036686427
0.4723461409309012
0.0032869540110216
0.2531851369006251
0.0083714322330748
-0.2281802653692928
-0.1204516919610718
-0.0091624836840636
0.0588540448028042
-0.2339515246251357
0.0624059422981053
-0.3248832183179203
-0.1426655046011646
-0.6379995678701039
-0.1529920048200559
-0.2337137469206719
0.1179122318731512
-0.4206844229608689
0.1272565146849853
-0.2614126089816953
0.2268045691652218
-0.6394482855815304
-0.5157412514407022
-0.1444322030818591
-0.1883336888993281
0.0161698643220482
-0.0261879169311085
-0.1827234890876496
0.2485888495801482
0.1556154754180933
0.0740664968251530
-0.2956854620200763
-0.1554291582201036
0.0318102224663466
0.1742211892751213
