-0.8555184430973665
-0.0778536172557854
-0.5118857370551048
-0.7182500442597413
-0.6877484258541091
-0.1054465582941181
-0.7770970063041283
0.0585882948020478
0.6266479510102544
-0.8553495059465576
-0.4681310860207277
0.2218794920177031
0.0992695328104203
-0.6686999252968981
0.7368758170570696
0.8096174669194982
-0.3607011932203040
0.4630488165067524
0.1559086228279495
0.3868020165692942
-0.9088876175335537
-0.2509809134556813
0.2949314332879308
-0.9219674781355787
-0.4475710397081122
-0.4754450671213206
-0.7573850754831406
0.5705684979186630
0.7593253223761844
-0.3128524316369369
0.6201508095210757
-0.1506408233362085
0.7698833131033193
-0.4922188856470762
0.5384762205326519
-0.6839326929846399
0.0241585926261490
0.4089743550268897
0.9122260352197056
0.6781495336795518
-0.6792383196266476
-0.2806216583248248
0.3682379759725516
-0.2671830820132556
-0.8905133315888856
0.2515875293612186
-0.8771720201499572
0.4089901736423026
0.1299609956668250
0.7314693691756043
0.6693748587773005
0.2731285519714990
-0.6365917936503107
-0.7212154202143992
-0.7183292232833812
-0.3536710863141539
0.5990992319160998
-0.7453815307310229
-0.4776589660950576
-0.4650250377711698
-0.9442528381498154
-0.2945394487290479
-0.1470819186317852
-0.0118214459623570
0.9959854776044645
-0.0887309518508955
-0.3405749791398619
-0.1125132669983968
-0.9334610052558330
0.4841804603984489
0.1329011152517560
-0.8648159199119694
0.1638615095814449
0.8785724660114129
-0.4486199144535547
-0.6246859083003614
0.7091669845103992
-0.3268787298852280
-0.9762454281782793
-0.0690293021002468
0.2053772611867265
0.3194019632358652
-0.8690791802465280
-0.3777350451614174
0.3837792628849878
0.9231514362048685
0.0224700514539747
0.9786461313754629
-0.1209381129371963
0.1662098745051880
0.6349188452678447
-0.4509596984966022
-0.6273064723527092
0.4059115378473844
0.6210003392833418
-0.6705180102371197
0.8899050239246618
-0.3219201161795653
-0.3231663460086501
-0.0858631556377092
-0.9455757929345714
-0.3138693013343155
0.0585098543460637
-0.0090501976036476
-0.9982458068370422
0.8618114071553906
-0.5046601879885543
0.0509822827676706
0.4577970381805396
0.7853855186000066
0.4166430834737622
0.4152788265394415
-0.9093097872483823
0.0264425233728995
