0.4675537906831947
-0.0336232996409898
-0.0497765380106617
0.1225054191946891
0.6528845512741128
0.4581161762548994
0.0552731188868491
0.1852756396098774
-0.2526577324760206
0.0241794868788172
-0.1576268351577496
0.4735645664888679
0.1123455593972898
0.2787186376320506
-0.1427410599440782
0.1636354685138112
-0.0696109976358185
-0.2843841532569303
-0.0941101154384045
0.1309308793385454
0.5687724494713284
-0.4506192129186643
-0.1490759407591430
0.4853034184176173
-0.2932901640443414
0.3794397505766307
0.0925913583079655
0.2680341550606444
0.1194160690882359
0.0974863485263286
0.0061469343623037
0.2578758431898983
-0.5844196457985589
0.2514730529738323
-0.3412700188555375
-0.3063308019642222
0.0131918117203634
0.1542301830809082
-0.1310246224226043
-0.5180987868484571
-0.5369483876813759
0.3386689313989640
0.0630135666923763
0.0996083029973548
0.2724964638772480
0.2149424336574578
0.3518148357699871
0.4050673495305813
-0.5006614059443762
-0.0450172715392875
-0.0691796807773730
-0.0316355481767805
-0.0131098317535427
-0.4507294093539414
0.3604001784670854
-0.0016370555613024
-0.3495834295521646
-0.0485063111550664
0.2516707565846119
-0.1700326807961485
0.0975014156706212
0.2852779099121199
-0.5787585945847570
0.0231106237570099
0.4255745336562361
-0.4191506817084773
-0.2817836225864241
0.0319616700482499
0.3276794714040839
0.3487681319448330
0.1225160565280932
-0.5876455041888786
0.0968854921010866
0.2042345450595900
-0.2493867450839393
0.0561442794582627
0.4623651116103351
0.0655079566768735
0.1190509994446191
-0.0954698565322240
0.0060582930776528
0.2531274328696131
-0.4459216921300691
-0.1813759114997929
0.5347257280882510
-0.4734625922254663
0.1085736658608601
-0.3932948324494498
0.3154879276597558
0.2026930996140391
0.0752996715825885
0.0988112658931482
-0.5920791327597421
-0.3442538694387545
0.2541927001730112
0.0746707315174440
0.0016065000367801
0.0131810112135556
-0.5518285740366239
0.7617252923034485
0.1186117075243345
-0.0294567354706956
-0.2585208805234219
0.0454500457351553
-0.2072126127577424
-0.2242341727189384
-0.0988849545337497
-0.1053792073852576
-0.4535285612718437
-0.1270834046696573
-0.0738124999870542
0.1271191151299339
-0.2371221226559297
0.1481573040059709
-0.6481113628660147
0.3744153361230712
0.0733798225956424
0.4298136501047184
0.3850007772201535
-0.0021200826875404
0.0403151291656559
0.3501040896272091
0.3468671059202731
-0.0504555360532580
0.5847803219388155
0.2376398870879559
-0.4725120298006062
-0.1480920749623037
0.0564669961256061
0.3153436021597991
-0.0237747038902882
-0.0879181931329762
0.0703516729363729
-0.3822737107721064
0.3002724462570591
0.1358650276139199
0.0434236539402400
-0.3369663508792204
0.2578477872608995
0.2806606543540114
-0.1282317058985632
-0.6355995277215769
-0.2432625223419282
-0.2262010691767178
-0.3396108701497786
-0.4499097469908753
-0.0390124636998323
-0.1181113395524563
-0.2845532761016963
0.0039118766829641
-0.2880225133723189
-0.4267961548567535
0.3664387779165070
0.3677381108847284
-0.3667957367851441
-0.0159284085319478
-0.0194123535153762
0.4816936676047377
-0.4744750819342384
-0.0265326807905131
-0.2132076621773637
0.0563543791090363
-0.5638853940204437
-0.0245082563378371
-0.1994247787957298
0.0000116392654196
-0.0373727373281960
0.2861389353211274
0.6331318562220347
-0.0913480606125621
0.3988234500066337
-0.4568914370475911
-0.0579359607178517
0.2705826395973292
0.2401769578775228
-0.0738981157264166
-0.3092847402498796
-0.1595182533873357
0.0519949262219681
-0.2890192432191201
-0.1387729214362645
0.0368216756078892
0.6086349651663553
0.0338501624178588
0.4885026314397921
-0.1203656791545430
-0.3838521193139460
-0.1373122469359582
0.4315654806537647
0.0090225677521086
0.0784687229725400
-0.0698423335996956
0.7491497456123788
-0.2112945896394018
-0.0038564859054649
-0.2793190564105341
-0.2961438968868532
0.1103355046670543
0.0507070307853947
0.0394584559506325
0.7157955621116118
-0.2329589195449994
-0.1062404490810673
0.0472507157717698
-0.3825984977697885
0.1031396959312714
-0.4617678836786679
-0.1620725171012708
-0.1385732031009836
-0.4439568497497843
0.0438527155473174
0.4855124904509173
0.2493503133223971
0.1010164870368276
-0.3667557457398365
-0.0742168070584070
-0.1028989761389397
0.1282496693257789
0.0779396583334741
-0.5654628973782467
0.0533040527838265
-0.1312543178095326
0.7606113101468560
0.0130451433773837
-0.3223376143915073
-0.0368703479786249
0.2561986912283669
0.1088848648464378
0.2718670833497139
0.3573803905803128
0.1297849881622475
-0.1976135383605731
-0.5398084978802957
-0.2147140129756334
0.6001847690621132
0.4377421533183961
-0.1534775286242208
-0.1180855386979941
0.0556564353840809
-0.0970040080402444
0.0451477259024227
-0.1398868761781314
-0.0040959554374102
0.4823408484901216
-0.1306304710135106
-0.0539678350886734
-0.3240836939204607
-0.0683889676904085
-0.7236126783616781
0.0821292344396222
0.1139352306451273
-0.0699631899695765
-0.2990146921312510
0.3119787388080467
0.3403217076292089
-0.1634792761792519
0.1140273070460552
-0.0177947170021195
0.2447035654975387
0.6643207403296589
-0.2400587224040055
-0.0357234263374616
-0.4242378877188718
-0.0819879847024626
0.3467613745635610
-0.2626691275836801
0.0488758203620010
-0.1052154782565590
-0.7117799719386790
0.1435383301905561
-0.3596024287208958
-0.1593546736872805
-0.1376773941088454
0.3024589600779092
0.0701715683843850
-0.2430457254905891
-0.2859018565516576
0.1380668345986338
0.2377377723946651
0.0959648647239700
-0.1455680832901970
-0.0671817010902690
0.2988376502111918
0.7273004181970306
-0.2101465646540788
0.2937057767169681
-0.6934095691835359
0.4169100230187949
0.0057096566810678
-0.3240684694191007
0.1411801917645940
-0.1420199069382795
-0.2132260858246932
-0.0696464047919807
-0.3850076241104531
0.0384048865711518
0.0138901833819768
0.1204885881371736
0.3957853129260436
0.1330705183616447
0.3742908819269215
0.2074646320740870
0.3156635583411554
0.3012094338390834
0.2296739835294022
0.2383119778315076
0.1776695495524308
0.5445306915719118
0.3118654447782969
-0.2883190059511715
0.0963008238665907
-0.5445118159976635
-0.2055759040086360
-0.0244992146860100
-0.0638230823507617
0.6258352726695163
0.1728670537851578
0.0325971347861490
-0.2104630586449791
0.1433979478015756
0.0790338853708289
0.2400675987075659
-0.4342041680204307
0.2661526928597786
0.0056333937560767
0.0809320128381039
0.2984373815618172
-0.3620531749234247
0.5342619453690536
0.3795033357627773
0.0360845026854603
-0.4587875036867733
0.2218803298232953
0.2599072434410808
-0.0812235979316165
0.3245508201083095
-0.0904157562774242
0.5893042158198273
-0.2772708796949214
-0.0195111267349142
0.3560680818575737
0.1910347919962130
-0.3019592196909849
-0.4527084135690349
0.1936899357882658
-0.3409560342088160
-0.4325105021736286
-0.3359213158055210
0.3501248932784767
0.0013386746895365
-0.2537656015766906
0.1634623604856829
-0.2280631388623284
0.4751511938173731
0.0458331321115555
-0.2105302289037357
0.0398627581826388
-0.3070457755642292
0.0498234672426742
0.4329897502294380
0.4625198279767395
0.4159225020753170
-0.0552279453442621
0.5490030066106656
0.1705388910619624
0.0982296331794965
0.0456161452272483
-0.0803575577688841
-0.2634445779037839
0.2609018303669111
-0.5078499644949459
-0.0441652560368857
0.3238329231074964
0.3861634701196892
-0.0904003823541840
0.3847813398796424
0.5083837131964488
-0.0630255403698421
0.1752610762095728
-0.1781245145037033
-0.4140261850644337
-0.3317858598666973
0.3384784892193175
0.0205725425706179
0.3498708752790136
0.0017720067872131
-0.6609774814234709
0.4453647092763041
-0.1527704474322972
0.3061034585462886
0.2785330685490608
-0.1375182566649559
-0.1148030657441957
0.2436127004760269
-0.0465804740326951
-0.2766391048667510
