0.8092418979502237
0.1911410917488057
-0.5337752585148177
0.1538720476384003
-0.1560369521676475
0.5307828430282980
0.1272942419714939
-0.8232364296275593
0.2144690595195882
0.1419889666952962
0.4578262869673020
0.8510212963300735
-0.5746256084619432
-0.2518108118068049
0.6893012616968325
0.3622989039178759
0.1026434888217932
0.8240210296360214
0.0251330785793814
0.5566165513899173
-0.6220073345666034
0.2928061546198490
0.6637779982117865
0.2945678201230413
-0.1432474796085881
0.0572904573931807
0.9814566197994137
0.1137579295230734
0.2112900393290854
0.9521870427072570
-0.0008233591362606
-0.2206709701353006
0.8454320106398194
-0.1428197369895938
0.2741781034972672
-0.4355153334549514
0.2376976542520602
-0.8518469791798559
-0.2473621098234622
0.3958137640973438
0.5485802443323378
0.3778479808672275
0.1057370560663757
0.7383158496587000
-0.8451274387906972
0.3402314669860143
0.3916915163339883
-0.1287630269433045
-0.3833158317259165
0.6519688984921445
-0.1533926691484210
0.6359844476075904
0.1473892619003563
0.1315922423350006
0.7922118232352857
-0.5773736349712715
0.2045950829587791
-0.0374904087605278
-0.3513575443895423
0.9128434681152129
0.7334500292293072
0.2823933206009164
-0.0036233231997360
-0.6182976133161980
-0.1749399848122359
0.0690566505799116
0.7627818492345284
0.6187010838869864
-0.5930277950629120
0.6686086736180826
-0.4050619935694247
0.1928866434231582
0.6428850163596422
-0.5223492577963038
-0.1464644526156427
0.5407386362559209
0.6554916891106268
-0.0618690614303177
-0.4413854852016889
0.6096570496581654
0.2869061703486163
0.2969276342489288
0.3571400050130250
-0.8378364078115260
-0.3529288497469177
-0.8552455853194157
0.3303964327855334
-0.1866397948202961
0.3606923275321699
0.5574238595058744
-0.3721075463959669
0.6486259782248739
-0.0477578780717759
-0.3981768138232877
0.0406101874603091
-0.9151640414100932
-0.5223970901031938
0.2621753406339123
-0.7035410139885629
0.4042219843738740
-0.2786817568569455
0.4278878983813784
0.6086221082883509
-0.6073117437663594
0.7236440295373064
-0.1061801418866655
0.4586689694285541
0.5046660999782783
0.1970004042512875
-0.7559833827278416
0.6131408079713571
0.1172105599527221
-0.6275046443338168
0.7730404093639316
0.0748011331309957
-0.0552380060488646
0.0963149281426805
0.1097368717149531
-0.1024358664736642
-0.9839655211758570
0.1859532024756304
-0.9608330572495949
0.1626745703728613
-0.1255317758157627
0.7574548805741650
-0.4974750034109386
-0.1370957006048016
-0.3999818667781612
0.0421323863719223
0.8738431138134137
0.4841348739286314
0.0153785014091959
-0.3374461725884620
-0.1669024635150871
-0.8114105988756295
-0.4470866675604241
-0.9522169201631173
-0.2519980393165435
-0.1485201489114419
0.0878731500687694
-0.4795725982645975
-0.8300427504379089
-0.2054647323646268
-0.1970365427872362
0.3390796966918213
-0.8192935918154990
-0.2909549716351612
-0.3593440888371805
0.9199405224363607
-0.3594166286865899
0.1484464505238170
0.0499276830021334
0.2853538296209627
0.6018001712697744
0.4954126276203035
0.5576522878771928
-0.3297164896857211
-0.7369317391347660
0.4914542484030709
0.3266364493006068
0.5752053679029034
-0.0582439599308738
-0.3958757625234646
-0.7134625473798341
0.9103823352104409
-0.0032881250139766
-0.2937262698059554
-0.2914070527570601
-0.2128064245587008
-0.6847290752042926
-0.5035238896227252
0.4819991823806530
-0.4523848777855267
0.6683104142748149
0.5868384637423135
-0.0658006838517724
0.2130057485118661
-0.4719432409938361
-0.4104126565234973
-0.7506394472357948
-0.6232359641371570
-0.2613246900395613
-0.5751379810046672
0.4609800887105978
0.1242216194488319
-0.7878681037888983
0.2685203284585591
0.5401200547083056
-0.9196315031836766
-0.0393926585710719
0.0221819850161051
-0.3901718548839471
-0.5025690786126635
0.1550362282912621
-0.1266253755964222
0.8410434610617357
-0.5218681747633344
0.1896313468632182
0.8022411180636631
-0.2193233889579306
-0.1604266753006830
0.3119634084060326
-0.5241361996678594
0.7760305134886089
0.7970644327059241
-0.0068267569442307
0.6037229477420045
-0.0126604847660954
-0.0771634462739528
0.7202426123248497
-0.5497895341853848
0.4159661645504606
0.4164941865076013
0.5081799791394340
-0.7477453408396426
0.0957215057331557
0.7479498884423376
0.4115597824518815
0.4078200256340543
0.3238399860102118
-0.0201571836630054
0.4815972824226303
0.8551238262429721
-0.1908428340323326
-0.0615611083077986
-0.4027948745425212
0.8359824217092113
0.3675593959884476
-0.3643269449002450
-0.1005984698184144
-0.9215986013914975
0.0883280419973368
-0.6039058474228357
0.6141593370336345
-0.3640955040345470
-0.3543169486840033
-0.6533150557519610
-0.6575383455619961
-0.2302969725915872
0.2962871351553336
-0.7546926915512384
-0.5452029535299151
0.1539618749260945
-0.3308903471705489
-0.4635426771673681
0.3220451332000829
-0.7937933836735926
-0.2265108886183584
-0.7769312294693882
-0.5243862356391504
0.2820541852011815
0.2045540934762345
-0.3360811046786417
-0.6604944570488911
0.0202880554181159
0.6711072627330344
-0.2913207160252335
-0.1985751775506664
0.7685604435396506
-0.5338679461265700
0.1404789266780645
-0.5405788411467303
-0.7587515471253449
-0.3351660445193287
-0.4653976359546776
-0.5774605404875087
-0.6699294445477764
0.0337476511120340
-0.4979915440099632
0.1601220580142972
-0.0941543305040320
-0.8470539006929705
0.0884922984720929
-0.3716758111702289
0.9106281807005148
-0.1574246518692333
0.2863475222650307
-0.3706694029635079
0.5544422375636979
0.6878975907827520
-0.2574874438203705
-0.3825203045016736
0.4842170453634311
0.7435807191544893
