-0.1346247677342249
-0.5711380230848534
0.1336883143939294
0.2664210161482200
0.2133413505777348
-0.3701861510604132
-0.2644077127728970
0.0638631383281343
-0.2184780662940169
0.0370191487693119
-0.5110572053175122
-0.1418735979937562
0.0929239864141876
0.4760483346725311
-0.2311394316082889
-0.1356526153548479
0.6364811561169413
0.1381239855984988
0.2016108912338032
-0.0768759818056186
0.2032806224612779
-0.4009009255407318
0.2066339677435795
-0.1285938717770546
0.2446229804471644
-0.0337922925323751
-0.2684036036819324
-0.1639744829455599
0.0872677705518094
-0.4888520851446781
-0.1861621771866061
0.7067439965050262
-0.0109596830992741
0.0659331628884152
-0.2162475779570500
-0.5832035858924920
0.0203956011472274
-0.1107126113064462
0.4684272999856707
-0.4058336743241886
-0.0639745017413991
0.2297832903884036
0.1429158964017638
-0.3669427205525276
-0.2153943783609969
0.3969846748173937
-0.2437777818762285
0.2452729053931243
0.6119437248319193
0.0739207550518375
0.1255502260587039
-0.3275253747062370
0.1110333448640840
0.3956422347559821
-0.0677178879710889
0.0273756807498261
-0.4730307738392786
-0.3930572303074814
-0.6291594052922460
0.1583053097858957
0.0208845773324341
0.3242429211756813
0.0413429586769684
-0.1270676011571256
0.1640369573632598
0.2230765968306094
-0.1335993503268744
0.3629868101098520
-0.2789037470264564
-0.2454364192672298
-0.0789520675455996
-0.3833612496063336
0.3587176317237133
0.2459118768194425
-0.1868032741259341
0.0099691692071331
-0.5788094147228086
0.0352687349416494
-0.3034000513422759
0.2827590040957823
-0.0384219457040186
0.2901175722493258
-0.0494930908599492
0.3973370895146938
-0.0057372543005795
0.7419983885954720
-0.0552950258897973
-0.1647089121575919
0.1725041901422325
-0.1714281095576121
-0.0010378509171417
0.2322057565456609
0.2912309504530468
0.3647385511315038
0.3826882038231642
-0.2827294648492178
-0.5333030378587310
-0.3882128480928534
-0.0870452910447922
-0.7424581085875208
-0.0296809161997015
0.1680432231495560
-0.3986571599738794
0.1370948531186087
0.0015975081911605
-0.2926024774459791
-0.3435374047386381
-0.0793133206907522
-0.1629886843385603
0.0736296207631855
0.4563044964228438
0.1998347784394558
0.0650762583346115
-0.3950109417888173
0.0033149486070475
-0.1186519316108515
-0.1888828813306945
-0.5431223373036269
0.1276275123038894
-0.3597677567812320
-0.3179845872446567
0.3875048362822103
0.1319383594707472
0.2056978713609495
-0.2799093973633928
0.5908776251607466
0.0045138699334553
-0.3929480051139204
0.3750881101841128
-0.1699606612106397
0.1870787027758881
0.0602523915704288
