0.9123897809460148
0.1922624105022230
0.0759109910927852
0.3532953078721384
-0.5214189042682890
0.5601958295006363
0.6162744020363933
0.1857654980787253
0.6739598165077310
-0.4946260224986577
-0.2122778237865431
-0.5060250874496960
0.2053578133053592
0.9087538469924160
-0.2809323974466773
-0.2303727461219924
0.6031854562776376
0.3470402757269135
-0.6978438169874722
-0.1695416156903120
-0.4899208601846187
0.7556723077885052
-0.0138943251437086
-0.4344466155080034
-0.0327621739733023
0.0813445523119972
0.5599274593416886
-0.8238877011103307
0.7167077668036229
-0.6941859029201848
0.0398385179906922
-0.0533741667340751
-0.8611655880060607
-0.4626527228213005
-0.1520435082183533
0.1457019550619290
0.9268789836240843
0.2101069984633339
-0.3089113475863422
-0.0363892600241213
-0.1429896613846223
-0.7567792774206304
0.0922500558894041
-0.6311331152714310
0.3639317899817159
0.1063285878837282
-0.4484954263116589
-0.8093823177070770
0.4232745799397609
0.2461731793748871
0.8709558736153605
0.0409055246657822
0.2958166643353234
0.5556967759771424
-0.5602545408018752
-0.5383385958493152
0.2297757078009079
0.5198615632605819
0.4356314094030274
-0.6979773307854547
-0.6739610051919100
-0.3054270949239203
-0.2229496394335350
0.6346529062751558
0.0875305832551475
-0.5119176351714796
0.7530025431798859
-0.4040617548841730
0.6022175518151187
-0.5813636570414168
0.5439907601348590
0.0585181292005582
-0.4840234558138838
0.0782705019593248
-0.5509305820763353
0.6753299315727470
-0.3924499450363740
-0.6785077251617025
0.0487953056437639
0.6190551879145917
0.0573119002192333
-0.4518645588848021
-0.8719264960397134
-0.1796606579666557
0.1375800159691515
-0.2968924720344676
0.6026119250061465
0.7278636322111289
0.6064937133602756
-0.5576351013849110
-0.4635677589797207
0.3260573602794815
-0.2470484704739095
0.3425720125686623
0.6566099094014337
0.6248799055154511
-0.4984254841447890
0.2168432356015290
-0.8096834016356740
0.2212777373451211
0.3176098860434253
0.7558790304239446
-0.4891481229602623
0.2974978410968591
-0.9468667904664877
0.2456834311189568
-0.1979823240672057
-0.0623372452251233
0.5947644198690433
-0.4177412048341621
0.4048441628069723
0.5548412155587081
-0.0750228626114926
0.6838926793630676
0.6748074499854083
-0.2670155026274170
0.3911566231412001
-0.1785246164726589
0.1058893532688532
0.8966119017447668
0.2951593016066283
0.7427042742547444
0.5902231952042847
0.1136130605241571
-0.2901760087934912
0.3081786132612281
-0.8620770988222183
-0.2786519368949973
0.3439630381672163
0.5767500034102369
0.4329533732904151
0.6013320534426221
-0.1324993066518300
-0.5766686560716793
0.8018453926852270
0.0833136307619696
-0.5403630177763953
0.0201338332296730
0.3688775012236037
-0.7559972399884124
-0.1837286040846917
0.8588442185734138
-0.4615788322826465
0.1248014016455805
0.7501320200578885
-0.0505332021031009
-0.5834894029007807
0.3070642679824037
0.0093363565472204
-0.0904590969583723
0.9899250574935409
-0.1085281750068105
0.6661017569818413
0.6831237777418653
-0.2934325126605877
-0.0595626908650098
-0.0090274526780257
0.8712582277376864
0.2046776275302293
-0.4460209350312258
0.1118666113784117
-0.6168345386603759
0.1685304214802029
0.7606566309512184
-0.8319193308863233
-0.0540233355803332
-0.4841560726475548
0.2656776306521169
-0.8070801387992607
0.2926346748235889
0.0755480583423354
-0.5072268600215901
0.1231879407097858
-0.7811102138387791
-0.4440646768780543
-0.4213052668192135
-0.2048190497504292
-0.2671811487290273
-0.0247197706553859
0.9413035236106969
-0.3475812216083852
0.8903459772423852
0.2921073357352334
-0.0338325228617138
0.7295300936087195
-0.0908155502197114
0.6409945001179621
0.2206001567906700
-0.0895291820984599
-0.9801542977836839
-0.0609253811728904
-0.1660426933589443
0.2343741786940511
0.1602992855476318
0.7959054836683189
0.5347030432689786
-0.2016710912826293
-0.1342528204221870
0.8683271492443106
0.4327966185575047
0.2238725498734073
-0.5227704924481162
-0.1792544388099731
-0.8027826230092767
0.2169348410833896
0.2299830177786909
0.8312710436919076
-0.4572040443575466
0.2554799285659714
0.4211993870222059
-0.4919187499227552
0.7178697834193039
0.3209378762159368
-0.2586427268440868
-0.7830558499021304
0.4657535350319002
0.7158060000063676
0.4313679952014824
-0.3638252240221698
0.4113084358920395
-0.2572633820683971
0.5255263985657462
-0.3554815172307050
0.7288830136342884
0.5521366758084617
-0.1528816133204352
0.0391536745934949
-0.8186814357865637
0.7208634177733918
-0.4337238802595758
0.3271564590176009
-0.4303581995636966
-0.8867035664730891
0.3289489753055139
0.3210188149552832
0.0499627590717516
-0.3495878555625354
0.8336730243762867
-0.0442908351685376
0.4252245778298298
-0.5766208106524735
-0.7398792115718750
-0.0524041912977398
-0.3425507170342735
-0.7217305183050882
-0.3467492101303295
0.3013321451472490
0.5177537856182404
0.7108775069502363
0.4321411564047962
0.5014485353270134
0.2376058868625419
0.4568880899064205
-0.1198540397131085
-0.8809194171108282
-0.0294832668344291
-0.6850746659042818
0.1062705570018183
0.5802507469316662
0.4274205675162385
-0.1982892997173772
0.7180210104584822
-0.5404497859878373
-0.3912048197344625
0.5637229588880859
0.5138443033046651
0.5749335250251973
-0.2960268558524813
-0.0413398841115459
-0.2031721493122089
0.1239886147011390
-0.9703808093475438
-0.1174369149232919
-0.1795815961431590
-0.4047276446874611
-0.8889063814405401
-0.9109051237216821
0.0594186228779704
0.0190331119793650
0.4078713320169165
-0.4024553225443738
-0.3001246242582379
0.8038086206023457
-0.3191341797973227
-0.2974795820263441
0.5013301917532386
0.3259033910117112
-0.7442855076119381
0.6163615644422135
0.1128813376143041
0.4205969618148468
0.6560902538590808
0.5078309194053000
0.3893637724122164
-0.0172675996479647
0.7682482932172991
0.4789669830967828
0.8441221545385537
0.1763461422160393
-0.1641659387506338
