0.2927273548777004
0.1032242696202222
-0.2193947973750211
-0.5960022644192327
-0.7073207685057729
-0.0588047141225534
-0.1783283078693679
0.9700800332928834
-0.0871731258070065
0.1268329426960005
0.7332319144493117
0.0636658532635436
0.4334787722731857
0.2634503428244016
-0.4483388111857585
-0.0289544801630480
-0.8898477284899954
0.0589690340780276
-0.1937952946463025
0.4077973699921819
0.6768465861382036
-0.0467993364443765
0.2299209147443369
-0.6201015790288772
0.3198420322447411
0.6364240399511736
0.4266072414207307
-0.2074942168512627
0.3721202798913743
0.4810855955092276
-0.3256689456949154
0.5320398775475564
0.3018600824399679
-0.7191631282226895
0.0505785739561211
