-0.3777203189301425
-0.0153300108122177
0.1818641335353419
-0.3969817080729998
0.6752677639662158
0.2500871174742745
-0.1484749744439584
0.2030930222122718
-0.2898566781016760
-0.0241806720043084
-0.2790990950019201
-0.1017627704385826
-0.4342039413152299
0.5878974561197972
-0.2907683547046442
0.1709084280365507
0.0683849224104867
-0.0614788217035173
-0.3708919099651480
0.3432472480234300
-0.2674121087398135
0.2437098719822417
-0.1537763952537986
0.1468268306051656
0.2305285836553259
0.7224608476607276
0.3174220106833344
-0.2329134955437497
-0.0571377588969942
-0.3008782269053336
-0.0445854557060875
-0.0640653716697533
-0.5746409731780731
0.4712565917454880
0.2550963663546493
-0.1345107599814125
0.4383203200441132
-0.1619017139326350
0.3334793033532905
-0.1700003752721259
0.3538009297775008
0.2656908003741422
-0.6194677300074766
0.0125795626940971
-0.2891122719221988
-0.2418968660524838
-0.3623879765056535
0.1700405380489014
-0.3393874673223108
0.0530292760051483
0.2598483761797948
0.2312830969720936
-0.5190835748386936
-0.1867046048694741
-0.2571618038390966
0.5228506746441184
0.2661704391152664
-0.0293811932914134
0.0432312718527547
0.4019908729452715
-0.2208320448415861
0.6181025823409823
-0.3465078040160031
-0.1402863084702643
0.2649850042624566
0.2464586901245607
-0.2353943956332233
0.3581554985752176
0.3358959054496131
0.0443127375749808
-0.0604770907895404
0.0432513569386263
-0.3233333226673372
0.4481179127097332
0.0689368268588806
0.0003448026314621
-0.2869947717686877
-0.1293924324269555
-0.3086787743665796
-0.6999816776541853
0.0765611021708306
-0.3766605964808141
-0.1026272125864988
-0.4651210840084817
-0.1056449965752969
-0.2846879305544098
-0.2169802332471581
0.1486306759677092
-0.4808496525440609
-0.4824927504382892
-0.4521811251434074
-0.2325808943759406
-0.2451441100135917
0.0596599921354163
0.2294301012302293
0.3461944501945651
0.3959535548371008
0.4677837133349975
0.1743655434394279
0.3151039143120923
0.4048628251923536
0.0359584448954572
-0.2609348145642886
-0.0102548397496162
-0.2623411571997503
0.1161488759863482
0.5711321249927749
0.0237142965002274
-0.3078657667017018
-0.5125933059552086
0.6924710873609813
-0.3689170777861522
-0.0945297173809790
0.2400605527856627
0.1809008505991430
-0.2746387929294160
-0.0734531845233181
0.1339635872552322
0.1633988977268980
-0.3995330390348820
0.0726973300855476
0.1531676649083857
-0.1018966150799264
-0.5806531025761599
-0.5535542332960266
-0.0008892047525769
-0.2881695284967315
-0.1965801446021798
0.4394436042361263
0.0499462444429517
-0.2475582662567435
0.4536393109095137
0.3861515890061369
0.4515745443676752
0.0957962413445766
0.3595845441501122
-0.4135747504408782
0.1444547430788719
-0.2213309183108094
-0.0227392819750963
-0.2635183114848191
0.2756316019829397
-0.0165528804303580
-0.1720685927331317
-0.3589628687591536
0.0358467699733761
0.6855051338915902
0.0093155949037064
0.4589519086633595
-0.1179977356291355
-0.2387200688171196
-0.0281882612264469
-0.3124289036927023
-0.3575860843916449
0.4735855005078932
0.1806199962659582
0.1229794497471181
-0.4795551219458182
0.3279240577036192
0.3274148225905500
0.1173780863540584
-0.0450115536339866
-0.0173799147733639
-0.1615602393885773
0.5272520656421343
-0.3321943704333075
0.3048188405878779
-0.4937498148279815
-0.2747192152060051
-0.3965736748696308
-0.3793198016738774
-0.1884212666393058
0.3762527234707356
0.4400070268838996
-0.2750534068668504
-0.3594906219490617
0.3130875982665879
0.2605040213412375
0.0841547125948930
0.3280023320590357
-0.1612644337410427
0.1156924407485238
0.0614052151025083
-0.0516769537922728
0.6335314313626842
-0.5452056417463295
0.2814176218630717
0.2547332389275613
0.2633512818336302
0.2052263840233730
0.0220403527095936
-0.2549257169082406
-0.0233103096088732
0.0267758997532950
0.0134384843855911
-0.1017581430254277
-0.0216380063477269
0.1914137009306739
0.9404229310587909
0.0350538493056330
0.5610231528901976
0.0507296272800842
-0.1321055266031390
0.4757016673451253
0.1653483107247549
0.2560751932786314
0.0762856382503040
-0.5354422386977603
-0.2278935242201354
0.0395937359253151
-0.0819017283704278
0.3262982962420619
0.4255812685904604
0.4994926226210253
-0.1314592223563742
-0.1081991445411044
0.3906445563796394
-0.3468509727838462
-0.0993292620788362
-0.3800599708655564
-0.4692739481391981
0.3760404767078141
-0.3996073607303390
0.0737083384161357
0.0156916517667149
-0.2900195981776302
0.3428934424926314
0.3625238213835376
-0.3367971288544844
-0.1626875051483594
0.0397639092200258
-0.2660220294439713
0.0316015907886152
-0.0722815471056296
-0.2011379012414196
0.0657643829164214
0.0837343343699413
-0.4704099167777077
0.4090958773192653
-0.6935344649047450
-0.0808809992032726
-0.1094341616656827
-0.0954324835229237
-0.2888949365403515
-0.7656695144741411
-0.1393367961972516
0.2535250104800913
0.1824244836961400
-0.3558136557687383
0.2430910446038143
0.1866065473060389
0.1802564204132105
0.3433569965880309
-0.5000397949908565
-0.1380475174743586
0.3283588027001749
0.3510926688684660
-0.5476418113140660
-0.1192113143901665
-0.0220504471427219
-0.1569511716619305
0.4927204068526301
-0.2167092972887006
0.4538109604778530
0.2770912546325895
-0.4406325450661690
-0.2337667642252439
-0.3124286427670630
-0.1221081216396902
0.2039119162540453
0.0501011205337787
0.0004150663635906
-0.5168341449947556
0.2923999451112158
-0.0650162371401105
0.2335414690572823
-0.5564151558623441
-0.3137330658366341
0.3958975227281953
0.1460979276769062
0.4253607280568566
0.6279334550599680
0.0471077012428644
0.0738605143172755
0.3847926847156701
-0.1614562148832676
0.0284367012756444
0.2856249518759163
-0.2559315807325152
-0.3083319044258383
-0.4728925791808412
0.0402102416681656
-0.0415571289213899
0.1532211206894957
-0.5549868574529673
-0.3293529795455705
-0.5535342919980299
-0.1062031765115542
-0.1045765321770173
-0.0667282769821382
-0.2269322604780025
-0.2027569141895337
-0.6766806248534660
-0.0848802074223089
-0.4227819923906984
0.1613688364904322
-0.0011249929473794
0.2747380277073984
0.2092228569824610
-0.3438736648783101
0.2703433604142363
-0.5517642177402871
-0.1412394005698598
0.3396073318315090
0.2453870555304234
-0.1225643521137478
0.1024783806120952
-0.0145864910224046
0.1213895821912007
0.6216929829792237
0.0137464786744697
-0.3727807677474647
0.1785028100955733
0.7564349810653707
-0.1340469452657791
0.3499147255069218
-0.0547145408452293
0.0420176133802620
0.2653344168664336
-0.2030221354450794
-0.0353674291711961
-0.7325132449603596
-0.3307241037618574
-0.0071695850971613
0.3917111517053998
0.3285186038519183
0.0055793219507580
-0.1266605110506470
-0.0957365247272164
-0.2571809861650838
0.2276860547342657
-0.2512611856523899
0.5291360022335885
0.1247347597336430
0.3110177428250070
0.0991571183188746
-0.1688177043232932
0.6421334666123910
0.1488426696360113
0.1411739739196733
0.4927545694483163
0.3929984737296734
0.1359841434418975
0.0826170440494830
-0.2169210936056787
0.4630007531965628
-0.0078975016055852
0.1439286601360995
0.4563816678028142
-0.2948581963258292
-0.1633822615177222
-0.2387768665482026
0.1019587022157619
-0.1276763831498555
0.0259314067353650
0.3231242723036730
-0.7038501399876296
0.2098989669932233
0.2244783555968705
-0.4412030684470241
-0.3585919706275728
-0.1140727106928874
0.2293876185273073
0.0679682734369400
0.1463227819697567
0.1949086197985147
-0.3560262020378548
-0.7498360487282584
-0.1972388041991970
-0.1176827113981322
-0.2332988975554381
0.0298185167621643
-0.4250264277251500
-0.2681451467349699
0.2431277156812608
-0.4943125999561753
-0.3659367684849444
-0.1460004566478817
0.3277729346791273
-0.3549876269514445
0.6300299839914530
0.3451608647010078
-0.1989564155435069
-0.1123408921788953
0.1963696754658995
-0.2743952372121136
-0.0593008106372677
-0.1762673172042833
0.4128478640081525
0.3359139141046561
0.1347593667405989
0.0202583574057164
-0.0625173295219251
-0.1146157274635443
-0.2481923282041466
-0.0865539035279475
-0.2853959105942510
-0.5078113605693609
-0.2607586164505404
0.6985521174562406
-0.1693659628978306
0.0259084749214809
0.2596416458851719
-0.0743895583637672
-0.0920324895821254
-0.5718953843371395
0.1267956547260481
-0.5988413357010701
0.4018010913272890
0.1613375985601578
