-0.0852344242514527
-0.4057063934825895
0.1911322294370622
0.0281713492972904
0.2248470079232941
-0.4548127256134191
0.5711711996642688
-0.4551537426861135
0.1269053042826885
0.1166695117007539
0.4713795005703759
-0.3687696709125684
0.1061695015194451
-0.3065618352714706
-0.6880852879078627
-0.1827021612032516
0.3771995427909272
-0.4975120871148111
-0.2761411165471930
-0.2381603303562618
-0.5335000096388981
-0.1429330576232684
-0.1769701056016329
-0.3753097805370278
-0.0173500869644058
0.3924975039774170
-0.4518715716089575
-0.7220112075521133
-0.1640181845328996
-0.0264106712970212
0.3035798312483867
0.0199093053115488
-0.6070919004765952
-0.2941914910695947
-0.3123655015275398
-0.3023859986290502
0.4193876153548623
-0.3083909354873322
-0.2379715023360112
0.1681068568461062
0.5912194006393222
-0.2976794572988916
-0.4410301955648298
0.1328581728314936
0.4305155291284220
-0.0765650855317228
-0.1322654910728133
0.3754832090119418
0.2554499725263575
0.4216936453165514
0.0449113917818417
0.1457084372599714
-0.0958764716202235
-0.7920913484230621
0.1561460714328540
0.2696093499018062
-0.3237510756401541
0.2094085896951398
-0.5049432220616860
0.5289993061369141
-0.2376257705343964
-0.2270612439259558
-0.3213264169420040
-0.3244254593035317
-0.2662315032253086
-0.3851996874596832
0.1917380329351442
0.0059141584736422
-0.5698769494081248
-0.1520037798940724
0.0081306285052347
0.6292952750802909
