0.5660697958114955
0.0730232959535166
-0.1832220589366111
0.0440361977099104
-0.3994506808987273
0.4887936218706945
-0.1602889216800019
0.3226385955832642
0.2902999964545746
0.1618046166262463
-0.2537172056447763
-0.0580937997919503
0.4008785953735972
0.2588669852394406
-0.4127973321136796
-0.2628598919781633
-0.1927241939284298
0.3388877316235109
0.3554606786609201
-0.4320881413028567
0.0884399502421310
0.0373660165057686
-0.6999458408448956
0.1204813323509856
0.3117955974485342
-0.2820510847371524
-0.3512987164621275
0.1284234503506122
0.1410441457302359
-0.3870091647857508
-0.4325485954669718
-0.0646927240870404
-0.3244732390965120
-0.0601008817216541
-0.1452876726162004
-0.2019416269593474
0.1211837093376202
0.0118665354174071
0.5337049481136374
0.5816058449761380
-0.4374935589691997
0.5682437502158691
0.1141717494899083
0.0057696938109717
0.2920938435763952
0.3802850428892592
-0.3795075705228487
0.2822973286578027
-0.0515448929026160
0.1277488446776092
0.1409355006056158
0.1426729505640569
0.0117850145076139
0.1192933509136472
-0.3300705082350514
-0.4728822216076922
-0.4879541217916155
-0.0221257978961041
-0.4531983969099565
0.4109381035148088
0.0056270992361188
-0.2794197328080871
0.1067125359585359
-0.8703232514702033
0.0284234789796117
-0.0675055460653698
-0.3243748888154663
0.1978940759661760
0.0369247869525141
-0.0439699294557799
-0.3465843700274514
-0.6822278272479334
-0.1814071279657480
0.2533809936384275
-0.0851884242230931
0.3832907569001949
-0.2333501425008232
0.0869140566108316
-0.3155828652044599
0.0395756638372745
-0.0877537352560065
0.0863412228013518
-0.0040010729891044
-0.0637437044160453
-0.2203326331916386
0.2161747954458521
-0.4059920632345857
-0.7961899579140607
0.2429134755649169
-0.1665299799349287
0.2848791304721491
-0.3024728196454643
0.3911940303504350
0.2700534898382758
0.5484849390656283
-0.0722328222597212
-0.3040434757027217
-0.0600844736404821
0.3415122144581217
0.2874994555367716
