0.5283013418952546
0.4543134042233349
-0.2172892951738653
0.6835805622584092
0.8074537508215153
0.4622317377738130
-0.3662437053636155
0.0150269478070759
-0.9158632865829626
0.0792547238870495
0.0717281162608720
-0.3869989746352160
0.4946124550382844
0.4886028589456777
-0.3394915922976249
-0.6335386525779897
0.0133186376836859
-0.8441735866222959
-0.0153578420196372
0.5356843344993392
0.8447698654248883
-0.4421173569739651
0.2735266035244348
-0.1268042361151959
-0.7669968730046869
-0.4991010851936655
-0.3108165986913001
-0.2569181689517290
-0.3956331164370561
0.3534180968323891
-0.8455685430462193
0.0598658919616921
-0.3426344556149999
0.1982479221108593
0.5864582890739886
0.7066583802521199
-0.1760532290178772
-0.6487088642083200
-0.3791827401014039
-0.6359265049194929
0.3199984648105749
0.7484435666212850
0.5474338531384073
-0.1942920135778159
-0.7271519568477116
-0.1682494000695578
-0.5825025790139674
0.3219206679771497
-0.8327003583022202
0.2204050580908083
0.4707769940544790
0.1907897940676351
0.2857088610820814
-0.5798238589996565
-0.7572544643308203
-0.0934901892444804
-0.3511151750210653
-0.9250572304854947
0.0739085074182197
-0.1245985021083487
-0.3319538878884971
0.5112507049529059
-0.4605124003276288
0.6452578261015931
-0.0307868445523237
0.1859341558345624
-0.0023219235282923
0.9820770176354442
-0.1659729156084447
0.5294856919393915
-0.6158356066009369
-0.5593249493437172
-0.6223327955913189
0.7026963467242934
0.2355150096037065
-0.2518976301658898
0.2869253647621645
0.3595068830664273
0.3598122813199203
-0.8117658272527342
0.5840002358187459
0.0087015831957536
-0.7056429026009370
0.4011684197721217
0.2265619488919009
0.6214914161341042
-0.6987486784205854
0.2723387364871456
0.3426481209007572
0.2870920948733832
0.8537699847240776
0.2669217253964931
0.2417286190857737
0.1146556332434701
-0.9473353865801242
-0.1760029142188013
0.4900095292642271
-0.7206873812257381
-0.1835280283818974
-0.4547722755077446
-0.7174958801757585
0.0925307723736112
-0.0201277415865262
0.6900960745529442
0.5301148713163688
0.0301851726794733
0.4124629817893394
0.7402306175868351
-0.2945410036411302
0.8817089175860421
-0.3685275330332736
0.0047370053552049
0.4150162669476020
-0.3221025918272213
-0.1999283849039018
0.8270671432337163
-0.0810616239607751
-0.1983564166519682
-0.8919972896677287
0.3980258538327115
