0.0654165115482722
0.3056629605045580
0.2358665310773380
0.0230785365848316
-0.2014846622260288
-0.2220923655793469
0.0598575117103243
-0.6562075854003633
-0.5674617083583664
-0.2487674498284493
-0.2642386264554714
0.7065830590935729
0.1798048917540264
0.4412919433031837
0.2546755721449135
0.1779339546816239
0.0919301023480132
-0.1923367450074727
0.1023966410194946
0.2412686411224797
0.3517614379497518
0.3478959613927803
0.3210403572351418
-0.5966818232799690
0.1312321940807261
0.4535189188551760
-0.0673739846511108
-0.0759418398462742
-0.2664714439157620
0.1774587348920069
0.4239915128627531
-0.3851716064331426
0.7044250046974658
0.1429064086570371
0.1742503550298951
0.1288728810125902
0.2927230124239922
-0.2742265372954377
-0.0116833151175936
0.3119645958501412
0.0350218782437194
0.0695220088096732
0.5439542134882529
0.3767726060582388
-0.5456656582671369
0.0714301052127215
0.3090159081795161
-0.5289587575904416
0.2031706895470638
-0.1296366758958741
0.4108290303090920
0.5989552619125642
-0.1502722159039486
0.1068452512335652
0.1737681852338514
0.4771970392135718
0.1064117364137898
-0.1255936623459399
-0.1657249784938216
0.2394554035018451
0.3634082403266087
0.7027124105442071
0.0656996047562651
-0.7316208500853341
0.2292758002971712
0.0651938914533488
0.0420932281424192
-0.1159936740055451
0.4213434546822860
0.2323655346836042
-0.2193792372126300
-0.3362077113013971
-0.0987113969119340
-0.2300393035916464
-0.3752533124606277
-0.3426182890434596
0.2679753212004342
-0.0251920268640793
0.5046824638236632
-0.3827195107414715
-0.4533338882542457
-0.1084868781435953
0.2164220402840664
0.2645809686890824
-0.4553113494005237
0.1595064227713544
-0.0362776673407674
0.0660956799426599
0.2944471235001063
-0.7390902978439029
-0.2426569140806605
0.3712880979181811
0.2838831894945609
0.6344447926082321
0.2984860616985591
-0.0527754296419557
-0.1798053192283870
-0.4076275592074204
0.1725791279309651
-0.1982495767186531
-0.1487569775334996
0.5462242922100635
-0.0225177459433500
-0.2556258522197517
0.1522648097148173
0.2359646346101389
-0.6186019631572258
0.3358922364002848
-0.1759116026502251
0.0719104828213237
-0.3493813462285160
0.5693676346879651
-0.4238259667379755
-0.2457998750804634
0.1852534916895635
0.4765923684492609
0.1270117769051863
-0.4461868694426813
0.3389157561426661
-0.4952388113671892
-0.5656570521358657
0.1501211160641768
0.1033124569766560
0.1530158877118763
0.2135240216839153
0.1364104976771460
-0.5010801807824778
0.1954500459639344
-0.2969397329620579
0.0919178116278592
-0.1068770744471868
-0.4821583607095011
0.3494155991277937
-0.4253647007426110
0.2591718724273790
0.3650381691610645
0.0541030791779081
-0.4492592315532030
0.5593557239238481
0.1883064660743728
-0.4383373422164659
0.1319123625935010
-0.2677428646783427
-0.1800590045481810
-0.2473343653419368
0.0446114168498213
0.6042715071261704
0.1295639932883112
-0.6127512781284959
-0.1688438884083385
0.1803224925796471
0.2230862784820711
-0.2620087289540869
-0.1222355639828933
-0.2256393931510540
0.2408428056705640
-0.0507610327726120
0.5996822834295018
-0.3506427143506624
0.1032167000642007
-0.1272745174330880
0.6034415858377734
0.1530558676110426
-0.0984260896846366
-0.0964907170964765
0.3794721621287613
0.3091270585043851
0.5872738648831446
-0.0512450899001276
-0.3973067969014483
-0.4611374471515339
0.4253431902936941
-0.0219407570177587
0.3178715440847272
-0.3988069452896008
-0.6380088531366559
-0.0220155173654868
-0.3311270209343908
-0.2014099112045546
0.0275941930903327
0.0859117084606412
-0.5630457033274298
-0.2667971291100885
0.1842167227877301
-0.4198757807870505
0.0174779670745523
-0.5975863335862656
0.1898744432939890
-0.0268202223701680
-0.1594553624878664
-0.6190918191345476
-0.2613376406720423
0.0263227589338578
0.1393744836674503
-0.6419658109775502
0.1228854025926086
0.2514839696794266
-0.1114392141345139
-0.1274207240524308
0.4208343579364023
0.2012129495222634
-0.1249524642834432
0.6731045734581318
0.1707873936753924
-0.3840424233874737
0.3223575128448635
0.1300829857387944
0.3867975952325420
0.2848266606941259
-0.0749744439002118
0.1527292136094433
0.0945732089687260
-0.0655561115927249
-0.7933621590144876
-0.2264896660616635
-0.2152933671565336
-0.4080144536141511
-0.4725185092735536
-0.1933261372348782
-0.2509738305114570
0.4090957422429906
0.3082672891055353
-0.3493326793511045
0.1568459487304953
-0.3175934267998665
-0.7738064479084344
-0.3461316384415118
0.1697444532832556
0.2809752978100814
-0.1146573195501613
-0.0733209377233612
-0.2155389145968903
0.0792748474551837
0.3199881039437587
0.3034044995921418
-0.8360987002910448
0.0202456450587506
-0.0486669443710338
0.2208579224959531
0.2765299620370556
0.2089474058090088
-0.1333720805400933
0.1393274678060918
0.3478321355778368
-0.2629263699625255
0.4762292848140835
-0.3584049700761574
0.0044869069795146
-0.4588402910137790
0.4643059597609130
-0.0959381036900509
-0.1389078332811651
-0.5023098118557664
-0.1126542971316015
-0.1630292161535337
-0.4278039858635452
-0.4657273773292154
-0.3180159806772754
-0.2649367131082636
-0.1343792674635860
-0.3451285024075795
-0.3422843434088574
-0.0766511975410961
0.0122849444418385
0.5248675194055782
0.0227293661052307
-0.2250591086137133
-0.3166847929802774
0.0855315063411171
-0.6652488754220428
