-0.5131189859236098
-0.1452233226900233
0.6877381611462338
-0.4884762340013975
-0.0634530011158218
0.5885854826835548
0.2289966398053130
-0.6711218990542526
-0.0815382033436253
-0.3795715828896442
-0.1897179003343180
0.3516045616424988
0.4131004044137780
-0.8160729971051529
-0.0612720963727387
-0.3942605254990282
0.4001250149197573
0.8096950296182714
-0.0843706685615257
0.1474250988354496
0.1307646959005208
0.3554821980584243
0.8289672262284425
0.2422120883098007
-0.3326855020666262
-0.5462268217769105
-0.2442586584160020
-0.3443333099017320
-0.5524664131097797
0.4671074833890397
0.3138067067770079
0.4014955167645540
0.7938821680067024
-0.0602459555592548
0.3262640479112938
-0.4944815411379749
-0.5541949511668822
-0.3769191481446949
-0.5177610465992259
-0.1954774052449586
-0.1678310226199080
-0.2051953371298645
0.7644623625927073
-0.0975976728046315
-0.5794821929177925
0.7103424396064157
-0.6003771271238423
0.1976681926076369
-0.2677432074815745
-0.1555692263888849
0.3085985458325612
-0.6495870844603023
0.2403084667172471
-0.5160869984660333
0.3983837447119536
-0.1372606777355131
-0.1496107943120487
-0.1183874508249824
-0.8858586321336956
-0.4000187644777252
-0.5387673014022206
0.4717676603036486
0.3111214634313240
0.1239884141325300
0.6123686616611285
0.0965409780334066
-0.2714325472889390
0.5991938287047950
0.5552517184098423
-0.4996663853788819
0.6360413469504494
-0.2079528148950154
-0.2682134284438948
-0.6614219319432411
-0.2068565118470771
-0.1820636570667098
0.5488685764042972
-0.6791837565988730
0.4243436440313658
0.1556856035535718
0.0987217795314835
-0.5489817176180676
0.5993430852411138
0.0504635030904570
0.5719391444872052
0.4801067246871331
-0.2901040473506853
0.2457865763352375
0.7892612430093258
-0.0446410550695363
-0.5333043618009530
0.0731366303294145
-0.5833548591556229
-0.3807603603786647
-0.4742954219175739
0.2100571171452191
-0.2518722351549629
0.1088550514892990
0.2071582175362724
-0.9152444675424919
-0.3697893627034160
-0.6075469496179071
0.3121040238413231
-0.4324265641186397
-0.4579747549679792
0.4569824838489051
-0.3915351497083460
-0.5484018392231965
0.3000938676372498
0.4970576720475005
-0.7383930066695233
-0.4352087178498402
0.2651672831132453
0.4398363888588138
-0.0399925319405746
-0.4810355340785806
-0.4555156150453435
-0.3775282726302619
0.6183422268979115
-0.1903565948511881
0.3047405711921647
-0.1683026386812256
0.3072766942180228
-0.8856503724049001
-0.0034434186378766
0.0002127161629915
0.1742714373233397
-0.9803045742794536
-0.0411391008120172
-0.0833062837740900
-0.4148796491704713
-0.4888570787050864
0.2627428871724605
0.2668121063257054
-0.6698291636398311
-0.4349875701227019
-0.7252453643936249
0.1562734137448525
0.1680558262225949
0.4818099570302353
0.5363197972776733
-0.1313780725850553
0.6076211626858798
-0.0069050239950569
-0.5708324801478615
0.9170885744555445
-0.1127994929603028
0.3061483903106440
0.2171570709723329
-0.0730807131048597
0.9138111018822770
-0.1320302578175500
-0.3770422398011796
0.0034383232858387
0.0731068289287817
0.1033064715452780
-0.2888326648851360
-0.6768504423995405
-0.5068112743224498
-0.4369431032473409
0.7357311204832884
0.0290135691326729
-0.0892795631748121
0.5418849207291576
0.3952819543620198
0.0763630252180662
-0.3597133163507439
-0.4339378017348043
-0.8022669360751016
0.1812202138993585
0.7480358037135286
-0.4245049681672396
0.1160751484714977
-0.0010151391103856
0.4967529544591483
-0.6699666190069353
-0.5152423269476833
-0.4843094571334245
0.0518005393725659
0.2200707336057918
-0.4758243208047068
0.0128036935791459
0.7485907911671891
0.4095203116444403
-0.2129136512574838
0.6208420161381879
-0.6518221619489990
-0.2226974707465721
0.3660566829575750
-0.0780474315706811
-0.3418619267035623
0.2863821746496888
-0.2092865166345616
0.5585933804135474
0.6672992300509425
-0.3587762455615140
-0.3490068054006231
-0.0362857122014922
0.7561913233198644
0.4199189029212884
-0.6321154072800699
0.0624794809579128
0.0250396568824982
0.6086983684541372
-0.4747480786299820
-0.1724587821950727
-0.5790369893982876
-0.2730025190376823
-0.1553032531033517
-0.7323418993386601
0.2691252443934596
0.0482165480392653
-0.1676458604950277
0.3020779293829253
0.8977140732794290
-0.6758792357111700
0.0644432441307225
0.2974292813028414
-0.4549415547735450
0.4935568167742167
-0.2938510721894501
0.5229170409073798
-0.0988143171050174
-0.5587835487624455
-0.5640975022718120
0.0696764431224766
0.3905971972771878
-0.6080854230956010
-0.6506353845592330
-0.2224516516708945
-0.0414279006040592
-0.7335615902837072
0.1351869352320591
0.6289121004735746
-0.2153257642096237
-0.4280167514441696
-0.8793129093854325
-0.0653039197255553
0.0597372926044100
-0.1891489408167003
-0.1936130097880972
0.9470776030792960
-0.1341449007538072
-0.1092407388409643
-0.1887581064897645
-0.2171129956225045
0.2348415275588212
0.4057605596518750
0.3176926444019314
-0.7950730507252570
-0.0475031931641145
0.0488942217955869
0.0345038814717400
-0.8358707541366814
0.5435828973179495
-0.1583435843008839
-0.8109143153479733
-0.2670097917208986
-0.3387617930060721
0.3623416912238366
-0.6543205334538605
0.1472289908280011
-0.6241508873723070
0.3367431945671796
-0.2173199357295054
0.1288771524432812
-0.5278751962255623
-0.4331146954432115
0.4627830519069204
-0.5504379749315867
0.8205911679616198
0.1221296668720115
-0.0106765213680982
-0.1887562700991237
-0.5253299552879688
0.2518821115891710
0.1347099081649074
-0.3071541107667956
-0.3334079567291543
-0.8443365023095544
0.4558631718623271
-0.5692823506722937
0.6393910507588191
0.2409639520074881
-0.0349547106283594
-0.0020813527900234
0.1450502624782817
-0.6764155942303491
0.5654599077467174
-0.4490803112346640
0.5264085317231596
-0.6479677253844777
-0.4008554718508103
-0.3050409036110206
0.2220288774023995
0.1742178152159093
-0.7978394829149618
0.2790573404805419
0.0133488730126267
-0.5050238812933515
-0.1515134687638443
0.7660502068684324
0.1209704230875766
0.5507046226669327
0.2688890563992219
0.2227967064947702
0.3957098473476102
-0.1675897747184977
0.3624505213798390
-0.7964412289984116
0.2127682858909121
0.4199639533958925
0.4068573978369090
-0.2413855283210067
-0.7446878667668110
-0.8046922231201658
-0.3284899163268727
-0.2360124240002857
0.0397741373176781
-0.4327596961821115
-0.3060252873541962
-0.4943349348674497
0.1732693705695517
-0.7793928889157653
0.1565437497932925
-0.0411002838747043
-0.7827696460735130
-0.5322201104941342
0.2910111653836058
0.1328032509355599
-0.2253041900994149
-0.1629133968099515
-0.8149390551283221
0.4499735622180668
0.2368446258516993
0.3514722772219031
-0.0220258724921445
0.3558874606115520
-0.1933649307363987
0.8437631292170679
0.2790036216449944
0.7243205228757669
-0.6194100253051393
-0.1025662647998388
0.0576900435642809
-0.8180549137778316
-0.4810181070365978
0.1459839330160107
-0.2621879850693861
0.0967155134055818
