0.0991394293516093
-0.6771362465699061
0.3063826992681072
-0.1167621671930317
0.3051929508005776
-0.0131905619080555
0.2953772005556308
0.4935480688653706
0.3932965581836629
-0.4624292155125910
-0.2978172152455638
-0.0015715054630931
0.2733772847651709
-0.4425419953847809
-0.4589001087362431
0.2482168554558587
0.0825628428103705
-0.1789459336794791
0.5202827115266733
0.7950332652115500
-0.0862219292262698
0.1733762344812558
-0.1160752367781104
-0.0861553059577271
-0.3336389048325791
0.4467281637641069
-0.0700887369425460
0.2327782532961669
-0.4449615905075173
0.0535910386901946
0.3235349375050690
0.5696342777493014
-0.0597340100489876
-0.1282148486420183
0.1769496246523540
0.2202155381748882
0.4222782676961251
-0.7943452485510381
-0.2176749730302647
-0.2085690402843387
-0.3891478444518728
-0.3882894584782579
0.1537657417975786
0.4205106841622924
0.2994211172197387
0.4228116612833424
0.4720305382466085
0.0780165197650111
0.2109522168740841
-0.0757529497807139
0.3714037499182185
-0.0308076779748022
-0.0792810991874753
0.2220883728522320
0.8673720547412826
0.0541089172805701
-0.0712298903379983
0.4832324600686262
-0.0410580656838723
0.2188334579360715
0.3718719505674076
0.4624531063355463
0.5094791329101382
0.3164146569604988
0.1983858847827247
0.5098946259207583
0.0135062447550141
-0.0275081415142048
0.4820981100049032
-0.3063983640033014
-0.0201781517733350
-0.6107419190918295
-0.4063770539519458
0.4856600622294550
0.1090418910010029
0.1117961490571043
-0.3865865728081118
-0.5193194581856247
0.3290658822725884
-0.2172032417759394
-0.2416968725152975
-0.4459810674189541
-0.3920799948001116
-0.2564090868272805
-0.0100430037920111
-0.5247255508058376
0.1664999445033339
0.4690961202960962
0.3160865994331666
-0.1334280209586508
0.1713391627287437
0.5496251223382427
-0.2166016767588663
-0.5649264322819806
0.3182712281070385
-0.2889404890034582
-0.7229104374233919
-0.2973895553509053
-0.1162116506977479
-0.2053339214026584
-0.2454555437730885
0.4815597617129251
0.1750926009073987
-0.1024067274819056
0.2482328370048661
-0.0439706357445073
0.0087067660456232
-0.5317092773758767
0.5414813277896887
0.3896240309093469
0.4142967322579599
0.1923688702353728
0.6793498118310985
-0.6562754507749137
0.2131002799994012
0.2166408360933432
-0.0931427990509493
-0.0272263229585219
-0.0441240345660169
-0.0638560926843993
-0.2972895019667504
0.4587702077808920
0.2841423880565757
-0.0745755091476509
0.1358728576404937
0.0105196158573226
-0.3787905905890282
0.6729012096422101
0.3303085187309295
-0.1623255620255391
0.0806396361591879
0.1377981030598814
-0.3573376130727072
-0.3171794120211755
0.4413356553700379
0.6449693918416477
-0.2610196366064835
-0.2740954532633790
-0.4532705284658040
0.0771082373109841
-0.4122058206115721
0.1890762522343441
-0.3408457258077098
-0.5687717495295073
-0.8142879833174346
-0.0068312854631126
0.0581493080253302
0.1402552469516547
-0.1368429907896000
-0.4064909471823217
-0.1299245042326427
0.3361461979153275
-0.3733179919370888
0.5163738558705899
0.3948825770351392
-0.0232532616572179
0.0655872789802864
-0.3698148518073626
-0.4928717198556063
-0.2313687663255882
0.3854365892408591
0.4468964290290014
0.0462956140317412
0.0240183540855081
-0.2922327939676762
-0.0530660280950102
0.5207365903695945
-0.5381630295981522
-0.4317993410645089
-0.0975096618730404
0.6144936219547519
-0.0626678333657093
-0.2503516861067391
0.2821307949890836
-0.2570610566098644
-0.4627714199178684
-0.2974691351679192
-0.0047177904196769
0.2009823418873793
-0.6081580954047036
0.4907207140110614
-0.3705744686197852
-0.3077323385896735
0.1685474329468203
-0.2727978823555732
-0.4945991080794497
-0.1377463348353087
-0.3429986926427432
0.2264840023665431
-0.0281464889508573
0.6820804886777700
-0.1643467692137602
-0.5267039421449401
0.1796670478242846
-0.1829647300077139
0.1071559755578107
-0.4544337007829459
0.3582780360313898
-0.4970156742049044
0.2518858745848890
-0.1193413713400783
-0.6404390148804279
0.2275327054032962
0.4390831937632895
-0.1535036266476394
-0.4595104916352138
-0.1361221554839964
0.2789046892788286
0.3935053957919182
0.2267247082632954
-0.3943887355088560
-0.3623883357531226
0.5817557539198041
0.0217897926689881
-0.4088355062677891
-0.0286462229758243
-0.1254344313111466
0.5043576606121225
-0.2364104354055318
-0.0797698549023463
0.2059399719915759
-0.7085845229134645
-0.1439663239622819
0.3200106705910542
-0.1363251189245890
-0.1001191033556165
0.2611694429733543
-0.5086272154169235
0.0808883030055369
-0.5183890782745080
0.1253444013641599
-0.5945579298074573
0.4494103236600948
-0.2705739605371905
0.4433747898868641
-0.4472179110071970
-0.2926779545305426
0.3916279322707621
-0.0556121093784443
0.2934442017176531
-0.4548431047019741
-0.5674245710714459
0.3924823891750863
-0.4205813704611156
-0.2744450617843867
-0.2230767471892139
0.0491268450982442
0.1127795073329253
0.3989978654519608
-0.1738313368306440
0.7040022528880954
0.0612447353609825
0.4329081231070108
0.3361509976053466
0.0928483176897835
-0.0467496917484213
0.0114902120603494
0.0121548351330676
0.2381871019342901
-0.1805214557263539
0.3497887635301386
0.3413535128659199
0.4305656925675637
-0.6972359199368930
-0.1081327642676905
-0.6245874863054027
0.5240909218968752
0.1814886461356660
0.1254065679407824
-0.1328509872681339
0.2332392068542477
-0.4503461273696606
-0.0149512184330465
0.3423315306608379
0.5242205832145349
0.4603392039688373
0.3571874486314232
-0.1236242022167087
0.4550072912159929
-0.2144031942697379
0.3072156292563937
-0.2383079001555406
0.4969834256980640
-0.2968523790374391
-0.0397154651855333
-0.6403570809620834
-0.1154149627975766
0.2979243503887102
0.0369587911955593
-0.3174707456923055
-0.4312164669193600
-0.5283505060258794
0.1266394981264389
0.5036392912146874
0.0247808094421558
-0.4030388171940253
-0.4790364958656544
-0.4379605899088417
-0.1971337272650848
0.1215882164818974
-0.2513934239310358
-0.5317057207858916
0.2007107179596685
-0.3726590091312447
0.3767902559582705
-0.1874456355874994
0.4043220418231676
0.3073947052785300
0.1685052900206501
0.0099004331355567
-0.3841804876232562
0.6235693385383152
0.4369021595988775
-0.5652965199418590
-0.1469250867376796
-0.6419880605232834
-0.0203446664629007
-0.1920077353805467
0.1357221708191595
0.0109230472314750
-0.2488282492060032
-0.0979980477578988
-0.0942423725147552
0.4311203619121827
0.3298720157113814
-0.1644199835776296
0.2316761229549527
0.7377067100844471
0.3377803572359720
0.4795804448339379
-0.3476352301147811
0.3933063751915238
-0.4642928235837399
-0.3796041010183245
0.0646632063368683
0.1285240810903260
-0.0701278837883556
-0.0985909943169706
0.5971394321363916
0.0421401475678606
-0.5926211659857966
-0.0758372786386388
-0.4203871405413191
0.3055063259043230
0.4757525021866076
0.2510591373260304
0.4351130898511892
-0.6469399567325035
0.2573586073226391
-0.0734859776336518
-0.0941174089885925
-0.1492730025987308
-0.5710504091781566
0.0014168974001528
0.2311406608973589
-0.3853114935949010
0.2422894513875671
0.1047504961188737
0.3864575266907149
0.5029733648376156
0.2591693813032364
-0.0802365617618804
-0.0984417788121494
-0.5208167690720563
0.1655039056292582
-0.0398583316385655
-0.1638549994191493
0.7678696145668067
-0.1431024119877768
-0.9495304140264500
-0.2201520249407878
-0.0400134027236014
-0.0071716183538964
0.1089154665587398
-0.0939047388731867
-0.0843421311719442
0.2609409676370480
-0.4817711439919742
-0.5128725103203819
0.2192979293376812
-0.5373143765058317
-0.3086913508143125
0.0152641069564073
0.0666820841200132
0.0499847410703107
-0.1849002612445435
0.3540512362334223
-0.3824888573267220
0.0595941832086172
0.1872559760651578
-0.8080248318915143
-0.0119590550040771
-0.5136113034426447
-0.4090072770668773
0.0147584429010547
0.4790334294443000
0.2326156604795259
-0.0619544548251871
-0.4156713193494438
-0.3293851733419945
-0.1087697647261100
0.2910051255121641
0.8464072544060331
-0.2493249785515679
-0.1771587309792099
-0.1969333096470979
0.2339842161207907
-0.0006419982809405
0.1539568583219416
0.1166590123810650
-0.1285546288693780
-0.0681788172751387
-0.9435589715314624
0.1166904622156904
-0.1762966931924223
-0.0807006574751811
-0.2729159586452979
-0.0936164866164426
0.1969132414020266
0.3099818533261490
0.2319573513636398
0.7479107412233610
-0.4096447825800538
0.0300952045245253
-0.1665600165007073
-0.1430557590291877
-0.2872572513199513
-0.2952637626039602
-0.6365666411624110
-0.0275220073816035
0.5970571136215763
0.1401557930008288
-0.0694248999990095
0.5434526542683328
0.3620009976184016
-0.4239689319762830
-0.3862095111544591
0.3603058884531011
-0.3308247384439019
0.0249377413648974
0.7880257289398584
-0.0027827208378548
-0.2541862690600031
-0.0031585985250381
-0.3181684728466543
0.0970272529746818
-0.2668999926196367
0.3640137358349400
-0.6101441718876121
-0.2861609523039053
-0.5263577573162179
-0.2558615954327186
0.4020020622063071
-0.0779575932140604
-0.1269639669710457
-0.1396977484317140
0.2944951659146685
-0.3062955621580034
0.3933251499662034
-0.2518281248775207
-0.6124840397875418
-0.2105269622630168
0.3126625979716530
-0.2900299066913547
0.1230053108133584
-0.4567101199469341
-0.0732581883493179
0.3876623754051460
-0.3190484530658733
0.2286240467562491
-0.6740737916443892
0.1104551204970067
0.1384842088005704
-0.0824395389585202
-0.6355538164351711
-0.1743827182192565
0.1224782939882101
-0.5018766026170273
-0.1785853311528056
-0.4908299940658779
0.2848280314256746
0.1789364664053834
-0.3555725371588169
-0.0639755026259042
-0.1197428354838625
0.6200000328688290
-0.5691004083447164
-0.1836201982395936
0.5564688730691140
-0.0562963593286486
0.0692407954508879
0.6060527698139941
0.2795221549900136
0.0977056059978806
0.3949214158491837
0.2672768609656404
0.4032228362117856
0.1649628589941571
-0.7516734808874271
-0.1879525047082483
-0.3265212468663153
0.1262376074580132
0.2319185261200400
-0.1830878823535949
-0.2025958255438192
0.2535408376081688
0.1217508093152432
-0.5480211931595406
-0.4735769399606465
-0.3743488088162821
-0.0054117694812300
0.4637672384318091
-0.3591761550850174
-0.0006413810156991
-0.6716253242685110
-0.1082804358747904
0.0640107772443082
0.2893398552645757
0.3210870400561236
0.4661276976503010
-0.1394250136791517
0.0045474986906439
0.2460588964191879
-0.8156550441433468
-0.2044428488971783
0.2512269120556321
0.3455648687204765
-0.1742840668928473
