-0.0573809032246515
0.6227279822054637
0.0984848601619511
0.1172474965540760
0.5600501570231829
0.2829259521042248
0.1088182256095594
0.1083434291428575
0.1139285710691164
0.1103372877851983
0.1238062048865365
0.3573598447294355
-0.1109457456422495
-0.0770558867751481
-0.4768111536063747
0.1164578982198353
-0.1555333627696448
0.0794794606002582
-0.3454818511881478
0.1057350169251778
-0.5165348495248226
-0.4779915039510890
-0.2401072689491533
0.1638940799857703
0.1733850805770597
-0.0293539438828676
0.3726001133884198
0.1397797755605396
0.2826785426137338
0.3328599017977142
-0.1316324338739560
0.3840245888807030
-0.6602169788048617
0.1136446227344785
-0.0658997708618180
0.0453600627103403
0.1452930035097394
-0.3202029756980579
-0.1791602727224660
0.4722579957222113
-0.2111026728279069
-0.2961355409270770
0.5832424253651872
0.1894156773621172
0.1735150780259052
0.1386889054813851
0.2407088056455450
-0.0751034823875662
-0.0774910839510828
0.6040215243827813
0.0325630435458149
0.2276531628708396
0.1916976322690135
-0.1490680369156755
-0.2381752603831223
-0.1458520019664515
0.0857114317850390
-0.4646793175878332
0.1335077078470973
-0.4451962116298535
-0.7006322588172088
-0.0746498535099605
-0.1350456782771599
-0.2316648904645852
-0.0475041661730440
-0.3123584565244311
-0.4607190877084928
0.1605962407897440
0.0249855700164958
-0.1283716928684843
0.1988855928746884
-0.1926113957879456
-0.1078359063691414
0.2672342466691262
0.1596711108604845
-0.1690519720221030
-0.1643629945422173
0.3374052882563551
-0.3104407011531601
0.3094816888963142
0.6839407827694821
-0.1442365720121768
0.2013681474875472
-0.0273067892694319
0.6566307309893905
-0.2701780436905378
-0.1476353453466767
0.2757914825724488
0.1832927746390864
-0.2640570862456197
-0.1413184782262225
-0.0389474201261951
0.0011396388816527
-0.5056249514751399
0.1070438987285250
-0.0778221326657578
-0.4004611416132017
0.0636965820456289
0.5164867473938423
0.3291287894063587
-0.4546867277267742
-0.3702605562180025
0.0931142445067114
-0.2452213058636291
0.0522289914568123
-0.0480665195128770
0.1630480381314192
-0.1273959474141245
-0.0950155356690583
-0.2904195272265854
0.1829023871048954
-0.1881089126390372
0.0236566644067504
-0.0205026989626121
0.2666963723192361
0.0159248004184201
0.2174448921585352
-0.4945397562216547
0.5512620041864348
-0.4119321526448632
-0.1398034329306106
-0.0035970057967325
0.1682329493612072
0.6455051842176430
-0.0169324226828901
0.2167584177019441
-0.0077749514352271
0.3310661215209815
0.0128564543476832
-0.4788812955514664
0.3207764443901263
0.2147941744860559
-0.1954319074967585
-0.0851053672597940
-0.1886565127253960
-0.7483552551798275
-0.2847942560604922
0.1491728359959941
0.1872769090847387
0.1988322717246170
0.0588613608837547
-0.3681954480417459
-0.1862121835160382
0.0852164124660219
-0.5131802601551565
-0.4064058981102375
0.0000249783223899
0.5320331436566760
-0.0679183914342046
0.0238412514643896
-0.0669908353215970
0.2413858235969865
-0.1730635575383581
0.2426139123330091
-0.3445134730550149
-0.1139419170292771
-0.3293379408997816
-0.3719101208226260
-0.1690616987788603
-0.3019616908755248
0.1811058534934347
0.4399230179456211
0.0193242438745254
-0.1434723605721542
-0.4205136983508595
0.0606549138757719
0.0399711816820125
-0.4517287249917844
0.1746083582269597
-0.3788755873412861
-0.1944343776166143
-0.2231961587631753
0.0138156225008515
0.2476271735342400
-0.0229676074097753
-0.7025863601480875
0.0008800536052770
-0.2750094823435328
-0.1882056333820909
0.2676311170331550
0.4451771498319448
-0.1502486266511544
-0.1204159909415126
0.2764816350579284
-0.4175134657461793
0.2238480616657989
-0.2071322970820868
0.5991068056108283
0.0884455979001603
0.0507705505888405
-0.2251040108871863
-0.0311489956671645
0.3523581637143014
-0.0644724569575442
0.5608667885841326
-0.1032135194662260
0.0537170642035642
0.0032078925293626
-0.0766398656560398
-0.4992487269793587
-0.2725115891559109
-0.0732485847599071
0.0086470752166426
-0.4568817947321089
-0.1207714799682897
-0.1520211228669097
0.1110959018781874
0.0187928540384734
0.1964727286716064
0.5198268562248883
0.5328156075946137
0.5182923340895917
0.2152619527512120
0.0026800223155800
-0.1363412887148590
-0.1527534300251114
0.2599520536505381
-0.2268862178782652
0.1305313100290791
0.2382735388857241
0.0449994372481850
-0.1155051618653991
-0.1734489559332834
-0.2346729703186201
0.5036673044523940
0.0986503351509802
-0.6346481994202940
-0.2010511313045807
-0.2070253815663778
-0.2734624740767958
-0.1842834207310674
0.1870617356362249
0.7628357223903655
-0.2342510921815035
0.1028583232485411
0.3069413333099089
-0.0795477587115928
-0.0514908689034537
0.2458646451740083
-0.0489181461410555
0.0743187601508897
0.0565584489339388
-0.6777641847330418
0.2453572634320980
0.0442486951050146
-0.3841136152270418
-0.2340875017810119
0.1202156739040189
0.0225197811323460
0.2109287383640518
-0.1501392451556459
-0.4306083343463356
-0.0054602489767340
0.1927837949428888
-0.4426958143746842
0.0977184744886520
0.2075276068540244
0.0703128764343188
0.6132656090030497
-0.1095961347149932
-0.0191079584857388
-0.5585709536927171
0.0105934370938806
0.0931645659129859
0.3488264460901875
-0.1709355237150648
0.3424275695345325
-0.1845634658765148
0.5619398762896667
-0.2818250026932501
-0.1749117229357913
-0.1589789557823095
-0.0132492023231274
0.1680390240262787
-0.1101405427892621
0.4540562452971594
-0.4040366826655557
-0.2063006660068852
-0.0217694482775534
0.1700194853473524
0.1556309133743343
0.2367078529795337
-0.4063029111958681
-0.2360840221998950
-0.0886793812991315
0.2148956088939451
0.2965668599957509
0.5672287828629446
-0.0635789510289065
0.4642832921422380
-0.2043146819656174
-0.3377217163163300
0.2785251425805708
-0.5658830342019516
0.0093606109570453
0.2474219897502220
-0.2466876079977865
-0.1550648900845524
-0.2171704636651615
0.1828394454802975
0.2862659523716296
0.3174716740170734
-0.5230488067277301
0.3717856743560741
-0.1402210180781606
0.3585777938881041
-0.2536979613658182
-0.2531006054325253
0.2207542995170687
-0.0698215742550626
0.2018615176559359
0.1855822547679454
0.5687970147886623
-0.1481904472132468
-0.2336271320374713
-0.0667731089721017
-0.1770206452078011
0.0494563248943967
-0.0724273550662565
-0.0408970910250092
-0.3207940707450490
0.4213108921667518
0.4895313597153872
-0.1863225050014694
-0.1976399138034603
-0.4000953484889640
-0.0030411621398334
-0.0544191927968451
-0.0759481498016851
-0.5034860069130797
0.1458651896977667
-0.0240357339960132
-0.0604074304070821
-0.4196372569357520
0.1683055656239540
0.5556073975485001
0.1019802376645277
-0.1827704680894895
-0.1480869408191833
-0.1464021247165169
0.4342281194819350
0.0555945104424406
-0.4948078306559274
-0.3485261724637361
0.3739619866693988
0.1102658879923572
0.3260796797068155
-0.3107209043507945
0.1753647750321693
0.1156989594141481
0.4260786491148297
-0.2204411971745882
-0.3518989139097246
-0.2343114149859219
-0.3362223718374371
0.3568336332011138
-0.2357088888715157
-0.4810853550782978
0.1395596988815853
-0.0115970340300366
-0.2741427197580480
0.2810489891968712
0.1258833272773921
0.4193488826158214
-0.0246163081790359
0.4629977015825585
0.1017206306924686
-0.4819815136119125
-0.3726972569974147
-0.1090098339728223
-0.2137578749859000
0.0072262418755780
-0.0641148618455459
-0.6663690945406295
0.1991737911900740
-0.1266350939885766
0.2018240362657023
0.2351088080160754
-0.4036158553072022
0.2758621962366593
0.1292201909006583
-0.3470949475765881
-0.1289907368416913
0.0854909027636818
