0.1823665301012519
-0.1218840283161006
0.4958049170494766
-0.1559808345451169
0.0460937799451772
-0.1298866611193376
-0.0363322132161736
0.4206187234203365
0.4494696316231739
-0.5314846419019698
0.5142802201377298
-0.0566347612549866
0.0678851962959751
-0.0171038710473247
0.4774287395763225
-0.1822916926841824
0.0864376791163374
0.5137550407582003
0.2328512488322325
0.3749713799190852
0.0254754371569877
-0.1831684318871907
-0.1355103677342422
-0.2880823722496957
0.1093930324756051
0.2605915012912815
-0.0192622521460152
0.5051719749276512
-0.5937955127350909
0.4200097368434971
0.2286104997819611
-0.3550207262210176
0.0988943730142054
0.0878168934635070
-0.2181024661450890
0.4599201658966960
-0.5142942772883252
-0.2300782374292184
0.2519332597013908
-0.4052226653096427
0.2811479883069391
-0.0546182629634773
-0.0794011877312757
0.3618135350430601
0.0184937054724105
-0.5313072089392143
0.5492084256563505
0.1787583622836506
-0.0039660634200516
-0.4056223949662180
0.1880830026330925
-0.2158574930718861
0.0241154344114121
-0.3812221111940242
0.6641097025810733
0.4936993256502185
-0.0728385909502264
0.0720988442204892
-0.0372198547365672
-0.2746793259406374
0.2943500537804258
0.1728288323171047
-0.1976504978746021
0.3804904890609144
0.2734393549578601
0.1596466029585182
-0.0686069755550861
-0.5012161469945284
-0.3229144290303952
-0.4890757801492793
0.0874247590202422
0.6342046028863588
-0.4512239306493347
0.0307018389090582
-0.3530206241895416
0.0787088568188481
0.3944229875879129
0.0117681335986836
-0.2158684630160117
-0.2290632532926336
-0.1069168333353863
-0.1555901542588786
-0.1142135347279704
-0.8237529781312075
-0.3070714782760074
0.1736137146915919
-0.0558128489942376
0.0128033880561652
0.1782554450930416
-0.3365385191751846
-0.1551486723544926
0.1189150191802559
-0.2062729902598195
-0.3821364244104987
0.3393436416695433
-0.1698600712757292
0.5427001585726428
-0.4318793094558147
0.0274515784496819
-0.3839374612388121
0.1228798955176557
0.1874416915152374
-0.6030102556034690
0.2849910586245368
0.1455383489560283
-0.1457151247987414
0.3292803143985317
-0.1074263681093105
0.5133566978152818
0.2810863103768280
0.4400684434461352
-0.1940221952870405
-0.2963405470064269
-0.0310264860373731
-0.2667476792539393
0.4267029183213319
0.1771366145316695
0.5605504163759176
0.0681588441659169
-0.2764874459115721
0.3063358707108829
0.4712823173950518
-0.3510788373641998
0.2090087766720064
0.2846515944279823
0.5321381269480838
-0.2467833421402678
0.2064905761986622
-0.0356829455664069
0.2193151337057007
-0.3830705477133514
-0.4578589976910827
0.0645898584960598
0.6832114526687577
-0.1066536766735058
-0.0808243831407221
-0.0941621646171887
0.1668831774344441
0.1606223662084914
-0.3037247347338283
0.1420916137072592
-0.2196760207550654
-0.0225479033228607
0.4451802231786942
-0.4393101038339835
0.0934686703660948
0.1634628382454967
0.0675678613542263
-0.7003028194849418
-0.0970529038264738
-0.3291854255542767
-0.4611364029671896
0.0334074030900597
0.1549609331254807
0.5184865756732386
-0.1573743611822766
0.2420275718922291
-0.0644334465796076
-0.5419011359555969
-0.0622924845367239
0.1515678038264646
-0.4300184992257995
-0.0177242740840033
-0.4033415011099794
0.0742101580178835
-0.0026142495613878
-0.1767024639692203
-0.6982467381873365
-0.3235550888330492
0.0117740915461855
-0.1788372118644050
-0.7006515346263357
0.1567565841653134
-0.1149678056718649
-0.1928088881346165
0.5375724447824322
0.3167568718888425
-0.0438113600518655
-0.0724817470187977
0.0751471896732150
-0.2458656541452264
0.0793096094600380
0.2252418175887513
0.1702169185033016
0.0863849164811016
0.3989439262067707
0.4473590195592243
0.1880165406713420
-0.1928389025960077
-0.6436354759251783
0.2773246005699191
0.3087273586004852
0.5946887983613300
-0.0495005138895665
0.5086388882591470
-0.2116178992619987
0.2143847687711465
-0.0555070630654548
-0.2926637062233109
-0.1829859398680436
-0.6934615745001307
0.0884448678545491
0.3378405179920155
0.2800233145846212
-0.1312867063951143
0.2278725381732736
0.0939795422534294
0.1697039696114649
-0.3169757833628703
0.3338741468004890
-0.5189100441648469
-0.0707011346906396
-0.2899244265052400
-0.1244843652497867
-0.3063203099811713
-0.2455987979187637
0.0845766109729968
0.5273894360843832
-0.3111973645732097
-0.2998227198892092
0.1966809127573653
0.2125811805071059
0.5858509512628098
-0.1553469824156714
-0.0189982658626925
0.5918375840104920
0.1817955145545520
0.3372082637756636
0.0731981523816990
0.2145278221441898
-0.1831618209227368
0.0120244807917210
0.0100538735335402
-0.3089224908548042
-0.3447175624323073
0.0803295665259874
0.3242648112456695
-0.5806251488443854
0.3841690228049455
0.3945007820217928
0.3968263699270063
-0.0246890552329382
-0.1238416598688888
0.1169417189447090
0.2894185711947847
0.3383787411581441
0.7141948854037508
-0.0699439909131466
-0.2637450542546327
0.1735394153145617
0.3965945439656811
-0.5976638770300953
-0.4459509942175734
0.3374794267085636
0.2379054632297787
0.1357688665951393
-0.2105194310342219
-0.0145328591493229
-0.1400567787402854
0.1832164687319063
-0.0030531341775034
0.1383678470558156
0.0083198151646554
0.5951707397155215
-0.3510802891200516
0.5855951276227931
0.2452494831938572
-0.2060417065505570
0.2305657220566829
0.0678787124076751
0.2595544138036146
0.1135053982494187
-0.4392830544046067
-0.2150213691112815
-0.3311098465995308
0.0280875521704620
-0.5999011782203667
0.0127573588965089
-0.4347397363845367
-0.1451853520565496
0.4799710927533371
0.0280001696608582
0.3590253496940892
-0.1820755073967369
-0.4351178269519412
0.1417742729589399
0.3729462617684504
-0.3575845966649293
-0.0671344870235855
-0.3548279631201173
0.4133988493120890
-0.5002832090841072
0.1186140070016346
0.2288744183484383
-0.3739305638787158
-0.1301688965404492
0.1760273946644720
0.0037173929747638
0.5402651424412639
0.1808630006813058
-0.4067970150324843
-0.2841696616596165
-0.2504095940435155
0.1949481636476647
0.3983378017002222
0.3408648358849142
-0.0513782941509689
-0.5350940017134864
0.2983174178161521
-0.0152839293363148
0.2004615530622115
-0.2223036237879803
0.5153790752024506
-0.0232028128520924
-0.1402574684102415
-0.1697532280538638
0.2402906890602527
-0.1606072821189097
-0.3326805992552866
0.6336744365955979
-0.4439796188646213
0.1845652332527060
-0.3405912175683675
-0.2903674560357904
0.1408780766715710
0.5191517746827634
0.4097555062021315
0.2244650985526108
0.1836372481865319
0.1647123061648288
