-0.0406209501683605
-0.4533710619516377
0.4973012620473116
-0.2203593904402684
0.2196421352822352
-0.1723121091921999
-0.0893853363897683
-0.0207836461340583
0.2279781585112636
-0.2519660578035846
-0.0429709173177831
0.1575376190358602
-0.4276391929117577
-0.2925425918141857
0.0836718740130093
-0.3866885827291002
0.2846729768150197
0.4345080337021267
0.0401210171755272
-0.1023700380591977
0.4695760613998824
0.3659202411544499
-0.0457256523510843
0.1446679141895820
0.0753628840286074
0.1828480843188032
-0.0657197205458724
0.3750929122127086
0.4747460155027464
0.2343984362178197
0.1473213702413027
-0.0344582896377181
-0.1077822011820444
-0.3504621049851717
-0.2146588068982695
0.1852174276362064
0.1971804880941974
-0.3097985575616542
0.0342401006707192
0.3240781429630121
0.2213944119252788
-0.4380505007217161
0.0028304214295558
0.2271234218093819
0.1365013413967966
0.4580006316465801
-0.1275837885560054
-0.2116308873297029
-0.4051353073138785
0.0401625745381989
-0.0911510322809234
0.2447530218669481
0.0400469728574980
-0.3689517902377953
-0.1722612592496829
-0.5075245438363932
0.1966307440474787
-0.0002654588152567
0.2577703698288510
-0.4397998350774082
-0.1119334628535910
0.5552419055091401
-0.0949995133310695
-0.1746265625502755
0.3470498111442361
0.0860641072034691
0.4042583876555874
-0.0411340821115132
-0.2096901723630128
0.0647099440533665
-0.1645091435296322
0.1241803861388043
-0.0786182057088263
-0.1632295872383411
-0.4110681069039337
-0.0707612731746980
0.5310413412905950
0.1111043480136375
-0.2715022272496923
0.3392634057438673
-0.1897657535085514
0.4663358326449151
0.0040216626768588
-0.1185267172839091
0.1865679297436081
-0.0498479680443021
-0.2320056599346872
-0.2461241242228898
-0.3488448631632619
-0.0799630013355039
0.4317405569435082
0.2791765472566880
-0.0418325088111324
-0.3857110827707954
-0.2154811863402943
-0.3396272184930528
0.3466397020115401
-0.1530252702547547
0.5338722356557974
-0.4157825960356178
0.2504245888429502
0.0911355644136445
-0.2383692733790577
-0.0086351511025812
0.1429238269917438
-0.4178614041441462
-0.0533480469524151
-0.3957790413876184
0.1859076298059961
-0.0031705263962718
0.1257134836426276
0.0964085606566340
0.3000197515785148
0.3350985855764217
-0.3199568920008840
-0.1708361683131510
-0.4011964988337757
-0.2141777277286595
0.2669105642691231
-0.3673114983378959
0.4468943830675058
-0.0438725490498269
0.0313974511828985
0.1023628606412015
-0.1311744074374714
0.1511287235440696
-0.4289375314623954
0.0820442947521725
-0.0971849886093768
-0.2484887435238607
-0.0175194805123712
-0.0148828901172036
0.0875778008673248
-0.0578066657341362
0.5527297331329563
0.0195954656597189
0.2180646206245103
-0.3788924027881014
0.4376945970693001
0.1948525175172618
-0.0551666454578894
0.0798556612779379
0.3211752971609345
0.1240514586473308
-0.4998187694615138
-0.5939726460703513
-0.2147251415934743
-0.1457269200410313
-0.2173947890043786
0.0207802103185472
0.0878506937776289
0.2291325444001884
-0.1274618831920747
0.2791299698249826
-0.5049099463587299
0.3564874627836821
0.3815122648430829
0.1324769355586127
-0.0360668693484302
0.0459616382526527
-0.0323694008853506
-0.3835503627780244
-0.2084626823945544
0.1927772883584592
-0.2330702549833431
0.0156198478069052
0.3997419084046674
-0.0912680037723637
-0.1546786466373199
-0.5144023395302695
-0.2550395976774716
0.1009678952631021
-0.2837492412112311
-0.0718817378680772
-0.2915673811053040
0.2153648299903646
-0.1385949384643522
-0.2162229726020261
0.1145572458545882
-0.1222355504742662
0.3169062635724089
0.4740205376741201
-0.3974256811020597
-0.3452559729661815
0.4288149941703643
0.0244240274402357
-0.6059763680747432
0.1045355159216149
0.1531621067656234
0.1256521468003632
0.0359653739843204
0.0706753952681981
0.0798223497848259
-0.2758711981024648
-0.0101985302273065
-0.1792236814233091
-0.0380385570926893
-0.6968411447561897
-0.1805251188013064
0.0046159185495540
-0.0210577876135099
0.3153866628264614
0.0706902351003064
-0.1270435585157120
-0.0793854802002219
0.2592755623680426
0.2674968964421892
0.3921162468346749
-0.0257092349291920
-0.2445586477996718
0.3304611128553730
-0.0002988289396127
0.4646927658152968
-0.0532829975383859
-0.1110513400936583
0.3957675650657724
-0.2023141963962070
0.0047370650761212
0.0272275015584513
-0.1259024434120306
-0.5469238532827647
-0.2710376958469533
0.0828746268047310
-0.2570038519055510
0.0200634792779549
0.2588797224036652
-0.0107010909965216
0.4236643361098409
-0.2725044067163213
0.0222774645381949
-0.2745542309597280
0.3983550278617079
0.5117240236251422
0.0264274730755513
0.3082880153797889
0.0976237191728093
-0.0441719969182308
0.2739856347492569
0.1088268580503153
-0.0239513475087290
-0.4494986525926706
0.2611995017758107
0.0743205122588713
0.1024622547493144
-0.0891936695107422
0.0031226885581870
-0.3864060448645387
-0.4715885868814663
0.4116551860465544
-0.0230901470962077
0.1421194528464103
-0.3625258648696283
0.2189491977272918
0.2513236489460624
0.2741109794759613
0.0539066269266882
0.1907099688814527
0.3662977313639502
0.1330619601897999
0.0968929769811432
-0.2735133440784839
0.1008945383527954
0.3813070921740729
0.5009574120153785
0.3631380493523337
-0.0022219331531142
-0.4130477801849327
0.0432317386917278
-0.0304926933834983
-0.0988597311030133
0.1911710841373211
-0.0314750962719656
-0.3106206357011241
-0.1487022703587569
-0.3312200983100041
-0.5402876092179160
-0.2425692020421910
0.1484993755630606
-0.2937110964712214
0.3031655371747098
0.2420096120808519
-0.2965891691139680
-0.2565193165695666
0.3603824660686409
0.1067785858056003
0.1683385895243461
-0.3229599285225297
0.2188159635536221
0.1176301188949462
0.4926093076103668
-0.4205867547363157
-0.0832215970199224
-0.0450515422887177
0.1533491884767997
0.2986520873469584
0.3228972321230401
0.0241819471841250
0.3517762975461298
0.0545955567871071
0.0636524273029173
0.2174573193357339
-0.1541291654940606
-0.1803245669813364
-0.0180686999569092
0.4585190813392861
-0.2846608012139578
-0.4670054118779960
0.2488537414149281
0.2928311126759300
-0.1156495075040186
0.2260645165794258
-0.0401104935122577
0.3343827102753597
-0.1649645624887647
0.0415200341950217
-0.0060903192038113
-0.0793789028681100
0.1515312339787112
-0.2064170756863484
-0.2016284355690154
0.6987153636102266
0.3265686526286080
0.0230962984099522
0.0563104781699032
-0.0471508755904287
0.1140352605519270
-0.4712921166196384
0.4665389358413932
-0.2847839065080984
-0.2722031883060694
0.0095612169108749
-0.0405158979388759
-0.2382628914298241
0.5224963165081702
0.0566063070587792
0.2266899276667477
-0.0695286688276580
0.0852832761244342
0.2555741332712258
-0.5011863466546167
0.2397508558742585
-0.2422235605015040
-0.3879690146134233
0.3995061547478791
0.0265910874141658
-0.0402903118901186
0.3308964808142585
0.1445199540207475
0.0924525565267067
0.3222614105386661
0.4347812017276538
0.0145267053380017
-0.0985908665286236
-0.3909212799181744
-0.1908178415530102
0.0374711963145470
-0.2257694202021735
-0.1567484772720116
-0.3444150088465667
0.0906933103939196
-0.2178964735655705
-0.2371483207608505
-0.1868701624542402
0.5190102005261299
-0.2021330140562400
0.1191426256309117
0.1890713436914453
0.3834022195715066
-0.0457459584464577
0.5031784232055213
0.2398792553242131
0.0577833658008648
0.0173585119291629
-0.5461317760790156
0.0144599095389273
-0.1668029924983518
0.2220085574214924
0.2648744796662085
-0.0419428714563629
0.1327093326667515
0.2848038845887407
-0.3509292337643672
0.0401820670236134
0.2705140786235965
0.3335966340615384
0.4950839057322992
-0.2557143572217350
-0.1552025887317857
-0.1023024610329138
-0.1347926081382393
-0.4640939167719117
0.1080810584167810
-0.0296931226028361
-0.1090351784266434
0.1033331485247510
-0.1729298053195981
-0.0830609864099300
-0.0668929041203914
-0.1728366106923593
-0.2701255994145481
-0.4373181230252842
0.3342406453843060
0.6041751588720475
-0.3158526381981597
0.2543143762663407
-0.0016751895698556
0.1556034694274662
0.0114618232123001
-0.1488494147111219
-0.2517485022743635
-0.4338648442469795
0.2908413851620590
-0.3735584932586247
0.5336746672435962
-0.2780154966418951
0.1876873564863122
0.1108706986848085
0.0384496376659167
0.0573071990153261
-0.2517275428584630
