0.2918213552962814
-0.3527773203015869
-0.2961301855411000
0.1903762413409694
-0.2579158920882832
0.3016305414243053
0.0030906712122603
-0.2993745967573081
0.0386973699742935
-0.0376602772393536
-0.4227663157307127
-0.0303739259302908
-0.4865657719741314
0.0375439158510438
0.4534684718287428
-0.0475862283073766
0.1299742906661563
0.3221519159668663
-0.3887269052213864
0.3145954781902496
-0.1588473979416629
-0.0459063474481079
0.0671961429995196
-0.1532927378684082
-0.5973941628123473
0.0877758277145688
-0.6474862595381896
-0.4549091652419887
0.0675417679958103
0.3413057975167673
-0.1756702696333175
-0.0564526835225345
0.1411565969857526
-0.1505146476448325
0.3377811325704160
0.0574352447016926
0.2235402180227790
0.0522105157306591
0.0777804360126084
0.1735871671528242
-0.0480263822930250
-0.1508229044326919
-0.1759246987103495
0.3396317529778102
-0.0191557028824793
0.5254880456283957
-0.1746809144111860
-0.0596157055243679
0.0832968314626306
-0.5278695388158750
0.4484247726016992
0.0356751478599401
0.1122512722442008
-0.4398612792198744
-0.3334345167682080
-0.0659221639555605
-0.2040962965858318
-0.2402878450234278
0.2117567044684382
0.1474618530996421
0.3261015352740413
-0.0779741531420765
0.0679190161750896
-0.6285018915769427
-0.0191872654725864
0.3520876864962849
0.2234369833234526
-0.0154715619960188
0.1608208171520971
0.0518766848111975
0.1119415380792317
-0.6375713819075027
-0.1945352310319984
0.4330882045063852
-0.3144994184304326
-0.0103483451816046
0.1924001069430262
-0.1297843713663316
0.0194220978823794
-0.0776766505586477
0.4648625516412700
0.1703162218383483
0.4089106075574669
0.0240861906648667
0.4935080096332957
-0.4363282246037286
-0.1002471144398911
-0.0388049845474540
0.3574612667561057
0.0646174278809246
0.0570484708315329
-0.1100910813800692
0.4826124240170449
-0.4051036501503375
-0.0153501596548782
-0.2161599361904594
-0.2070516976025373
0.3025827284698797
0.1749213007594448
-0.2968298173871256
0.0801833393094746
0.0073057325337991
0.3131496802321029
-0.4315297328650444
0.2034633590477623
-0.5505932058166739
-0.3957800774238478
0.1236123681958761
0.2384979716677653
-0.2037682910274566
-0.0303987552965279
-0.3369961403046351
0.0746454409804978
-0.3467213846265541
0.1974430537424775
0.2921261083918348
0.1432673412308979
0.2847714887561316
0.0446766156029832
0.0772460888747079
0.1415284781996578
0.2526149434289909
-0.3823657574556690
-0.5177086547637586
-0.3509534480182834
-0.3313019771778241
0.2809375629139557
0.2283406900975603
-0.0668070507489203
0.2107460739574051
-0.1645640185367923
0.0113399602665992
-0.3438453502188711
0.3361256883197325
0.3861328098394637
0.4521791995121076
0.0250461823306861
-0.2440921082436769
0.2551177847526757
-0.2357125816203545
0.1914824880874360
-0.3986146986429602
-0.1077145095931358
0.2492598124642225
-0.0140566222677190
0.1836825711013629
0.1729327764993485
-0.0896622229183913
-0.5475594954364730
-0.1799526425769642
0.1652726921984699
-0.0451765579287424
-0.6079406182756717
-0.1087940869828381
-0.1733831599068277
0.3048566930393143
0.2484341554181659
0.1018144398796482
0.1077553138175894
0.4729003761896229
-0.3113768901184295
-0.4500080241053797
0.3348603232901899
0.1563897123361473
0.0839579854085742
0.2414818629879260
0.4324038873341722
-0.0122854577723358
0.0642639975369660
-0.5092829903224159
0.2514024038830981
-0.2892046872070390
-0.0094757318523647
-0.2170855209368091
-0.0198637745594739
-0.2388718797632913
-0.0881447729332213
-0.0435291629321719
-0.5807800939332903
0.1434551697520429
0.2828714877643100
0.2038445185989240
-0.2519005783085724
-0.0117962111203885
-0.0520977469841904
-0.1278702524746441
-0.2466472538495710
0.3688762378714937
-0.3161272319746552
-0.0279868628000623
-0.3490387474600163
0.3499796151092603
0.0189269742648709
-0.0511215393461929
0.6102723269153807
0.1002968489703266
0.0444908577993475
0.4280086982542114
0.1594258709218061
-0.4734810088201130
0.0974038339743293
-0.1584080226860336
-0.5108903457789424
0.2221482500132397
0.4446367337719638
-0.0483726730544936
0.1005418524039279
0.0088872000218673
0.0466427900627991
0.1051481134887174
0.0114103963158229
-0.1665347546723599
0.0589679959349060
0.1249236881879959
-0.1877734756533952
-0.3823922860962212
-0.3793410612649738
-0.3055963399059096
0.3946016946313640
-0.0217463122290406
-0.6040415949585767
0.3084247446344770
-0.0796884989556585
-0.2159418556593737
-0.4469708898387763
0.0004422758889453
0.1621741216707114
0.1642389618325928
-0.6640669456276936
-0.0831743629475563
0.1161481517580169
0.0564381703005024
-0.3075412332559065
0.1991854096256358
0.0574641934741938
0.4306560871634538
-0.6672834963915856
-0.0537027821757118
0.2925955395614268
-0.0037244394483641
-0.1062733015256011
-0.0827395177867169
0.1749617627414232
0.2424322321150747
0.0600392712434069
0.1725349532501999
0.3695376222685383
-0.2590527523855775
0.0617705107367287
0.0800671114263121
0.6790936820574606
-0.0014931328343011
0.0629964572595414
0.0197821129415671
-0.1727030597530613
-0.4536237808109795
0.2934844085954142
-0.0257669853995233
-0.1655400299053105
-0.3276180254280484
0.1775449233198742
-0.4983559782774677
0.0053088602177075
0.2341412415265901
0.2051521938014610
0.0299143312684666
-0.2490912540226051
0.2892114564785779
-0.4913616650708145
0.0344671747972799
-0.4412018469303493
0.1226241289076326
0.1558100964233106
-0.4461416998508964
0.3333218375853435
-0.1276019167806053
0.1978786762930632
0.0516099661344734
-0.0762858141291774
-0.0639107848126450
-0.2281341490836879
0.4161638030505915
0.1307229837158440
-0.5530010373672918
0.0913223441310386
-0.2556800672755914
-0.3231545894928690
0.1409158382755605
0.4360550175586592
-0.2986385818740714
-0.1722412595241020
-0.0766206694467165
0.2762462496863490
-0.3279159034974682
0.0599563766662510
-0.2523171553343773
-0.3832614012826139
-0.0782906607166545
0.3958898899216369
0.0005648067637169
0.1420571327301123
-0.1618759580347016
0.0624740329616227
-0.3665987968418994
0.2921359269711682
0.1508567307050049
0.0201293386386347
-0.4824963240298996
-0.4201323556022387
-0.1201984587215640
-0.5295411624505206
0.0513438328202487
-0.4455953927482037
-0.1720419323162332
-0.0955758816035359
-0.0037271195501942
0.4512621692421316
-0.0784926427849260
-0.3210107388371805
0.2627615644378125
0.0428767761779672
0.4520882886931745
-0.0714831438134559
-0.4113160810222718
-0.0171612150224571
-0.2479488749664978
-0.2073249509851255
-0.3845213469389250
-0.4973909842447072
-0.1693188300648074
-0.3429139297930599
-0.1933670110398595
-0.0547086812060566
-0.0975414920676735
0.2497691301226821
0.4835106486367677
0.0774113052311502
-0.0443460693187405
0.4732495440053257
0.1767777766878592
-0.1476455585663110
0.0499338716749168
-0.3238814573912542
0.5742650374027517
0.0465647034174326
0.1828393214618697
0.3372720918129865
0.1574610078541467
0.1576827818444725
-0.2152135137018305
0.2012131071295707
0.0692904711557579
0.0455453624688027
0.2531616064376139
-0.4954235999999584
-0.0414758546792617
-0.3907109188185740
-0.3666914869510937
-0.2086273208486165
0.2115828217515872
0.0580183532822815
-0.2052610298075110
-0.3803607274313910
-0.3410073911714707
-0.1057633533888948
-0.0706064752953605
-0.3920561498132475
0.2046374467832886
-0.4548376500393010
-0.4657124300362541
0.0532185996140031
-0.3776043618058560
-0.2203502771740471
0.1052773263376113
-0.2987684037055360
-0.0326398927179936
0.2628615966051893
