0.2675322561748880
0.1607155181781916
-0.5753422951461872
0.7560279475909651
-0.1248096049435501
0.9084901992137075
-0.1974366984059525
-0.3465355256954618
0.0566557869852932
-0.3539235448234657
-0.2807244836409438
-0.8903493755291768
-0.2196475913466469
0.8403885446501895
0.4508734525091349
0.2054632800741925
0.3525458246204003
-0.3748819037819094
0.5096130498510818
0.6895429929895974
-0.5008728304692303
-0.2171676917245353
0.7876919200485100
-0.2854926276790188
-0.1342404572736329
0.1112333099876157
-0.1803022390538482
0.9680380947939673
-0.4144471574000033
0.7983666367829192
-0.2446287568062938
0.3619406558241205
0.2126183682852368
0.2889161433171175
-0.4767867549037463
-0.8024931662929232
-0.5359422743202814
-0.6377090514163023
0.5494125974568487
-0.0651063905760625
-0.4954631398791865
0.0391975514739739
0.1792526498632830
0.8490278655594846
0.7268086563114202
0.1449021512274433
0.2951525483234579
0.6030236453893131
-0.2127407386458796
-0.2550020546979510
-0.9270957566621946
0.1738067553324144
-0.3034441780083123
-0.1444110949898326
-0.5760356045167051
-0.7451510241593789
0.5489801061726719
0.5352373882353059
-0.2232299200651224
-0.6019220747317792
-0.7090410624707894
0.2289857375382996
0.6489911228596149
-0.1537427272548247
0.0476635010789010
-0.7877858576714175
-0.1458322138595614
-0.5965354964447882
0.7023948204609206
-0.5764259228403834
-0.3906194245801795
-0.1476182129953242
-0.7889952509675824
-0.5813249581441587
0.1392486142632718
0.1419774996788312
0.3048366667917526
-0.0054923718329297
-0.9431404835519347
-0.1324026763942696
0.0581440362909869
0.8557741267247754
-0.5131461985313986
0.0308365692808860
-0.4906892622024965
-0.1525153543368408
0.1059376885166937
-0.8513168157639186
-0.8567777848765321
0.0007382217304455
0.1801102458265962
-0.4832096664172011
0.5263816969848994
-0.1244106254950539
0.7376594013228845
-0.4041075512573236
-0.4199691305292154
0.5412722252597685
0.4267498532978757
0.5903684191037958
0.3606537943698823
-0.7121874724331444
-0.1627570373123540
0.5798516978686885
0.4762965517326298
-0.8684662977551342
-0.1010008615438162
0.0933097553233523
0.1764600907527435
-0.5050633969784913
-0.8397796827520552
-0.0924277330725899
0.3966133137296591
0.5417101515886906
0.2447897128051294
0.6995183968580948
0.2066543140249770
-0.3871115091322293
0.5446955719990629
-0.7146645421712540
-0.0169334849753354
-0.5806059106707480
-0.6174082944551659
0.5304875413416839
0.4025937309924544
0.7330758064146876
0.2314589981218046
-0.4969354907867631
0.5957978326169996
-0.6548051801203559
0.2680754313884390
0.3799877390421120
-0.1986958285063181
0.1608008701604813
0.7101225136828513
0.6560404434564754
0.0357260387328021
-0.9893130488052877
0.0233518197993161
-0.1394203504948583
0.5838466685449576
-0.0861056526689178
0.3325269242591476
-0.7356186028440046
-0.6357447509191131
0.1811736815256243
0.6547442384362842
0.3664896874889347
0.1873808943104464
0.6836129688426064
-0.5433004947265063
-0.4498736285975746
-0.6041846004617428
0.3223955383807605
-0.0504226200250126
-0.7269660547693249
-0.3716097683401896
-0.9032959910111353
0.1388425284835462
0.1633563129531806
-0.0256413318365179
0.1845170836173319
-0.8929053676989392
0.4098975143733201
-0.1984570223152287
-0.5858681597718809
0.6384966365520438
-0.4579250536616335
-0.8456950261821918
-0.1538528651542107
0.3078984110642507
0.4078330381892226
0.2841386862665912
-0.6269107142236394
0.6762684979710535
0.2625053942498655
0.7386722654423383
0.5780628082154152
0.0705404892799252
0.3394564970604345
0.8974590914378526
-0.2338913924712812
0.2461123951918726
0.2815860164431268
0.5474539764939209
-0.2590797679064840
-0.4880067977559622
0.6285071064248099
-0.9654406959403847
0.1848545713715365
0.1784372874358695
0.0437399647658776
-0.4251451239516857
0.6544803119518408
0.5703159090456769
-0.2562165270565703
-0.5948554310901140
0.0747353769501901
-0.7016001996079764
-0.3851217981947471
-0.6821324591220782
-0.6230595700128626
-0.3727462135419320
0.0869042042573638
-0.3044031999922704
0.2205929543323288
-0.9259746420266352
-0.0353327419972718
0.5391648652508979
0.3356211620508801
-0.6919932298444494
-0.3432274078683766
0.7995393618494395
-0.5783272836556197
0.1259243777554949
-0.1020657284292579
0.0711228306563367
0.5838981091345601
0.6177200027852447
0.5219449580822799
0.9632275603626677
0.2186625803476188
0.1519427351221855
0.0359548071486169
-0.2496438680635734
-0.7002763241033725
-0.6645996328679276
0.0748220357270611
0.3989261156245325
-0.5037385908771769
0.0699077836511874
-0.7630322982146807
-0.5065301098918804
-0.3934809520158452
-0.6191225439675035
0.4530863755674303
-0.6278742825208415
-0.4256545399836861
0.3859739732978743
-0.5249916093394894
0.2727439508853270
-0.2467305754700047
-0.8544606059280729
0.3669221079476314
-0.0249945426860668
0.9131942658017297
0.3132233208992257
-0.2595046376996277
-0.8573583750380918
-0.2325021001496774
0.4494644025414321
-0.0941336338728401
-0.7921682954861100
-0.3318722470859511
-0.1806445778374055
0.4792679206234216
0.0134798075373472
0.2798162508851781
-0.8361179669725297
-0.4716226307494615
-0.1519245591984552
-0.4764305963447791
0.8659814544488824
0.0029892690597707
0.7739538361553678
-0.4993277244351045
-0.2012349689967217
0.3334243097971994
-0.3643909227410257
-0.3478366046955969
-0.1618945866485562
0.8485393889924475
0.1695037113717184
0.1329822581516585
0.6079911193028057
-0.7641537866797629
-0.5547645227156942
-0.4513622066875292
-0.6033540899695620
-0.3528063559903563
-0.7838022454562670
0.3238041216699176
0.1216262733468523
0.5157634927358121
-0.3348999722320085
-0.8454330188995601
-0.3099001721804546
-0.2775732379677487
-0.3661568164441620
-0.8254008855293492
0.2069694892043843
-0.3765716325977289
-0.1637450550526653
0.1121365879532627
-0.1933180528977526
-0.9608543453676117
-0.1845674237147264
-0.1890685296055074
-0.8994372010119285
-0.3481388783976129
-0.6923475655582504
0.3993204773617922
-0.6009626678767882
0.0064712165415763
0.1740076166370869
0.5514146850907008
-0.2259026087705468
0.7839841871933804
0.7578738072954109
0.1694904624412355
0.6282444563394161
-0.0470018982149250
0.0371688286626913
0.6356669973331656
-0.1223612830278168
-0.7612973552384557
-0.2874909669897542
0.5940108276432204
-0.7036794232425259
0.2633160645440734
-0.1506869941403655
0.3511440690451093
0.2704476793344688
-0.8836567915848241
-0.8871627216275429
0.1392053628405631
-0.3145457797581372
0.3076119710726217
