0.1013152726217265
0.0175994059973520
-0.0044545013027018
0.4514360232562650
-0.0149378312159988
-0.4476932781291916
-0.0280181120727843
0.0928638063239248
0.1803652431707085
0.6324863375015461
0.0889438555767744
0.3675165874341435
0.3818161932860875
-0.4474645788473747
0.0388196208028795
-0.1786164712360379
0.3992686594838283
0.3346890881488238
-0.1365219239186022
0.0202154665023930
0.2058999550111584
-0.1530511043165580
0.2275218160390451
0.4609948814437083
-0.3803867579510713
-0.4909588381799719
-0.2911133782430340
0.0915350782026406
-0.3104719984844309
0.1770528160487006
-0.2907789323135624
-0.2093425992132819
-0.4991009614482868
0.0440126728790544
0.0646005280412794
-0.0990468470096624
-0.5155912231169830
-0.6119427238843328
-0.0780948719644488
-0.2938675254244753
-0.0537926960033965
-0.0436438943125369
0.1524570771837251
0.0461364090801411
0.3454726200804953
-0.1369068046559872
0.1492702887864749
0.2769264632035436
-0.3568614442055807
0.4823562997167116
0.0772426117780346
-0.0168085931510294
0.2691152628395036
0.1863712217773543
0.0029507947824870
-0.0652099788059755
-0.6674829790540807
-0.1879123079361578
0.1382008597632560
0.1495694284247624
0.3859363571522113
0.2164633852294721
-0.3952020350262633
0.3764284563625832
0.0544936140676122
0.0465980721551390
0.2001822812986450
-0.4699612587241501
0.4719856085785447
-0.0222474270738925
-0.0513500216421627
0.1197248831492444
0.3037269843136337
-0.1880588734611264
0.0386350137845846
-0.4367778080921751
0.1601789053622365
-0.3546276372804472
0.4498989007508195
-0.4775579807854162
0.1530842279431746
-0.2049567844877425
-0.1283949710879455
0.1276723911907125
-0.1917222014691285
-0.5162346100304182
-0.0042148057441409
-0.1611163256969111
0.3203810533766466
-0.0551361676225390
-0.1024349253744089
-0.0259967998187749
0.0910361770328926
0.0099205833623782
0.0533975548469682
-0.7366669014081476
-0.3189331096797735
0.3641860268004620
0.3470998082867391
-0.2343573403968529
-0.2822860450567976
0.2597852859912110
0.1948042856319597
0.2401881370854153
0.0400911059914232
0.5656394533329759
0.0430070107616539
0.1550187783886999
0.1123281763226220
-0.0005985649548984
0.3062145876210149
0.6420530669007650
0.3344536933525113
0.3430928983431409
-0.1058604068622881
-0.3466473879240534
-0.0938252865928073
-0.2538871906730403
0.0470020598582980
0.2120579574696442
-0.0313269495138008
0.4594162455851694
-0.1901499788286308
-0.0991254008109015
0.1700190451235441
0.1778838122268018
0.3230708746606311
0.6252945514383395
-0.1677369417807552
-0.0133808509471514
0.0114143478334680
-0.3970015961883802
0.3024732432055465
-0.0720230010191239
0.0522505404904892
-0.4427475264769262
-0.3109154833564570
-0.0725196156270593
0.1627579230743232
0.4089654667527229
0.0978821598500406
-0.5314782776319183
-0.0059542425170126
0.3417765008148845
0.3828345768212464
0.1762801190596981
0.3753418889427210
-0.0623935435260775
0.2265705930460028
-0.3849167696171526
-0.3930958574209474
-0.0783708887104290
-0.1656898455143273
-0.3673234179515552
0.0460351951819428
0.3910603004441358
-0.1400644645762009
-0.0459182663003951
-0.4394423413156123
-0.0750900795988111
0.4932147094275792
-0.3776660966049888
0.3040610015263340
0.0484111675944920
0.4626898574254736
0.2310726991726371
0.1569435036167703
-0.0820270898872180
-0.0045846347754690
0.2869603916914047
-0.4570867098501352
0.4135074448925236
-0.3475080105203101
0.3906488269364323
0.1952625195830763
-0.0343427968896763
-0.3014338256428685
-0.3482875612645119
-0.0539068188399178
-0.0998414899512151
0.2577223559077245
0.2924951674545738
-0.2536431696879353
-0.0631405919524606
-0.2651163352813689
-0.2389392276261551
0.1062428740186092
0.0575518485395753
0.3685927044483485
-0.4512539285333831
0.0515110614887173
-0.5436742626545116
-0.1953809053297405
0.1757776556918255
0.4622288768569714
0.2719297210684591
0.0490975887842219
-0.1683530368812343
-0.3892112214092608
-0.0464738231647166
-0.1741611399529526
-0.3612128338951934
0.2317928689543698
-0.4943621671313361
-0.0002137021218595
-0.1962553858387587
-0.6531018839332787
-0.1297273920606646
-0.0042534586872053
0.3642103801695156
-0.2592508362157009
0.4779807244803359
0.1506502142987660
-0.2562359092961506
-0.0306209562812017
0.0218787015301575
-0.4052878118447827
-0.0413942277042746
-0.4717682545378495
-0.0633216570902786
0.0525167370750468
-0.2821575162102895
0.3413385376299291
0.1394922105886495
-0.0533602276539014
-0.4772483619910662
-0.3899323062591423
-0.0803238889762267
-0.3378642973776819
-0.2638954159125095
-0.1537858580690097
0.1217708289031501
0.0161908552214159
-0.6714191279015003
-0.4198148875639760
0.3607256024754788
0.1063563987528092
-0.0505852156295808
0.0266381636160919
-0.0755994215639825
-0.1784178185268940
-0.4352178864349011
0.1419780667203169
0.1998092314654286
-0.4931786270310001
0.1520362849921842
-0.0172468782306017
0.3813835559821228
0.1214790399442656
-0.4031476430336532
0.0203953488097065
-0.3589968826768290
0.2337297216288500
0.3079381760007228
0.3390245719520463
0.0509611084149342
-0.4855786479611310
-0.3705895201788723
-0.1487224579418900
0.4827259764747096
-0.0939019337008601
0.0882576969586212
0.2945383605567020
-0.0372022618124889
-0.0480053760523746
-0.4998763986859150
0.3839690700756449
-0.3911686407476804
-0.2358065408842077
0.4429481887935870
-0.0152814331291520
-0.1938005479311274
0.0970807053179826
0.2808881068944465
-0.2337024321356612
-0.1217961479096944
0.0889300548397609
0.4548342472414963
0.3273136930236166
-0.7012753384792259
0.0334361180009757
-0.1017607246217055
-0.0181716841639087
-0.1129825457491166
-0.1091376621953031
-0.0198886406491311
0.3535911369835254
-0.1561862176413303
-0.3740767613549878
0.4302250061283207
0.3449919408780280
0.1662243514889286
0.2414993975594008
-0.0708012720621147
-0.2301833833631030
-0.0421634329590545
0.3011643430070049
0.0393934533673208
0.4333965403938110
0.3607516532497572
-0.5773388689097640
0.0353692172205615
-0.0322541557352369
-0.2766453399153608
0.2620231494467328
-0.4209073057753683
-0.1333500772531530
-0.5208876086711414
-0.0515343845950853
-0.1746005031024777
0.1211886536133205
-0.0714340335180124
-0.0435900003174931
-0.1438623367871657
0.2797171141425337
-0.3396505910698340
-0.3749305119184097
-0.4425450451832001
-0.2277507165030881
-0.1422659579211818
-0.0385714517004540
-0.3429963648412991
-0.4396337640357439
-0.2507154659624680
0.1707375636980643
-0.2066589991807415
0.1841610280050569
0.2087539177196296
-0.0139890908871026
-0.5385676524058677
0.1464103873430509
-0.0748050264815803
0.3199018980472140
-0.2352612248229594
0.6095259261099913
0.0644804833307862
0.1830230302006510
0.3249634789833636
-0.1601593013778158
-0.0384519370524519
-0.3419075443636090
-0.1828529095077076
0.6793719826996109
-0.0885944626369016
0.0277435979025491
0.2431597189984262
0.3913915061908159
-0.0309331873671126
0.1001549190712009
0.1294281695691402
0.0840770849257249
-0.1339188453906543
0.4990505103621423
-0.6290007448950652
0.0820917002534689
0.0880559180282815
-0.3085572878741593
0.0080997269262294
-0.2832245924321147
-0.3369547619354942
-0.1147328300962958
-0.3923221205687429
0.4075655221095398
0.0768217661674636
0.1689709929248025
-0.0212079875137251
0.3625126829401443
-0.1017670693880621
-0.4728068047258906
-0.3293211537653800
-0.3962106133498223
0.0339704122560649
0.1015853081208523
0.2410660975486200
-0.0130838293895158
-0.2310055299798496
0.3015391724662684
0.0034166256028879
-0.3042995331624694
0.6565947131639107
-0.0436472273634330
0.2377067217796150
0.0660540325200037
0.4478925652052936
-0.2272535756244854
-0.0571909981141860
0.1362535607521228
-0.1641333219522258
0.6040040385704950
-0.1317218488809324
0.0454869558814326
0.3771196581270900
0.0796312715985102
-0.5384060958140158
0.2765430403178051
-0.0205446233903270
0.3430934832255990
-0.0232987544862769
-0.4197765482483520
0.2952996806850475
0.0764829886472067
0.1166262866670537
-0.6052431345252751
-0.0990864513412990
-0.2506971542827751
0.1653611338503440
0.0555695424447000
0.3598051154593405
-0.0912518307772615
0.2413112683461614
-0.1488793193996829
0.2549793054041909
-0.0083652801460983
-0.1963151841979534
-0.1742992406087228
-0.5033156973022204
-0.3184345146586928
-0.1858330954969709
-0.5870021914371227
0.2084223574225274
-0.4109224758228552
-0.1793881204867948
0.2337586658759588
0.0179678838976516
-0.4475041186482085
-0.1685211887772829
-0.2044983989448617
-0.1746193165229563
0.2600433358423066
0.3505855492094755
0.4077520186093187
-0.2936517694642918
-0.2653342663470160
0.1767008435102730
0.2803664640201336
-0.5349055120862577
0.2860086273327402
0.1866890048640988
-0.0006937652289929
-0.0739802483934222
0.1376315095388110
-0.2084092169356650
-0.3075719066925136
0.5045202554713204
-0.2037339808434142
-0.2225421991741100
0.0133864227621410
-0.1071332157997251
-0.5112812761881336
-0.0070280140277932
-0.3223105340077926
0.3472222570217280
0.0702051166741227
0.1616573569892556
-0.4360449198175487
0.4361288437542569
-0.1007195205315093
0.2130414511948300
-0.5054447661748349
-0.3801343556217553
0.1501950127602956
0.1308563072988084
0.2476158674051404
-0.1886935939768333
0.0492602500965549
-0.3595264123332984
0.4148888931080711
0.3226034191283398
-0.0092883107871243
0.0112295454083574
-0.2636737969144589
0.2482237551893008
-0.0579067821882216
-0.2116306270161681
0.0899292372055746
0.4151429096671652
-0.6990586733132462
0.2594706450073830
-0.2399245033089484
0.1628044479246877
-0.4642184593961196
-0.1011200199809154
-0.3597394170764377
0.4091044482946981
0.1123770774902161
0.1115328106274309
-0.1013126845294289
-0.0961841725491604
0.2708066187185206
-0.2956721724930021
0.4758637761262763
-0.2137957985019280
-0.3112319369377258
0.1171885400618422
0.1551067345695445
-0.2163958423087994
0.0289042783854047
-0.6087190598752944
0.3562351911344164
0.2261006361511163
-0.1585529418917541
0.0172892009048582
0.1305050712287867
0.4760749753231708
-0.0891609683884599
0.0310183287724260
0.0817063593372881
0.1167684171531195
0.2361553302442272
0.3749525744013035
-0.2154733320380598
-0.0152515112174182
0.6211885926204878
0.4477131650087664
-0.3080930839402095
0.2156700258100245
0.2302820922013601
-0.3379715165184858
-0.0234735116996329
0.1840553687289475
0.3299988700899443
0.3812266789255138
-0.0412146648695405
0.3099257760578576
-0.5553907785473906
-0.1514882420396353
0.2318304147369830
-0.2473447224111517
-0.1744221034308535
-0.2565878290551921
0.0132915796945377
0.3318300912452166
-0.1110551726104562
-0.0199994896520898
-0.1812180477054090
0.3114920220900836
-0.2734007896606539
-0.4009502236464350
0.3429099878987485
0.5456692361212871
0.1076130581479702
0.2270384707425988
0.2741949066033627
-0.3702207619463251
-0.1504716020286800
0.2482147603118603
-0.3899063096909952
0.4390168962979309
0.3582646830214070
-0.0319577019716748
-0.2434081101898710
-0.3270921603890031
-0.2502734420213850
0.1581411664180664
-0.1818889465413736
0.2455031692546894
-0.2531329121165342
-0.0578916237861039
0.3051395766045695
0.5786955156224103
0.5095801033979059
-0.0411885950489834
0.0669790181162453
0.2402462016195810
-0.2073477528509602
-0.1350281145483972
0.3007569834864516
0.3570683080498897
0.3604975699216815
-0.3698575230578187
0.0517157274492772
-0.1935364725187759
0.4788094823909895
-0.2063979399247924
-0.3654656273167371
-0.0922716381908266
0.6099714221472461
-0.2018903384892417
0.5661844163201930
-0.0969137376778114
-0.0420839600071432
0.0335619527407554
0.1411399508365017
0.0159504459281413
0.0095291606136869
-0.2749965809830611
0.0649698430676132
-0.3926967249445139
-0.5019091576279986
0.3568077874174272
-0.1023554278302117
-0.2421298327961292
-0.4387889625497715
-0.0568403467527518
-0.3285756780133320
0.1767058657681154
0.0565102163534400
-0.4225478273869878
0.1839866816749438
0.0335741406808070
-0.0145234861427390
0.2180152446313187
-0.7262536015962139
-0.1814830205968670
0.1425452269138178
-0.0937433511724412
-0.2009390341684044
-0.1684515394332531
-0.2997730088905002
0.0462102131736687
0.0303309049327391
-0.4484411468770446
0.2256401397475785
-0.3823436583063591
-0.3552528217858499
-0.2059078946079972
-0.0333060995961847
0.1611305181789806
0.0654843142344136
-0.4918357475921835
0.1114533647206638
0.3228691725551160
0.4769742523244336
-0.1298595209648112
0.0634692422055022
0.4063107731686221
-0.0737500485510237
0.1335872130513332
-0.3009147002869719
-0.0515551360360031
-0.2253733352433343
-0.6298349567804498
-0.1766425987343090
-0.0972930502462595
0.4732445900569218
0.0477159144843286
-0.0031953982702811
0.3511153443713480
0.3480500898706723
0.5241210641494923
-0.1814701479287296
0.2790871334950690
0.2399203415398166
-0.0226393714505419
0.3822175385275173
0.1182094162722919
0.1443027292243619
-0.3620548367604105
0.4092724986217682
0.2661927917910796
-0.2786685740358642
-0.5022073908975179
-0.1915701637793203
0.1460938024820903
-0.3438798769875701
-0.3621332336095756
0.1215236947800010
-0.1671769256362471
-0.2539414631279575
0.1308824160600973
-0.1772366189513301
0.3494275179645882
0.1567042756468711
-0.1689251898159049
-0.0776743921508363
-0.2518121569373878
-0.7359762890222727
-0.1057018495700495
-0.1513447642436379
0.3609327629017723
-0.1338273563988608
-0.0056151516359589
-0.7925217211197069
0.0057179122607721
0.3236676454392418
0.2176776332540580
-0.1156621368710090
0.3386314618880972
-0.0120663091220011
-0.1865676980471166
0.0399103668445013
-0.1040465011244672
-0.2104348536937228
0.0053751489369066
0.0898906987237792
-0.1427671650944514
-0.6271055110644450
0.0523359015265005
-0.5659405726016858
-0.3592799458028584
-0.0452411211741695
-0.0978023595913737
0.0691235497690494
-0.1698818081978334
0.0961790473524202
0.2677044180797742
0.3269963570392833
0.4193794136350077
0.1048012351958946
0.0571846893161931
0.0157049542342884
0.4151157029716050
-0.1689110449063334
0.2259023136964595
0.0717718553271901
-0.4532079285452479
0.4901635257459989
0.0012270942979542
0.4329987949183815
0.0200340735126504
0.0856312211830689
0.4191127819100298
-0.2729235511503584
-0.4982216076157782
0.3919839341727956
0.0446612510188344
-0.0385309185398814
-0.1755363403474208
-0.3402576088987311
0.0518797027415773
-0.2470104594671463
0.3243653339434983
0.0073464674564014
0.3070134889126614
0.2262427232559007
0.0483949637276867
0.6622387318670517
-0.0506559408044326
0.0145766831866483
0.2154672407642940
-0.4114507935503656
0.1699333351008518
0.3018716886296088
0.0002345409121152
0.0365226874349363
0.3949910851327987
0.5645564863537823
-0.0886721937496886
-0.3959645410001032
0.2783656666351254
0.2851994947660643
0.1167903286331771
0.1732025298930372
-0.2562841571479793
0.1576621047822940
0.1571399155595737
0.0719161137263393
0.4813883697466479
-0.3384750167896277
-0.0801631857635006
-0.5425380139190201
0.0413479407108603
0.4282639105264751
-0.2991737999507795
-0.1166820107433708
0.0998236663044506
0.0547292731709131
-0.0019996442968290
0.0473254769726272
0.0256650564272752
-0.2859809233323570
0.3224733289785237
0.2337306871363270
-0.0602150197424636
0.4037958391151429
-0.3397522751279029
-0.6856315240225846
0.0387171562698471
-0.2127882576546538
0.6272497042071814
-0.1419580063513600
0.0953974764847309
0.3876215860460501
0.2296209455455491
-0.1885227962182148
-0.1347038615993127
0.2777702981945351
-0.2873093354148988
-0.2399858243681373
-0.2409725619034617
0.1847553819733825
0.2695122404570248
-0.4581994511900489
0.1019360394503697
0.0451521844498779
-0.2840972335216221
-0.1822022596973868
0.2867607199388002
0.2481066427072855
0.1865253598192510
-0.6139782798584151
-0.0373313798706619
