-0.1395664114659569
0.3152005944035517
0.2421451175272663
-0.3793438823722082
0.1812825105689771
-0.3609294620856613
0.2211090005527551
-0.0359680129784937
-0.0685556822057386
-0.3701937358573333
-0.0093507704162028
0.2808973323073374
-0.3838937149812320
-0.3117836324799687
-0.1755064811526415
-0.2200526536806020
-0.2151408891968096
0.2589641362778868
0.5902817899685402
-0.4414738759470452
0.1912978778385523
0.0540455339141771
0.3196018934774923
-0.1265162908119735
0.0256221836709136
-0.0589806054700614
-0.2698934874927914
0.1716078705109506
0.2499376497728224
-0.2633475881575332
-0.2051995875332274
-0.2522122203167224
0.0197695826616505
0.0196419023460000
-0.0519729524249024
-0.0363643373783300
-0.5180601443160257
0.1874000952365084
-0.0340994078799605
-0.6605857738913236
-0.1214804833137796
-0.0431532126119552
0.4621827249162958
0.2326019491721765
-0.2674963112129038
-0.0118961676224998
-0.3050145677997880
0.0284778869701285
0.3628407041034142
0.1288827014967160
0.2212856926094683
0.3005128129668383
0.2789981625145485
0.2895783368834454
0.3301757879410383
0.0921505044253943
0.3081206801140706
-0.4195521390317206
-0.1177536714850983
-0.4359640190104456
0.4737568419579501
-0.1918228305357446
-0.2459910661292265
-0.2634697619238591
-0.0755370396543921
-0.2778544650983849
0.1046134106109217
0.1353372827046875
0.0425790629787081
-0.1412641564981187
0.4824283916009808
0.3312700592563254
0.3205132635419785
0.2946594250185093
-0.0188677709400693
-0.4527033745363480
0.2268874336204696
0.1363926179350965
0.1311189650561081
-0.1584093197626812
-0.1587579689832249
0.0423732007303699
-0.1766095033096532
0.3035072997474026
0.0285421382317684
-0.7249978763697964
-0.2414675986882314
-0.0393283727999111
-0.2181941828299468
-0.0058044302199416
-0.1641489228776400
-0.0530165745487241
0.1767898606845501
0.0937903146968525
0.1414948771001241
-0.0059835477396459
-0.5080786392484682
0.1343886151049042
0.0760877611777850
-0.4314349606198559
0.0071632760224309
-0.3767169361206532
-0.3469066427837836
0.0837108118567895
0.2430492885399336
-0.1336216215967158
-0.0047663957971584
-0.2423305792645564
0.3511869189886034
-0.2034273190349750
0.4272429660937883
0.2362834001206472
0.2054026900664683
0.0471942789063445
0.0516975317810184
0.0648064191020382
-0.3885143355739432
0.3377401300975308
-0.1705557529112596
-0.2202314720301692
0.1334245016162953
-0.2555494046118520
-0.0382916438216469
0.2235821233122575
-0.1633644790165108
0.6669754215634055
-0.2079048883524493
-0.1530237018943239
0.3286128785112900
-0.2360912483186332
-0.2523012725730656
0.3866107901140051
-0.0366899461691160
0.1643455187037548
0.3052981726448570
0.1065193287196658
-0.5132100607953849
0.2203275662308009
-0.3273935319307924
-0.0669753421419969
-0.1573545367073391
0.4936158954064760
-0.5430711682623867
0.1301794936554315
-0.1180590195500519
0.2511481606554553
-0.2776644310937931
-0.2670582069469575
-0.3010649682740717
-0.0450624125964669
-0.1590249266232109
-0.2478701567580801
0.0243308374686079
0.1195310947901143
-0.0945519080178639
0.0138685229195991
-0.2672535891959131
-0.0843857089401281
-0.2465085052065635
-0.0139853471642065
-0.6119066665488665
0.0140308974764129
-0.0028288423753223
-0.3963789461774319
-0.1281388678279184
0.4392974087426145
-0.2400661261891343
-0.2292939274900178
0.2636425508056710
-0.1056678852729783
-0.3160168248458389
-0.2766102502266130
0.0492935237907084
0.1397478945011363
-0.3330259165148568
-0.1200545196650838
-0.1622830064310532
0.5575427435296201
-0.3538482799618308
0.3450943168788668
-0.0795985586643169
0.0885666793351160
0.1869817969797818
-0.4249460213881038
0.0500377534718311
0.1419978585408359
0.5786746755765273
0.4751087212009203
0.0337364594208377
0.0626724858704404
0.0977938607778682
0.2420603139397150
-0.1537984513191041
-0.1135499081818400
-0.1946726751071225
-0.2313677183785108
0.0802841371672631
-0.1669886266442052
-0.3514693565630656
0.0375144497967351
-0.1072096790251476
-0.1898764668985689
0.2048774213066850
-0.1374290053098097
-0.3054176420984650
-0.7187884031457228
-0.1717049987663054
-0.1245495496552335
-0.2106109494894900
0.1817522009682887
0.4524001965992485
0.2935713171283706
0.2294382355771138
-0.2599156069631939
0.2945188949634197
0.3933315762189594
-0.1016038325917773
0.3374576581040680
0.0098642240990427
-0.0891042693683320
0.0611676615039099
0.4397062379263001
-0.1210101456300372
0.0594677346937445
0.2367275386885523
0.3114887581964085
-0.5426274643498032
-0.2870332110336162
0.1894717305169217
-0.4296466231402421
-0.0382082477297284
0.3572344425228420
0.0162489847139416
-0.1278956304831089
-0.2817716804420576
0.0910136507914751
0.1251360583663814
-0.0238956616725355
-0.1021157144695698
0.0053827919708866
-0.0937375598124776
-0.5189264558647733
0.3837642600341194
0.1762098227139281
0.4665810776670998
-0.0693186836867940
0.2959402520593944
0.1139861551863653
-0.2137763120959927
0.2785889814628369
0.2768285827612914
-0.1006203063247523
-0.0638043618560058
0.0377300566223086
-0.3030551031178387
-0.3501059709085323
-0.0333295453162471
-0.0627290437132553
-0.4392244740311372
-0.1838217557044527
0.5933738393102533
0.0592699502894749
0.1167005179939839
0.0683154764867149
0.3343835673617704
0.2502611962233249
-0.1926401706937699
0.4599784851034621
-0.1201835984830039
-0.0732957444615586
0.2676099888326982
-0.1230770579779395
0.0980331990960960
0.0164287066689870
0.0059797341836212
0.3348500368107531
0.0081674418550229
0.2263526688538938
-0.0337369488671946
0.6857470318050646
-0.5051950882051642
0.2924577388126323
-0.0800203211682728
0.0506828839863956
-0.1025673796287993
-0.0657215447993450
-0.1883505270255179
-0.2489459755992717
0.3297169999198681
-0.0054848225664442
0.3614493997325503
-0.0902163233397091
-0.5381295860011701
0.0295548728950465
-0.0459337133943037
0.1184384130574354
-0.3417974217588743
0.0122305303868608
0.3231243228374319
0.2492191941501004
-0.1251204753927938
0.3626340229811676
-0.1887466544016082
-0.3614380473362873
0.3706141071694120
-0.2168889612987913
-0.3530554057343203
-0.2791106430596059
0.5890748188984176
-0.1333751775919446
0.1974624926924603
-0.2723534451092239
-0.1042500007535051
0.1995407348491697
0.4128592266275868
-0.4530813856554793
-0.0475943925127026
0.0798083077951638
-0.0323853252811418
0.0605860956849646
-0.2821371918947885
-0.0515612506897318
0.1808464290458085
0.0005667224670789
-0.3112790466845428
0.3404307761691772
-0.1249639288182402
0.0964018781414046
-0.0132513654126305
-0.3262777218584522
-0.0605906752786167
0.4878935176574759
0.3150645871157173
-0.0742641650366008
-0.2222288591093320
-0.4765360353538825
0.5281432784576122
0.0507450954610348
-0.3460856121538904
0.2109679836127185
-0.2864664970169867
0.2911618860598706
0.0237850071911982
0.3084768864242919
0.0496381108813345
-0.0248395978866697
-0.3531798540573268
-0.1363735630586408
-0.3715881961540766
-0.0845716537355625
0.2397487059348736
0.1648838849742409
0.3413798914602957
-0.0762076560156635
0.3508895441427501
0.1850944338685449
-0.3653763182935954
-0.5201068738703325
-0.1257148594773367
0.1424271407044617
-0.0917676543541996
-0.2554507708580182
0.1642381920468338
0.3079793674057367
-0.3965627643364155
0.2528826487461250
0.1680583516846724
-0.2510581348120606
-0.0177373163248992
0.0406283490891318
0.2027882498540590
-0.4026943272614178
-0.3118406440413864
0.4971194267902678
-0.2352532557124876
-0.1233635864035054
-0.2206747600845094
-0.1364959426897434
0.3463543885083606
0.1814458434407723
0.0182403004442606
0.0602555769863885
-0.1283394459151868
-0.4365986935410353
-0.1802302194955201
-0.4195386150769292
-0.4229693642744657
-0.0316288202511282
-0.3489430959363028
0.0350700639266989
0.0475939436672361
-0.3498681805433604
0.0878224195276345
-0.1145251577450897
0.3183817830032544
-0.1954744028710759
0.2246596872469782
-0.0999455972847178
0.0733709449528961
-0.0059496281219842
-0.2525678294404918
-0.1863567375832233
0.4780975911182360
-0.1510087107327347
-0.4244702973205980
0.4935979183996387
-0.2893607317027485
-0.4395592108417864
-0.0296482771950595
0.1900235238606933
0.1369457331102128
-0.1297138265535391
0.1616332074072041
-0.3490396459809073
-0.1211179015369397
0.0646279818367481
-0.2114916931089953
0.5495452631094432
-0.1313002232930158
-0.3460079841941767
-0.2382372727516121
-0.3319013723615067
0.0732638437608897
0.4652938184975793
-0.1287306847005578
-0.1636103350130627
0.2637966141746939
0.1431706356335565
-0.2641472620608072
-0.0876126718177126
0.1489353662619564
0.2815663322789990
0.1856811177145725
0.5142018674682265
-0.3594087630312346
-0.1866121637152136
-0.3816362928465394
0.0456127971531738
0.1388152531467827
0.1174454074836138
0.2806089710136181
0.2930132365452146
-0.2291568437943613
0.1528365048781362
-0.5972368613587267
-0.1124734936663886
-0.0462477076871698
0.2079912074782382
0.4191266722036874
0.1349828945774829
-0.3581597699806694
0.3468323636328720
0.3807125190326310
0.1399437623720194
0.1194656192964061
-0.3783231351864905
0.1085032909283438
-0.1735032357887852
-0.2480930974559120
0.3321364955907177
0.1149323913489282
0.0930806407141958
-0.2621783941973509
0.2742584410372672
-0.1670250277149143
0.0852370677879340
0.0791296114446462
0.3465416919387089
0.4842259174343578
-0.2587908811883368
-0.2699818337183365
-0.0803822653507685
0.4430792041615378
0.3409515247538485
-0.0165492576583017
-0.0298241533806926
-0.0538583454982306
-0.1284559813049114
-0.0938921420046390
0.3146048677904938
0.3788730735868179
0.1797143811225861
-0.4978639983125580
-0.1034662524116666
-0.0701025302647153
0.1284642349477528
0.4653853417563459
0.3894394506454208
-0.0880770406331990
0.2024077565376568
-0.0844959660099917
0.1471024388398448
-0.3803932543927034
-0.6880360672154393
-0.2742982859586843
0.2087096308961953
0.1758350921369501
0.0842850428736236
-0.0904876533226378
-0.0339596233195665
0.0679662465276293
0.0163877065602389
-0.3786305012783769
0.1967667226423533
0.0271296159355721
0.0714670148714353
0.2428666172153000
0.0125880317304901
-0.3872560094136703
-0.1006031725646491
0.0209826127538663
0.0572904786207224
-0.1983108593302247
0.3432988964290359
0.2588256367939607
0.5730250460524496
-0.4633056060093376
0.0634136093112761
0.0480952165380436
-0.4035781935346469
-0.1135667152318039
-0.0010939292727328
-0.2901606379900826
-0.4070006562179940
-0.3364207231126476
0.1048751948015476
-0.1418088748204126
0.2621117341670420
0.2598857415043440
0.2859192589297527
0.4065605773728310
-0.2109459988501056
0.1902100289749044
0.0274072783329027
-0.0657016483547646
-0.3475981275486767
-0.0531799073515435
-0.6700443011207027
0.1010670888892942
-0.1618253306957727
0.1815687384185930
0.4312793679474710
0.2290302094788330
-0.1708941452586001
-0.2182823036867179
0.0382419815100076
0.2354459974400647
-0.1127432298327969
-0.0548005790104415
0.1695975144223001
0.2119110950332506
-0.1687263027787514
-0.0543789200245468
0.7228338072569112
-0.1999574912406928
0.4239401593384217
0.1701210583427099
-0.0368608281311567
-0.1352125506025248
0.1815942806597384
-0.1716926358908464
0.0872393030170454
-0.0742607417160241
-0.2550894380359238
0.1192004059801273
-0.0608971271563794
-0.1920721775489537
0.2035337203259595
-0.8352509030446027
-0.0772914062284193
0.0493399734313213
0.2623415572556665
0.0923057281732909
0.1126714890452866
