-0.0938300895746025
0.1087251420241738
-0.0474251212310032
0.5773416831586863
-0.0711283220597934
0.5577822543848491
-0.0170149523909381
0.1490173413524111
0.2787598051403061
0.0716678232091973
-0.1736631718613043
0.2034218127940960
0.2225017630795251
0.2662082758578128
-0.1742691041929531
0.0575970993327213
-0.3332685393549268
-0.1444740705579632
0.2334907291298473
0.3322029794753408
0.2986686400956490
-0.0231445495527351
-0.5257763147639720
-0.0650299883616284
0.2128136350010516
-0.1904007613384278
0.1641494118372415
-0.1156755759145442
-0.4473022420579834
-0.0866581855057863
0.0869696981453116
0.4423809219863820
-0.2873144674097182
0.0315469271013303
-0.4686928628789910
0.0458601300735791
-0.3290726354100735
-0.2238777889290099
0.2498710568199576
0.0912961089554324
0.2513300571750778
-0.0043231361670836
-0.3725792711142069
0.0169909276555017
-0.2448353489586871
-0.2186407891520099
-0.2322272256657732
-0.0488788428126169
0.2115780221527854
-0.0912112445790949
-0.0895006675450518
-0.0587334860770501
-0.4072001443181541
-0.1240527145363797
0.1832463263073738
0.3627059868927305
-0.6071104596434040
0.2330153537323842
0.1205935610096810
-0.2181166716240230
0.3540223442432719
0.1746264871080563
0.0977415087163379
-0.0513308429037788
0.0956762626751482
-0.3182153319687928
-0.3186272062960558
-0.4697296671961504
-0.0925903376061347
0.0471237159954855
0.0762876017668839
0.3414976952164091
0.4707907004064252
0.1056029945404531
-0.1826782552684486
0.2440771168783478
-0.0775228412802113
0.0809935510876411
0.0802029801401221
-0.3107739656747603
-0.0325663742500003
0.5165494587053043
0.1621238514464273
0.0264254643108239
-0.2048413889178762
-0.1667503327715072
-0.2266703548188597
0.2252272586544959
-0.2068203805894796
-0.5615426723823572
-0.0898905592223399
0.0255978337007995
-0.3437641015979369
-0.0625998111834832
-0.0439107991320732
-0.2422981728177199
0.4896640614504434
-0.3061808240590395
0.4540797313840495
-0.1685097180296988
0.2314919315007092
0.3471555705450057
0.1107628675917032
-0.2016215079548872
0.1157960020651899
-0.0670406891241330
0.3466349418728760
-0.1984493432065487
0.2627103305340941
0.2669008834164053
-0.0658523416423592
0.0188391702716528
0.4315888547585237
-0.3164272897706462
0.0788527372565278
0.4186766296621361
0.2389618620818225
0.2953150335103383
-0.2806397042674448
-0.0069245116604466
-0.1995267341759755
-0.2245985720959871
-0.3126637428260977
0.0673979200621259
0.0779574144122453
-0.4749825729307447
-0.2281626617543870
0.2534379599252186
0.3479173018382261
0.5000763055789377
-0.0905589751272982
-0.0487769630086239
-0.0707269936963329
-0.2375985399319244
-0.1277122195551676
0.0956862308723291
-0.0560391936853198
0.0138563553060983
0.2116252969744465
-0.3201134210311630
0.1090182153221099
-0.0967390182929898
-0.0178213929087963
0.2135121187830528
-0.1097427000901391
-0.0015349466569729
-0.2725883294035716
0.3821282873985785
-0.1775438651225448
0.7135904884718307
-0.2945318502007209
-0.1842720583030021
-0.2120119483473933
-0.5698321309855457
-0.1270314570212814
0.4809541054931638
-0.0975897361221405
-0.0160242902579369
-0.1004006164468410
0.0284834363816760
0.3809199923375564
0.1228173592282270
0.1506931060516631
-0.2020712677895004
-0.1333632376758417
0.2207461374912924
0.1635229847170914
0.2647216745218378
0.0729779293436865
0.1017936127084259
0.0877365586056595
0.4451843940088003
-0.1340401157714421
-0.0033112656939698
0.5396487645779384
0.4397742063533322
-0.0326708226412821
-0.3228861309411524
0.0179351078335594
0.1569550319226780
0.0989884059562032
0.1933486891287738
-0.5738876842163960
0.1051036393295406
-0.2328826675145269
-0.0113358259353906
0.1558821974789414
-0.1069710287795377
-0.5881631097317394
0.0558923008994507
-0.3180164296944724
-0.2205454689123377
-0.0336259546947416
-0.0282438006372965
0.1468191713279575
0.5465552633547335
-0.4360149833467591
-0.2057852454820589
-0.1454456628286449
-0.2498673447114577
0.0864653009533155
0.0451217845754227
0.2677812760979772
-0.0262530501974851
0.3553255966763708
0.0096052958487508
0.1677644983277610
0.1857105940992907
0.3297477068742679
0.0748924492416081
-0.3430981389742827
-0.3858652787954518
-0.0187988484555828
0.3374618899021332
-0.3110299098432404
-0.2054595942058730
0.1299051344574354
-0.0404805330533612
-0.3003097121641674
-0.1859377986894581
0.0952339389286941
0.3644518812991782
-0.1750644349299461
0.3976330610247192
0.0792299812234717
0.1430533532618189
-0.0184054151804800
-0.4825187520278748
-0.0323530815704542
0.5098237616178278
0.0920377824044550
0.1203863994534218
0.0174983352225246
0.1730778537991474
-0.2826871456358710
0.0508198184840700
-0.2880947468762418
-0.0031009316836638
0.5161586463788229
0.0160326459794104
0.4762222459076016
-0.3153038069767534
-0.0482455680807585
0.2890514805543717
0.0090167959291962
0.0213171774858891
-0.2428762001228747
0.1969574671188647
-0.0434889295104957
-0.4853743666420040
0.3099568703103549
-0.0154380322820904
-0.3180970861751161
-0.2331296089923056
-0.0165633195750394
