0.2335929454034629
0.3993907445840455
0.4415933127957428
-0.6957017473741089
-0.3269798063994616
-0.0030949441141717
-0.9886160258901515
0.0151868572061944
-0.0230765273718482
0.1478702401659928
-0.3577262820868406
-0.1575976952908680
-0.1184084949904726
-0.0521822332655633
0.9112910162998660
-0.2649446626699243
-0.2374241734905013
0.5802590121499035
-0.7196081369469051
-0.1374688896576061
-0.8547086626938228
0.0975088885606124
0.4163652349626252
-0.2848811346593886
-0.0738095440814281
-0.0489424370690498
-0.0479034648897634
0.0000389890559150
0.9833126435977241
-0.1685412095779726
0.4280667040627832
0.0469177883514043
-0.5263434034266871
0.4328044262950679
-0.5917774651485534
-0.6500530521799793
-0.6041563622162150
0.2252362119019649
0.0611828479660846
0.3974310346562970
-0.0814238489382858
0.0214385918037881
0.7106175931179153
-0.1931045268556861
-0.6713000980669438
-0.8220515895020718
0.2709488832038222
-0.1231433512292627
0.1790194674896922
-0.4512268079308368
0.3540229495368487
0.0034393108020290
0.6090664704919071
-0.5845077696434368
0.4025476668562658
0.1175223822736940
-0.3700800968878229
-0.8893648073673192
0.2356892313243341
-0.0520580176961347
-0.0606756193367591
-0.3528663785890609
-0.0364626322105131
0.5180627683314820
-0.7759415136468369
-0.6291253491849520
-0.3282215318969605
0.4057646731180865
0.1919431336424143
-0.5431250173846053
-0.5908875846949242
0.1153803009318511
-0.2463357339867256
-0.6154406386933956
0.4450738981519370
0.1081216166744520
0.3747812033556426
-0.3327759662261868
-0.5886376360328115
-0.6249917242387538
0.2525653058690768
-0.3357421008352651
-0.3619053510161281
-0.4624614892838267
0.6918395014981875
-0.2793023413789733
0.0046958787035666
-0.8086362402817912
-0.2087833852591802
-0.4737985645462328
-0.2996826190071616
-0.5991376542143660
0.0243711192540941
-0.6558907023328583
0.3470415455059060
0.0498491514695188
-0.1249611111720441
0.8251668577970713
0.4836816897853437
-0.2589429716213966
0.5191231804220882
-0.6228761260734824
0.4603894772731891
0.3295783665775859
0.1481758570628749
0.3897657663304864
-0.5921863545940358
-0.2254436127409173
0.3210856073159759
0.5860692613320458
0.3340534872168504
0.6107467467192679
0.5831629402007311
0.1027310687099313
-0.4059113101999575
-0.1358413392800365
0.5514700920617847
-0.3696954398539469
0.1727445729895392
-0.7147814087942072
0.3969835162672169
-0.6844085667724125
-0.2564140613753698
0.5141093177363327
-0.2096006681437810
-0.3569254742407034
-0.0822034277356143
-0.1155054318984497
-0.1862900086603987
-0.9043236866199104
-0.8264769432903478
0.3065584350586551
-0.0216866049231550
0.1175044306619696
0.4568152668700390
0.5390169051817713
-0.0446157988514615
0.1112387886206086
0.7561236920970440
0.3512450719609680
-0.4070563502048334
-0.7226559841554897
-0.3935030532712268
0.2657823974510721
-0.2942592744393339
0.2217991468194992
-0.7434202823775662
0.3364075369362799
0.0183308267914215
-0.5335029260476558
0.2119108266182990
-0.5214992690206267
-0.4516302596640762
-0.1113493581792059
-0.6832010999418394
0.5329802549646669
0.0300536451920312
-0.7447583565175708
-0.2894337050838012
-0.2767525013205488
0.4157013638519099
-0.6496494866488559
0.3000341544554466
-0.5612589057466654
0.0107641752494596
-0.0136383983460729
-0.4318834644602051
-0.4993340875858471
-0.7259297910552297
-0.1923072402425995
-0.8784536329354828
-0.3096525276195830
-0.3008597738527712
-0.1996237942451045
-0.0454781724534207
-0.5855667111736050
0.1402348289274142
-0.7547219909197329
0.1401821995831685
0.2195210396823187
0.4112824508877421
0.6894988783234957
-0.0549499816370876
0.4124738536843969
0.4269471418422190
0.2179207995535480
-0.2815070584140595
0.1497405719043675
-0.6218218315855435
-0.6813073257160520
-0.1381469697561955
-0.6271970177354107
0.7622631874360709
-0.0558974293802048
0.0580484811125499
-0.7520019785232058
-0.1663495785582855
0.0768545026499654
0.6320904875657913
0.0370923571902833
-0.1893704055103749
-0.6958310450660061
0.3102683885615258
0.6057212269113930
-0.1295890758033897
0.5546567539158286
-0.6643516198964980
-0.4420762126003223
-0.2317560639014319
0.0430181307627972
