0.5491241432007410
-0.4097770018356610
0.5107813645443319
0.0850469226079124
-0.3847822369633053
-0.3357268766073585
0.0405585644564180
0.1897533663123913
0.1542809339317641
0.1536896642291527
0.6664699825896497
0.6352794002409939
-0.2026594918637901
0.1665458399399219
0.0207401217809594
-0.1637344499592759
-0.0240504005931222
-0.0799221644912878
-0.2589336980554625
-0.9225884823221984
0.2181255037750690
-0.0247813749164595
-0.5289622528864782
-0.5295382420762114
-0.5295823625970941
-0.0535904085652275
-0.3890440845206321
-0.0670026737730843
-0.4844967769740424
-0.4718643306009684
-0.2319280277525577
0.2391471914590220
-0.0242978151146571
-0.5580231994037874
-0.3458968957307232
-0.4589139499363898
0.0311238153754593
0.3372309549840279
0.7502279317897689
0.0658526991687301
-0.1706702687109153
-0.2799959096551206
-0.1777985845787762
-0.2155903056449477
0.5873258018534671
0.4698703824503977
-0.5255831803769458
0.1841301161475962
0.2145626492172590
-0.5323748857448605
0.6259852834344888
0.1848758054754738
0.2393609066371639
0.3709741992111946
-0.2025057879712998
0.2337011943336086
0.7589588287041308
-0.0868808383153663
-0.2088066402775505
-0.2812546262286558
-0.0036347909115182
-0.5166395190121709
-0.1637047163540377
-0.4575709055578129
0.1144180540247822
-0.3957116366796316
-0.3806845398310853
-0.0457164886188323
-0.1285037709746581
-0.6763325665260870
-0.5777134483277629
-0.2550540209373862
-0.2412771868690790
0.4468889980768204
0.5173394227282222
-0.0727086986711584
0.2652235422207699
-0.1251581183273807
0.2138437436872292
-0.4088740123370799
0.5438167836706559
-0.3871518322017852
-0.2209120664927956
-0.5263107107372451
0.0382764313832373
0.7742940469790126
0.5470484817752930
-0.2876872734975318
-0.0357013454557655
-0.1201328169255747
-0.0356532621018721
0.4328376140132260
-0.3485821058386216
-0.2575612394083496
0.0198145552574496
0.1081102507636677
0.6788286143420952
0.3897635087704363
0.2850557304346585
0.1088197754035667
0.7093544582481908
-0.1517063787570301
0.4447416571454562
0.3354437185401808
-0.2653022508890085
-0.0837219749632089
0.0737144523336264
-0.7015879296928255
0.3745856214003273
-0.2228986270508063
0.5499212395070566
0.0540336189123700
-0.2027431340051476
-0.7161000986248611
0.0175031097823193
-0.0419833827351418
-0.6162537236822077
-0.2045370119468155
0.1497426655198149
0.1922907607300315
-0.0265849421031324
-0.1245243383937597
0.2064285998556610
-0.9313789416791067
0.1733904074130246
-0.0816545168029264
-0.2264945016311068
-0.5066481706794184
-0.0176832630093053
0.0622307199225794
-0.4079901895473643
0.7183361305779541
-0.0732101108094718
0.2366351570079710
0.7093593124185944
-0.1806100206500338
0.1568148204088473
-0.3253884132592499
0.4121164725346926
-0.3284580558853092
-0.0521459733389217
-0.3192946349324360
-0.5673248272557293
-0.4267365840013534
0.1541130117361637
0.5349459817716392
-0.2853982095634059
0.0669026205943640
-0.6264622636665330
0.1865028233887514
0.4905892554745510
-0.2633007485517661
0.0352618807334780
-0.5069884282896181
-0.7847735045291327
-0.4764640280591016
-0.2300521888997882
-0.2910796700671324
-0.0139455698532741
0.1283784014143403
0.0527797285191029
-0.6628650085118414
0.1741391683871162
0.4221912491877159
-0.5606496454654162
0.1668391027944579
-0.0500449818767967
0.0858619137950637
0.1639364620300691
-0.1006624009138370
-0.5098052726482524
0.2987231104991574
0.7038971671891552
0.3268462392736939
-0.1074956677675940
0.2503915027140758
-0.3814086082253484
-0.4347719446759001
0.0410141288150944
0.2230515793496123
-0.1504309982860182
-0.7271459784697845
0.5760830179075203
-0.5920489545052201
0.1681827998934651
0.2572977218710882
0.4590969801850240
-0.0398695157850326
-0.1037265857137949
-0.2346114953249432
-0.3578100918724821
0.3963266790801498
0.0431760192244172
0.4797093989678173
-0.1628762896116016
-0.6335144718576884
0.5765756619963159
-0.1328081098244092
0.3919919652209423
0.2806959149187313
-0.2641725903427216
0.5696976113433275
-0.1520923688087642
0.3033760315061780
0.1268387551743516
-0.7595981520638810
-0.2296520917849895
-0.3993982341148025
-0.0058629563197732
-0.3203001001287220
0.6612171313371179
0.1004923179084590
-0.1433488097532035
-0.1044224487323035
0.5882292575052290
-0.0336432637128009
0.4172466196776018
0.2707629480228606
-0.2702138643373640
0.2970003067217815
-0.3117835473767472
-0.5561876530828438
0.3573613473219714
0.4808345795474793
-0.1915602756460004
0.3085496128151018
0.4741078311087022
-0.2014433345978152
-0.4858547792419831
0.5930772109773916
-0.1222648762343325
-0.2055759302160617
-0.6333964614847800
0.1289878413222630
-0.0263889703891361
0.5409312461236844
0.4965525094760320
0.0064969860179929
0.0148793758836561
0.2875425635344460
-0.0394592445400887
-0.7929888261914756
-0.1467600189359421
-0.5032676691611919
-0.1090537386068277
-0.7326979674325912
-0.1178928330347591
0.2418345509091965
0.1814605794685918
-0.2087793763842466
-0.4097770489703699
0.3825402183540945
0.2287911903271384
0.5381559211458311
-0.6866817077214825
0.3420667643044292
0.1494433927195832
-0.1915127560532683
0.1024250625809992
0.2861454667684821
0.1667579372476230
0.0604218536173141
0.5939281269404942
0.2374871115136401
0.2275015645242293
-0.6524983155925427
-0.1149678430672886
-0.1851732502981754
-0.6836290567564105
-0.2269468588110350
0.3532631568692185
0.0891378499514795
0.5485428735964317
0.4712026423634579
-0.4753731248654018
-0.3128787818616287
-0.0310288646038556
-0.1949248552387447
-0.2392221951439693
0.5982554484233573
0.2952559350546639
0.3613619326415206
0.1466699534345430
-0.2661226601441814
0.2224773983883850
-0.2708941460160727
-0.7530128218233959
-0.2979681216106520
0.0927647089030586
-0.1697394754010918
-0.4466257045852632
-0.1035124487783789
0.6869190239437033
0.4378939657866541
-0.5022608889867666
-0.2554211942011412
-0.2753284359090036
0.3508862050770433
0.1852656572586016
0.3675517507012745
-0.5604903952884343
0.0155837089672778
-0.4093526897650659
-0.0298870279229077
0.7362838456405353
-0.1827130477380876
-0.4099306996451613
0.2962315838703510
-0.1098436042157733
0.2184778470572769
0.0266406417516099
0.1721734494928659
0.5691431018911264
0.4678859182696303
0.6058112655849407
-0.0302566186680518
0.1861560275767495
-0.1725696269557210
0.2536999614013064
0.1678505051719584
-0.4185970755734249
0.8166328551410691
0.3199654457479025
-0.4027888657757759
0.1209890644151458
-0.6673961165267804
0.3852570629045227
-0.0041651946979660
-0.3562119589607269
