-0.0384837486323245
-0.1239318056615401
0.0577264611607187
0.2102008117748079
-0.7749627983049857
0.4795539204268874
-0.0272598255079680
0.1272383255301495
0.2969363435550006
0.5036726885107842
0.2077920057965003
-0.4913058678768564
0.0706896910010145
0.0648767015632403
0.2745630124685783
0.2260487272986633
-0.0254326194195420
0.5704552019974093
-0.1605642190708491
-0.2508677391945461
-0.0044667932307829
0.1413366055620389
0.1950007605080972
-0.0156651527995491
-0.2162480573968423
0.6381897762716002
0.6316394653562641
-0.1803832710561989
0.4622621925311177
0.0229400993734371
0.1140459719834967
0.3464579187552849
0.2918970175036965
-0.2814291913653097
0.5667034788043168
-0.3669477184248764
0.0602676583746060
0.4346228753641819
-0.0659544048203897
0.8245869130896845
-0.0828625666447436
0.0960531156407806
-0.1670240494111513
-0.2794327232120064
-0.0332433294300354
0.4643765540553246
0.5048683373110223
-0.0654412852452681
-0.5796887744713631
-0.0877153052803380
-0.1174077038806133
-0.4017631393155335
0.0734846525777670
-0.0291304475378285
-0.0133135663051115
-0.4319798013038799
-0.3345228134691400
-0.0929293895078471
0.5796109380555847
0.5529790311793110
-0.2123300967494804
-0.0664058541679432
-0.0380310420707574
0.1040777184978843
0.1199785450207311
0.4824158033282035
0.0720523916894509
0.4570179465640017
0.2947719601303106
0.2357846521717145
-0.5545252231150534
0.2792989179478495
-0.2577149303277823
0.1524404433529737
0.1843315550254437
0.0044835490790831
0.0889192297909953
-0.4407386392097483
-0.5887719669997876
-0.3796354365086561
0.4282686425937005
-0.5457621502651047
0.2762795647287123
0.0811783522262265
-0.5105330127146945
-0.0993591762964457
0.5006233777515564
-0.1873157144229149
-0.2494776013780506
0.0275160459517114
-0.4383393195982149
0.0795475178054104
-0.7771025239386602
0.0483082330359369
0.0475580700416059
-0.1524894653478779
0.0628747972368540
-0.4062658719197367
0.0280857496221488
0.4096360470196971
-0.3993297368097117
0.0219078783786494
0.1412685973979501
-0.2558617221556285
0.0269484862382778
-0.6705157176992359
-0.2576062671957801
-0.2648651358342227
