-0.2493320102352202
0.5069888194432430
-0.4567380718032557
0.0230423893831176
-0.2636565459091093
-0.6341454829042382
-0.2947792789499287
-0.3701258738967991
-0.2282705755405247
0.0238667313056680
0.8050465336518281
0.2744722505249804
0.1999564899960461
0.2114595297549731
-0.8784419414108495
-0.1507661322463660
0.0943400421726739
-0.3346812734004310
0.0885509711124828
0.3089989842803853
0.5065653443926232
0.5585111491477223
-0.3885629076385790
-0.4208967428886251
0.5803914949315457
0.2965545797019541
-0.6809049082457993
0.2166134183236800
0.0804792243939825
0.2411873156672551
-0.3956679894617524
-0.5882365966584338
0.4199706554421498
0.2685154637443354
-0.4978160029285342
0.0335837757393512
0.5029831429506829
-0.0299412853812821
0.5073007441595808
0.6987710690194802
0.0070293792691259
0.0206642987001429
-0.0668373317155542
-0.0009707371235623
0.1040714814808669
-0.3264346402650745
0.5824212126195865
0.7341164159904759
-0.5241003408487485
0.3562026909079655
-0.4679776781957464
0.5842771318822002
-0.0487786355830112
-0.1888815668423963
-0.1468277033563240
-0.0315904089430394
-0.6395164965618266
0.4000803710732160
0.4110542514629284
-0.4893183230284511
0.1244154155223511
0.5611478399094086
0.1184339439006507
-0.6902744911057601
0.2931475788759750
-0.3052751725990518
-0.1682132458766241
-0.3369721726842969
0.5485508748219956
0.3227554842495575
-0.1363661753165960
-0.6591503319398810
0.0864004693717256
-0.8298066908023890
-0.1846172903358721
-0.5091576998019722
0.1026615055650767
-0.0095563020280276
0.4133841055168502
-0.7415344793262070
-0.1356488619764991
0.0863772277061052
0.2470228701088230
-0.4385866615595292
0.4609079004470107
0.1472010332672690
0.3288257661730650
0.1822083006821440
0.5990356338243893
0.5154860067765287
-0.4551693001948227
-0.3528027649956320
0.1309386826703240
-0.7508774393638148
0.2255703688662556
0.1910687266303271
0.4849224867151209
0.1721437444142567
0.8245792378506732
-0.0921462287294893
0.1345406858628398
0.1693920600888802
0.1891633859529703
-0.6716942421205067
0.4500964112327652
-0.3505062096416633
-0.0205594956681345
-0.4326430205756911
0.6231598204373482
-0.0532671896579137
-0.4837486575387883
-0.5719913309323648
0.1272309115061087
0.1773693703078602
0.1253066103528120
-0.1855692725299758
-0.2683926122658866
-0.8535159328620194
0.1843375597553207
-0.3396438142964007
-0.0983729948405401
-0.1397991070930507
0.7238001994886512
-0.4481768084001793
0.4118953056061929
0.2763549174414809
0.0295798814901211
0.3203026533315614
0.0389325898789895
0.0729536642251058
-0.8234825021086601
0.4599672009199107
0.2478054319370932
-0.3444575345278116
-0.3206655254090623
0.0221759924564350
0.1329733976663895
0.8360271505730245
0.6541409856913539
-0.1032329449539434
-0.2972514311985227
-0.1825550731039664
0.5636892105492345
-0.3493024989313651
0.3776178686552365
-0.0804951546286275
0.3822354982627722
-0.4829977295907292
0.4761550168867705
-0.4947836823553910
-0.4570759508704176
-0.0923379289310248
0.3921800560597806
0.3230344059777958
0.5407760938203418
-0.4816223360191735
0.3478800995742548
0.2244796001737444
0.5301433491017257
0.2247953151850793
0.2562887327683061
-0.6567492113098461
-0.0684098596179532
0.4717084630860121
0.6895512341483624
0.1922665620280612
-0.4509484726919307
0.2387663220541779
0.8267946862463649
0.3796445163413284
-0.2569131559201846
-0.1875749714011098
-0.2137611679389868
-0.1593675359259161
-0.7626249224111304
-0.2557692073725231
-0.1825433621108560
0.3997826820652293
-0.3853025010951731
-0.1066726347159815
0.1820703274317712
-0.2929537881688524
0.1151908659201678
0.6440617014602327
0.3485488114882373
-0.5757237089066737
-0.4372929273119701
0.5958903041212015
0.2262307202217869
0.3034342037155954
0.5563160192500187
-0.0308135221371610
-0.1500526400989294
-0.6541693401597151
0.5144979355362075
-0.4031052199727043
-0.2209521446792151
0.2711547257853674
-0.6306234282978582
-0.5633773195343498
-0.3824983188162722
-0.2514872561597897
0.2655155302157360
-0.0697910225054023
0.4438086213746930
-0.1171054784768799
-0.3694268951949414
0.5454444104863279
0.5918360422048184
-0.0711651447506432
0.0348795422191931
0.5669610449341703
0.5048669259003639
-0.4248714197460616
0.1712526497630063
0.4610908639582492
0.6204424029973453
-0.0280053924494233
-0.2957472707050615
0.2789641510092545
-0.6700478050017911
0.0039263075667100
-0.1766561723342213
0.1066853187533873
-0.2559785178707245
0.3776364392225751
0.4912196099133246
0.7127270533207737
-0.1620441272448569
-0.3851077298959716
0.1387525937280878
-0.0239820713853651
-0.5867710686115192
0.6791951326578508
0.7902720366446562
-0.2585321456730096
0.3787315120951163
0.1080482361930357
0.3371591166650161
-0.1996070845501331
-0.1039542396922818
-0.3376846568527967
-0.2663908446446045
0.3153947492560283
-0.8353300321003806
-0.0833570397665789
0.1754590651802644
0.1120376073451351
0.0586076996591989
-0.8838694988864499
0.2444012588282981
0.3350665040681647
0.7152352410027408
-0.0079935861268393
0.2487721483802864
0.2565503606563931
-0.3448426061018093
-0.4916833943330076
-0.3268344210483657
0.2807170687268170
-0.0240881672800531
-0.6771445411587850
-0.2550573128693592
-0.5387188378655527
-0.0971796334302044
0.3320004480156645
-0.4021827913496851
0.2290794481271395
0.8151666173623713
0.0400851105736207
0.1047844988435259
-0.3411504263557120
0.7944595048307405
0.0966766239747796
0.4135462248714499
-0.2471919109820002
0.7305569845355312
0.4285216281455143
-0.0000003932345466
0.2979596421210760
0.3670586093685286
-0.2431948509184292
-0.5501859138292782
0.4353368886670537
0.1705544038938032
-0.6740099785821032
0.1061805931315165
0.1145629927854248
0.0108119001225887
-0.0140658651603954
-0.5564986095821846
0.7980471716464010
0.0667223370855765
0.2205978090261609
0.3815338059864691
0.6306778329274702
0.1448371935852560
-0.4466617378672065
-0.4235685723187875
0.2382909351339400
-0.1788236389889999
-0.1730779699344212
-0.2918020879452515
-0.4310016265122056
-0.7981700316818432
0.1734354704255788
-0.5194706085079475
0.5150745144389526
-0.0252770950385775
-0.2708470163715749
0.3766751127091164
-0.4989662845588477
0.2583292044514056
0.4676272669273523
-0.0597403857927708
0.6946183112765941
0.3887438324492174
0.2782184070668888
-0.2266665184287985
0.4070812051303618
-0.1006478508873561
0.5140810692266752
-0.6999881540994275
-0.1360677417611185
0.1076445972723041
-0.2411924702194159
0.0618200513118212
-0.0582285331036621
0.1976236993024647
-0.9401975460773913
0.2544159682415745
-0.5853909837751349
0.1952044372657984
0.3007468734655369
0.6765720628110453
0.0792887180785284
0.5778303289472001
0.3780099012027248
0.4577249231572467
-0.3741565148200028
-0.1502881539126352
-0.3887529980250318
0.3414527707539448
-0.0231531348441880
-0.0210761861513011
-0.8204059988627980
-0.4575046653704542
-0.0072945365075661
-0.7473848083347874
0.2881496474207818
-0.0201480072800976
0.4264991093055474
0.1082400067359688
0.4054163260990681
-0.2071608799197214
0.2927241144544670
0.7094562979733730
-0.2586271545735866
0.3743598908988544
-0.4012921515766529
-0.9067085217991148
-0.0476181245742566
-0.0069449639907490
-0.2130586383382712
-0.0332119330312481
-0.3592588514119476
-0.5033507875857718
-0.1390903038791786
-0.1452671071031844
0.3326015286114569
-0.0257094653946554
-0.7713005809357959
0.1452353348075428
0.4970600451227217
-0.5006970282649966
-0.6779508949327255
-0.1444680145204058
-0.0255356964461250
-0.1537315576649368
0.4876589763025126
0.4110909112808150
0.3316647050823383
0.2499858043438595
0.6301311091360319
0.4870876704850127
0.0556727189288744
-0.3788834673936549
0.3379711939877807
0.0514245870913210
-0.7065581728642537
-0.3785821589820375
-0.2378566077842547
0.2164519071794164
-0.5569027695134031
0.3301910863851615
-0.5779978431554466
0.3128986723946526
0.7321618860041635
-0.3228321234755681
0.1852450865743138
-0.4688462908643950
0.0876369042785056
-0.0622372630359482
0.3253769423606708
0.7976922451427247
0.4390701266808645
0.2422852438485948
-0.0495856327846170
0.3442401460056425
0.0485354546880391
0.5164214642031065
0.3215564878137170
-0.2003354231892646
0.6847766396329857
0.6425015634196838
-0.3504090450204010
-0.6515397033125564
0.0361513613023571
-0.0903988981351079
-0.1744201120011216
-0.0988419466118256
0.9515707293599190
-0.1810069660125008
-0.1779116403822872
0.0164908947612342
-0.1416170663332066
-0.3985342166601021
-0.7644271382067939
0.0283278087243368
-0.0237969261843596
-0.1495867147073422
-0.4827801620450120
-0.2760514509140768
0.6617315429705745
-0.1384032232493209
-0.2297304410400736
0.4855240048315523
0.4221870136232033
-0.4213976666476865
0.0402038499468015
0.3910810247582353
0.0983407500584872
-0.7048216895605771
-0.4017695507007678
0.0731187628443820
0.0311683925004267
0.8722551954988547
-0.1176589991763081
-0.3484850828912991
-0.3123580616366016
-0.6870536729806570
0.6007816219773464
0.1046433753278692
0.1401329663816182
-0.2453388818912614
-0.2761159935669832
-0.1651465287724562
0.4263951396139409
0.0812960239992592
0.6202651460830337
0.2155197628581340
-0.5942450216889449
-0.3569245898396622
-0.2701596285921563
0.2668101046754800
0.4215366326299429
0.0360051864144720
0.7412431950392963
0.4608124233461295
-0.4943957564958269
0.6849168631884347
0.1112028594923761
-0.2430181941346969
0.0518624944360681
-0.2521310885195780
-0.7860763470739721
-0.4395166940072448
0.0116344520853152
-0.3239132485870796
0.1424212532459752
-0.2578024616578214
-0.1333516817116540
0.5418409619464513
0.2852631465158258
0.6500647034911892
0.3438086825831900
-0.3453442654567332
-0.6944727568880905
-0.0341587732693886
-0.1607459223856880
0.1849829099017240
0.5807066195126417
0.2151406307485053
-0.1321717163349559
0.3703283758094920
0.5179815934342843
-0.7138244063512972
0.1457800611641007
-0.7548266791910526
0.0206847644291209
-0.2965378281611698
0.2201891454921525
0.5235223909701914
-0.1389790909873353
-0.1455191299427250
0.6859357854321482
0.4966322269146154
-0.3665820257036574
-0.2693822739277389
-0.2339305905576440
