0.0259508962340104
0.2457806417366517
0.2828531528470996
-0.6220022377370146
0.2929243361099351
0.2068012607989282
0.1354613168103183
-0.3478057388631700
-0.1371882080003992
0.3270354919639966
0.2764774095662147
0.0438535448535374
-0.0596362342250296
-0.1727318603476817
0.3270335916349364
0.4469478291207962
0.1419478484924178
-0.2028073190830940
0.3674868330735673
-0.3466628025247158
-0.2106064208168654
-0.4071229726583682
0.0355982264720699
0.3633466765905333
0.5610017190958724
0.2086122839658447
0.2904984421001900
0.1928738336883971
-0.3043548090247737
0.2608522906201276
-0.0101247677057112
0.1046349466382141
0.3404440876672838
0.0604434001064911
0.0833981822552836
-0.4710952526197374
0.3302087115849520
0.3812027809850618
0.2122981080964147
0.0169880858802016
-0.3222131345019498
-0.2225338532534646
-0.0329217147434862
0.1664449503173771
-0.1575599050863267
0.4696332467250240
0.4714640830091945
0.2247182512264175
0.1881598503848470
-0.2303960208701895
-0.5612234810887963
-0.4474075764076277
-0.2181934713030745
0.0189048596158835
-0.1168832233036020
0.1744538132719389
0.0596952114114110
-0.1491686682803908
-0.3648349833674835
0.3812967724435508
0.4237239622244402
0.0339772663515604
0.2346945405814226
-0.0979042795327392
-0.1163700379802217
-0.2965676165836664
0.1399582862994503
-0.6385974747381900
-0.1669137969047836
-0.1702076965755350
0.2854272764173595
-0.2957156989293727
-0.0998347331672036
0.0306814622531310
0.0667767481572124
0.1251679936712080
0.4765332977115755
-0.0870488453205737
0.3962002942440930
0.2978821364690530
-0.0532871210799818
0.1562764797444030
0.5333599501529963
0.4205483274081895
-0.2868254903059684
-0.3173142526533018
-0.0461207720891843
0.3100727980099119
0.2914552847557844
-0.1594516786152081
-0.3857903951605892
0.1547985710044696
-0.3417490528472095
0.0933509894411510
-0.1027753750886292
-0.5472961629733319
-0.1106234946136105
0.2707373956668696
-0.3943265365634091
-0.1489726033095236
-0.1809357303320057
-0.2736953541298337
-0.0437262172796340
0.6562273501834485
-0.2864219491684600
-0.1826202432420871
0.2539335100360840
0.1292839306958556
0.4353412357790022
-0.1736202104588161
0.8134508643693267
-0.1237816073485529
0.0192665587478147
0.0923066983323491
0.0303119100374051
0.0374568543377250
-0.0195210173607746
-0.0557621102562341
0.1312614554578510
0.2671632992604233
0.5187136778485302
-0.3755921802744046
-0.1581480807969592
-0.0574848111973871
0.1492486470650740
-0.1882357143153499
-0.0218077784014063
0.0596660173493029
0.2999199806168524
0.3169712705164902
-0.4778680910579246
-0.2846527118688958
-0.0207430885796551
0.4503343874767067
0.3582440463650434
-0.1418704216983615
-0.0464512661815186
0.5715544097586648
-0.4214258266213799
0.1666427847229141
0.2516292291176601
-0.0080181488860302
0.0226287392406317
0.2240699052474383
-0.1404358351880954
-0.2799938269123828
-0.3366785960842099
-0.0696754820795333
-0.2808991976972410
-0.1391267640957423
-0.2507011801593512
-0.1568762836513538
-0.0626727418143064
-0.6727121826001018
0.3725899473923012
-0.0515693249767751
-0.0627437895573656
0.1256113830805244
0.2840001985222710
-0.3945207159291751
0.0586136907221090
0.1001391586379026
-0.2078668014123859
-0.5124500161600734
-0.0192151984424705
-0.5781102439389606
-0.1596186718908459
0.2542566593334882
0.5338288310304643
-0.2463218456606582
-0.0015985921456837
0.0220511953515055
-0.2304622806399941
0.1157707950929055
0.3478409236806707
-0.0447186012323585
0.0091562755218095
-0.6176291916799564
-0.2817719611426940
-0.0583919655209282
-0.3632707696543989
0.4647688808110579
0.1821462320085263
-0.1175596059335216
-0.2232056214978448
0.1295835214018796
0.3823294534189063
0.3861329425648299
0.3122078264938573
0.2342567174007115
0.2323778792631658
-0.1918077434501590
0.1200277041774617
0.2064813150527225
0.4635944204101227
-0.0508521405514870
-0.0069854916895129
-0.1745925887282837
-0.7232485924892929
-0.1920264255672016
-0.3347874652685231
0.0905383921299119
0.0130172738276570
-0.1204564210608005
0.6461870865161358
-0.1393511228390716
-0.2201488797253836
0.3954844671397899
0.1709439284738528
0.0542925556246862
0.3147524137725685
-0.2730274143481068
0.1581082469112815
0.1083779361859002
0.2596721354601563
0.2195309746317763
-0.4724866317517778
0.1817930510870525
-0.1413184539197396
0.1402363192377180
-0.4576240356815638
-0.4109296965478338
0.0550105989461997
0.0704269177779746
0.2841390906062625
0.1065257752079047
-0.0405813680850483
0.4733622686995209
0.1431796990743265
-0.2479640278389963
0.0863445285543657
-0.0920345473414663
0.0938841872620635
0.3037893305265388
0.0422733186900894
0.1560746285820717
0.7297778351677123
0.4131309436358571
0.2225367652132845
0.1485384827995002
-0.7074236438827965
-0.1558337136606835
0.0709586812467746
0.3906984144639988
-0.1655213351213538
0.0844274727914117
0.3929564103569006
0.0447072307466627
-0.2086813748392897
0.0646446148929417
-0.2605585288753808
-0.1050279933172619
-0.2041689590170584
0.2851281915403373
0.6012232462393571
-0.0180341745576504
-0.5772868154011839
0.0657843422967444
0.0866193633273669
-0.3346834126688413
-0.0304544779210770
0.1351555726248272
-0.1845050166468804
0.0698725578539184
0.1090732328655225
0.3665584380294468
-0.2527051676840478
0.3629073731733575
-0.5098443148361768
-0.1454378691310182
0.4099908192919160
-0.0461852364412592
0.0411643989579407
-0.2769807234075563
0.3374536476552459
-0.1207043403948710
-0.0617305050437803
-0.3180187411914630
0.0307465601534537
-0.4576407901767987
-0.1407595793903051
0.0947734134816367
-0.2401269889480361
0.0935442618297356
-0.0473484493510481
0.0604868979546312
0.5369802161828985
0.5433396077183682
-0.0365778573737347
0.6612700904546713
-0.3292488244739816
-0.3535260621889439
-0.2012713186336941
-0.0925495858002107
-0.3122118100529112
-0.2529685005121228
-0.1776607440825178
0.1045772080393520
-0.0621100223140592
0.2666387618677781
0.0511635753419321
-0.0122379942599601
0.2053700160719037
0.0995094285698100
-0.0128750585565184
-0.0174956730517432
0.0584325381799185
0.0240024569485203
0.4571405077312933
-0.1366158824658287
-0.7393467839869223
0.4079414110756992
-0.1434229227685550
-0.0280724219310387
-0.2702189068721896
0.0261888547749634
0.0604047165996896
-0.1211621566749756
-0.8317859356427112
-0.0463712836028596
0.3898660659070560
-0.0540148311800969
-0.1093732713125884
0.1603586297064539
0.1750965223242802
0.0352685058772113
-0.1960520098737293
0.2632311589248622
0.1615380427286226
0.2811936856619563
-0.1708589730273469
0.1051502233649222
0.1509937193107838
-0.5748555470372148
0.0644180137988008
0.5979538751306268
0.2081154345970730
-0.5160564344687484
0.0342021117294936
-0.4627987215379224
0.3824295097265257
-0.1452748971555096
0.3205191951504393
-0.2602497017461299
0.2529166986809567
-0.1666353482361267
0.0489275402555958
0.2075417883247130
-0.3132574290290285
0.2775736306383986
-0.3109234396027439
-0.5060462486526967
0.2912287018447299
0.1015581101962689
-0.0412536545687946
0.1114789283601541
0.4421265723083926
-0.2780368458959371
0.2595911861767516
0.1504688409488056
0.0166343107747604
0.1648297465577519
-0.3815347022230308
-0.4208918579635014
0.1935428901512628
-0.4876960014505801
0.2966405997905567
0.1551735889650163
0.1389156981520126
0.4654483707135511
-0.0530509017222519
0.1539509200118450
0.0397481942109357
-0.1533344035824016
0.3663510186321671
-0.5506735709376777
-0.0850971551377858
0.3611365314512717
0.3020854545101050
0.1348461597313820
0.2539468915041337
0.0135249185866143
-0.3850654836062332
-0.2782203956911716
0.4304153033715534
-0.3038887061165327
-0.2240527079048125
-0.3855581455059189
-0.4470978559249864
-0.1091465192905305
0.3120631616569227
0.1034251184547746
0.1400120407327153
0.1523796479727484
0.3583546427187707
-0.1800250409575237
-0.3091722611954458
0.1883466203643068
-0.0634222761176059
0.3374703574499506
-0.1660545133583626
0.2880617313113581
-0.0130555851980187
-0.2526324944647096
0.7201898452795664
-0.2318716413004805
0.0030288781510781
-0.0635224593050444
-0.4610887604755458
-0.0887054327509967
-0.2184637022785852
-0.4122766333369535
-0.1375466300771250
0.2412474724543256
-0.0052905467889589
-0.3907010789390621
0.3087360515724734
0.3791285001412655
-0.2591841284507223
0.1606317732372076
-0.0725102539787214
-0.0612275106813948
-0.1990720961516873
-0.0843926172856411
-0.1573752246295337
0.0921688721824474
0.1886221815833140
0.4069777798853694
0.0054726974040934
-0.3670618088150205
0.0520152757182530
-0.7565054050285582
-0.3361907241148495
0.5325725580799410
-0.1137616910358823
0.1409705006582062
0.2258113114408218
-0.0328444726100109
0.5112671335596810
-0.4370943739199414
0.0781021923432492
0.1619549213362206
-0.0278238530162610
0.1814091118968028
-0.0659253454656364
0.5450136209416618
0.4368449461210305
-0.2859810051492865
0.1244393040342527
-0.3698013089705460
0.2624272323389740
0.2092164503602323
-0.2095113029143564
-0.1257817922335659
-0.1207900516585489
0.2946376652607248
-0.1743431026362368
-0.1451126530187843
0.4824966209889490
0.2699721445151472
-0.2143975889750473
-0.2055527355624069
-0.3602388541253292
0.3001197047971536
0.3648290803185137
0.3669592825750809
-0.2127186684300689
-0.1476080117062227
-0.4503699353473765
0.1584841289885580
-0.0385856053737669
0.2164655219500171
0.3501325336078204
-0.5312168978340723
0.1652394009321016
0.1946679621571532
0.1221207760097458
-0.4420396116204521
0.0990382432756164
-0.1832991994171720
-0.0183025629848638
-0.1442920538224476
-0.3317162560248769
0.1819587008480219
0.3299653494126217
0.2020089352562123
0.0851335532619695
-0.3513767419246454
-0.4775979290531607
0.5708112007939035
-0.0334389736363695
0.0160848975127144
-0.2537457728852808
-0.2819589500793834
-0.2192439546641160
0.5083162310313917
0.4353969626636067
-0.2219736790884635
0.0461513801325353
-0.1237444146806381
0.4090894910597117
0.2736814324181104
-0.1551717020289222
0.1644368456649370
0.1731279641233033
0.2953611588796346
0.3178279534122903
0.0551777660967387
0.4943947623491215
0.2400153955110940
0.4259144920209875
0.0585850052858778
0.3660022401468276
-0.3937889956893678
0.0137210138716889
-0.0514265729316123
-0.1356569251168307
0.0161774005062982
-0.3606093557619705
0.3358579230484746
-0.4104297712957948
0.2737391207885462
0.0185304739613457
-0.5333570749578647
-0.2030456006940526
-0.1323407975998044
-0.2032343549940868
0.3320409333710792
-0.1933003902890922
0.5304523585516554
-0.2072628008948571
-0.0676748699717736
-0.1938657506679695
0.3476039214272064
0.2387727869645666
0.1938503456982636
-0.0114948975769787
-0.4660806852307299
-0.4007454103735033
0.0524829516502679
-0.2276725494932232
-0.2182688922798150
-0.0293710058806160
0.0739020073943391
0.5738907307879364
0.2813361660229320
-0.2157419503996810
-0.4269007930818261
0.0081479981720148
-0.1632933918245385
0.4696306181864824
0.0981132685619541
-0.5403471400784238
-0.0519978080087652
0.0474014464498086
0.1636811748842957
-0.0791223261657444
-0.3876233636747363
-0.2348672145584314
-0.6595852971519701
0.0317528533441906
-0.0252943973713773
0.0006116345624022
-0.1670531665240551
0.1414152599971366
0.1947348947099848
-0.3195375772080685
0.3657988104884342
0.2032395826697400
-0.1739291621894905
0.3474922917260042
0.2612254963092998
-0.3269986834952858
0.0302592524250894
-0.4047576446081166
0.4170697371316380
-0.2366042949532190
-0.0840710733436289
0.0274165266369070
0.3415750097350874
0.0259957023361200
0.1021008597446221
-0.3416931541542783
0.4571981054183856
0.2792677734593801
-0.1386161352305761
0.6149317910021229
-0.0854084182577107
0.1748524347940198
0.0200839977411532
0.3741954999297586
0.1522704867030030
-0.0831911089300989
-0.5428982339811178
0.5155953697678117
-0.0264479460530406
0.4584943922709446
0.1444308141208262
0.0799151806503740
0.0123915149085375
-0.1949936213499757
-0.1779008283638464
0.4272816083668411
-0.0023553543706685
-0.0422842251048313
0.4756493799363186
-0.0541090652768787
0.4452968762500861
-0.3698174216636295
0.3631390771092993
0.1762464178899727
-0.1371443056747018
0.0642854477239273
0.5434715723242078
-0.1466395521960068
0.1167835679962064
0.2280412630164646
0.1039186470371117
-0.3669722882576915
-0.1598400328515788
0.0345212717791394
-0.4481815449605602
0.2285707216625070
-0.4336381921869502
0.1614717333908946
0.2547622186074274
-0.2256108168644570
0.3140188784166507
-0.2901463194661787
-0.1263342680378388
-0.1011966156976813
-0.4207380666962287
0.2794663049143127
0.6073291771072548
-0.1139183894585462
-0.1103672977662675
-0.0984110500233061
0.4857961116457220
0.2736594744518981
-0.3098042619946967
0.1583593191026315
-0.2287595063147686
-0.1810708182294020
-0.2438365670035154
0.5081361104219114
0.1170226865475094
-0.2841766178878037
-0.2472746450848388
0.3740031309304787
-0.0478995938267874
0.0216304434692449
0.4988914057127294
0.3035093982430438
0.3012408499736419
-0.5099241857186412
0.2388600736680567
-0.0758405388696064
0.2967714963997405
-0.0172450849630122
0.1200144171828864
0.1900656196205810
-0.2583385931078566
0.0653134843703511
0.0119776832516657
0.1571579436497653
-0.6402608041380587
-0.1860549538031411
0.3614855693266698
0.1179035175645828
-0.1258759671129155
-0.0145271834764091
0.5126881104222154
-0.2888736022412244
-0.2359057577337897
-0.0657583934979822
-0.0967533809234258
-0.7649916506561947
0.4252139387151883
-0.0043099068938953
0.2293093966867886
0.1292789780670966
-0.1005846214292284
0.0297180581228689
0.0296842582235431
-0.2249596837728584
-0.5631320975643174
0.1781501347117717
-0.3049741606557470
-0.1463658498476877
0.2002762067430519
0.0856940585845305
-0.3778923035148013
-0.5158141305417950
-0.0801392120523012
-0.0343280433460309
-0.1489434837372081
-0.2523030531256233
-0.3099108067885136
0.3945648889497763
0.0572182683544088
-0.4503105187160224
-0.4334503275005829
0.1085591544124998
0.2472214354472241
-0.2618258202252701
-0.0917756786182426
0.3722555213186891
-0.0472344481393952
-0.4245400587799556
-0.5733863684584614
-0.2242865477266208
-0.2706901289500167
-0.0537109127077646
-0.3078337303721412
-0.0624603853825545
0.2821796851760276
0.3958281880076550
0.0377739102333662
0.0639687375827889
-0.1550620691350436
-0.1686386293037383
-0.0922764447923926
0.1511450861367756
-0.0585526826924743
0.2389040431667060
0.6867339141767764
0.3376403564834830
-0.0979916441361693
-0.1601475965684106
-0.0034783862291449
-0.2152925514679207
0.4609561788126188
-0.2994465390872733
0.3674667275390981
-0.1395794347328319
-0.1709121942858491
0.5567517692304426
0.1730031910696014
0.2221909752386481
0.3075237456692219
-0.3785116113948488
0.0887191678091189
-0.0497947926460084
-0.2985675891031551
0.0072886563300619
0.2982860248553970
-0.5170683703446484
0.1337508209355268
-0.1221198653797101
0.5178026582231148
0.0121704450929229
0.0943107162076660
0.0687080344439836
0.2606001942187933
0.4408374279450799
0.2582188272437997
-0.6007346792815820
-0.1351142037551020
0.5700586983745064
-0.1303893530918493
0.2063472791658286
-0.0248465582928172
0.1268153651822133
-0.0664649255894355
0.3811300042988013
-0.0541306972227078
0.0787672235320872
0.2465825049355931
0.0488968960505018
0.0550484198283685
0.3058241053642312
0.6186721652625601
-0.2925635608737532
0.2866768942979213
0.2691218595814598
0.2786591746567659
0.1750785506933515
0.1185172183742100
0.0606347044481874
0.3899553133252080
-0.0182863812703650
-0.0098520893036338
0.2560267995923293
0.0306843868401342
-0.3351121480566775
0.0845632860721033
-0.2941707216550172
0.2918172605465167
-0.4533098342647322
-0.1279385337526719
-0.3224055432193586
0.5622535497213780
0.2623034465685432
0.2773512817978030
-0.0554231766421161
-0.1510531070591642
0.2957314093928564
-0.1521689373711082
-0.3921210580496255
0.4267795890810811
-0.1318267597375190
-0.2492731826959909
-0.5396967542857989
-0.1052815469910501
