-0.1403380064301830
0.1290757185714284
0.0097829818847798
-0.5564275994193663
-0.5091586980642444
-0.1656605564971392
0.4692907954355956
0.2988190237114434
0.1951081227548650
0.1402051487126457
-0.3169176471530399
0.2253768226652334
0.0769250646921618
0.3062250123668594
0.4998831369807493
0.3405482946651605
0.5683197282251327
-0.0262917061921121
0.2304520587337435
0.0802138306981008
-0.0114358758183775
-0.2743035933389460
-0.2691491333194643
0.2181172864626126
0.4737307073468076
-0.1783354786704367
0.3467650661807325
-0.1731475669941795
-0.0292963066530697
-0.6303186988392571
-0.2449849517526883
0.4270101040949315
0.1394195205557773
0.2811236918105364
0.3663730298693520
-0.3474792405118294
-0.0930562078676521
-0.5465836184449843
0.1409760719191372
0.2773409983669637
-0.1822886514447043
0.0365735397895034
0.1357820497976024
-0.2796035694365919
-0.6175199322695865
0.2548937159825528
-0.1264648432852766
-0.5712142652543784
-0.2805780702525797
-0.0389035028147302
-0.1604812117802186
0.2725265015261716
0.5550235055096618
-0.4524441086556955
0.2438555310944831
0.0312828974878674
0.3558137252075522
0.1774152263751139
0.0383587428000993
-0.4089293594746611
0.0697597027200806
0.5259465930123030
0.3985861440819010
-0.1376579455926088
0.3948514015836937
0.1317697372361925
-0.5177179648683656
0.1242044803019663
-0.2812029187115916
0.0699179689776335
0.4554300461799752
-0.0824351630091467
0.3005147092385732
0.3139203921458237
0.0152774306218051
-0.1007183572720482
-0.6185438764540956
0.3236842720040420
0.2646781042083589
0.1706830178883309
-0.0736852239275231
0.3058115403355188
0.4532863127399922
0.2181801403917954
-0.3643409806958466
0.3457623099100410
-0.1017170922621231
0.5600791576181791
-0.0352250972652283
-0.2653431218082223
-0.4531513608734893
0.2724641943284447
0.4637833687158022
0.2836900497192390
-0.0384341431140040
0.1448147687807553
0.2079393072594641
-0.1483958658287849
-0.5784514617268631
0.0502729236655058
-0.3034861953936585
0.0356521579401576
-0.3728741060420717
0.0803261315743306
-0.1321012759837571
0.2817981205769763
0.1245425813061284
0.5458621942846019
0.5917619833650359
-0.0248616960071785
-0.2161573229976466
0.1685482693528172
0.7174161935830754
-0.0647899923133198
-0.3109592946172503
-0.4789730215445395
-0.2708063288218666
-0.0385369265121994
-0.0129458519300997
-0.0698867576864811
-0.0047401941539946
0.1006508801290062
-0.1487386176591308
-0.7057093996994379
-0.0672953407066940
0.5267593875804943
0.0076258981309660
-0.1386111374513531
0.3578363360213634
-0.2009373963981956
0.1740338414244164
0.2732457741559779
-0.6915385240332823
-0.1048194950196375
-0.3411353490009957
-0.0435179814410574
0.0049999528266673
-0.4571764788077927
0.1006836822125924
-0.2615275032815411
-0.1648216393355687
-0.0005135131182075
0.1253032900463395
-0.5183393340892556
0.0581573780450780
-0.1523002101923148
-0.4154134027568666
0.6608877280575496
0.2292116520326720
0.0006952626315517
-0.3689283225012585
-0.5506554178756088
0.0013708582231800
0.3935135050077537
0.2634855660600761
-0.0705273820566050
-0.1613905674706620
-0.0570194913208511
0.5461126183857111
-0.0622885301162714
-0.2454331914121326
-0.3235632216698009
0.4696620459866471
0.0530517385539373
0.1663635927460275
-0.4400131228170528
0.5340982552251455
-0.3123699848601851
0.0834798072342546
0.0240674177553382
-0.3534648062809249
0.2295925646195224
-0.0391911378963360
0.5528570764755870
0.1680292756434511
0.2703822488731352
-0.3301503404357848
0.2997240227268533
0.0274156810494946
0.4628576866140169
0.3185633931934626
0.5172132634695055
-0.0941062454589082
-0.2044862746529095
0.5287190810320755
0.1503285508301064
0.1807378777488225
-0.4250726896300561
-0.0224760331449480
-0.2536464051036413
-0.2628506115034740
-0.5186260819671811
-0.2641125843749566
0.0666463007554796
0.3388064715644223
-0.0481058640464477
-0.3288413927744336
0.4456349699314539
-0.3416741705197194
-0.2171794887839269
-0.0908994508984869
-0.5139221093795285
0.4805008059775309
0.3517987962491525
-0.1296055367516861
-0.0051466011880226
-0.0602253305441942
-0.0287899111883224
-0.2634530104456986
-0.5313100948891039
0.2652210133944768
-0.3471310205983525
0.0575708646305651
0.7082188343253196
-0.0647307311653251
0.3733728210207377
0.2186610351608950
0.3107222522726955
0.1150466734639468
0.0554573023196688
0.3950389359475510
0.0128206573825781
0.3001973090899480
-0.0624863007603182
0.1111051968229152
-0.3568602436531911
-0.0544197237318065
0.5523592490328509
-0.4250596288546870
-0.3483179223003195
-0.4774937244970932
-0.1983793481600462
-0.2133405123666339
0.2038912827274073
-0.1149147361147131
-0.4326812021220714
-0.2865371545884043
-0.4765260514470820
-0.2998507692234040
-0.2145926983451581
-0.8843714304797415
0.0220897180894948
0.0628236848767044
-0.1459627142508965
0.0896828901130944
-0.1821473362226536
0.0936986755912077
0.1383331066207154
0.1777119730150205
0.3023732454321059
-0.3619271616825513
-0.5528561009444297
-0.1263588460869167
0.2728393584712275
0.1786985794422910
0.1476851921255727
0.2942581901115283
-0.0807786542703866
-0.3096360711538753
0.4798117542418194
-0.0404512907314370
-0.3002051288642285
0.5427093832449279
0.3765082360448772
-0.1504948163142501
0.1298887236535687
-0.2244634859524178
-0.4498624247501476
0.0714576631716878
0.4178069190263524
-0.3092535280841857
0.1439865910167630
-0.5337715158967890
-0.1231283184017826
0.5209365745449601
0.0813649794183837
-0.4263447088620106
-0.0978328246317410
0.2774487109858598
-0.1929856700573518
-0.5408411039344833
-0.2027626724452279
-0.0545488819942446
-0.2984680033360669
-0.2918025799657636
-0.0945918496470914
-0.0060840576736727
0.1123286133676651
0.1920404786425819
-0.6562688680297682
-0.2173142419424054
0.2447998047866343
0.5124808953967848
-0.0639332818759630
0.1757294275748567
0.2268092046290685
-0.2220642625825465
-0.0058809897119814
0.6898905051689211
0.1360300123079201
0.5140542980000007
0.2855278641745291
-0.2665962893642796
0.2112328706853654
-0.5208040981738374
-0.2694998449485285
0.0796614235298484
0.3668567138671961
0.1532900283825647
0.1738804517913471
0.1664349629330268
-0.2529130762456260
0.1484150131432044
0.1928651172105899
-0.1777758391171459
0.3556955452797714
-0.3571178101232781
0.1513146286691638
-0.6967497958866952
0.2347281710492816
0.2682166656595414
-0.2724479199451104
0.2498472341517774
-0.0304228350678649
0.3279994465218998
0.4449071697005739
0.4956411828301543
0.0188378152118315
-0.4625189956052321
-0.1581703784172338
0.2207955722343143
-0.1441704779618789
0.0394487240899291
0.1206093069656688
-0.6618336646628480
0.3597928581772480
-0.2245282434838725
-0.0826035689602076
0.5325787426308077
-0.0775260117726014
-0.0128289835718570
0.4734509681819105
0.0203788221093817
0.1627140325916244
-0.1768061427736556
-0.5509140101372997
0.3372750394332902
-0.1639993246777947
-0.2552100577903949
-0.4563325345736317
0.0240891252978111
-0.1773501218516423
0.0829755021950910
0.1581004365382838
-0.0292604316336212
-0.1504123354881893
0.2942715137227944
0.1261767655062533
0.5506503334926990
0.7119507237717565
0.3862608886948993
0.1178588695421221
-0.1856198248304806
-0.0418196334199315
0.1604431267197583
-0.2579065306965195
0.8228555677441334
0.0123802533568066
-0.0238381855008825
0.1750360563118456
0.3668778845000948
-0.3422580986071052
0.1788304476720777
-0.0459808659968920
0.2882724081423455
0.2936642145970603
0.2938886521198794
-0.4276733101941941
0.5247528760797816
0.0136091685185916
-0.1234567832505840
-0.2686506387843065
-0.2052146034269447
-0.1667685504166541
-0.0274546356628164
-0.8723612590291608
0.0878893484565099
0.2655066396977625
0.0186591663361997
-0.0482293792626712
0.3733777532579505
0.2376052003504618
0.6493351341541621
0.4621728427790924
0.2736955057726582
-0.0538361066504155
0.1767037284515500
-0.0873436525535181
0.1045046333825587
-0.2032512561856210
0.1314906741335659
-0.0899106479857857
-0.3454299831578256
0.4605313136349742
-0.2202782332985895
-0.1914966848820357
-0.3770583593792326
0.1888097969820507
0.1491496550192175
-0.5982926274821000
0.3977447042852297
-0.1488463639677443
0.0603912666957561
0.2945473992199083
-0.2473337170866967
-0.5991882390700406
-0.0581569427313034
-0.4711251482648192
0.2847657233618077
-0.0510437919962366
-0.1971530598733610
-0.2103817111788406
0.0705348707741098
-0.1032497566523159
0.2321942875575867
-0.3746938425180505
-0.5875420748798584
-0.0309416279525426
-0.1971619976320341
0.5673525677566791
0.4804487269028022
-0.7950303497027342
0.1067422776391659
0.0283223204298733
0.1516675388116600
-0.2478055912399465
0.0319139929437759
0.0835606379973055
-0.1086710967091316
0.1438010861983744
0.1907443528373316
0.4817960399107323
-0.1806879007638441
0.4995597810037440
0.2534524977512576
0.2099900447593004
0.1650354549132193
0.2929049206702203
-0.4345189481191517
-0.1977634389564225
-0.3453976537760273
-0.1369393687596071
0.0347386514118270
0.2231266777197688
-0.0509617420340922
-0.1173074225168732
0.6090923184854697
0.5701669076657506
-0.2257946514150456
-0.2180153014494373
-0.5171153499251674
-0.1084355708639489
-0.3044669989925500
0.4645195052870121
-0.0555737033058916
0.5024081851754827
0.0248878554779256
-0.0533234002122624
-0.1392252655320518
-0.3660683428297922
0.1352771321138743
-0.2424191056067931
0.2487934976663571
-0.2178771734558014
0.4580556920279426
-0.4440534125429612
-0.4484204303011964
-0.1345937741967891
0.1850694587288987
-0.3913040843911529
-0.0889383013365655
0.1783995119687947
-0.1391621238448079
-0.0307238765632793
-0.4069828748544915
-0.5074987920318843
0.1690384854012501
-0.2926689904488844
-0.2947088129466112
0.5618549840451912
-0.3981357455578506
0.1703467364348674
0.2204985882319857
0.6193357758089553
-0.4079524247903042
-0.1387061784656136
0.2569821034688329
-0.0524494481568573
0.3538664815862525
-0.0244268119823941
0.3602566517421649
-0.2315333311179416
0.6699146769835688
-0.4077167949115100
-0.1192429425691777
0.3201135352081461
-0.2698395053733612
-0.0331824607995063
-0.0202438523169079
-0.1028250916291736
-0.3075791392222685
-0.3822471044250961
0.2870726922731179
-0.5095424346065848
-0.1620069725395966
-0.1742882658404999
0.0829712586530053
0.1331871912708344
-0.5795045538070693
-0.0129134284693727
0.1777982829450272
0.5093515080110981
0.1250450492234961
0.5070563147069340
-0.3839443396953074
-0.0149993896589396
-0.4175918278370752
-0.2592808085193806
-0.2161827099547359
0.0149588485112766
-0.1902887680590055
0.3059756083733448
-0.4127428477812598
-0.0050178732848718
0.1706793691621132
0.2580168241347419
-0.2139187782235342
-0.4116740390474448
-0.5471112205353017
0.2991917446257345
-0.4956371123245942
0.2638895954317746
0.2288793523009486
0.3729201942763151
0.3791516554257427
-0.2221412370258576
-0.1924429372746002
0.2266690987092586
0.0159863553838594
-0.4598689706059152
0.3925751685131578
0.3536581212981213
-0.4055849963213447
0.0868871170587124
0.2797377596061213
-0.5290495154853720
-0.3924615462333166
-0.0272873738647531
-0.1893236447076535
-0.0011821508195869
-0.1007766068017937
0.6514799173159366
0.3119181436951343
0.1168297110292413
0.0684696353114614
-0.3007123682747343
0.2776679819692162
0.4098107380098909
0.0224746114576440
0.3373579795377880
0.1350224030529483
-0.1272380417364618
-0.1796664948133954
-0.1930664348155524
0.0252846154688448
-0.1288109420712426
0.1470716019043157
0.6308997375398828
-0.3361330570016937
0.5883393547072738
