0.0774693827830307
-0.9522553404096328
-0.2953104491760337
-0.1798912095240501
0.5121199507114769
0.8398644585998676
0.5155809629273129
-0.8263567769191341
-0.2265187583993110
-0.0022578450406218
0.1851392301704942
0.9827097066721430
0.1936757158941224
0.1641379936705128
-0.9672375282766472
0.3926404341193246
-0.1751883538416610
-0.9028524409740705
-0.8375187691958339
0.1704251693506557
-0.5191508190270875
-0.1536224947538054
-0.7615088026113761
0.6296860111603286
0.5977497003957034
0.8016202326158615
0.0100149057778422
-0.5471476794431229
0.4744068119358973
0.6896140903931878
0.9465049784528091
-0.2069822618243213
-0.2475614450073668
0.8503966714195268
0.2109486420093035
-0.4820022527675781
0.7612912660369718
0.5770045446558123
0.2958062942237091
0.0489199459146442
0.9537519499273764
-0.2965873512161903
-0.7788300553061817
0.1609662710723747
0.6062290033715189
0.9336809117486343
0.2178066629899880
0.2842537820212864
-0.6910717276115304
0.5392037804864054
-0.4813306040604349
0.3087509310158239
-0.7672872006790913
-0.5620882619935288
-0.5582586727167330
0.2286693759068108
-0.7975321754380454
0.6508361104381049
0.5539795963715636
-0.5191521589609339
0.2179125059766654
0.4876955305757070
0.8453799200332649
-0.9772554206624481
0.1535791523343497
-0.1462370908973657
0.4259435427317040
0.8351099512820013
-0.3480854315752652
0.8316629132697733
0.5302836659577213
-0.1647301803255056
-0.6007412869964125
0.7796997452904512
-0.1765735350835444
-0.3775930890470369
0.5764163208709985
-0.7246845411194162
0.4380235173037895
0.1577633929590935
0.8850119265472368
-0.9803843521763758
-0.1648494625466103
0.1080332203805931
0.3072702643831436
-0.8446457989833003
0.4383588243502982
0.2048109826054537
-0.1550557603513114
0.9664420171878213
-0.2388920262143781
-0.9695732750789933
-0.0534627352815398
0.0160500247427131
-0.4926352966418421
0.8700878468340784
-0.8572501135400656
0.5142319728797468
-0.0262244333351191
-0.7602405489769611
0.5411420055475998
0.3594435108930609
0.7459296289935404
0.1996762030216769
0.6353883871589135
-0.3751988687702519
-0.4749556524202425
0.7960169201138787
0.2678230721217948
-0.9619108613996056
0.0547567051667003
0.1101757382107601
0.7877187788242745
0.6061026581341711
0.5494454978113377
0.5464580393343180
0.6320547889081646
-0.4301093024848232
-0.8230198122511571
-0.3710045505894628
0.5992850210657910
0.1454368055147321
-0.7872138204629315
