0.0502460151230300
0.5138562960409496
-0.0369676964699505
0.1919746977081394
0.2622403852162893
0.4323226806033829
0.0630019305759380
-0.6599727166952650
-0.2912017658141048
0.0504544922674629
-0.0822274513765487
-0.0461329479776319
-0.5296070927522593
0.2837117394151938
0.5178988691577742
0.5239952391934435
0.0875911570119852
-0.1833738990727015
0.4724300287762221
-0.3012093428527735
0.6199968481663692
0.4759446889403486
0.0438947426618519
-0.1787132198265350
0.3923804932216868
-0.3613329519561267
-0.3326120796540191
-0.4667734575926613
0.4995245711716272
-0.0174106134558013
-0.2340597572574746
0.2869771654547875
0.1034206470080575
0.4347141655566338
0.5323233886065960
0.0907357296999484
-0.1807305121910503
0.1878911921709058
-0.6447706909039858
-0.1582110595185955
-0.5439736659630472
0.0335640605294267
0.1460727876373601
-0.0502300529941072
-0.1460685095321101
0.7902614155482079
-0.1614966059816696
-0.0847084348974290
-0.0848201990399654
0.1522052672891892
0.3446981176944973
-0.1766737191452385
0.6118797346021313
-0.3541509334740490
0.1128991766528676
0.5541144084747274
-0.5173161139284437
0.4359393358037285
0.1129413064531654
-0.4592134296296738
0.3986660395191439
-0.0323743790999025
-0.3288537038868676
-0.2249016475379565
-0.2269790502317777
-0.1677640002391163
0.5971217649177019
0.3359504363535236
-0.0019404643028924
-0.6244250645631791
-0.2456223819507024
-0.0260359747948494
0.1759774689813800
-0.4104596813903316
0.5703816606546291
-0.1550257032740278
0.0204444279129683
-0.2551080098169564
0.6209878913191338
0.0079082492799763
0.0176883828844968
-0.3083303018921161
-0.0428923284973711
0.5340853903952821
0.1038249523649296
-0.3077287524668151
0.3594879213313756
-0.6187280651117463
0.2317260832246896
0.4421705248860113
0.4831088846271716
-0.0864842417717607
-0.4431150011397134
-0.3756772059632217
0.1381998282523695
0.3915751153360769
-0.2909342222214866
-0.2605210017767469
0.1857738400751957
0.1225807648628044
0.4210387834390848
0.1624106048935622
-0.7026282831954898
0.3171919865239127
0.5681541355967833
0.5149931626666623
0.1147836138895108
-0.5711039912325181
0.2134047275112447
-0.0398139318387986
0.0123320273672350
-0.1592767026278898
0.2277809839388286
0.4430372454518967
-0.0027412837236740
0.8057760006272783
0.1557084969885975
-0.2249492351245646
-0.1663812804069651
0.0046173355383710
-0.4909436305183393
-0.1864645162953469
0.0027076375458504
-0.2392789428181475
-0.4910257657248909
-0.1663342738805382
-0.6185859438792568
-0.1245858290532774
-0.6364855100103426
0.0768008672622917
0.1152453473753927
0.2318881615420661
0.4883268727940445
0.1469573213212048
0.5054519479021882
-0.0799559388586525
-0.4420234118817813
0.0045715774405374
-0.4300140772517403
0.2370917227138523
0.4473740314179008
-0.5712582581191979
-0.1886275491083543
0.0375491501221636
-0.0152803204601404
-0.0397212972371671
0.6402042974148185
0.4987306623385913
0.0437045488820861
0.3172602590070949
0.1339387676978611
0.4680717480650630
0.1854491675604595
-0.8414130805835399
0.2849488055241871
0.0016251506952098
-0.1087936529063838
0.1017209584662160
-0.3027133105198171
-0.2502311142119210
-0.0400415351212734
-0.0024610682163984
0.4308289735000278
-0.3679363114441175
-0.2210582811502425
-0.1095455798623559
0.0160818551534988
-0.7850313758853963
0.5996242923692844
-0.0932119927906010
-0.0721015417663869
0.3277046714320884
0.2084459322091121
0.5793962653778548
-0.3741062895864921
0.0082458171598274
