0.2770249323166935
0.1423147420969832
0.0206876609906305
-0.2534028360962818
0.1755589901228057
-0.3965463459002115
0.0810840044769124
-0.2728853881156431
-0.2607809142043220
-0.0081265845510614
0.3145999089566199
-0.5660439850421980
-0.0458073236810164
-0.2630863723599940
-0.1024077027233769
-0.0436240565112262
-0.1562944377909782
0.6429173537128997
-0.1073234385789025
-0.0293729966547733
0.3315431314676531
0.2466331316474123
-0.0170823580892924
-0.2684976064069580
-0.1721215397830703
-0.2251922087503856
0.0574719598622675
-0.0064686090223524
0.3875887826267735
-0.2662824876309264
0.2306852203629532
0.1321858206709874
0.0757979170808538
0.0168819521102165
-0.2248890230594421
0.2522520594062713
-0.5169864994582364
0.2781903486661731
0.0764597232958036
0.2103414597158481
0.5090555487002434
0.1727780055862098
0.0265179808795013
-0.2410198159693378
-0.2579470171562847
0.0197062502386258
0.2342149888733172
0.2720918203983117
0.1108773562036826
-0.2362483676640803
-0.1804285657116400
-0.2990595833951974
0.0319732597327792
-0.2776995529184336
-0.3323578396219610
-0.3029564632271785
0.4498992502165804
0.3748747435627073
-0.2034309557888914
-0.1261531497618830
0.1029132195578679
-0.3240720283888218
-0.1425995214715313
0.1274458093843917
-0.0144776824678545
-0.0196121500341939
0.0134800535614248
0.0913458972348049
-0.1627244957086218
0.1049493765627873
0.0305981946165102
-0.1186422099501987
-0.5471431624978860
-0.2849556613541652
-0.6368813715694666
-0.3568853785205843
-0.3997613113046020
-0.1814600563802774
-0.2154306476936788
0.1424267023338532
0.0020284546638232
-0.3457081726496828
0.3006157601856752
0.1178346340038109
-0.2988701707865771
0.3863709824204413
-0.0997635641072661
0.1576120804544296
0.2666240035212273
0.2119871141946777
0.3815477907465472
-0.0346997312192371
-0.2611375270373532
0.0866337197033831
-0.1280574894525189
0.1058130915400104
-0.0325245875686363
0.1384965696256432
-0.4686596747911488
0.2580563694001011
-0.0899320955555441
0.3520089867674697
0.1422242247071378
0.3962884018988593
-0.3663050728009631
0.1190019052241800
0.1578498614119453
0.3779751965435699
0.1955732884192032
0.0213865602705395
0.3884547691573359
-0.2393378924530755
0.0070111675248052
0.2736774348362481
0.5608408456149343
-0.1882217354339855
-0.2756621624552900
0.0699287134874069
0.2298941167811516
0.1118988817470835
0.2459090609124076
-0.3547077214149023
0.0810115837329683
-0.0800209145246226
-0.1213354694602162
-0.0367316591473632
-0.5546729104589997
-0.2765836754718864
0.1486291469937032
-0.0825771266868661
-0.0548644542259292
-0.2808547404464206
0.4362596938163826
-0.2929852938578109
0.1164081740245048
0.2200765044929328
0.2006626795684141
-0.0230809331828277
-0.2203652686707534
0.2003986234413013
-0.1504153028176690
0.2166280614336450
0.4619992239395700
-0.1523977040297417
-0.2281211768415903
-0.4747189311523743
-0.2363498531156324
0.1085345645246997
-0.0690509726131603
-0.4074560490049901
0.0089159485009425
-0.2284835914306501
0.4733701920878106
0.5097585858130708
-0.1971385588792161
-0.2342794020369717
0.2439339194792767
-0.2118059380559167
0.3865731752023043
-0.0321007382574713
-0.1078312098828197
0.0654479429245502
0.3116011652404681
0.0381394884235581
0.0271376244520585
0.5517581409345799
0.2213354939078404
-0.1151846749547447
0.1926310102152164
-0.0177328676084056
-0.1546602080367654
0.2635712449830382
0.3296600560974321
0.3398859118841849
-0.2199636463173711
0.1223446803364534
0.4517449477476887
0.0887686227471913
-0.0482360362495527
-0.0257838767079414
-0.0477546834013563
-0.1771482243626184
0.1610558028439386
-0.4967060294721368
0.1140527480563049
0.2928282138556291
-0.1384845058240901
0.1213808382609946
-0.0956134367456107
0.4230592395681059
-0.3042605858362566
0.2853132314518521
0.3174854191188094
-0.2761722917611784
-0.1478078731344540
-0.1217227602337731
-0.1512380994862179
0.2568592472261690
0.0671318878036263
0.3171353784194903
-0.5015395137235921
-0.0381001801700570
0.4598116125839457
0.0453391087130227
0.0685001116336755
0.2361936630526950
0.0892883129572076
0.2633365930434582
-0.4179552891670701
-0.1108676438083209
-0.2856141615865936
-0.5282101138800561
-0.1333485798629283
0.2373361148713136
-0.1508047146143761
0.1312786558035922
0.1438631652304972
0.2040797933478823
-0.2730062086638282
-0.1225338599235607
-0.1625721861695522
-0.1259088527334854
0.4821834984854689
-0.1260439892167964
-0.2876965870513911
-0.1940223173851710
0.4579572851320327
-0.4286011242535445
-0.0260279491239170
-0.3661303865295745
0.1890440103753332
-0.0245591392113316
0.2404856193412798
0.0803211087050886
-0.2992606073276749
0.1027258657728993
-0.0242212044035069
0.3557727522992454
0.1983291153256476
-0.2587897876045641
0.2789855286212124
-0.0916449297576495
-0.0011238457430233
0.3662059111186751
0.1409442422579378
0.0623803473857126
0.2073743565888075
-0.4253270438864173
-0.5283541324682198
-0.1375839939772210
0.1286709005337313
0.0911686842754854
0.3465854780580905
-0.0946822365398151
0.2827628869850999
0.0170920964180395
-0.1668219338270714
0.2859971546119304
-0.2393735580908283
-0.4114604303863757
0.0114719596476485
-0.4005262644984610
-0.0760371328733654
-0.1166233906887334
-0.4541915633891598
0.1129889032479376
-0.0215152676524063
-0.5101014119205576
-0.0354615499346980
0.0506817683036733
0.0125737782309784
0.1108123342558039
-0.1685334649279792
0.1603432339489025
0.4846037977691849
0.0788993357993472
-0.1621201388073495
-0.2057486189976918
-0.1078135516151442
0.0854205425373218
0.0687463461176691
0.6799672707714008
-0.1812839197217924
-0.2784213641471796
-0.1654792119522431
0.0840076827590722
-0.4138098724816374
0.1469070828224689
-0.0383065326264787
0.3254854172395090
0.0643100609890869
0.0003246603567817
-0.3187960104300899
0.0184019219206266
0.2074614939474278
0.4595454668251827
0.0369636405641223
0.2952474054805588
0.1363407125459704
-0.4746160610991580
-0.0534810273707622
-0.2877147750150999
-0.1981065178953464
0.2296742518630411
-0.2496473859315309
-0.3920164527626300
0.2877250393152799
0.3305710680758385
-0.1760352652455504
0.1919408824630941
0.1205362449273133
0.1954675732949217
0.1141228255406654
0.2108463089253982
0.4860590775743974
0.6879162193575451
-0.0208006589657121
-0.2073876421170215
-0.2904944836537842
0.0233321053957361
0.0605646158340622
0.1371182020935998
0.0809857763319832
-0.0709169938688345
0.2614079062642822
-0.2387991437125153
-0.1600660162476949
0.1118154499884488
-0.0199908688491633
0.4477248794549029
0.2828276394732299
0.0440206522305895
0.1078969837110290
-0.3187816698000827
-0.0476532531571566
-0.3964994055727311
-0.0570912312697615
-0.3120557567401170
0.2333209074983290
-0.4371038730242571
-0.0591701434151778
0.0159374119370009
0.1759119244344808
0.4477018550438466
-0.2530827462443414
-0.0290506726573167
0.4109210702961655
-0.0986736016464694
0.2453628472597240
0.1935900249620545
-0.1556107745870143
-0.5880790473545984
-0.3270054284241599
-0.2072768125721455
0.0855714520405977
0.1797861607962961
-0.0994638298604085
0.2295980970503755
0.2993013193919198
-0.1053582715362804
-0.0003281308088106
-0.1172896656239566
0.2877572477105164
-0.2357400554423991
-0.3412736924694402
-0.3839712626942610
0.1157868492957140
-0.0726006079494132
0.0457347290573299
0.2722741558944890
0.1753206307860698
0.6026085687286054
-0.1839727525348754
0.0123758744584017
-0.2473618499054283
0.0398296302459671
0.1735700360940968
0.2515956413695487
0.2796573055682265
0.0268096319843066
0.2946439487544851
0.4608721913084493
0.2337161789611375
0.1304887883275281
-0.0960932149185463
0.3827483499853734
-0.3662568806526741
0.0966602950080308
-0.2154442716794703
-0.3309941799661351
-0.2099584503237694
0.3582792793718020
0.6225324039502538
0.1837057660386296
-0.2407402250923499
-0.2055234835913076
0.0620755671656141
0.0228996120428482
-0.3543663201507861
0.1387455638102029
0.2503809221774146
-0.1055400299046070
-0.0933307998277030
-0.0328298494501963
0.2706324379348768
0.1503704495422572
0.1531988215501743
-0.0589713657778862
-0.3243186803079253
-0.3116121755215928
0.1542192701206682
0.2416985624292282
-0.2882209876149536
0.6277160711658899
0.2496852011987875
0.1384555050892026
-0.0193731252501651
0.2688678643167076
-0.1731190306279926
-0.0686135468612431
0.2710781949907455
0.0621785144289325
0.0317174257544264
-0.3348236165879437
-0.2304914036066147
0.1522821626335926
0.2815955312465024
0.0146699391091144
-0.2055980865359051
-0.1391250223504747
0.6756548951345065
0.0701865616767482
0.0217446922993168
0.3338550564528690
0.1368069243323056
0.2516618162071594
0.1488359091243213
0.4150396772305174
-0.1608986285040917
0.3429305929457956
0.3526015270429130
-0.0421163281163182
0.2965775970883297
-0.1748271083232288
-0.3215369548881671
0.1081744809062228
0.1416635103207428
-0.0276052839246184
-0.3250076386918463
0.3355499946367925
0.4563305176532740
0.0263892682342693
0.1564033191226051
0.2338737038943609
-0.2463499434256841
-0.5707742745800586
-0.3712562517561613
0.2412819938015558
0.0025529424262961
0.1965202846766070
-0.1691909180790795
-0.1442486042339813
-0.1754149028429370
0.0897158639620567
-0.0500808810949504
-0.0352873202789772
0.0519748312993867
0.2103940589729595
-0.4133679798567457
0.3157316223940335
-0.3334281794297824
-0.0055753905253378
0.2360589473963912
-0.1954993606016177
0.4011793175413276
0.0487946944636945
-0.1211745850091176
0.0861077773155941
0.5380352496878374
0.0342553495785134
-0.0161154360342801
-0.0270878951368350
0.2380578086167274
0.2036464473406961
0.7147980348595505
0.0246461423211302
0.0167172653885433
0.1328933937885982
0.4352741673452149
-0.2026046711848148
-0.0562594656689082
0.0510889392718831
-0.1134819484019836
0.3446640410191087
-0.0584845649167203
0.4911035508867866
-0.5496986294068287
0.1040127394431141
0.3810216476064563
-0.0596278334004773
0.3456558511002891
-0.0722144308256005
0.2316636298725959
0.0371636476069094
-0.1517818612697357
0.1537121049927960
-0.1044162153207383
-0.1010654550198102
0.1994195918917145
0.0990188805053501
