0.1375150667193175
-0.9904659095513766
-0.0081785354279436
0.9263503273425597
-0.0410083514386649
0.3744240726029987
0.9822073636249553
0.0634784130068380
-0.1767461058214525
0.1642412398719681
0.9773519838222772
0.1334462994765244
-0.1943296602025611
0.1921914376790797
0.9619243392535640
0.6169076406056232
0.7432186416539303
-0.2589421048429359
0.5938367921282598
0.0609377626527893
-0.8022745498878114
0.0506963496430474
0.7241492308460338
0.6877774142831151
-0.5094204478787270
0.7824166611002281
-0.3582107978771831
0.3301950566643576
-0.0136529069012480
0.9438139767388315
-0.7869109899089950
0.5205258504580605
0.3313969416958438
-0.4718119307374071
-0.2627940960639077
-0.8416250739419506
0.9197622807582529
-0.2218401348353555
-0.3237658126958560
0.6408936234286439
0.4426262489077510
0.6271661400509098
-0.6929472603204064
-0.7186410698496012
-0.0581300880772045
-0.3968942533369935
-0.9137004571828451
0.0873294120667857
0.3728937800428231
-0.5414206021903440
-0.7535343126422445
0.0955142389312128
-0.9396776112737651
-0.3284555023625302
0.8692166894115361
0.1844773717397176
-0.4587269843430354
0.7936486347887830
-0.1005671032930164
-0.6000067518229711
0.7144721669398464
0.0748756300593425
0.6956458601123829
-0.8524479841909662
-0.2688055300703390
-0.4484150100658568
0.6669497240220229
0.3460598748788102
-0.6598640986035003
-0.9184334314894257
-0.3783051679654248
0.1156080957944137
-0.3055812798582976
-0.1211109520414495
0.9444322202761714
-0.2043545258144245
-0.8739137294702300
-0.4410374374388135
-0.0110531835156222
0.0596534937317815
-0.9981579473308633
0.3910904756741239
0.4170902104104794
-0.8204169648518549
-0.5480674333005249
0.6782112801508891
0.4895421820757300
0.9862209264822553
-0.1490974751206181
0.0716814277280981
0.2489732600918769
-0.7825196486178559
-0.5706796958769517
-0.4453953119089993
0.5284137106405772
-0.7227738003943845
0.8947493513864764
-0.4454222162977380
-0.0319788589835701
0.0735052929657832
-0.4841544153020328
-0.8718895996911313
-0.0353339121759133
-0.8572565966821442
0.5136756195258761
0.3429542507147606
0.8484344004511231
-0.4031642965936102
0.7793326525920286
0.4910842234516496
-0.3892003366914820
0.0868158327335745
0.3635496779920620
-0.9275206967063561
-0.6754257197548339
0.4050011507074288
0.6162581967157300
0.4094379110558280
-0.8726488649538487
-0.2661664056281324
-0.9762343057863890
-0.1722020897215054
-0.1315789515892024
0.6707914421461381
-0.7331698220314183
-0.1118072144627647
-0.1286490426379569
-0.2432339406548479
-0.9613982910021482
0.7746882863743884
-0.2398564244218226
0.5850871342098477
-0.2218644597196717
0.9273359403997216
-0.3013705611971120
-0.2576352779529080
-0.5090366925924974
-0.8212829653344937
-0.8836687558556408
0.3587930554241732
-0.3006610605048983
-0.6585829635249291
-0.6516468179404753
-0.3763308448995048
0.8604245712837186
0.4719095251776990
0.1922783325749098
0.4429817354716672
-0.8946296266218808
0.0583524910256959
-0.1012214803180228
-0.9714750982550669
0.2144535972944641
-0.2713786904272682
0.7666919978987301
-0.5818393135050558
0.2433741086113028
0.6792232019760075
-0.6924051452402080
-0.6803405134376623
0.5398872295660577
-0.4956395516167622
-0.4195805947050035
-0.6836084585435146
-0.5971864030223358
-0.5373034203166804
-0.6336674883251622
0.5565703448403242
-0.7484139114789926
0.6353186427028444
-0.1903860271630516
0.5387176106431705
-0.2277371782646573
0.8111221323690810
0.2426202745602842
-0.3392747251299744
0.9088608602312417
0.0638737198390250
-0.6162930521630020
0.7849223030144684
0.4907149306448103
-0.2475897796842298
-0.8354029912791633
-0.4539867645165981
-0.8607443076734339
-0.2302504168324825
