-0.2518378656212277
0.1568969642955787
0.0796171479393342
-0.4838261864883365
-0.2596385353749895
0.5684564659946149
0.5300749383564363
-0.1440619319075435
0.5254386413166723
-0.5391867237733170
0.2461460518598133
0.2210983772365278
-0.5104931332367522
-0.2058214287878611
0.0083192830268592
-0.8277109189271689
-0.0091863174608508
-0.3269756494068806
0.4226094554982510
0.1694351751475162
-0.0228238916778088
0.3114747581368015
-0.4665269185042448
-0.0084549570962895
0.4814462060399236
-0.3139542187604732
-0.5526638689648611
0.2224175582280096
-0.8989735188799066
0.1077845309223838
-0.0208289357346092
-0.0122678808639843
0.1031999583955578
0.3227668921578690
0.2545899913502028
0.2706888622723427
0.1209087885429057
-0.4879312219750524
-0.1640131905015182
0.0576091292851727
0.1955328087519589
0.7781898930099329
0.0792730765271084
-0.5359293889435024
-0.4059454253561992
-0.3869954408520073
-0.2741599698055948
0.5080843097225254
0.2421259072604307
0.7248620944142373
0.0851591750033047
-0.5033689901426208
0.0476400900127169
-0.0076423854729168
0.4566877128562086
-0.0552346580598509
0.2782452969298839
-0.0420954154123517
-0.3791041071159791
-0.4817520688391586
-0.5126874614937404
0.0378453908071692
-0.5298319017352637
-0.0305053967445781
-0.2157260729532233
0.0954902009194627
-0.9153665111396213
-0.0615072561555280
0.2673087646255726
-0.1740124588201749
0.4281667076638268
-0.0640453891783091
-0.0351443815580830
0.2145575252195880
-0.1106259389566079
0.2419184640319851
-0.8333899194136187
0.1745673286540718
-0.3097125683706047
0.4436965228611922
0.6692204592764256
-0.1595911210840174
0.2431843686181235
0.3798338876108261
-0.0388246797715652
0.6119848459852361
0.1046765183804354
-0.5883908617283340
-0.4841167116595463
0.0978735894757651
-0.1511885671420914
0.4008252522778405
0.1064308174113649
0.0887243425620701
-0.7348388174442111
-0.1722591098254944
-0.4941050229106221
-0.0796148671561920
-0.3958997975287355
0.6823356056122247
-0.4595695758339656
-0.2376801346285083
-0.0385401581384446
0.0579633327578679
0.3242535095685660
-0.6069517672717494
0.2517968626620052
0.0995238371463031
-0.0760469243572046
-0.6697420416847083
-0.1217768792172706
0.2985561129550994
-0.3551139016505334
0.0948998983664623
0.0199066892069440
0.4077792621311433
-0.4101035063097181
-0.6902333452119103
-0.2315188254013478
0.6273815745484225
0.0614193792506814
0.1066912263701198
-0.5095094713333632
-0.3832044544307543
0.2902791106201913
0.3170638494827479
-0.2444126561513501
-0.1637631941913767
-0.1281593896805660
0.0697441390349410
0.8254763438507470
0.4540959094192619
-0.0673847641515207
-0.3418931760238829
-0.1875029899422121
0.4819008268325274
-0.4874054223034105
0.4499142748851544
0.2876873071702492
0.3049137433866994
-0.2438707769393253
-0.3497222108066309
0.0186729752502154
-0.6443194056852433
0.3186379924717059
-0.5342190334187877
0.1257183238949261
-0.3145277082431844
-0.1145208041101294
-0.4839935854976488
0.0576810033671968
-0.1366601478979329
-0.2209163731216203
-0.7634791269473237
-0.2110519697429972
-0.4305387429502072
0.5590934129802675
0.1616332102713157
-0.6312018835462576
-0.1797402119751390
-0.0256973966134661
-0.0405861932900078
0.2094207024452160
0.5039002746980287
0.3500982586292097
-0.2734433582762881
-0.4693169718622032
0.5319603016225012
-0.0596368926006863
0.3096299542617436
-0.0711621908161750
0.0023799802848541
0.5735927540476787
-0.0157925968375722
-0.7524924964051243
0.4809913172801316
-0.2645630356305403
-0.4846960144657934
-0.5966793157217407
0.3109956073532913
-0.0775313206613693
0.0704836658620225
0.0974805196709971
0.0237397959254632
-0.6100602160860411
0.5571495612968748
0.3755620693123931
0.1664086021371931
-0.3722985075156511
-0.7426944161524111
-0.0504754149485120
-0.4488492040878613
-0.1568765219042182
-0.0260342089499167
-0.4628348373065583
0.0699107924894101
0.0844250392581252
-0.2158086868772753
0.4680245327748283
-0.2437660714917510
0.3524943768858986
0.4947005362265655
-0.5466710676868888
0.0761057562340528
0.6119022317700497
0.4772108502325775
0.0832095778045274
-0.0701150784694865
0.3252653611363754
-0.5238471760168314
-0.3856192983999588
-0.1208261745854838
0.1153968901266768
-0.5075872490029203
-0.4716107624708287
-0.4229245805957360
-0.4055312842246641
0.0322669102658925
0.6182902162084553
-0.4947139572401831
-0.0231226093304087
-0.1491660970823500
0.2998817967707170
-0.5091364099522755
-0.5570803430574860
0.2952875210391363
-0.5027297621402217
0.4751375413979465
-0.3467143161429075
0.0350795848758600
-0.0503237520139320
-0.1408739395633604
0.3046375087927618
0.5044269001450582
-0.5816740224793638
0.2078675278034390
-0.1814804048272524
-0.4673492365670302
-0.5681270875084588
-0.3601879833197874
-0.0051526812327907
0.5123439373700406
-0.1856253300342877
-0.2196504686947235
0.4497446801011746
0.1735695454484248
-0.0069846894832198
0.3773655605198371
0.6786913356206666
0.4112807781018991
0.2088603379227607
-0.3924584213637436
-0.5225267278084503
0.0359881756996258
0.5675483698874931
-0.3198129958232689
-0.3172476645723501
0.3729236570504816
-0.2481149548328072
-0.2130131858530881
-0.4550878816875207
-0.0250593704400145
0.1045646752333180
0.2244781762810120
0.4705828765265887
0.6812635055056863
0.6582693766431932
0.2662841018086963
-0.0191753288387471
0.4006425933429316
-0.3264601679447950
-0.0318656990765225
0.4767602752211167
-0.1741114246603893
0.1929437060984246
-0.5241979254507192
0.0353722090995418
0.0955575732770687
0.7794546049153024
0.1993553333172757
0.3570751177625797
-0.0703507596362994
0.5642460942206711
-0.3507107270965340
-0.4455765535205642
0.0399102567171244
-0.4754420767150112
0.4972552781196159
-0.3791508842380531
0.0995795248353957
0.2219517557229812
-0.6883555355471407
0.2628487382302189
-0.0829477499460951
-0.4720194724499732
-0.6280732534408687
0.4747891253080072
0.2440558047482153
0.1447631937646171
0.2602569347898510
-0.0950978560382365
-0.0760890255686252
0.0307244852367628
-0.9874257770241222
-0.1215417742715780
-0.0357187091436088
-0.0424517356779428
0.0201599138198264
0.2213324688800642
-0.3726230372509428
0.0158730529790314
-0.4315403246446083
0.1981312792230098
-0.3011477013767958
-0.7040873971837693
0.5986324842448881
0.5759140562651753
-0.0903375196854160
0.4030225737640352
0.2471325861864206
-0.0476582959301857
-0.2757322212773264
0.2533845009815090
-0.7288730948800325
0.1182525005227799
-0.4223676500084663
-0.3697175427328383
-0.2713702952907799
0.0427705739753070
0.1787850594073848
-0.1877514734004918
-0.0643794555553029
-0.1385106008874989
0.7803679804200246
-0.1201415848549579
0.5348338065572709
-0.0088125668756311
0.2126379409383387
0.5958722720161524
-0.2532320698240809
0.4423219856203167
-0.4748840885364862
0.3381620358426674
0.1357426488806379
0.3022722776104951
0.5483730412341675
0.0808295975470186
-0.6437078327348058
0.3410579580892609
0.2286453204656771
0.1704657763832565
0.6399594452531726
-0.0551931380974800
0.1884650484112932
0.3577585250614110
-0.2895767599464610
0.5576576982274881
-0.3467946186236660
-0.7328110205607153
0.0107203717460972
0.0808036127242969
0.0125059491885323
-0.5207981700644218
-0.2543427170791410
-0.2528426217694932
0.5429140782647576
0.0285798644079940
-0.2916958947117366
-0.1371208086462327
-0.7169446475472468
0.1503325140711588
-0.1763288421257972
-0.0928515750654120
-0.0444727663549357
0.2692686611089102
0.3702644742458355
-0.8103749298387927
0.3033149812324292
-0.6665886596672507
0.5614268168386211
0.0283616462964986
-0.0736669440466571
-0.0961492874105739
-0.1375694760136663
-0.4539363835510597
-0.3875805145018746
-0.1453753133149775
-0.4687558932948096
-0.5646557840353725
0.3840692973598110
0.2273985079053654
0.3014296178907651
-0.4017182409589887
-0.2713663531510848
0.0787505895378246
0.2096838748128093
-0.5851555768090682
0.5856156302859133
0.1716422414305618
-0.4436329575759820
0.0582145037301633
-0.0243003750783720
0.1814323321594656
-0.0007072822387905
0.5668887245710710
-0.6670302428166842
0.1301262966276018
0.4405702633240470
0.0071117010974977
-0.7314612270101426
0.3051510807737439
0.0274303724921965
0.4000115994023640
0.0980223988830595
-0.1622192206898450
-0.4632278511553473
-0.1569139834233185
-0.1312762820667010
-0.8219063407008219
-0.1791954194692048
-0.0703012316971058
-0.3567069001122802
0.3960385361986125
0.0343719298846315
0.7299187709155123
-0.3253586955972435
-0.2667400974361976
-0.5338634472791967
0.2363122023627275
0.5481245757886201
0.1238530225111455
0.4906533481841707
0.1909008250335251
-0.2572594173635462
0.5481084982273173
0.5973487680322521
0.5126366512980006
-0.1225140304244404
-0.1090444849750311
-0.2178051990043184
0.0749379421901641
-0.5663655737811921
0.0423761601335839
-0.4043764375846315
-0.4261451829612947
-0.3962986831871430
0.3475400926852014
-0.2334041887661391
0.3036958418632460
0.4335855740045949
0.3844772620461055
-0.0527698914386860
0.7164318592178324
0.2362907103039325
0.0075531780664177
-0.3508650208538855
0.7051332991135705
0.4918077159901144
-0.1347819113360345
-0.0058445262247633
0.1049616930449672
0.3295279335624663
