-0.0299298288342514
-0.6269193652467425
-0.4337590022352788
0.1217607982347463
-0.1632109033643103
0.0786891782673713
0.6035219067869769
-0.0103959050287447
-0.0769882994429888
0.3364732497862072
-0.4071782429494751
0.0531517770637694
-0.1620896908989734
-0.7395283539561425
-0.0874973247041752
0.2155381693418708
0.0823350745233696
-0.2899995108110396
0.3676638872833269
-0.2811709419033976
0.0035526570132429
0.5442375773617714
0.3085735946059147
0.1327347307897692
0.1415130886541024
-0.4666577739533819
-0.3727296622687924
0.6727251196005528
-0.3639464833766903
0.1465720360994684
-0.2007185902744015
0.4409660874672329
-0.1000767481986248
-0.0693513940425344
-0.3536606387464753
0.1373340721295977
-0.1390779060494692
-0.2296643819581607
-0.6323688063379737
0.0186311876515040
-0.3731734018867577
0.4514306995767965
-0.3087855712115641
0.1997599515693250
-0.2222015924571412
-0.3633574323620784
0.1044087865712324
-0.0980632869109959
0.6225212282817107
0.2551333717091573
0.2232912006311678
0.5215668748233583
0.2670113547447700
-0.0405219399605778
0.3315716919371371
0.1470317112499009
-0.4362954891837018
-0.0247644528106736
0.0823939568266306
0.3705490160746028
0.6198780797482847
-0.3638538349513813
0.1293872968693587
-0.0193647573477767
-0.3860021342924404
-0.4739643549773732
0.5989837758482358
0.0269070892174823
0.0159165532719031
-0.0795342618771148
0.4566413290305122
0.2266699244864893
-0.1740374682583006
-0.5603074813471494
0.2405247897069457
0.2308593713232122
0.0703651616893933
0.3533393024329438
0.3456779544094825
0.3136452580433267
0.4437924599586758
-0.0244764590957379
-0.5287778083940614
0.5851324055354692
-0.3400233146260920
0.3486609483948673
0.0262009599542907
0.3506594465768255
-0.0692394355389907
-0.1085912135377944
-0.1596449650920237
-0.2376895936324128
0.4939048071091821
0.0373068198897144
0.1200527156014320
0.5726345440266039
-0.1922994958184225
0.4764439579925445
-0.2576479539377856
0.1886697336106241
0.2717778072465190
0.3279397450106939
-0.3577281460499201
0.7521844120451338
0.1953912106527279
0.0535795287732515
0.0822217376498985
-0.2035592230870995
0.4721442661388444
-0.0822380689299882
0.0057998165282514
0.1352024193983012
0.1525639840785084
0.3320982755550320
-0.2021026858430969
0.4402989882802895
0.6194591441877261
-0.3072296772069871
-0.2500079539057684
-0.0717701850991391
-0.2077739360688031
-0.1021957579111771
-0.1038596612367536
-0.3048481332550159
-0.8122680649572752
0.1443689183401215
0.2078597635723257
0.2841738852986587
0.0200723460338609
0.4725070921991734
0.1440722743391088
0.4775627156886952
-0.5511461228623927
-0.2398793118711081
0.2055397034368094
0.1049312080288462
0.0042228445587711
0.0215955627231958
0.1301271113139409
-0.6311306866618791
-0.0469355052314986
-0.6238149327081475
-0.0581533443614305
-0.4225120219703535
-0.0083654670863571
0.0584953485462264
0.6858200867798827
0.6306557713001677
0.1808773192879623
0.2578873880463275
0.0821151769812109
-0.0286489929674562
0.1471266230804130
0.1289795074537423
-0.1782475274773511
-0.0739712432037291
0.0284460660546035
0.4941553575247295
-0.0647398097712173
0.6158959724828778
0.2027186177037684
-0.5258400278470156
0.1342155562400335
-0.0890019977927621
0.0199213823636269
0.5029387053947549
0.0043025421443410
-0.2914402456899770
0.6784833960020276
-0.2283466294389173
0.3511164984579186
-0.6032364948319975
-0.4036818286356256
-0.1647990365802393
0.2724339000152266
0.3006135430409521
-0.1761832418378213
-0.4635689086109923
-0.0905642000167821
0.1651081944584718
0.3574485597314020
-0.1958472939268498
0.6319966625773215
0.2313327773206145
0.2284241872565064
-0.2826898508621947
-0.0205427469554503
0.3355616720975135
-0.3685443364075681
0.1201336054941109
0.3126214064618068
-0.2553053409902615
-0.0744630844794697
-0.4998444037783805
-0.4143718664556622
0.0193244047888964
0.5176119092420663
-0.3567439026196537
-0.4149300351969600
0.4789565747045969
0.4469785727675829
-0.0083494275059210
0.2017269597750811
0.2489157417031332
0.1812676808749733
0.4622944630686275
0.2221421898340062
0.6169754713055802
-0.0263137159175165
-0.0561198350901237
-0.4445775550459248
0.1447229569551487
-0.3680112006646025
0.0145475103321590
0.2073975621081665
-0.4671700556660234
0.4015158276842500
0.6359843181761327
0.1403971434799616
0.2324765865539895
0.3502799083283305
0.2211680754917713
0.2725415582994904
0.0414903656720517
0.3360663367860447
-0.5349782552636630
0.3680160172146581
0.0451534129448813
-0.3613757398246625
0.1656145594210007
-0.3249260673343523
0.1685271912904237
-0.3732104071301693
0.3808394251046347
-0.2216621305036616
-0.1215996707712244
0.5464589016135003
0.2594626154174300
-0.6936133457174312
0.2412860118342133
-0.0842516033686920
0.1424767660079921
0.0585223515465736
-0.2424607953771522
0.4810202133167820
-0.1450088480134325
0.4519709386166729
0.2700187308842036
-0.3868672209075349
-0.1491139099713616
0.4569455165056146
-0.1758308758067589
0.0250903498194919
-0.6377673189103398
-0.1019337594941809
-0.1684497564308151
0.0049834750159702
-0.4829229312489963
0.1930581118522499
-0.2664078142005720
0.4608400578738726
-0.2622286851928297
0.3226344504766289
0.2393545209457108
-0.4020605423974274
0.3285114751216172
-0.6015230739073330
-0.0517799423213184
0.1731030147236826
-0.3252756488194057
0.0338107455026961
0.5499680667849530
0.5091548260523460
0.1950077394688001
-0.3844250638471250
-0.2990886200508415
0.0077577151815361
-0.0436789528380151
-0.3999007854913528
0.3304481704434254
0.0898728144784478
-0.3652131287596233
0.0634125986033662
-0.2219477681173069
0.1090056420020702
0.2281473839033534
-0.1283241318945853
-0.7846424302950423
-0.2960172302913761
0.6459739791865312
-0.4450117577747817
0.1515895458557880
0.2288661395225248
-0.0635841065905881
0.3313892659815422
-0.2630595119609394
-0.1965572734400751
-0.3633403484649163
0.1764522598258044
-0.1195521274606622
0.1878847965115283
0.0591770970509927
0.2593319775021209
-0.5948591917631780
0.5252117483541094
0.2946101512751156
0.6952046902107085
-0.1214490935765573
-0.4713280892387223
-0.3431336679872603
-0.0129070454725236
0.3752960773944407
-0.1390609766776580
0.0365187559857018
0.0190882755344288
-0.5615626922786224
0.4373863433286334
-0.1263963373539859
0.1063538556766292
-0.0350430202849009
0.1782015005197351
-0.5089973047372172
-0.3742326791025882
-0.1842314039472615
0.3021542914681635
0.2671251852354228
0.1884004770459740
-0.1939939938783737
-0.6544867102293267
-0.4435228211594782
0.0766573417505552
-0.0010643324449769
0.3650694215411587
0.0882625966326829
-0.5276473925187374
-0.1140164283679001
-0.4464454787479883
0.0251279241425460
0.4144430425553767
0.1057251027792849
0.1448422986318933
-0.5449156768222113
-0.0604292345980217
-0.3281504555723675
0.3461302541329175
0.3281489198096884
-0.2914395321126369
-0.5310400614859941
0.1089584199121705
0.3737098322887079
0.3777647361984301
0.3627665536975783
0.2627163016530318
-0.5312258193632425
0.4620431850764832
0.3813762913767698
0.2799576989176991
-0.0151233445030705
0.1681783654330049
-0.2266250854916503
0.0303396977348233
0.0110092140783235
0.0264259910714841
-0.1278063179412011
0.4088104623178117
-0.6673571500680998
-0.4419364580104316
-0.2916696677160079
0.2984207167826122
-0.2956410019187730
-0.2299425364237667
-0.0071465248490672
0.1879152457220441
0.5876589212431587
-0.4359677896085775
0.2852840646680196
-0.4435808674180761
-0.1039120337089635
-0.2320897222849460
-0.3984689555385469
-0.0472746480578647
-0.0755576680131590
-0.3801073685743571
0.0480923374448738
0.0638845933596496
0.7903749275385227
-0.0620060224611140
-0.3671027693477918
0.0641691609185745
0.1742658438932925
-0.3348635080291649
-0.2499775408710457
0.3828651944690327
0.5760711010258771
-0.0804404609398903
0.4137784587162730
0.1091740464106712
-0.2440393948593355
0.2377413948657623
-0.0264312152377488
0.5979095548268120
0.1227729036223635
-0.6840961326690403
0.1370663205654156
0.1093732361787224
0.1650284131577986
-0.2190324463134982
-0.3324539367235816
-0.0885700407095413
-0.3368363542702924
-0.3222546424008338
-0.5913924995324147
0.4258355846004320
0.2408989838834249
-0.0342845699889943
0.5606254258196162
-0.0467104195899732
-0.1016499414229965
0.0399008890448189
-0.4659911418555875
0.5250324856355647
0.3465632617053314
0.2398001161899955
-0.5156664783663597
0.1840023021874318
-0.3105142496407266
-0.0442761524020385
-0.2500103383674259
-0.6588079420741267
-0.3241005625632525
-0.0159780461675364
-0.0047130174835660
0.2781972830240161
0.0515556075536978
-0.0235537290678815
-0.0285933243524634
-0.0457210969258508
0.0791724939434896
0.1144750509523541
-0.4125906421391041
0.8525735492757553
0.3247216548573243
0.0846778904557210
-0.0396045924777044
-0.7454363728812001
0.1025513044554896
-0.2694428729125256
0.3426124932326031
-0.1095631475919991
0.3429839009879044
-0.1300687920695231
0.2199133922497795
-0.2591575075555211
0.0667823253613245
0.2548195789695750
0.8260635660912626
0.0972314615644111
0.1571556873430661
0.2857128213851200
-0.1940182693565094
-0.4214040760255955
0.0247475867059058
-0.7014741549360977
0.3032945752456046
-0.2657376609211202
-0.2439153750967184
0.2237164676225513
0.1412416754166971
0.0968046337381526
-0.1881139141935562
0.7280880943142476
0.0548821501823808
0.0439416972813451
-0.1470757216326979
-0.4321291524171909
-0.4600225055488735
-0.0141153834096082
0.0189379792472841
0.1860387661451746
0.0298182910694996
-0.6164278306423392
0.2989615200418405
0.3692779508463221
-0.3472176832341500
-0.1733133832560263
0.4558691541959790
0.1596125292813249
-0.2772205929167194
-0.3718990510550288
-0.3515163773504518
-0.4863246683217244
0.0907931729699366
0.2276148262764708
0.2273587655927918
0.5362315870304311
0.1184272018626511
-0.1961031353230457
-0.4383086895734283
-0.1756097345671535
0.3971927856175312
0.0254735781846126
-0.2487715785412330
0.6773169086027615
-0.2133278388862832
-0.3174728481242293
-0.6594770861311223
0.2662386820231190
0.4316996814013386
-0.1672609689807522
-0.0622279916377635
0.1261612384084912
-0.3989220557918842
-0.0122185712271413
-0.3043170802199262
-0.2424342817729505
-0.2970853207914534
-0.5625291057950400
0.2488752329139590
0.0975164122065942
0.4175471128282895
-0.4340420970632187
-0.0986487980130720
-0.3720462585654765
-0.2652995316154285
0.2156329395927001
0.0734196877480175
0.5012473870998175
-0.2899466049449120
0.1577345605095258
0.6156118886123360
0.0115567751645599
0.0932399648012151
-0.0710881538440385
0.0913922931725703
-0.5864407162788108
0.1745836611105341
0.4118925671397988
0.2434952849949891
0.5754503560917833
0.2083734883646339
-0.3131537280937705
0.1204792777046203
-0.0537073370559885
-0.5356599729644324
-0.6813743820963384
0.2273401732563941
-0.0293205775242394
-0.1386395551344667
-0.2481293534977108
-0.1303668490724594
0.8544103592639261
0.0563322476312781
-0.1540203997207698
-0.3550602817667471
0.1780521555358558
0.0835300475879236
-0.1242544758200580
0.2142545206091705
0.0003516103701035
-0.2787674380134259
-0.0141354922975172
-0.3775564923383254
0.4255211534592331
-0.1634892613697727
-0.3299461892098149
-0.3991212208832330
-0.5509815309666501
-0.6433770882824232
-0.1755630386649569
-0.3063697741072093
0.1039896153459602
-0.0573735163325899
-0.2969310102166570
0.3925540068729814
0.1888322962384200
0.4115230656017926
0.4783091724104112
0.4046707128408958
-0.0539489813048021
0.3507376412696306
0.2273773686843996
-0.4851959472731429
0.2945359366641432
-0.1130286677460254
-0.3080455995636194
-0.2947878666500756
-0.1996377635194700
-0.7157714950127642
0.2563755415519444
0.1345973127171154
-0.2563507513463135
-0.0094632581471569
-0.0717506832031057
-0.4540019466617083
-0.2722053010504605
0.4186656018325070
-0.0067545538529783
-0.4737324534338023
0.0537310088542829
0.2009900563385894
0.4753635171039693
0.2293576381119043
-0.4519910429144314
0.7376138463134214
0.3648454210631214
-0.1272839113240823
0.0670900973819512
0.0052366375188901
-0.2419837445320153
-0.3735223744231311
-0.1216359066696572
0.2986863643205604
-0.7114931781736525
0.1156451312834288
-0.4382391376439566
-0.3459833303659371
0.3078063632845885
0.0486605691745098
-0.1242541020664193
0.2183279292482573
-0.0917980366224372
-0.0509473201133363
0.0226144860172759
0.5956390858710772
0.1149700428178279
-0.2108713764241262
-0.0550157897671418
0.7121288130956684
0.2557045304044392
-0.0942507103605603
0.6144543555954950
-0.0063664000790822
-0.5010602727252648
0.3330194718261334
-0.3707957912268556
-0.1421394721508025
0.2846349810079390
0.1304950700124558
0.0685767035886124
0.0222460193282574
-0.2317822233868760
0.5384488517781445
0.0861028743900233
-0.2249676144366045
0.2320755392177214
0.1172277743662633
-0.2383177200759701
-0.6880654578983659
-0.1754039089643631
0.1799944498726031
0.3887080744756367
-0.1018412919974282
-0.1759997334482152
0.7707294999851535
-0.1265306372972416
-0.3651263125714846
-0.0322917356101352
0.3506926529905919
0.1259401572869311
0.3138779387359578
-0.2734880856622831
0.1643763968235310
-0.4769133243057250
-0.1874661705912724
0.5345435144401517
0.3353988578057476
0.0695897990135312
0.0684121516444580
0.5512429607230029
-0.5134887739132959
-0.3037420966256034
-0.0578322094991074
-0.0236695540963510
0.4637839505786174
-0.3341824178132276
