0.0352396382849851
-0.2987805152911993
-0.4718230369121875
-0.2276750980719413
-0.4091606066587375
0.2010220298346952
0.4559708863360810
-0.2526459198822163
-0.1386815838268791
0.0164407359213102
0.1575484251008432
-0.2151843281468086
0.2303978503540960
-0.1084524057981556
-0.2236433626327843
-0.0704339334093236
-0.1242127060621103
0.3511069341072039
-0.5071127199883998
-0.0148451250915728
-0.3242611394773684
-0.1325616018424236
0.0454642895806247
0.1744378469621441
0.2607642409541351
-0.0507259870896106
-0.5684484728169075
-0.0039916191972556
0.3989983227251048
0.1296256662202617
-0.4255903375951560
0.5521153722321941
-0.0014812700937851
-0.1872859459630338
0.0894110344427564
0.3326442403125289
0.0279224666040821
-0.0542560255040824
0.1793526133499181
0.2700415493053949
0.1838091377670597
-0.2042431985705818
0.0646347294515198
0.3264072860343046
0.0106271557963231
-0.2716610376794347
-0.1901205379535568
-0.7145425157036810
0.0490904156526015
-0.3373509254834003
-0.0636341172255092
0.0756204231821960
-0.1239949473172742
0.0980246078913251
-0.0421755278780098
-0.3404490312280836
0.2382916745276404
-0.2974866623966291
-0.4450335845845387
0.0038861425531371
0.3831598963382113
-0.2817597857577370
-0.1851652267695685
-0.1070850239918411
-0.2292899091494457
-0.0302448210807015
-0.2651562216106209
-0.3248002067436137
-0.2833029918372220
0.2741224734517509
-0.3548504117929148
0.0360835149688370
0.0684729356358222
0.2856417765826783
0.4471020909397310
-0.0291672192532403
0.2130091672944209
-0.3503947958162649
-0.4876645227269201
0.0403687457155412
0.4019620278493257
0.0914954051167128
0.0089553764257349
-0.0901530418316829
-0.2876905104134886
-0.1556644548214517
-0.0203571542429375
0.1208132651336867
0.0387901800982307
0.0894531922698908
-0.1326435033025471
0.1839411980419957
-0.1095822765059388
-0.3340591911665015
-0.3284889133184815
-0.2627660795108538
-0.0261011338213333
-0.7182069392234715
-0.3874396657977777
0.2524324191091988
-0.4864592640037103
-0.2120370790214419
0.0140310162170621
0.2077793467861186
-0.0436495445673673
0.1161990367153393
-0.1761741750656442
0.0784123268198430
-0.3262752154268811
0.5302371854894365
-0.1113271718224930
0.0927515728803169
0.4433133361438781
-0.0142940929383606
0.3019777219245702
-0.0523052841019823
-0.2260219506237437
0.1994355603671830
0.0101300741233627
0.1700037667535269
-0.7049737337354782
0.1320356474272628
-0.1208052140951240
0.1206355021381841
-0.2014664366430425
-0.0729471516553095
-0.2926975088804344
-0.3991422291340629
0.0641030456958317
-0.2532239616677549
-0.0730320939339239
-0.4433447206100302
0.1143778617139015
0.5811421122268088
-0.1356888689154802
-0.0788518649573512
0.2878407075689477
0.1056879287306335
-0.0430961013867477
0.1165196342825053
