0.6225760176668024
0.0952927511525705
0.5914257127845376
0.0135437650038043
0.0817101436838817
-0.4966629026914558
-0.3630587977381893
-0.4479780898833673
-0.4932514078497839
0.2602409539846040
-0.5843408135969214
0.1225864937814427
0.2426892463006887
-0.4482570628512720
-0.5567958749011627
-0.3250278337146321
0.2821506517095816
-0.4948674631430470
-0.2399118781642853
0.6727504648978917
-0.1297165456176121
0.2715147474249040
0.5822710776108595
0.2454849376175021
-0.2316430622873022
0.7761012862133524
-0.0018353860247473
-0.2520374637622758
-0.4664681785272567
0.2507777340036874
-0.8401647168229154
-0.1447446601684805
0.1811783788498126
0.1305283261632919
0.4725555350171565
-0.0004993892205276
0.5616694200700215
0.1778023747781900
0.0861449452288523
0.5007763621994955
-0.4759965845306874
-0.4100525735443198
0.0438246979346868
-0.0447826054998197
-0.2769887872553222
0.1799519197044540
0.8754415814381783
0.3472325876327139
0.3267492118982127
0.0930708212965793
0.0348254470208313
-0.3958559891770933
0.3016963541034836
-0.7972686553102204
0.5316367658582045
-0.2126687361714076
-0.4385838445465186
0.6648330274200711
-0.0762610867555641
-0.1787732123227736
-0.7426055765535203
0.4397494045613844
-0.0699070927482586
0.2220035986814414
-0.2437659907195305
0.3762485364543272
-0.1901492117685946
0.0395970890031055
-0.5700600250855761
0.0438051033506372
0.1320676825491942
-0.7860955131230682
0.1655310977169328
0.2076481792972763
-0.3606201384023849
-0.8928116060962452
-0.0268372455472090
-0.0400250343295325
-0.0115854247197006
0.0485215840492277
0.3761095722423528
-0.2171625075467736
0.6649834152981475
0.6055497718416722
-0.2273651515318350
-0.3731204432902738
-0.0223351648440239
-0.8668105564272213
-0.1089050504823894
0.2129941603070965
0.2367935994863958
0.4713417128816315
-0.5729477452292404
0.4470297987517347
-0.2078558279382300
-0.3878878394547993
-0.3918915004334445
0.7266829904894062
-0.5305921340521628
-0.0916129517240415
-0.0568808514206959
-0.1587340742293039
0.0058949095345284
-0.9454965100131977
-0.1343465882552196
0.1946993203767143
-0.1944703210234758
0.1105715275489014
0.1169266751680001
0.1716836914421391
0.1810388125950890
0.4113505551800282
0.0177191896816325
-0.8686510013412905
0.3468568556523042
-0.5943293748675892
-0.2105333302241724
0.2018869083133338
-0.1855126467150365
-0.6379383723226582
-0.6451967094497404
0.4100007688006972
0.4183548864820241
-0.1173379489904813
-0.4485520364312320
-0.1601019706149158
-0.0517284183225383
0.3686505487830996
-0.4782376206492379
-0.2188151051741009
0.4225340842503513
0.6374124404260462
0.2425243430454000
-0.2034881167567657
-0.3055634949789627
-0.6275277284619410
0.4962293491489657
0.4078858455009367
-0.0016359995742862
-0.1885898031266875
0.7485682172242247
-0.3750812586745179
-0.4751479195320999
0.1939725181030359
0.5387440401687903
0.6318474620489223
-0.0082298179294658
0.0927792152780686
0.1678392356388949
-0.5231423536422281
0.3540901548387707
0.1734835650425012
-0.5873321488227679
0.4154779436701952
-0.4780591764683879
0.3136910326795826
-0.6139895184659744
-0.6510246919626842
0.0760698456600584
-0.3667165321360091
0.1893377106200890
-0.1518792831341753
-0.0274193228262952
0.2371671897304993
0.7722022706790805
-0.2505848097965674
-0.2683152987835047
-0.4603452091062681
0.2394081189945621
-0.0190063172274788
-0.0610977818820778
0.2232053665810547
0.2999940819008040
0.8937407278780211
0.2248822466335341
0.4662256849401342
-0.4596479524058680
-0.3434734589660611
-0.2105164788458800
-0.5987438023232240
0.1915197682467229
0.4826112125913741
-0.6947769078268816
-0.3143612636706546
-0.3456744621967208
0.1713995516059454
-0.3779689990419147
0.5118186187799759
-0.0227904947350543
-0.6224918699364562
-0.1106487742766069
-0.4415002278563862
-0.7469579476135002
0.3173216749858803
-0.1558036188908297
0.2647633651036577
-0.1667726990862072
-0.4681594159687410
-0.4100801997946502
0.0128441281484364
0.2436878944589750
0.2790035776519542
-0.8049032090340207
0.2158084705167605
0.3400678833154428
0.3653222057258075
0.0311991222102996
0.3848031692617714
0.7580688775008573
-0.1648582221333801
0.4886964433359828
-0.2795585561901674
0.3248710638412215
0.2405296898446661
0.6804531167394497
0.2379298552790300
0.2640898626435624
0.6814753102301618
0.4208420374279436
0.2346850038357652
0.2838132272381100
0.3912964688677912
0.2232308539212143
0.0574094053261359
0.3329895788690874
-0.7412135860896435
0.0895250708627773
0.5278046683058404
0.0810611872241651
-0.2391156446720155
-0.2033353411227703
0.7731454180231986
0.5423713909173118
-0.0546531641676523
0.1651515240947715
-0.8435202498915730
0.0157170665426057
-0.4813810864150830
0.1565467876695348
-0.0686796101001713
-0.0693710256963997
-0.0736363717911343
0.8669670565893600
0.3756007220613985
-0.3107795128313449
-0.0217637387256206
-0.4876817780944775
-0.0397448972527000
-0.5896853477996691
-0.5759699483514724
-0.0618307316989331
-0.2780172589263863
-0.6783863949999314
-0.1058643045593852
0.6641005055863239
0.0319912047972389
-0.0932975557846389
0.2789754388461054
0.4291605542266416
0.6121174425536210
0.2268939876847304
-0.4103088226930119
-0.3783768307828452
-0.2795178304098371
0.0666503711063087
-0.4776002928378500
-0.0114643167076660
0.6757098933930616
-0.5232167051253453
-0.1923140067793616
0.9117638684938150
0.0704157941413775
0.0448132117676578
0.3230734973690419
0.2240311025121434
-0.0845790783860210
0.4026344491722134
0.6741382427355086
-0.0513724332109774
-0.4606165570691704
-0.0361269321866069
0.4090369607404450
0.2237442320797359
-0.1748569853482938
0.3990458485394318
0.0466095061525817
0.7131727067011231
-0.4993377698534400
-0.3284485111279974
0.3879175613026951
0.7387701916641701
-0.0451937026786245
0.4229502609104053
0.1221914527013774
0.1741017589471937
0.1740711533673085
0.1335702154671167
0.7469245357486444
-0.5432660851073124
0.2617489394549341
-0.7323642598138512
0.5872858682738510
0.1072450670906283
-0.1439537625057913
0.2847730989269658
-0.0736070094883916
-0.3712204611688429
-0.0456299889302388
0.1590936682241842
0.5192310755556742
0.5280327933024920
-0.5351475847140271
0.4012124843281195
-0.1343447897372949
-0.2952004630157400
0.3233359951207442
0.4720922589407662
-0.6375103448827133
0.0676077466035232
0.2775940275783416
0.6873583985081106
0.4950546403572811
0.3156688300145449
-0.3180931833132636
0.5990168679206260
0.3221472743900813
-0.0376614352572951
-0.1179913350485952
0.5873478370844852
0.4208112462489479
0.0529601353166084
0.5628418859504806
0.6634562656534017
-0.3756994908472381
-0.1759264579324989
0.2610168443389171
-0.4816974539673402
-0.2355885086423190
0.4153808860113703
-0.5483457838014810
-0.3554488436956902
-0.3360020206427565
0.2166245283918386
-0.0243584526935908
-0.3847395519086844
-0.5129465476289373
-0.7046069679393073
-0.2118273275227320
0.1020694952860211
-0.4801719277588573
0.3772166087112913
0.3673829093490558
-0.5224743746795582
0.4569186949099157
0.0772784119571080
-0.3322933233456231
-0.0641869153816639
-0.7536117112561155
-0.1653809027803571
-0.5331114141080449
0.7666593828572633
0.3358217078026190
0.4723668973023835
-0.1248325366190318
-0.0888647866008208
0.2298838251857249
-0.3417794307628176
0.2982381038950537
-0.3942781843789291
0.5418433352430233
-0.5868884937969898
-0.0274456429474700
0.2692809843293575
0.2851516467672705
0.3766153562808781
-0.0242169939332772
-0.7446962868203792
0.3862358616683965
0.1219304151594974
0.5467484616508493
-0.0993975241643726
0.1699961853116193
-0.2596974038516910
0.7615627230528321
-0.2615341181798409
0.2427777851581135
0.1523512352024788
-0.1238993500352182
0.9032912485365895
-0.1347658138103013
0.1201547099866979
0.1937462127687990
0.4181995743346321
-0.8202360739659595
0.1376221904490019
-0.2853196144554737
-0.3333997098643978
-0.7118102270870966
0.5181554130575242
0.0199815209945629
-0.3338772025610883
-0.0425741050929304
0.1953615212595212
-0.6301086686778554
0.1933052452702998
-0.3833506967985761
-0.3318850726889367
0.5199274618727897
0.2038037730531705
-0.4636795695381289
-0.4166069370721673
0.1181041402990330
-0.3700652588036946
0.6473075429317623
0.1376362146268583
-0.7067527202968646
-0.1034201249628154
-0.0690003768215640
0.3527010178388261
0.5845528911422689
0.2209572484407799
-0.4690373367927974
0.6396581814302164
-0.3982290843339998
-0.0114930637775957
-0.4041049218466612
0.2944814167997589
-0.0579108408688409
0.9136279802587497
-0.1142775412599235
0.2073413959857749
0.1384237422989459
-0.7666073918741095
-0.2792143440223673
0.0553406828919127
0.5151164286813742
-0.2034224293695502
0.1567298496302753
-0.5923546602410364
0.1336586626705452
-0.3170370647476393
0.6440111327924629
0.3398727856582154
0.0217937690256265
-0.5855211641900044
-0.0799585087827729
0.5569589869228558
0.1215075644457667
-0.0234039959657509
-0.5703125939342181
0.6215289613877669
-0.3580531010645367
-0.4209304157648135
-0.5429512841847410
-0.1016298855092079
0.0565029329495333
0.5892202415726241
-0.2294627245675934
0.5601898455919447
0.1086218739781717
-0.5204112800033939
-0.0610498975387183
-0.2304471419717402
-0.5212074636427845
0.2099642490457632
-0.0817827155690996
0.7812545397753998
0.1187638001970005
0.6660778264240446
-0.0101767062668007
0.0521041466180518
0.2800077739795984
-0.3239653437451792
0.6084110652051312
-0.4563175425863832
0.3351922963073009
-0.3368284655770779
-0.6314294671270915
-0.0849208742918670
0.4000653481048522
-0.5300531504691953
0.0562216413179563
-0.0785663464555301
0.2362129578771556
0.4482688865367750
0.6730293885290822
0.2642370791245968
0.6070097077115185
0.5876285591883766
0.2911381018135797
-0.3415428094426179
-0.1224653917492626
