-0.4046334937644011
0.3800146332212785
0.3065702617677605
0.7431141188507610
-0.0688803078440139
-0.2022676405590612
-0.7021463673918592
0.2296323021860693
-0.4940868965669162
-0.2496321795005581
0.3824060599033744
0.0398372124902509
-0.2010105777449931
-0.0425693931712339
-0.3098829387733896
-0.1554414203501363
-0.7988510134126690
-0.4465760650392148
0.1172750606034111
-0.3987195876191904
-0.6421340767595725
0.5973116690236124
-0.0100858311727501
0.2409359336652836
0.5349306841655301
0.6071660900665097
-0.3848012975569419
0.0496844088171292
0.1941277767076677
-0.3961973364891150
-0.0543386351213463
-0.5228936400675804
0.0738726572253934
0.0453141880759832
0.4160178474474279
-0.7369180140210357
