0.0783851102727208
0.0592394427007218
-0.2999910762124674
0.2894874709461031
0.4855168630202487
-0.2974646663213047
0.2122303504320762
-0.2963365567775430
0.2165364659743480
-0.3841454926004219
-0.0716841518966787
-0.2678843251851175
0.1774310076152566
-0.1760574751638894
-0.1601420177243761
-0.0520146250946767
-0.1244821433807026
-0.3940224983952841
-0.0460417053029024
0.0326876394549316
0.2364796104723160
0.2891837792163025
-0.5875983943848957
-0.3843707911799010
-0.2626022569253313
0.1303087466005288
-0.0832487599626352
0.0166421274368818
0.2716530119147175
0.1544376653557027
-0.1795266827463689
-0.0779221956805819
0.1958155958493525
0.0248935196587218
0.3321435278483417
-0.5107401927197603
0.0588140174985367
-0.2002877791365790
0.3883564969599259
0.1418864904467256
-0.4196579020097902
0.3373976034624666
-0.0672959794500625
0.1147642997615904
0.1714166859823294
0.2424687636140459
0.0837932859142620
0.1907359075512592
-0.2747584354750621
-0.5297811051198248
-0.0092562146903837
0.4624495030332399
-0.3334205893144729
-0.0800931894829286
0.1524238524446711
0.2476255230385322
-0.1876801330734450
-0.1729421191340128
-0.1561709044744644
0.1898529977246890
0.0603349090396906
0.2870382031323043
0.2678087214578245
0.0598554675977799
-0.0720747376101033
-0.0576275132567617
0.6332142364481943
0.1550540651692233
0.3876427614382092
-0.0795044676889393
0.1524413955547256
0.4606521680519808
0.0419834092715833
-0.0620302553197060
-0.0866592224459339
-0.0153359535881375
-0.5516496004941849
0.3318545710258210
0.1266072280313847
-0.0774020386432067
-0.2543852316625263
0.1337336239574150
0.1087841001854579
0.0558909158510059
0.1841908049590812
0.4334434358300409
0.2657299170733859
-0.2747341627951070
-0.2758406703279173
0.1475347836469776
0.1719677177084349
0.1970886227478852
0.4593336664464220
-0.5141387012277309
0.1513472488772330
-0.0763174004144484
-0.2825013601871921
-0.2034263495041317
0.2940268869547112
0.1369486686101007
0.2901799238182044
0.1291146513720531
0.0382435084742733
-0.0303568445220717
0.3128445151623144
0.2010140015480814
0.1868436434895115
0.3872547687891678
0.0136155732127134
0.1823409698356337
0.1058975427402853
-0.1224422410797490
0.0964366253040028
-0.2033355902207781
-0.2322283748617508
-0.3284430405030436
0.5974129989573154
-0.0769378582042608
-0.2883737017834281
0.2380025460386673
0.0742454473615472
-0.0421008384822463
-0.0263253286618274
0.1958409586117803
-0.1194703436155140
0.3218356699170365
-0.1657089190404522
0.3687436264352806
-0.2754617072383167
0.2094049154862550
-0.3964848915673816
-0.0310473825545803
0.5564110656967757
-0.1544428434735342
0.2470751175374267
0.2502911227948906
-0.0978575427546163
-0.4468793221581039
-0.1354452417027264
-0.4853705984221358
-0.0576825309081787
0.2074481608389404
0.1445302061238682
0.0321571082292292
-0.1736782341506582
0.2249643670400591
0.3274511023369236
-0.1098882827899474
0.4186613826557443
-0.1746765968666157
-0.1635514716631926
-0.1329361692782911
0.0341219667523800
0.0238366589599446
0.5866224128934427
0.1578170841144539
-0.2036264601093878
-0.1862684725378017
-0.2072457179005115
0.1607485217926208
0.1855250361133905
0.2643166482352767
-0.4499926340774438
0.1781594675451914
0.3183500567263583
0.1447798346967731
-0.0035888876591930
0.2999364851872331
-0.5361775545148475
-0.2010359280315661
0.3813746331877876
0.0369799775161714
-0.2557766356065145
-0.1052197943755677
-0.3945131024878556
-0.0351077006533854
0.2182152221320880
0.0850452951818678
0.1139476327963981
-0.3363739002208802
-0.1829690609525417
-0.1069810240122278
-0.2417136449124914
-0.6953004732244439
0.2061177161825551
-0.1729975043229251
-0.2266298587099018
0.2564231662160245
-0.0368451505078611
0.2009035548504939
0.0891184086921898
0.0805537929254286
-0.0947588240081447
0.2530953652013525
-0.3074008135500021
0.1606298479595802
-0.1382571941185100
-0.2779748255282293
0.0747266698702832
0.0413872787079785
0.3227599174709057
-0.2589976875462139
0.2107659198088788
0.3625200208239381
0.3157303029326721
0.5863574275653769
0.1491991553471513
0.0734926231537362
0.1116389172644888
0.1994837114107839
0.0175841193536247
-0.1659060723814040
0.4387394413218574
0.1817865848761785
-0.2024258907276344
-0.2340772362475320
0.0260578194890579
0.2610021252610549
-0.4367174323513287
0.3079174930967933
0.0538355128489449
-0.5231967255500424
0.0454305369456111
0.0154320011974982
-0.1326172925188532
-0.1677282150339843
0.3415206810301812
-0.1948223800996642
-0.0239534925773163
-0.0823236540271862
-0.0830617170145876
0.1633722227823743
-0.3866526163177872
0.3403946337563574
0.2851949078015853
-0.0137474991234246
-0.0981056224163984
0.5116369224432206
-0.1704069743860467
0.3591725945186918
0.5513321261341014
0.3329025605500727
-0.2344095434675667
-0.4663716947582860
-0.0952046289810038
0.2274539808029938
-0.0373417039693967
0.2010057026017744
0.0534425516530519
0.2603604619425375
-0.1376847717088471
0.1600200989594785
-0.0375993844790438
-0.2970247128986792
-0.0729167425737877
-0.1712045668275245
0.1084186976585028
0.1336902886234985
-0.0898521268570185
0.4162871833341459
0.0877131828434347
-0.0457284163688771
0.1594070024632669
-0.1508159454704461
0.2385175537501696
0.2175060126381287
-0.2640750618810546
0.4602506318875776
0.5215451566840342
0.2097069647434711
-0.0841809587973473
0.5231293872847574
-0.2794876152619799
0.2974539933617103
-0.5037880740855861
0.1340426462167833
-0.2900045414533464
0.2956936950532904
0.1632904755438215
-0.0868546917480612
-0.0145427220080380
0.1508208145718704
-0.0858622655105287
-0.0593303033303663
0.2032028932975704
-0.6087518369020362
-0.0332270370056685
-0.0937720367531943
0.0900111127485199
-0.2438057959073888
-0.1407760173772168
-0.1449983666777781
-0.0537812821275867
0.3586278367278202
0.2167402912308578
0.2249383283032226
0.4188396384251900
0.0425542483843052
-0.0020907348337645
-0.3237536954992358
0.2743936471574435
0.2147108462785633
0.2477457238691410
0.1059708415837362
0.3723052876928295
0.2170818023761099
0.1773576675866838
0.2533960861609252
-0.1705450831379436
-0.0496367172785645
-0.0972740998778473
-0.0319996212707000
0.2887498006867589
-0.1827509170774365
-0.6048045639590397
-0.1363449261620681
0.0145197620507611
-0.3634336535767336
-0.0541303482057072
-0.0292124281445555
0.1419969716765234
0.2579953433205238
0.4071723479765710
0.4950037930273677
0.3431458462229171
-0.3792941576600533
0.0750724429806265
0.1134417049754809
0.2595991661454433
-0.0167091083785836
0.3060840430714920
-0.3299637733749503
-0.1555387810506207
0.1536380820269618
-0.1064139286451556
-0.2753858999505076
0.1037493281956275
0.0002445584358040
-0.1697780747605662
-0.1017041774999089
0.4021097817667620
-0.1748341788245973
0.5539135554622364
-0.0481811002409178
0.3333840829329656
0.3574663003483283
-0.2518204520989339
-0.5460511568064653
0.0159230586541736
0.2438418560464529
-0.1542838026198869
0.0095750427836233
-0.0820587946306397
-0.2848620672570195
0.1725687498964195
0.3433065366356070
0.0243940004382125
-0.2689511187550042
-0.2528456046727672
-0.2337622818228700
-0.0783734607292706
0.2099783073838263
0.1125975065318273
0.4534326815588973
-0.2564454479717937
-0.2692067499938967
0.1630971277152919
-0.1087122516083091
-0.3097181731669438
0.2108113566500191
-0.0362799850621704
0.3070811545223250
-0.5144431688474177
0.2313129335306512
0.0263144883764222
-0.2202147779384665
-0.1181693886206265
-0.0626297073337039
-0.0965452561625451
0.3503320270826061
0.0730372463826314
0.1234160857275012
0.0895488391838362
-0.1358824136132492
-0.3729398215387250
0.6281917023674326
0.3337348636340403
0.2546303118088664
0.0155734157949792
-0.2105930795389073
-0.4324600853674619
0.4210356773078540
-0.1384490093926496
0.1204880702525847
0.3293198440695374
-0.1770162538781731
-0.0672901861035672
0.0045573361094749
-0.4161114254684722
0.0414903920201311
0.2084804382429870
-0.2750576516746747
-0.1814426873451033
0.0004916993615476
-0.3616268946858560
-0.1011310683336407
0.0583040904883654
0.3499332557568858
-0.1011941581002364
0.0604621114511153
-0.2676465855563698
-0.4523429513860627
-0.2256551910978817
0.1607186103673364
-0.0593996124081077
-0.0143618038296789
-0.2757692729885675
0.2997862385768462
0.2011387073798901
-0.5356421556035081
0.2784000312492555
-0.0301187352071403
0.3419517485612694
0.3617441328400955
-0.0312592109830453
-0.1342847561370087
-0.5258323765606625
0.1823708489775183
-0.0314048450999779
-0.0734333133951662
0.0449715463390681
-0.0225502988759589
-0.0708320051761931
0.3726544605734051
0.4384403356094368
-0.0351352600491652
-0.0611387998053535
0.3327466291746825
-0.3246223510553418
0.0129973817224389
-0.2687798217381803
0.3249590716987205
0.1140636591423182
-0.2888162182084527
-0.3076080918011941
0.1137671635902796
0.2069442675151758
-0.1243532305265112
0.4283890427973019
0.3938524954403725
0.0330575494235285
-0.2761257560670839
0.2201505302550725
0.2641341167863965
0.0912534032811794
0.2157374564816551
0.2919796950708609
0.6307557616487597
0.2480702486365090
-0.2455308505227468
0.1366485905029971
-0.2865939965073088
0.0599372440370742
0.0810293089331411
0.1834732831983701
-0.3041717125859972
-0.4685425457284583
-0.3116946034269019
0.2033286758735011
0.1315069392731682
-0.0496553157607332
-0.0681848402503466
-0.3054049500698441
-0.1229507383835813
0.0123565075461338
-0.1657031095207351
0.2790688604624137
0.2090424014197606
-0.4715449726521496
0.2123920687835468
-0.2111579185303469
0.2675978024233376
0.1005889936678978
0.1183811190295244
0.2652544281629768
0.0711467829753499
0.6154249103437354
-0.1365151883186003
0.1331140321481351
0.1040078443627634
-0.1442358605768133
-0.3685653052425618
-0.2882438761821086
0.2324158313854214
0.2541309219784133
-0.0063762800872592
0.3119384080413932
0.0092360068447544
0.2045574846727846
-0.2080117038650561
-0.2011952437773905
0.1158631839842429
0.0820366665496472
-0.3320912919650675
0.2845350025925039
0.2054977805563181
0.2063508272045144
0.1859474943183580
-0.6634393925230481
-0.0777105099854244
0.3993303802676271
-0.0670824435230889
0.0680951618234970
0.1899902551972164
0.3633765409888677
0.2762626943092800
-0.3204275413128397
-0.4913670921107942
-0.0318207226533984
0.0362064070887020
-0.0316394217785028
0.1830726310721238
0.4421911189964617
0.0972943792719874
0.0313631035370592
0.0887586978094597
0.2073881667333420
-0.3906132044670143
-0.2036900104406333
-0.0590916466163753
-0.3826274413606824
0.4070270712761843
0.0911516852297898
-0.4491017145568364
0.3461864520379259
-0.1624863624143293
-0.1189139895747078
0.1517572925455828
0.1892742084946801
0.1011619079947440
-0.1297918111143157
-0.2630327023806620
0.3807394872107944
0.0948328954320090
-0.1908971001325047
0.4224866591585337
0.2475102042921562
-0.1228123312947699
0.0997019249409153
0.2640917194298718
0.3033828153877565
-0.0178341643696548
0.5146507431291794
-0.0702650620341520
-0.1639650315460589
-0.1294595075847215
0.1942818855186009
-0.1428437890283300
-0.1328281445559657
0.0244677389613011
-0.4865702621688829
-0.0852248266925693
0.2998927123546605
0.5041800053536870
-0.3190228915162671
0.2485340544108710
-0.0259171104369867
0.2430736693578677
0.2642060233340252
0.1599854152530499
-0.6989226410663703
-0.0322159995956808
-0.3024807304475551
0.0107798555028419
0.0897686248425515
0.5290118327665546
-0.0443714707163944
0.1179793421790588
0.0999019889144789
-0.1014658671349384
0.0901587005384098
-0.1964573359565234
-0.0907479829170347
-0.0703742891075378
0.1867379262578888
0.1913238893733738
0.0677445589787826
0.0224372865043382
0.6092588189260580
-0.1344816769992113
-0.2411733686517025
-0.0863899662229779
0.1752541655566281
0.1299917542741751
-0.1445335020219905
0.5005989636721573
-0.0499998100308474
-0.0257227061692727
0.0223850214217242
-0.4250048237363622
0.0842612387116520
0.2215833504301435
0.0996961203825561
-0.0263083577393907
0.2493667291445129
-0.0745825311289809
0.1849345871015920
-0.0963430829231287
0.1448903418626232
0.8098747016062959
0.2041405395108487
0.0476360295006444
-0.0637881873808679
0.0595606901391482
-0.3057631474928533
0.5556201277643551
-0.0150768936884478
-0.0393786280309949
0.3981828122956973
0.3704098238693761
0.1338342043044828
0.0601320376094290
0.1110081599259502
0.3838297322077261
0.0874347173721954
-0.1797808886772227
0.1468736811779939
-0.3858112391392022
0.0209477854715399
-0.0418660473570902
-0.1896982567550611
0.3473305584743009
0.2127524526405940
0.2031602252371686
-0.1999368131379334
0.3391650014970959
-0.3057113111006810
-0.4593113493381585
0.0167897712132933
0.2729665469554790
0.2553902542245408
-0.2851164991166100
-0.1463927602780073
0.2171902239883358
0.0865664866071353
0.5500911732991006
0.1072978348575138
-0.2487235336025724
-0.0629510340770725
-0.2465482236874922
-0.0455265735996884
-0.3547220617358106
-0.3281386047053062
0.3252200218766947
-0.2745177256265419
0.1685762877305776
-0.3257269939060927
-0.0642030166100132
0.0294764194357768
0.0553560840884011
-0.0297750450190240
0.5491996396062490
0.1079671717950062
-0.2177496802209131
0.0495780882263556
0.1849658080626952
0.1176694441764972
-0.0036931326781072
0.1543186054677312
-0.4887523037725000
0.0836732378622467
-0.2406315804570102
-0.1921525967035508
-0.4679994728611345
0.0659344607945630
0.1095540964680385
-0.2157124655658567
0.1099177421036572
-0.2929604353265046
0.1616018976116401
0.2847743092321656
-0.0515736759162742
0.1202735984206833
0.1893211987504379
0.2641700495636493
0.1673098109849771
-0.4974531584240544
-0.5400709090339089
-0.2151090967352017
0.0138594037457009
-0.0845723020001596
0.0184778123741374
0.0186914291950908
-0.2489073360298243
0.2139321594718379
-0.0857346001137376
-0.2884644272798290
0.5476511122732441
-0.3197533994432738
-0.0793229775122922
0.2882949727689452
-0.0822186289426595
-0.0186459316375334
-0.3294885215269797
0.4320097054069779
-0.0143330632586864
0.1840332073984906
0.0471086998518713
0.3324941649521154
0.0465798146995462
0.6554905188296752
0.1316584735234538
0.1230549531837210
-0.1205395249534337
-0.1123126244165938
0.0382188450520736
0.3335104901714900
-0.0065509209149995
0.4967883449356899
-0.0465334707176799
0.3291087726203186
0.6211292831644323
-0.1662687845176122
0.1735053579941626
0.2423323434450268
-0.0941218464497783
0.0969222702973265
-0.1229471731643491
-0.1385800002331341
-0.0593697673415767
0.4479341786913874
0.1469767863563213
0.0159684502645008
0.1316767959444459
0.3057326135605422
