0.5036715689664407
-0.0103208146686466
0.7092819664398440
0.1095439540270606
-0.0925125671926073
-0.3329559551956143
-0.3342295654636407
0.0720555191604356
-0.4992049404959263
-0.1901774328680964
0.6159201440770650
0.2595474726552122
-0.0850439559360199
-0.5054502791450521
-0.3989842599977595
0.8050754281582266
-0.3044514344462005
-0.0012072601126765
0.0074639818136318
0.2718734897509510
0.1612515934268096
0.8100586183653676
-0.2399261759454866
0.1226322189871642
0.4137641425161828
0.2152638815119242
0.0660074166689052
-0.2220484640870483
0.2343315301204519
0.2695995922233048
-0.3964723154551287
-0.3116999340248661
0.0482289661205074
0.4840073248139322
0.6176313823182774
0.1547162855459942
-0.2445015380315099
0.2628066848080288
0.1613409897453737
-0.7733426200358441
-0.3892842077797160
-0.2675492439620945
-0.3896159069630040
-0.1601674623242121
0.4642682420622109
0.0152193281426535
-0.6501768118931316
0.2094086724083722
0.3744159741704607
-0.0806939418960972
-0.7381530053028372
0.4670784859253116
-0.1243823429689843
0.0861971777622779
0.2441661784585185
0.3846274471351526
0.7711621857369351
0.1835685321125736
-0.5699870395208526
-0.1642475718825426
-0.0822949264957665
-0.0904567618667060
0.0692394867258385
-0.3345828763551996
-0.6284192288110451
0.1998643219930467
0.5213524864799414
-0.3643004118583699
0.1239758567468167
-0.1824954964090069
0.1912626206139061
-0.0739273450612718
0.2095670256843689
-0.6520489499570667
0.4187494932262155
0.1404900475563031
0.5420134635543677
0.0591584606183632
0.4731829019229050
0.1925591292195500
-0.4641609653285318
0.2161135850931358
0.6870635449367329
0.0362270816067224
0.2008424075305172
-0.2631622639429161
-0.7435587689457943
-0.2271466044304553
-0.3765651851974671
0.3578152697911052
0.1268842834823515
0.6583036538417607
0.0468715567217616
-0.1582501964365500
-0.2913237556902089
0.5171712153104110
0.4311620035179714
0.0340582146351235
0.2645652845655659
-0.1562168503813729
0.3237908398828408
0.2693486976034533
0.3389696456326794
0.6647047787806636
0.4141007285344449
-0.0775383504399776
-0.4073105795261515
0.5856521689280090
-0.4656252821838068
0.4046887686864565
-0.3112420615944378
-0.0874408899301181
0.6501249050295067
-0.4813893920286405
-0.1670303841172786
-0.2783654254317284
-0.0412437725221142
0.1571261978048890
0.4624129226135889
0.2663906215903320
0.2869962518072824
0.4415821321082835
-0.2115671602915727
0.1842488528401152
-0.5744810273645091
0.4928870609901111
-0.0532013336910833
-0.4174285470873380
-0.2519935047917893
-0.0093587432348118
0.3914447065474281
0.2574907594413883
0.7347137293913557
0.2630583243281066
0.1861203524189718
-0.4629301136630737
0.2485872045830747
-0.6085987191186343
-0.4994830466088771
0.0135620513221496
-0.0332146891069118
-0.0063976897550594
0.0716823366751276
0.7474674769098820
-0.5584792114252113
-0.1059570893094819
0.3344905577068427
0.4182246113409529
0.0562111136376331
-0.1769083205470071
-0.8368227675167802
-0.1927819064312554
0.2279137776199125
0.0353558139896680
0.2859302686145367
-0.2705235663541191
0.2651883731709352
0.3131001676050132
-0.2976815627153531
0.2127353763434850
-0.7367724480387918
0.3265935108153359
-0.2720993764606464
0.2518088221631074
-0.0872279827290078
0.4818252925115724
-0.1444405130106613
-0.7037496215489227
-0.1587588769392276
-0.3117723815345566
-0.2408083759657944
-0.6045166631191603
-0.2672296002008416
0.0831278093588542
0.6130600617141477
-0.4611033168371709
0.4741070044356296
0.3238429936561712
-0.4655611766974226
0.4655661685901652
-0.0096792014760578
0.1553680838583435
-0.1166946345671795
-0.4440034032551606
0.7509719155743521
-0.1476906745830093
-0.3254152618265594
0.0593989334286120
-0.3066735412433985
-0.0832288505979062
-0.3897728017887529
-0.1223815138408738
0.3194395318180368
-0.3424003755380710
0.6083720345464552
0.4865970842586104
-0.5293246011569748
0.5100651869798281
0.4704397982722062
-0.1452220641824109
-0.2594771396993430
0.3851187131263998
-0.0400138812259159
0.4274104843251035
0.6430742634923247
-0.1395435462086941
0.4173367576676252
0.2754291623568872
0.3660104069990586
0.0175658027293877
-0.4837449143077975
-0.0138148988700040
-0.5869720215941368
0.0254828990891040
-0.6404508668527933
0.0037908110147451
-0.1020920715316150
0.6034906545740222
0.3888488339416426
-0.0089024331325121
-0.3180393019066426
0.0929477772410616
0.0883706613710302
-0.6057381449321914
-0.1142408208719300
-0.5679594345170298
-0.3130150254301207
-0.0264642312621686
-0.3784512279487589
-0.2147722918481987
-0.6134654714216893
-0.1956044797975149
0.1818204939231006
0.6508936342455117
0.5216204935326290
-0.3872312583507431
0.0820421707189349
-0.2761354158342881
-0.5727781441130763
-0.0573908306763476
0.1450678024591250
-0.0926531659984502
-0.4920251849703179
0.1755181848137474
-0.6050675977569898
0.0928513364142179
-0.6439982455860642
0.0082596051511996
-0.4159365402449408
-0.5248817531021476
0.3307322802173844
-0.1367068634070941
0.1470313183133543
-0.2235759755575799
0.2615502166874042
-0.2343675400409078
-0.1245497494794519
-0.8829237461854211
-0.0999596580674754
0.0820797641494990
-0.0549422775030762
0.0071505325246268
0.1660204315424847
0.4960041866951595
0.6304601001373660
-0.5649161473799940
0.0091489553604340
0.0480244405993819
0.0055588493588943
-0.2930708870121903
0.8284247499508391
-0.4381960644242862
0.1827160280122661
0.2136600770358649
-0.1320922245359547
0.3161874610559477
-0.3872012195987442
-0.3038357178095722
0.6290437957669961
0.4460823694124230
0.0691544768145698
0.4955638912605632
0.2754478433685080
0.4027704418631901
-0.3704401150109106
0.5296691979477087
0.3062077835331670
-0.3510867810082560
-0.6138694486869763
0.1437597688083058
-0.1631702340648677
0.2022599951302502
0.2609387243342770
-0.5861849983325391
-0.1447202724273353
0.2668825151190471
-0.1799179643682750
0.7055904152213174
0.1867889205834923
0.2318898652430032
0.5375299502934792
0.0231570039583454
0.3644239945048750
0.2588888143362897
0.5203606310203636
-0.2269773330524129
-0.6805416856669374
-0.1191830744797298
0.0418216974521033
-0.0733886267959240
-0.9104405666516067
0.0348714565419978
-0.0311931641289337
-0.2657413597709156
-0.3019197367044835
-0.4381817535605267
-0.0540183358055956
0.1384343699060741
0.1646202775701726
0.7454567196238274
-0.0662829088011483
-0.4457754085336972
0.3437378553209450
-0.2517840330445286
0.4196193603249486
-0.5825856353533068
-0.3490202123043087
-0.2418371712550731
0.3502318252901263
0.0184781940186838
-0.3916973561685163
0.6510510491887131
0.4683585444714572
0.3256695696298350
0.1806505611687919
-0.2535926829657650
-0.2509003851020769
-0.1844925095284839
0.4387030965820140
0.1656478037859242
-0.1671576742022445
0.7871994607035184
-0.1883805453255454
-0.0166296522782813
0.0205819845075606
0.0272192967354289
0.5017348308508868
0.1310520373642811
-0.5921497409401086
0.6156339446313274
0.2760103651347342
0.3333607632467085
0.5737398166722824
-0.6709133625671838
0.1331443268202883
-0.0666430266941240
-0.1059153331110832
-0.5643754595225958
0.0010023214798550
0.1424156774854464
-0.0015189532690490
0.2706039984868135
-0.7558204000256569
0.1292431914479151
-0.3581766754411955
0.3431001278490754
-0.5554724904835797
-0.3793998700854239
0.4108305842863478
-0.3263991677887706
-0.1618012256341398
0.2288487007094786
-0.6369159225637673
-0.0009975762057293
-0.1614050686066239
0.7124652152673806
0.0877213069188490
0.0247402058315568
-0.5434188050359927
-0.3635000273365196
-0.1276048731701100
-0.5217608567496503
0.4764299187488865
-0.0162010170736044
0.2383241421539669
0.4647751324465030
0.4131738845106321
0.0166627089462224
-0.4684677801683422
-0.3900713601949096
-0.4894201274261803
-0.0429416268704917
-0.6753095018515275
0.1540773678995652
-0.0356505910153675
0.5188968006990234
-0.3104114399371573
0.3905124527865504
0.0289335301947385
0.1443019257942475
-0.5717815030721307
0.1001066816695012
0.6822198438370587
0.1463984526672354
0.0286198347388904
0.3931233928843014
0.4483122863178073
0.2620093735124923
0.5797497239075916
0.2288937236930805
0.0653116585775531
0.5115428036663283
-0.2755421025580671
-0.1620851246438269
-0.3421761534637365
0.6867564331264046
0.3779996463051477
-0.1613779929685697
-0.3703435331488780
0.2809422932968269
-0.4354946164064407
-0.1309393361950550
0.4799965056622172
-0.3889483480078471
0.0074178134135457
-0.2403142765299736
0.5947401878062978
0.3295440569609645
0.1348186534581803
-0.3277609373103139
0.8245808266943098
0.0807991163731878
-0.2815783169604696
-0.0070019735822437
0.3323659978411301
-0.2490738821639543
-0.6363925326314580
0.3300154172823463
0.3338731976774866
0.4327919779941699
0.1216930775608372
-0.1210234113713350
-0.8726796209179210
-0.4471062028438107
-0.1131165656652917
0.0323472814258656
0.0329529461682097
0.0946153043036289
-0.6325250470627144
-0.0194290982696318
0.1365897451797796
-0.5034819564019194
0.1802014879336229
-0.2772083294782512
-0.4669761256023100
-0.6947879225137645
-0.4776677764391297
-0.0878187984254922
-0.1861589136584961
-0.2347073973443179
0.4310430734942427
0.0764870055224382
0.3217373684523654
-0.3921969131045056
-0.4176259191119283
-0.4729918463615714
-0.3784603393698596
-0.4465364066302156
0.0436687660904017
-0.2655986469882164
0.7304926140207543
-0.0189818993353180
-0.2318989308497163
-0.0586116247148421
-0.5572039665685199
0.1667000001083709
-0.1233069036986735
0.0571744044242598
-0.0402596095864403
-0.8382792987572742
0.0668712017244165
-0.4973166345664259
0.1593671341694816
0.4511073246744953
-0.4964878715708362
-0.4067317815532245
-0.4013702189464031
0.1209875267429491
0.1670735044248579
-0.4253488482614691
-0.3185510196542133
-0.2319121310880001
-0.5203802077457307
-0.6965610853449417
-0.1276524201640089
0.0499720071791306
-0.2644934086623531
0.4994184491787981
-0.0533010063713989
-0.2345277825289023
0.0582652133812108
-0.0984344722957234
-0.5565409652802857
-0.6082063038970482
-0.4427234504492787
0.4082345467922291
-0.4543682333294942
0.4642250407697345
-0.1552361789151600
-0.3855006400262535
0.2065819609408582
-0.2320094609415223
-0.2480715604088684
-0.4939768547314640
0.3284964636580516
0.6044771952713935
-0.3230284210309897
0.2509362686156653
0.0833899438969323
-0.6761435216266813
0.0293661548060740
0.0877727664023751
-0.5479515746919720
-0.1784360999001166
0.4418362319843628
-0.7961860110644334
0.2247288647516085
-0.0977411681253997
0.2326204128744962
0.4358032842142123
0.0135656757207793
0.2486174784899198
-0.2502317578812003
-0.3059183068524030
-0.5954002632855153
-0.1238923550643154
0.5642283866421554
0.2205967039610421
-0.3270025835144347
0.2556964418323021
0.1552927379382338
-0.4550747566687017
-0.2679485204124465
-0.5884221965213859
0.0320379764258277
-0.5332419133349661
-0.2897968206872258
0.2390021891358740
-0.2539161583873997
-0.4123639269739626
-0.4647164685938998
0.6307352883383446
0.1029073972588643
0.1814508775739928
-0.0233269478626731
0.0115687577684810
0.6067361992482345
0.7605920835678872
0.1399897661041244
0.0130892588221684
-0.2243070524601954
0.1746630453301417
0.5938001959587462
-0.1381997068837585
0.1882276936868772
0.2314964761724628
-0.6770975202718360
-0.1298631059305465
0.4804654097306312
0.0357464443763908
0.2797656575652894
-0.2082088225026816
0.5396165041422593
-0.5815539932124009
0.6873043496816930
-0.2065238382907662
0.1659521759544285
0.2204353688948867
-0.2122485093368603
-0.5013050649555727
0.3353692900320633
0.3835560444569841
0.7293397247740951
-0.1827909493514485
-0.2301518023857643
-0.3698651626479588
0.3121541037267822
0.0180421813167844
0.2304353747221793
-0.1376257669207812
0.3551728731474786
0.0928296816401383
-0.0884110931232016
0.0143539254435057
0.8860987587058196
0.7866528403723678
0.2860722162712317
0.3102980255692719
-0.2101668230385488
-0.0652038414305633
0.1222612073987028
0.3737454934331059
