-0.0888579032608090
0.0038295554601974
-0.3121812506063569
0.4708478895632484
0.0963142933872571
0.1333563461538139
-0.2671470021617492
0.0167743280490580
-0.0544422822068623
-0.3089837323625511
-0.2525830468989005
0.0255299304259036
-0.1667880191961018
-0.0400809647428150
0.6177063285088797
0.0188352046499315
0.1601996634564630
0.1600024173384719
-0.0017951210701473
-0.0511809056905347
0.1667370951569602
0.1583050264561739
0.6182972603343371
0.0652364438423864
0.1600794165704804
-0.2262651476096799
-0.0539413015020576
-0.2011477634151377
0.3573040126017384
-0.3518729669682852
0.2174111981285128
0.2962494825639977
0.1020891242973318
-0.2565518638055190
0.1636132644715837
-0.0838492480133897
0.1075922760926649
-0.1107864684084797
-0.4185864007256722
0.0141928636236650
-0.0555077143181613
0.2853096130490980
0.1507432194057202
0.2054960506970786
0.1213173388655727
-0.4709350455021428
0.1657156307344508
0.5265918654042487
0.3447592688315456
-0.1114768928736324
0.1351151892803318
0.2667762456271517
0.0360847930446234
0.4333854820272704
-0.3778321764682133
0.1775445940491101
0.2987367957896911
-0.1480659337121377
0.2681144385198034
-0.2880368965153316
0.2997451094883313
0.0745643444062052
-0.1884225339139977
-0.1376812309131665
0.0090553270784593
-0.2367484727968464
-0.4023301056209637
-0.1157771541583591
-0.1133042277074792
0.2804107536660692
0.1140352091364810
0.2914503680224558
-0.2301943578271763
-0.3494775615237290
0.2515258557618893
0.4011914828372208
-0.0610513310515793
0.1472411588200527
-0.2390518692913204
0.3119006623065413
-0.0220149435589237
0.0477012205306064
-0.3909899827962752
0.1164200075680008
-0.0627981158541245
0.1150697449567680
0.1584810015442138
0.1360271330050770
0.0625226988490406
0.3991960206072252
0.4094999308853380
0.1145770142063433
-0.0864205978162130
-0.4503708700759041
0.0892313640740700
-0.4556968067626045
-0.1073739018199803
0.3378786493051523
-0.0960108232990384
-0.0136306125614677
0.0867717572169824
-0.3694845887351322
-0.1106034253747651
0.6184046963167881
0.5154611403914517
0.0064515910149053
0.0149294669838546
0.0453185458244952
-0.1244102713561392
0.1049204244729297
-0.0332898758159589
0.1748897072015912
-0.5202667817472133
-0.2888171105469463
0.0730338887784094
0.3935768486862051
-0.0436845776235886
0.3088800544292677
0.2010039684198170
-0.0059963603584875
0.2756537530203869
0.3422564474902490
-0.2166928484345771
0.0029706984776342
-0.0155106444396496
0.0434111632465532
-0.2110694477466969
0.2472896717555219
-0.1643741436112313
0.2005324640579347
-0.0585662179535822
-0.3868452137632706
0.4177448789930156
0.4128694345854894
-0.2262855889526463
0.1787126962414778
-0.0984704418268110
0.0834634902305301
-0.4463086839348495
0.1712321691825919
0.1526571271421251
-0.1421223813372592
-0.1346568957058693
-0.2115735626904995
0.2506571550456374
0.0578498042969662
-0.3294793974980722
0.3839957656491015
0.5695183825480610
-0.2820088677684113
0.0494189517037248
-0.2729038069420913
-0.0371401845578888
0.0931938886042201
-0.0306523763143708
0.1607020590774743
0.1521313899566479
0.0904217698326924
-0.3534533116664658
0.0627498622986378
0.2202975940029790
0.4708104181750090
0.2523373162327789
0.4142791707078984
-0.3701014880503674
0.0665465580754959
0.0123883274798032
0.1975131609019771
-0.3450087181560328
0.0547036767987083
-0.2149235357617110
0.2040922700057752
-0.0155634975010775
-0.2057054166430103
-0.2354410230168764
0.0779614492104376
-0.0541565654413174
0.3604373256336025
-0.0206970171849699
-0.0192587634764521
0.2457350900504421
0.2682642606833081
-0.0000894558871829
0.0392531167531094
-0.3401204711267402
0.3346827146939511
0.3289554859936337
-0.3747343296897646
-0.2158741777336000
0.3070552369838855
0.1364505795042329
0.3108458575778162
