-0.1516431050987254
0.2131927552734876
0.6878648501198765
-0.0910746707161552
0.0408745653121351
-0.2810714353532147
0.2856819111230539
-0.1574061124219662
-0.1493315395411292
-0.1115764388061147
-0.3298756395855534
-0.1610050291903088
0.3049624355767425
-0.0233665388729857
0.0340918748232631
0.0614530914313998
0.2957120125106299
-0.3427948890823318
-0.0406745045056712
0.1557203438073018
-0.2889950353250150
0.4409657746534755
0.4909260787910663
0.4109250378250470
-0.2580093276602351
0.0152068122873300
-0.0353878467854916
-0.0911865346505769
-0.1940441844055027
0.5312707048489561
-0.0959289836141083
0.1375297774640768
0.2248816862723018
0.3302980156756348
-0.0228726995216370
0.3137674842194700
-0.5249173294185338
0.2304197680170557
-0.1022746204455967
-0.1883173387902120
-0.1330474214906368
0.0329109389996621
-0.0779354598480231
-0.0055874114970432
0.0567666070147131
-0.2572294679208607
0.4112576033254659
-0.1499278256216161
0.3727976298966141
0.0901570279376599
-0.0487969232015471
-0.0207992279944131
0.0110278741110918
0.5808774057807623
-0.4622597981807094
-0.1781848006799163
-0.2936296197607154
0.0820065597624941
0.1056716713833102
0.1275094166180233
-0.2535635684666918
0.4923416246078829
0.1544407041738100
-0.2436778312226760
0.0609490161600568
0.2169179887277861
0.0827293165800808
0.5589630889525121
0.3179404932357542
0.1362630313363942
