-0.3286480202418878
-0.8468306826246258
-0.4181725406534941
0.2285075081201187
0.9584889049503501
0.1705383763843575
0.1182737751725111
0.1517027343683517
-0.9813244083847134
-0.8545830147508801
-0.0090958625008001
-0.5192351453673602
-0.2531633320309848
0.8924551131906440
0.3734062107877215
0.8880642188988804
0.3832647093023620
-0.2538702537023539
0.1616542878133295
-0.0778606510752287
0.9837711167978591
0.7240420770240761
0.2369835666557369
0.6477668252031652
-0.6149304904298228
0.7881901162438592
0.0248361147370039
-0.2372050104084561
0.8886922360140617
-0.3923772326288208
0.4832146965105679
0.8141697094718312
-0.3219180660583589
-0.3570630408184247
-0.5596485267141537
0.7478632972864609
0.3690637358509201
0.9259145831660593
-0.0804620628630972
-0.2249520009175495
0.5907381584827097
0.7748709733856650
0.2931793274204883
0.7728880366878325
-0.5627521343523256
0.0885759597055385
0.6676217437586777
-0.7392127614042290
-0.8372928369162422
-0.1542684022723775
0.5245397652314637
-0.8851707513490661
0.1211452104761831
0.4492177411176133
0.5868073702652336
-0.3090641207605825
0.7484226609749930
0.3876553752305703
-0.7223283220893180
-0.5726823772061407
-0.8584216957732370
0.3866908430230868
0.3370198572011667
-0.4962230309682625
-0.8488841107204962
-0.1820946734612063
-0.5475912904585004
-0.6360308527767734
0.5436989359287407
0.0212226659202788
0.3999203986435096
0.9163041379367730
0.9690239639049734
-0.1723492628997474
-0.1768849596653340
0.7174262370308639
0.6642081947328636
0.2100644388501892
0.0490076514741332
0.9177960721725870
0.3940160149049294
0.4322740045221488
-0.0159623206479029
0.9016010144925076
0.9445451896039446
0.1580433020047197
0.2878483967082214
-0.6709806503582999
0.6867324328184117
-0.2796131838094523
0.2249779353962079
-0.7362579576603504
0.6382077626969681
-0.9689408551422569
-0.2470340007154149
0.0113058271138498
-0.2421855607119263
-0.1981426228854123
-0.9497818987424109
0.4563582353528076
-0.8659621624507936
0.2045646455994214
-0.7495079772238264
-0.4293765129535024
0.5038587125392781
-0.2015747818648793
0.9723964849939026
-0.1175273725037247
0.6654023099954889
-0.5316423726324722
0.5240192300616295
0.0844863355273876
0.9933528917646576
-0.0781798665382998
0.8199313353717951
0.5707638083695808
-0.0440599629014548
0.5620370870388534
0.4884286448190576
0.6674966454695480
0.4984502639067141
0.2561634772482908
0.8282074663605682
0.4408270551776541
-0.5553146138168966
0.7051930140782654
-0.5195962775625185
0.7909870798742928
0.3230466650735051
0.7620473002522934
0.4548194475479229
0.4608938948504237
0.9969185690986166
-0.0287819593748579
0.0729723605271934
0.3381350289519073
-0.2896735720351685
0.8954071274342633
-0.6214335187529723
-0.7803526286284183
0.0697865084598545
0.7269419664393948
-0.0606964998927043
-0.6840111931321013
-0.0815886374532235
-0.4272575567859845
0.9004411554387093
-0.3443212613859480
-0.3063376007254149
0.8874683900508153
-0.6718844713042662
0.0324626695282672
-0.7399442089152974
0.1074160070573019
-0.7911434559263204
-0.6021244336288173
0.3187853120150376
-0.0541739229887448
-0.9462775020634723
0.8823134633074026
0.4264905481633693
0.1990697485651841
0.0928075506433117
-0.9842415427976705
-0.1505169225530822
0.9422608801803248
-0.3284134132554424
0.0654909434632720
0.7417189667863093
-0.6295978125285915
-0.2312132538775891
0.2933236326992481
0.4602387706783146
0.8379388524615805
0.5390767978102606
0.0982720731434964
-0.8365039185220323
0.6350404130723410
-0.5908962521801832
-0.4975593360839732
0.0783731482288040
0.6397673671542726
0.7645622051613565
0.3725679785843057
-0.9214070502106950
-0.1104633385138720
-0.4897338321850533
0.4850443187666795
0.7244948463898897
-0.8096351992949937
0.5850743814259675
-0.0466777491057306
-0.7324086866518084
0.3353333779836537
0.5925614240963086
0.7100347261366915
0.6351392388868100
-0.3040539999840116
0.2140112582001124
0.9205900569339577
-0.3266697543972159
0.2606767843744989
-0.3348492761724867
-0.9054963149206809
0.7915856320090755
-0.2721006066455581
0.5471320197721129
0.9330242551535317
-0.1780065654993446
0.3126969810124893
-0.5254787993313451
0.2152107378843184
0.8231381231315770
0.3425186580099815
0.6765422166863935
0.6518984567830348
-0.5665375754057332
-0.6862579524384143
-0.4561635653671040
0.5796672066753700
0.3640149804178302
-0.7290260787767340
0.1820544292834519
-0.5249676638508054
0.8314235603405189
0.0422938921148146
-0.1274979492618429
-0.9909366779082329
0.0165466467934044
0.8501247684423510
-0.5263212769409324
-0.9583100887581412
-0.1026923454403864
0.2666384367871896
-0.8380870232964270
0.4517687310765285
-0.3058024771051367
-0.4688374527372489
0.7400464816200121
-0.4822060223106810
