-0.0118897093847895
0.3660223090465503
0.0405701393609361
0.1231132045177894
0.2197533960052760
0.3558875401602831
-0.2359399790347588
0.5306465607338947
-0.4406619664963891
-0.0298535427702795
0.0039728017104103
-0.2505349162156629
-0.0770412182868982
-0.1469781551488033
0.1999293980784223
-0.1073086323771456
-0.0556590674754601
0.1544099563941604
0.2458349935501933
-0.5222817212487052
0.1045319348663295
0.2226149629888696
-0.3451357614883879
0.0526275387405993
0.1239099190642713
0.4822227855943311
0.0237971144166146
-0.2618578361451095
-0.1853933142331692
0.1891463646324515
-0.1644754631646565
-0.2079576306149856
0.5251638199183178
-0.0711439472252568
-0.3276376682965762
0.1787337102890927
0.2673349228145337
-0.2010815366767141
0.0264700541493136
-0.3382973416664701
0.2381056323203134
-0.0731891896137856
0.1467898408809050
-0.2065012821657232
-0.3634928713691685
-0.2998489796970040
0.0304912705589614
-0.0599552947199292
-0.0155075278919511
0.0221034083466766
-0.2637297141480711
-0.1937555778010551
0.1763150421301074
-0.4326352603005447
-0.0699603003756265
-0.2416745688602984
-0.1983905031118743
0.0499656793340949
-0.1700488351020422
-0.3213278979647862
-0.3116446249740562
0.5213841382915038
0.0005241162053414
0.2600527151637826
-0.3297911569726593
0.1481105574509823
-0.4590534327572837
0.0151451774554894
0.2517520167333292
0.1384233734364110
0.2131024124065505
0.1248011209897338
0.0590038264062688
0.0931930380716323
0.0483752228244470
-0.0342783753044592
-0.0577125630054080
-0.6425683800231062
-0.1250243987618550
0.2593762373827336
0.1420119426786796
0.1731144550465346
0.1972594538064275
-0.0311511228579810
0.1660179776792333
0.0786358790282312
0.6618542019760177
-0.0556577879956343
0.1823027486186171
-0.2880516490884370
-0.3503118867452701
0.1143596691979383
-0.1339375350137708
-0.1438410778115635
-0.3652696994253524
-0.1050328315228830
-0.0309923752814715
-0.3808861949165676
0.3660962606854136
-0.1938528802946117
-0.4064862018535663
0.0217650953526402
-0.4410581604174324
0.2100391161655604
0.3213451814806652
-0.1295790581502584
-0.0407341540703454
0.0455186375925740
-0.1683168826631403
-0.1390520604799592
-0.1288681742919272
0.2999142453102389
-0.0305025649461273
0.3516415765717301
0.1413958480178203
0.0968098020242915
-0.0342202027218169
-0.4374783015908769
-0.3439125908673024
-0.0622493198648200
0.1249343184029036
-0.5128103353912675
0.4178111563923151
0.0276929491493880
-0.2054457132700570
0.0819378327445346
0.0909756130873558
0.1422298821817332
0.0390046886682575
0.0944975605018791
0.0669061913921705
-0.0156005825561099
0.0441614790187372
-0.3401412715053060
-0.3264556203997154
-0.0727414981190121
-0.1388211588359638
-0.2933711837846837
-0.5346059989123690
0.4069811438154549
0.1526302971909738
0.0749616905191847
-0.3798390693864940
0.1592166380757642
-0.4579212997901460
-0.2257619711506328
0.5509697714442966
-0.2432148737518846
0.2606428261938614
-0.0053204027893505
0.1602206702740780
-0.2305055200419334
0.1017155930485217
-0.2613704263914210
0.3210301287751267
-0.0636504667332406
0.0198029046282890
0.0055216712341369
0.0063777471521219
-0.2088453914609238
-0.1469630322113322
0.0569647294002749
-0.1457683367474027
-0.2736246994388100
0.1110667762603421
0.2883153264066512
-0.5415377836671337
-0.2563182318048920
0.1687927499874803
-0.3527035322416679
-0.0472383984116506
-0.0847399780144110
-0.0251583439129615
-0.3996054517795152
0.2150606693740476
-0.2360986746416680
-0.2287524723529562
-0.0606980046889399
-0.1428113700255684
-0.5274956301985334
-0.3867695612136642
-0.1987077296590998
0.1290879204868170
0.0381034785558738
-0.1207316087673743
-0.1843478421090594
0.3185468850982808
0.3362985048651929
0.0359193264733234
-0.3127001122347358
0.2716266331016102
0.0465690142527631
-0.0073766310330965
0.1015353914677707
0.5701829247740962
0.0490556297251800
-0.1930332609314748
0.1982648409345229
-0.0986969739998215
-0.3469403512051709
-0.3741426141871547
0.0200913567557259
-0.3803990273147856
-0.2160519964046174
0.0492828964193543
-0.3082400266049361
-0.0923301704889536
-0.1330707269527780
-0.0906428399335163
-0.0405199141549370
-0.3889716719766491
-0.1407280579810836
-0.1234258716609505
0.4368863367199647
0.0848853858248345
-0.0559184878935530
-0.1446554643388077
-0.1819887187663485
-0.1961930863939299
0.0839228252492401
-0.0545531914976214
0.3698140244399667
0.5952164271802609
0.0948773828225633
0.5355502093686504
0.4836478519935846
0.0421028952917828
-0.2159900559269568
-0.1493772645149402
-0.0596412769569726
0.1586391056248651
0.0298122995407888
0.1168012797458612
0.1677164542480157
0.3751695349865971
0.3471992636309313
-0.0845070855358111
0.0489903395006018
-0.0765002093206328
-0.2458779022758135
0.4155206815447071
0.1330117919038106
-0.1398483483936840
0.2330421510003098
-0.0735530575103562
0.1058474781000227
-0.3034849643663080
-0.1519217425427573
-0.2916350441380734
-0.3285075515329997
0.2499367496378750
-0.1242907896296023
0.4222692268697448
-0.0413601781165979
-0.3133497706980626
-0.2342910768840933
0.3185276232057982
-0.2787465722185025
0.0239395270438704
-0.0039845466681958
0.0113558935384620
0.2261446161413878
-0.1586435500726328
0.3119524054956943
-0.4285573046335157
-0.1058752087978240
0.2239608911408001
0.5846671445734096
-0.0513066230632952
0.1280289360716239
-0.0131193056491187
0.2010923495378086
-0.4650517938700005
0.2545430295746173
-0.2199733678387877
-0.0211420663044942
-0.2214165808981640
0.1421715403591187
0.1295215843067383
-0.5122157222081982
-0.2242740573480613
-0.3772613240683980
0.0412722968281256
0.0120603476935178
-0.0653855695846993
0.0815798287258895
-0.3310255984777858
0.0820869514746383
0.1888150580058068
-0.2687331374398763
0.1457453541159785
0.2105297173929013
0.2410391459050799
0.2138773392228070
-0.0323968956545584
-0.5091427187390112
0.0923707297828167
0.0811623207596506
0.0477448546658759
-0.0229656309067691
0.4948993147702734
-0.0276645956210869
0.4447644104334504
0.0318581825357631
0.1701836512681122
-0.2201813399520853
-0.0348420209870876
-0.3195695414360175
0.7888152395745299
0.0101824433301811
-0.1348269802039768
-0.0017341856728786
-0.2679253458439562
-0.0399247645728530
-0.0238742168229610
-0.1044410647279547
0.1750267967389510
-0.1286333198552328
-0.2103620889936570
0.0491482122577010
-0.0437578275204901
-0.0011343291377447
-0.1020292965361210
-0.1108323030018057
0.2841444831654836
0.4260369708258884
-0.0704430480927776
-0.1847759388343617
0.2302056990946618
-0.0891819299078387
-0.0086767833611307
0.4625831144704751
0.2232686839920074
0.3974183300957191
-0.2540530602293616
-0.3559501847551271
-0.1060761436497295
-0.5593845272365423
-0.1201696025582511
-0.0199860580513946
0.1805959075045956
-0.2000099676763941
-0.0139364259877132
0.1803144691988907
0.1008907625247490
-0.1963464146687612
-0.1596241304722369
0.3724420443801730
-0.2727566662304187
-0.2645621317943241
-0.0935449595710591
-0.4354382227264361
0.5253876618280972
-0.0645968713539930
-0.0185292580315783
-0.3209767293936431
-0.4463644379063986
0.1183697842795603
0.1776389980439199
-0.0340765522648714
0.2209381893450531
-0.2019158389891749
-0.2088336763639866
-0.3092311692031469
0.2291722461639903
-0.1888988400496595
0.2143235451683612
-0.0866015609717315
0.2757011906975583
0.1097295859971040
-0.0493608064777359
-0.4854867475399609
0.0024030260810539
0.2550522315403186
-0.0196359424623884
-0.3774926867689968
-0.0390724113837081
0.0838907092438993
-0.1838974348137323
0.2166340443881036
-0.2924712073234972
-0.1829736522863296
-0.0694291375264307
0.5027112851066295
0.0496873400996868
-0.2602006270477768
-0.0082474536598896
0.4948818725041363
-0.2562765560736826
0.2781797865276934
-0.0596950234609103
-0.2992318393497906
-0.1102596368617145
0.2838545623623324
0.2739237164214621
-0.0208735428593067
-0.1325629909330687
-0.2080537425655321
-0.2807197932835183
0.3752631627994301
-0.1292031828800549
0.3077128907333880
-0.1900241741817101
0.1684090591411281
-0.0927804492168051
0.2469413799169434
-0.0796616758692916
0.3476259931599689
0.4131116165266891
-0.5043559687152694
-0.2012259016643533
-0.1648773963765933
0.2642514460313389
0.0813776272170640
-0.1583017758351660
0.1820639405339256
0.0214428020254641
0.3534778422279222
0.4864699715423340
-0.0305638673234089
0.3293883251425697
-0.1909101843874514
0.1894433176713799
0.0562497871477273
-0.2138986773508652
0.0156017257496987
0.0193811156601699
0.3596104166970702
0.1814284148392824
-0.2573055064996396
0.2919693146775420
0.3048777626032260
0.0659867336416538
-0.3325978079080771
0.0031005130594794
-0.1246656579508969
-0.0803592642724392
0.0051295003543986
0.3763825731238271
0.1177389754298002
-0.6220524334656489
-0.3657775749668401
-0.0052782792305325
-0.3108376827196365
-0.1145089890269304
0.1242137130696148
-0.0574281314919864
-0.2413158593237128
-0.0275880329385483
-0.0105897633547172
-0.2186581599863676
-0.1297484706983658
-0.0063093440849826
-0.4171896244400056
0.0557684527014373
0.1432256444587692
0.0463378087601315
0.1859712510355447
-0.0680653125268665
-0.0878019155852196
0.7906152938698151
-0.1242348049716883
-0.0107389629017086
0.2169637937291026
0.2627053920930649
-0.2165691143891708
0.2526023289465762
0.0272458968101623
0.2787573827356863
0.1383509111846262
0.2428538612504993
0.1156290173634798
0.1459004465941289
-0.3642899050060616
0.1076332917740789
-0.2398740742229907
-0.1761641281604794
0.2167787316754201
0.1988982492071139
0.5564465789782117
0.0554901416466595
-0.1317660764751394
-0.0139528109308120
-0.4010542555417007
-0.1235276315640448
0.3008222434203388
0.2748028841049217
0.1486475905663500
0.0749864933780514
-0.0449999835678682
0.4113455878829280
-0.1121099791668773
0.2463387154517316
0.0263407306244202
-0.5640750191511783
0.2148824850915886
