-0.5852521375892249
0.1787558372423768
0.3437609919838546
-0.0781206367624844
0.7079914071520362
0.5178798110960403
-0.0695270275075905
0.8426306097343063
0.1301037315616952
0.0036288121475340
0.9596400131200230
0.1137033260332876
-0.2098478789984489
0.1284064692559433
0.0750882494205659
-0.5677819883325220
0.3478539405120435
-0.1992810109054568
-0.6376407998994549
-0.3321483686419281
0.3114585423231528
0.4501031163163550
-0.4551021885807950
-0.5707969765877511
-0.4092353486241084
0.0888613020669368
0.1204362084056928
0.0667058771029182
-0.9812983026371359
0.1010086922063428
0.2316825557561994
-0.3254070728760771
0.4986063771102741
0.0794790667905660
-0.7651850684165021
-0.2245521212411494
0.8574247394248926
-0.4544289244019789
-0.0885371904188930
0.0073945688071846
0.5781217030741826
-0.7107735037911866
-0.3879384446921428
0.0871787603908131
0.0497990924572833
-0.3548889086280609
-0.2951266070417703
0.8725939513917237
-0.0085447722022430
-0.1595648182131207
-0.1378639237694975
0.6328585764318719
0.0006697861996801
-0.0300522368412002
-0.7613015008567827
-0.0785215873252710
-0.4833557716848279
-0.6539253327005220
0.4308362631284973
-0.3833579683909914
-0.7023462660293940
0.1049553400158228
-0.3064973318659222
0.4653276359425457
-0.4303762028550411
-0.1392106336448959
-0.3978457083003359
0.5421796954774917
-0.5577822290410287
0.4661108823500547
0.1303016597008282
-0.2668727627754733
-0.5973763001519612
0.5690997142819978
0.4806947858971408
0.2985397995698131
0.9035454592960164
0.2785870162209966
0.1169664348438651
-0.0564598846205423
-0.7019542094636030
-0.3073555944820159
-0.3155499530369385
0.2764836741960508
0.4865982237928667
-0.3025495683790856
0.2146153547594575
0.5102987932552673
0.5594794913467807
-0.5375703196230861
-0.3829850585220073
-0.4841198207601073
0.1604001946190715
-0.6979117017161435
-0.3257936129974577
-0.4320911691583015
-0.6300070073185368
0.1884420363936097
0.4321946931565767
-0.4405516296554531
0.5749124228475662
0.1841637260367637
0.2434584636137546
0.6285826762711249
-0.4256421309673863
-0.2896308256257451
-0.2388269882202045
-0.2233904115465268
-0.1282839200848350
-0.8903457836266518
0.1093757173097598
-0.4095408556523709
-0.7038109218013177
-0.4704707309262036
-0.3219017205754622
-0.5307985538493796
0.5229693704872539
-0.1089414049325145
0.5576596798699230
0.3491466518560328
