-0.1191804488100870
0.1094578351343536
0.3022352672450234
-0.2915830915171921
-0.0164610582642503
-0.6555251483247779
0.2882085001436832
0.2339181095706567
0.2675492025422512
0.0906975801376307
0.0677702842902718
0.2895326716928362
0.0464880583520198
-0.0045357164475889
0.2434539388281175
-0.2470832242747751
0.2444615875831362
-0.4041281993248499
-0.2142738313298456
-0.0503110937429509
-0.2568983939447519
-0.1453899156355394
-0.1831090554239866
0.0098035757493890
-0.1418709516232811
-0.5278599677213073
-0.0107470725085856
0.0489850660728018
0.4775839343985437
-0.1315268728749203
-0.1134124491806760
0.0872871165395998
0.0026242985551774
0.1808020144833852
-0.0310185290046954
-0.0159881720802521
0.4650771888872192
-0.1593761473914679
-0.7202598207301864
-0.0095373546467393
-0.1688269867251720
0.1441455864383663
0.1926965387804907
-0.0575493501584414
0.3087352356215246
-0.2900359699000689
0.4962689281556711
0.3592622111344227
0.0246778324236747
0.2092727823403548
0.0871458004661135
-0.1527668174695285
-0.1696680205773124
-0.0861593232620092
0.3693586507029905
-0.1655463882835021
0.0414957304173070
-0.4478335257643873
-0.1984592311265331
-0.1532509454675619
-0.1651221237705675
0.1637681264022033
0.0742238607076816
0.4119640534538820
-0.3024784828602957
0.0703751809888767
0.2828083205267025
-0.2712069018209364
0.3478758909022548
0.0792609697989079
0.2025975577840609
-0.3193369956431852
-0.1275540501836782
0.3911523618331968
0.2848147886533351
0.0655759766899773
0.1370005173895056
-0.3261437231607597
-0.2832692290056544
0.1501686293488675
-0.0254723141873038
0.2112404277038049
0.1740695207132534
-0.1517049434992378
-0.3337772322067027
0.2200448790614938
-0.2422632661595032
-0.6394589615827068
-0.0438333336671912
0.1995878218910061
-0.0661278706435509
-0.5003238675164906
-0.2688963548425151
0.2571963375994064
0.2975286662585145
-0.0579124119825972
0.1319204441375351
0.1133638901454353
0.1833235799153858
0.3918037873462212
-0.4133596377591310
0.0320474453252117
-0.2752995936965594
-0.0626695779889138
0.2144483220053735
0.4406841764815937
0.3902722932214202
0.0437059189014717
0.0126946084378165
0.0641306915757874
0.3604613391362076
-0.0121910274517828
0.1236346451330471
0.2819361456044644
-0.1725199471684628
-0.3756129685171954
0.2370123634895736
0.0735443207450786
-0.0396015415259734
0.4341039390872282
-0.6528492261940970
-0.1983890212040609
0.1309648874661769
-0.2854602753724573
-0.1885812680353574
0.4552740107658360
-0.0983550665301383
0.3048305226878292
0.0177232035622675
-0.1122849196641682
-0.0506528996686092
0.0593410081092217
0.0319527172549173
0.0390913092999690
0.2622964622946439
