0.0664619007800009
0.1118370422242818
0.0644914913479143
-0.0016299387781043
-0.2295186997098376
0.1072457223198736
0.1247361891496891
0.1966228449707186
-0.3107701416571145
0.7033990267415381
-0.2657905507074576
-0.2724885058881167
-0.3318828020318008
-0.0026537521579961
-0.1053372498294487
-0.0549663234580752
0.1642504516953148
0.4578028738992408
0.1093453595567239
-0.1213092250283172
0.5479546366983380
-0.1241153085500042
-0.0739165092161831
-0.4699854661186250
0.0206796551566798
0.0699811038592757
-0.0716009494672699
-0.1435739286904422
0.2317507059099977
-0.1134658904612510
0.0773804555519186
-0.3018630397257162
0.1432018966652074
-0.1638852717789211
-0.2852460028504746
0.1140299320521700
0.4812729346955071
0.2243973464893314
0.4133241228296594
-0.3757991870950417
0.0511864938701867
-0.0541310278571794
-0.2031236479801202
0.2968299619041206
-0.2815104779073295
0.1718939474029390
0.0739856004087594
0.1226378622032687
0.4722872594815322
-0.4273965304446998
0.1340120437393267
-0.0425763961794389
-0.2478632951620431
-0.3184785438778298
0.1370516473519131
-0.2010644884536199
0.3158191644672756
0.0091791631483222
-0.0848325940775239
0.0486427808666622
-0.3300928213428083
-0.3169115683109073
0.1814432576807033
0.0269357557889762
-0.4392626491506037
0.1228139844547457
0.2733097044774502
-0.3652251773606645
-0.0847185762719238
0.1791683116174344
0.0751341576905957
-0.0537593008469574
0.3530731767596370
-0.1997173398414335
-0.5266560010845881
-0.0651365850972838
0.2777046936428996
-0.0972346198313366
-0.0263449406276897
-0.0513631596799352
-0.1403770151997076
0.2162223472529120
0.0515042384019966
-0.0488428259821727
-0.5937013552315367
-0.0583133712121780
0.0733263631388755
-0.2922627395056896
-0.0667507885126935
-0.5145516697421897
0.0564604551105249
-0.0406051033024418
-0.3274508950993181
0.1311713041597551
0.1460860280314611
-0.2490001921665416
0.3203469921677171
0.3022522037232367
-0.0696929023543769
0.0132945508137416
-0.1187604850745428
-0.0848622852130471
-0.1200896807680407
0.2566001341726017
-0.1667175297987576
0.0152741367828381
-0.1419783652829033
0.3960650339787068
0.0343875062722203
0.1838760119405135
-0.1690727146665341
-0.6563420382220219
0.3407325506552936
-0.3250061018884237
0.2481486096229871
0.2178312965181395
0.1440417426071803
0.0961911114567040
0.0780058168385576
-0.0749504550147189
0.0420492573278532
-0.0914561480097719
-0.4460359023732499
-0.3737098717320407
0.1021191116763741
0.2073809381399458
-0.3850372076238688
-0.2776916375042863
0.2182121986909287
0.1038506744587966
-0.2084628996869345
0.4539769880212073
-0.0718593490008193
0.2827911452276297
-0.3664069166402232
0.1953270269632697
0.4235756561203424
-0.0766368035323644
0.0907680189901860
-0.3398224469941636
0.1559613588862604
0.2070647122503603
0.0764166759144060
0.2290379879570830
-0.0479465384601857
0.2390337598656402
0.2845627279983737
0.0254419280212859
0.1732680983902336
-0.2413109253954932
0.4779861049449759
0.1292416299548781
0.2249960510720102
0.1488573798243258
0.5825959565888983
-0.1102596466669474
0.0009345700107615
-0.1496821187579810
-0.2802221723019608
0.0150593614863237
0.0573476502328429
0.0980605796164168
0.1559690896140880
-0.2209038685543662
-0.1689903263340181
-0.0607858999405675
0.5542238240433039
-0.0260308005211308
-0.1876132174830586
-0.0429671623526924
-0.1105763447714603
-0.1237629545961668
0.1721522360121844
0.5832791358975750
-0.0468357159050412
0.3704623699535262
0.4934512642799146
0.1435611015928444
0.3610318560907259
-0.2245617723058349
0.0581430880286728
-0.1700551132757504
-0.2741995266870545
0.0660184993746710
-0.3385081418410400
-0.1342030441103604
-0.0417135407590261
0.3317037793889481
0.1657659582280639
-0.0908429791832251
0.1331126271011017
0.3813993695748426
0.1392740997676664
0.2036546190681187
-0.0000533725337655
0.2379953930718332
-0.0201311407544553
0.1832023278104170
0.4341603740954588
0.4698643969429436
0.0951530449022949
-0.0550600848031382
-0.2484456847654661
0.2604231792108623
0.2293439457267404
-0.1426610205316222
0.4677457944935742
0.0766904666366416
0.0299087404209897
-0.3088042517056523
0.3090195276625069
-0.0056679152708458
-0.1882901816477572
0.5463398719395495
0.0271166031778205
-0.1251245831270343
-0.2240101158829754
0.0233501406287012
0.1359919234028178
0.1159020619101420
0.3384027342381695
-0.4494030653379404
-0.2420848317775005
0.0122818673388063
-0.4130948560170514
0.0509774696220229
0.3104514549150431
0.1040613811854619
0.2413116510723546
-0.0027884438831687
-0.3210163802562431
0.0585626189312450
-0.0151691571263452
0.1220425199656151
-0.2879219575182724
0.3324098102406775
-0.4618324619072742
0.0608554559975602
-0.1283464870669951
0.3359161053109993
-0.1541120560692959
-0.2265491534252002
0.3751787376017769
0.2272453556715154
0.2826501557367499
0.2762434630225191
0.1429279690328486
0.2690981775915223
-0.1814199600213291
-0.3091197151317484
0.2614822428844434
0.1104696103906154
-0.2769119455477891
0.1279668748695484
0.1445507750949248
-0.4006073538336204
-0.1688417179726490
-0.3351271781777227
-0.2435647190241131
0.0056952198161956
-0.1517763173128516
-0.0334771567637347
0.0158985820840571
-0.2649479109187958
-0.0421252503853147
0.3409620827733605
0.1856607932204176
0.4632607495384152
0.4222819268945169
0.3857056754068743
-0.0284550104690854
-0.1010366153785922
0.1713201171404585
-0.1903051791121046
0.3752597631810705
-0.3716131268764052
0.0355410127283431
-0.0014338853754025
-0.1948864487565068
0.2647269271796880
0.5102070094204899
0.0640498370151310
0.1439793372653518
0.1573700601167890
-0.0315073847525556
0.4732439625509918
-0.0996997521695766
-0.0372732264365095
-0.2531409806541945
-0.1520406167394844
-0.0287590082501455
0.3820509016715615
-0.0480297380847651
-0.6149449466075956
0.1092048798193698
0.1856139194137371
0.1689368128808860
-0.0363540450774418
-0.2954882298612066
0.2153857081117364
0.2213942650587049
-0.2058089379506390
-0.2798445811749109
-0.0769393076181495
0.1928459394589196
0.2803126083547119
-0.0981697621516490
0.2488223597284999
-0.1050358927193741
0.0864176600152647
0.0451457303189630
-0.0839330189860149
-0.0643466495952959
-0.3574034717691593
0.0261238155151098
0.1949434477740764
-0.1011249976126945
0.0071961462240122
-0.7187024182908274
0.2961884986493867
0.0786941949319132
-0.0265573334962438
-0.5028934173561166
-0.5946379039259055
0.1012893710997695
0.2148206034612458
0.1035692277323060
0.3155476947439458
0.1744542587555539
-0.0942884260104639
-0.0296975405998223
0.0913841407724741
-0.1718666289444356
-0.2300172849704670
-0.2900813788583542
-0.0689249453057417
0.0695605188750602
0.3783137072503054
0.1795280434561067
0.1823717105505173
-0.2560027749884228
0.3366864167976424
0.0509677783440051
-0.3381735781505088
0.4729841886757604
0.3494115666393687
0.0231497203218114
0.3457187883440951
-0.1262542254842826
-0.0443846900364207
-0.0057541044903311
-0.0830237965485125
