0.4046869598916372
0.0210081358243802
-0.0316972666477925
0.9136642742331056
-0.5078397171237191
0.3594792241212665
0.4231797375851924
0.6586291967671953
-0.2258848214088792
-0.4763885302457664
0.8380976153068805
0.1400799875937934
0.4593701290301627
-0.0834190643878238
0.6435665508597888
-0.6065001557014695
0.1638061165505109
0.8299598695805942
0.5281658625529283
-0.0733143417083245
0.6474442082657120
-0.7150294920246221
0.2064386287641184
0.1641094612512849
0.9517056984140109
0.3049365171039629
-0.0355487713817344
-0.0025037963283035
