-0.2043645527563070
0.2206915728802409
0.4518245382440434
0.1380792914332868
0.2174379459813701
-0.0921411151711020
0.0400954775279499
-0.0287999667667280
0.4170852344658955
0.1658974318450047
0.5454803572446145
-0.3592796312772502
-0.0832986791712793
0.1430554031805206
-0.2792208878298502
-0.0556797912749545
0.3496909985581940
0.2229164940927210
-0.0691778126646332
-0.6699615535276092
0.1945983058127829
0.1946138869114765
-0.0810706362645524
-0.4284936567354544
0.1845552665174850
-0.3423998860068477
0.3148512670141628
0.2209411126895959
0.3777639555311840
-0.2766915346552699
-0.4555747645502217
0.3414240849768099
0.1266907003733994
0.2694792113698361
-0.2592064580987660
0.0389259021578471
0.3161815095649105
0.3484567932731967
-0.4049731014364804
0.5203910048526083
0.1501714025514683
-0.1328306124366284
0.0612817586817806
0.0631380211090589
0.1292462518428402
0.2111154397617081
-0.4819351820892654
-0.0482076524479824
-0.1731300766529546
0.5349126893311017
0.4178073252178290
-0.0200479377015275
0.1778560282984109
0.1279390428413022
0.1163979895502569
0.5304969403086888
-0.0357827509625930
0.2077720101438227
-0.3432043059477990
-0.0609429267325362
-0.2077620620722856
-0.1629671963526433
0.1040711153076874
-0.1442600582718825
0.2922040816703980
0.7257644667900679
0.1002821378898177
0.0564308913918614
0.0346392681380256
-0.3987782587695476
-0.3009838382017956
-0.1498711723994922
-0.5205466271085376
-0.2430924105299802
-0.3346223053761139
0.5517327830240844
0.1177471594986098
-0.0490327885960153
0.1750015551716442
-0.1577075105110647
-0.2275595521597469
-0.2369771171738825
-0.1675995794379062
-0.2139140104046165
-0.0724470239435875
0.4258194823576161
0.4461038978823285
0.4182783963322750
-0.2638051830656438
-0.3369465670123468
0.2524779801181339
-0.2001659898140844
-0.1299887918538798
-0.3590081039009440
-0.0783737980954383
-0.0244871019871097
0.1555718773041319
-0.2293687811511250
0.3230504992537893
0.0188882685154341
-0.6987882731992010
0.0406250932582335
0.2885080282411531
-0.2445755172507976
0.2715589640299368
0.2443855675850013
0.0970068620194828
-0.2063505237233592
0.0788097066476355
0.0421434606789788
-0.1209946043935951
0.0435870478518016
-0.0266908065649414
0.5319671197920682
-0.1975353877055300
0.0021803196318854
0.0493754810955442
-0.2372261899983610
0.3262391637440812
0.6982842112118072
-0.0503219235992615
-0.0171574273074167
0.1724826551056764
-0.2251187761585475
0.3653405151414572
-0.1823918551865723
0.6934448976898605
0.0980684536092761
-0.4790230394348331
-0.1518578466605778
0.0673700076358088
0.0495809701778022
0.0791827579777060
0.2608301013063538
-0.2994057958338134
0.1642400353576618
-0.3041415447502283
0.2627557488499753
0.2054125848038426
0.5175830126288076
0.2457355559975576
0.3583470106725564
0.3851761071575031
-0.0170524039222411
-0.3698211180381074
0.0068090627549218
-0.3903011809007619
0.0245099902557788
0.3459994411853520
-0.1587851757133027
0.3507066770941733
-0.1695454545071710
0.2617762246158890
0.2379695094565145
0.3544121445605857
0.4035056364365437
-0.1932362002547154
-0.1132749877201076
0.2387125086425738
0.5035393150089733
-0.0328537397762146
0.1609798313239697
0.2349911566862986
0.1754147482097624
0.6258243059039045
-0.0617328671970778
-0.1927424265448116
0.3060904128889020
0.2767602919627120
-0.3935091489322151
0.4049802253851816
0.0069733716647511
0.4086437543344354
0.3052263360159474
0.2336998776254137
-0.3645980931875019
0.1080150725002396
0.2674243276595337
0.1484523525049592
0.2271019930470684
-0.4423582973352300
0.3888228729642098
0.1711474203162427
0.1938411205251234
-0.0411795874730086
0.3917927830493829
-0.4424015974585790
-0.1573681388983027
-0.3871122050516785
-0.0464518005422456
0.1857025651024957
-0.1552087985383314
-0.0128181203589343
-0.3217252355002778
-0.0435481004048482
0.3315605217457818
0.2608076419800169
-0.0099616612631451
-0.0874612750888771
0.2265669666047201
-0.4411895715195457
0.1848213112480264
0.6546638999288805
-0.0024185155535478
-0.5783003788001237
-0.2642505342667005
-0.1322654677151290
-0.3030038982037148
-0.3027733515754234
0.0608970794006202
0.4206649722677772
0.3148877300405695
0.0485030706052222
0.1960734779018667
-0.2710103211829569
0.0264083667347408
0.0821335981412682
-0.0835994153462863
-0.0389244057723659
0.1409972798927955
-0.0865441854764403
0.4424611028150097
0.1822063691246115
-0.0204070777254407
-0.4830856264817928
0.6137250424952403
-0.2199711240397337
-0.2637709015090796
0.0741814730639637
0.5344674519284244
0.0621016391572004
-0.1062383343278833
0.1550579911022441
0.0316854118534420
0.0778734478471488
-0.4475831899860611
-0.3296305358576830
0.2762668712434913
-0.1929553153288924
0.4899439711023839
-0.5148745355738638
0.1882769693826671
0.0704300856663448
-0.4647292233601770
0.1177871065621029
-0.3149722460949647
-0.4541914161153586
-0.0735972646230996
0.1493902755964222
0.3493097234140458
-0.0828675007907889
0.0503276195424988
0.3594298757769739
0.3976237514600350
-0.1941528482372721
-0.2660098195241044
0.2911132891280986
0.0259281160911903
0.2287060664062655
0.2401809016113260
0.2228131947255541
-0.3330364033184331
0.0777789750180431
-0.4921665214712272
