-0.4146150107488772
0.2227059975692072
0.0470637358804080
0.2212339055727812
-0.0466058794010431
0.3835879189748735
-0.5462349663876280
-0.0772569752424928
-0.2982377245635043
-0.0908208008518237
0.0882827587334328
-0.2905323778606833
-0.0018032027996074
-0.2615332951396551
-0.1260314829317687
-0.5539870834049302
-0.0897822075614038
0.0105403998069793
0.0065125400314867
0.3959318492678910
-0.1741654369535468
0.2940736338876145
0.3451550673301059
-0.0208010557403285
-0.2978141686287809
-0.0773948510609359
-0.1927233898087221
-0.1936830766635234
-0.0805803573347090
0.3404591649443553
-0.2094035069853540
-0.3986290868019142
0.1749372031038432
-0.0089250775997267
0.0629701440814884
-0.0638364761376485
-0.5148534390112055
-0.0461199653827950
0.4846504065957398
0.2341858526677325
-0.3384944800830801
-0.0367072714297749
0.1050871345670275
0.2057524039233185
0.1796901950036884
-0.0785662106525403
-0.2215547106786926
-0.0029855323602895
0.5770301704410163
-0.2653517437871762
-0.2074770387962463
0.1063892041284484
0.2939957519767398
0.1996103031479551
0.1580818144019192
0.1810595616283943
-0.1537260571232152
-0.2910184706354019
0.0211239255555662
-0.4406487559021677
-0.2770661574388107
0.1470132004689282
0.3177906243428222
-0.0257664791527724
-0.1491648052236000
-0.4490680626100040
0.2347616607586193
-0.5531444066203168
-0.1471276892502073
0.3034443904050125
-0.2051038118633818
-0.1321237609892332
-0.0376157121853112
-0.1939342047211448
-0.0519413185761015
0.0084972393913949
0.2159512997800617
-0.4677426016943225
-0.1500118098359737
-0.3725574373460271
0.1246085819582667
0.0893537121034334
0.1557603578388518
-0.0277246589913676
0.2070166577178003
-0.4642453707697274
-0.4278415552347301
-0.1708717122875741
0.1926502976452547
0.1301016431765040
