0.7217091564993378
0.6371445332993384
0.2674116213969787
0.0409116346975009
-0.2596371152507019
-0.2461643189361689
0.0888748904101733
0.9295660010572492
0.1252166672521270
0.7093572608339527
0.6762848578476767
0.1541812368298087
-0.1720689703528624
0.9333320716971311
-0.2503928380154307
-0.1912771289355461
-0.0771221361053003
-0.0475592771862738
-0.9901324466748775
-0.1069019612434477
-0.5213510208516324
0.1429534402143175
0.7989495968182025
-0.2635089537983181
-0.8597605389822220
-0.3269852377457915
0.3838761836007344
-0.0808179780089967
0.2886570761153402
0.6708282723706291
0.4315829448795847
-0.5295306252577324
-0.2526857890882567
0.2698494296951899
0.4278557335993123
-0.8247852135630341
0.8474293907349196
0.1415107509642130
0.0104850164899420
-0.5115937836891621
0.2261165650256380
-0.8613524187710659
-0.1168266043680687
-0.4396531066762377
-0.6849906892275783
-0.1833447363369547
0.0621158404494007
-0.7023632149353527
0.0829129331256302
-0.3288673772103025
0.6738758720371001
0.6564015560718601
0.1759145039685852
0.6028408232470475
-0.7781366543530550
-0.0118480493138322
0.9637968195043268
-0.1089990168770771
0.1958414589062642
0.1444334725977358
-0.5596416938096221
-0.0451890730994739
0.7009879734101566
0.4397442249269785
-0.5491596333434446
0.4764773868522371
-0.6781902621575856
-0.1070091829666148
0.0708955902680875
-0.3686072702396016
-0.5314338563345355
-0.7593948590479482
-0.0168977631281404
-0.3781492857157892
0.1836783178003163
-0.9071823735522807
0.5988368693083929
-0.4560474429684451
0.3575504655658140
-0.5527863948149732
0.0682049551206161
-0.2063657173542146
0.8015049296693215
-0.5570916643727952
0.4965501000830675
0.7188072116932119
-0.2621051260434274
-0.4099452322287515
0.4011804377166536
0.7707905732827032
-0.2560830344472655
0.4235063494214422
-0.7969714520219333
0.4753180602882647
0.2825647176611379
0.2430358544719984
0.4004521223078851
-0.7612684091224912
-0.4202089204869393
0.2890207088677615
0.5742532226169790
-0.5056759368081908
0.1568388570906379
0.6244410750052206
0.5788459221516606
0.1938136688895607
0.6306158897878186
0.4792674198264258
-0.6476239748749721
-0.1385686969863745
-0.6933809543491722
0.2839097665253363
