-0.5875126706275087
-0.0417965729413206
0.4028182088535997
0.3134009547967977
-0.6265774018355009
-0.6191549620687028
0.1569001013564524
-0.0755272377116017
0.7581845297333049
-0.1071510446835708
-0.0463496363990546
-0.0140676398853181
-0.1701391756438777
0.2040446503787553
0.9628459140884204
-0.0836226509154491
-0.4664577947580327
0.4141107137687750
0.1557720612213210
-0.7613617797395158
0.5563076622923794
0.3592731860922927
0.2587071052050091
-0.2324990181863026
-0.6636711556853518
0.8100103237604656
-0.3938487651377918
-0.2438985403927928
0.3562970976446467
-0.0482939520558082
0.4065848698924745
-0.2920161693811028
-0.1297665469880417
0.1999496170448365
-0.8322235843335194
-0.7200724424804672
0.5547627765115963
-0.3880561980471502
-0.1465897810382371
0.0407156312699634
0.4916965445323261
0.4614359551670418
0.6351200888183935
0.0456068945516950
0.3739703882966092
0.0847437942926198
0.0130220525612142
0.0953140078417083
0.9905744018441324
-0.0482339071222023
0.4912153221537259
-0.7609091313107056
-0.1139837743095514
-0.4063279346568714
0.0403746192679185
-0.2108542044009332
-0.7264315514145180
-0.1817732903448908
0.2361313967111252
-0.5822698171813402
0.3975740457161593
0.5089655220225622
0.1023568173564125
0.7045779693407882
-0.2756482226053041
0.2304915897104007
-0.6604632738117341
0.5539549284658759
0.1956917940671939
0.4068175880929782
-0.1084246157486949
-0.3033845597701050
-0.9428130211084380
-0.0148941085134365
0.0841646264936615
-0.1837213004453245
0.2411419498215336
-0.8317347173318231
0.2334897440623819
0.4022399075198576
0.6570548922476485
-0.0681032706689626
-0.5896009926550333
0.1023150320908338
-0.4533686323137854
-0.2337513809090465
-0.3615755069289875
-0.1397706554734537
-0.3455317469367548
0.8220069467100112
0.3601744642166724
0.1594175296609637
0.7384163790638181
-0.5192920005299106
0.1730244950258542
0.8253493426797832
0.1617698589963856
-0.4994977996452238
0.1202127721382748
0.1693511524104592
-0.2069626029304381
0.1360432015352224
0.8156746502207898
0.3599238927778489
0.3791943890659996
-0.6361723735059289
-0.2050095253333326
-0.0169811195413945
-0.2005422682825612
-0.7160658111665721
0.0665282030357633
0.5319379037831108
0.1181240662757129
0.3881339630955943
0.7402802147686112
-0.5008177997560019
0.2615918727762577
0.4319547782959360
-0.3638570441973738
-0.6014768029111570
0.3880013407614312
-0.1362170557685831
-0.8101337832548607
0.4147411186416505
0.0507240674838821
-0.0891811756597698
-0.1259365173474849
-0.7279467647195347
-0.6342024974771587
0.2099223938374014
-0.5280111519916719
-0.6878365703836082
-0.3463583995872044
0.3500998056748664
0.0745054421982355
-0.0564846689245984
-0.9933891650308471
-0.0368068942315717
-0.0676861714680836
-0.0636496952452578
-0.8966142231245845
-0.2938024899610249
0.0708042242227816
0.2772533461961270
0.1669741765623072
-0.2053458130828757
0.0275046103866774
-0.4868382905250132
-0.3068850311042132
-0.7911299830114257
0.1604470477540290
-0.5362041788808601
0.6492396922870710
0.4582059182760939
-0.2351105736317914
0.4503032570835128
-0.5385191780449790
0.5353549388466560
-0.4694508611780718
0.0153313381477338
-0.6153441720988035
0.3219349478245191
-0.2162165482461362
-0.5081724024828174
-0.4612164923901032
-0.4970982153547687
-0.4441024637215856
0.5964148754953629
0.3416566633528588
0.2884898380913338
0.7946927835130624
0.1804811245865524
0.0040392085491161
0.3094190720451870
-0.4900341479419842
-0.5574043673574968
-0.6530903562819894
0.3428537166639753
0.2278115683559975
-0.3054939869704998
0.3113313505307363
-0.4624712413233893
-0.2357422335109446
0.7787147259245591
0.1649912606565000
0.0355586960538685
0.7137425748527886
-0.1715019066438203
0.6480071509241471
0.1999523551903410
0.7243571547637793
0.3030476892521771
0.1876150697873324
-0.3944923597149063
0.4389136294269041
0.1250908255870114
0.8041190730772707
-0.1791074091952929
-0.5468141859401772
-0.0816062723890899
-0.0639968300705630
-0.7107526184386839
-0.5552086489173435
-0.4255030276326893
-0.0377577908022551
0.2539664877497870
-0.4104154850101340
-0.2807784345942513
-0.6707741048612339
0.4881451870891960
0.7752992829812406
-0.0259416817196470
0.5440698142421128
-0.2348986386518324
-0.2169071638936789
-0.4778467380549084
0.1256487159522210
-0.8028521887976472
-0.2907838469404319
-0.1635481959888047
-0.2480964883305282
-0.1203703825920972
-0.1295393568530047
0.3235098143603857
-0.8958348388577611
-0.4488372810892952
-0.0164206764928881
0.2992248553767023
0.4113118498569565
0.7345491845887007
-0.0031389338941139
-0.5694077687644298
0.0316440994553808
0.4378510448600222
0.6950180238305818
-0.3796060016925035
0.6449844257418791
0.4607631714953181
0.1234260124434297
0.4608228436995500
-0.7214136705344323
0.1713053873700963
0.5072724605388678
0.4366916954059322
0.0468166013968809
0.8201627711297976
-0.3308708244261676
-0.0326465409223602
-0.1744492529627073
-0.4316933957136680
-0.1089079284954039
0.1736809922839835
-0.2319496455937423
-0.7083089238170428
0.6344066569481840
-0.3935082204381939
0.4876132570636711
0.0334008041906552
0.1130144897345184
-0.7703873722827939
-0.0902162720445558
-0.7688251480384396
0.6118130968608083
-0.1317106232385749
-0.0954251656417096
-0.4093281503217216
-0.2725544335024950
-0.4340400740669793
-0.6762570198024417
-0.3353359560264650
-0.3665160732008518
-0.4042966644594144
0.5123306693630301
-0.4139882340450234
-0.5180166044585176
0.6044856257716623
-0.1480317495510217
0.3551546207889962
0.6762940519888628
-0.1708077279780252
0.9205327261880141
0.1287370587520797
0.2495281082417433
0.2346232736619572
0.1368718830665001
0.5623525176158796
-0.2228529289338122
0.5368459225592426
-0.1963269029046560
0.5543901339526930
-0.4017965923503274
-0.3284592315282387
-0.0631797430417198
0.7847371965142503
0.3329712961738307
-0.0475316353167056
0.7793503064398304
-0.2489456026173790
0.3843180540122066
-0.4250641878516737
-0.4369274855220366
0.5758126544353385
0.6517160808530206
0.0623315297783845
-0.2211675603260697
-0.0387865104982867
0.2508275059830908
0.6830877582938311
-0.2296599084385122
0.6451578177243082
-0.0155670466213720
-0.1504329911698523
0.5268912826470893
-0.8231523158573041
-0.1480993700069027
-0.4308177403069440
0.1478590386702857
0.3430131476743187
-0.7009871638658558
0.4283605443293972
0.3759616634500010
0.2677294947780894
-0.4254799155913258
-0.7538464169126676
0.1940519682407477
-0.1592694286445973
-0.0043395178867915
0.0699911025688476
-0.7636211548585111
-0.6217703716787130
0.8766730142916563
-0.3188328450569148
-0.0199544670747735
-0.1802157025901393
0.3113103960830718
0.5456365840264265
0.7443870495635906
-0.1285776975002074
0.0598077973666582
-0.3578539390501090
-0.4179125613699190
0.2324246388285881
-0.3101449864471442
0.5826554729044764
0.5793535756261419
0.6500663301538330
0.1324900786311908
-0.1753235544161914
0.7079463944058696
0.1671337768951282
0.1971908371086015
0.4381096001843132
0.2094338304698947
-0.7966750451498966
0.3010350396164339
0.3657580738282171
-0.6954967570406844
0.0200565548434328
0.4968151603290040
-0.3678012009910276
-0.5930411052978881
-0.6924164967140954
-0.0683443366437418
-0.3217198981704777
-0.2463473183843140
0.3272173211310293
0.1745396699393258
-0.8771633689513612
-0.1933285600089152
0.2359517332508524
-0.1530911032194788
0.2081862288077667
-0.3690513102181879
0.7257854866570178
-0.5198636032981322
-0.3503518230969450
0.7543130443536209
-0.2409898228234509
0.1524612362403192
0.4763873507034110
0.2279613142081016
0.3831404559873667
-0.4976334535194467
0.0934008925649709
-0.7381559790563804
0.5020979213429112
-0.1362812737434942
0.5109346539198910
0.2146675516721646
-0.6497605047190991
0.0781416439206618
-0.6831190911204604
-0.5967314319231243
0.3895641743942356
-0.1392607016198327
-0.1095105957715172
-0.3632637433498746
-0.6474293922585848
0.5014366102219909
0.4306313854678532
-0.5912724438182803
-0.4352169129406659
-0.5708580658357516
-0.2409741000130835
0.2775530357692109
-0.0030240919575604
-0.2650884296945864
0.9155376850075736
-0.1626866639592031
0.2550348525411554
-0.2592941294314463
0.3635444558390131
0.3150396420942752
0.7715054684904762
0.3257780211578220
-0.4304806455533767
0.8219411622648271
0.0762727561721611
-0.2351360111707722
-0.2792716643257848
0.4579670324371428
0.4414708333256788
-0.5521325181709512
0.4890116192016500
-0.2266870512125307
0.1085325902127655
0.7760154906234952
0.3902979961867810
0.0101799177927631
-0.4833057816956052
0.0548980187373456
-0.2140010230921418
-0.6817465183902459
-0.0980301155878218
0.6905081829745735
0.0291038763208189
-0.2982679163548666
0.4786403024012206
0.7415639252239723
0.3621817502030049
