0.9486832671892473
-0.1953543671098006
0.2229006999602111
0.1102361454492704
-0.1564989653115064
0.7651792115567195
0.2498309617008877
0.5723577016459851
0.7715856877865712
-0.3820152183248532
-0.4856434054581819
0.1512295675657332
0.1822210501900237
0.0437970264067577
0.9817510066806933
0.0322842101810792
0.7868768627776725
0.2980503217213488
0.3312325530200813
-0.4269377054873081
-0.5176906715413824
-0.8482339102448675
-0.0991847465114302
0.0515556802806263
-0.0907250645886590
-0.7982051925126027
0.3435196411173904
0.4864480336766528
-0.0598548505061395
-0.7261046423072693
-0.6849620723465032
0.0040502762256344
-0.8852380524080122
-0.3398686176982417
0.3052288856125361
-0.0876255708140336
0.6304568674935752
-0.1616246485331715
0.0075060187581163
0.7591740715403288
-0.0536794878232941
-0.8735434138812511
0.4007180360500017
-0.2710451479660678
-0.6275852327912493
-0.2848605413286396
0.3820396405667469
0.6156597766720990
-0.0898587685381290
-0.2586450976489186
-0.0184661404344678
0.9616065291149218
0.4737094122111009
0.1384859522023855
-0.6480331171479972
0.5800638869164862
-0.1187704518570029
0.4030539025487760
-0.3575308157023159
0.8340340803762889
-0.6656560229940434
-0.3855182077017422
-0.5786709176727787
-0.2709570807746762
0.3632862735384979
0.4478309687554485
-0.8131298300249550
-0.0793119562591685
0.2675411448469174
-0.7113809742995880
-0.3098013469678480
0.5712984952154845
0.5125724435456496
0.5730105636633418
-0.0346976301995437
0.6385330520078010
0.7474211919538509
-0.3599230448173559
-0.0125531027505818
-0.5582646175775622
-0.1870860172229068
-0.1938900470119309
-0.5003553775019020
-0.8228304612946161
-0.1700569439644522
-0.2466628448223698
-0.7068351175472110
0.6407980909737694
-0.5665598003542195
0.8205970750779079
-0.0748646188827766
-0.0050716699129691
0.5423799815223365
-0.4387558078481614
0.6566574271456498
-0.2865629426457527
-0.3836977673875162
0.2800612992105176
0.7732414363864150
0.4200468700531244
-0.4684160951577291
0.3899016010783226
-0.6435563859795652
-0.4630316202363148
