-0.6106109553619354
-0.3333849813407403
0.5541334388583506
-0.2375936871710476
0.3905049131110951
0.0947324281834658
0.5208976845982108
0.4015342977461859
0.7044137040848832
0.2495253703765997
0.6670189142760685
-0.2459561241695122
0.3645110498518341
-0.0277494299259047
0.6007936556390948
0.2143243488113671
-0.0151819273042010
0.7716382908441806
0.5654868944540008
-0.1965540711706450
0.4675539867561318
-0.5746903088711526
-0.2968354255387883
-0.0332047022280389
0.6015899735311251
0.2954280978181420
-0.8864737389345477
-0.0942362132948982
-0.3418308599842276
0.0340257030087498
0.6746587397212676
-0.2482962511435244
-0.6533967609672596
0.2133289044189626
0.1036725994787522
-0.6458578112106674
-0.3031016670946665
-0.6062710793390012
-0.2665264982501976
-0.2289018811417024
-0.5522567175834717
0.5645600044045475
0.0519416474755584
-0.5727947129590488
-0.2132904155707730
0.0862065990704442
-0.2561852843501767
0.0693177608731206
0.8033249932092430
-0.5261193074503477
0.1387931980436281
0.2503059973064510
-0.8628467036421171
0.3310949940141504
0.2528933111846725
0.3250745283586853
-0.1966411272693896
0.3753977156994761
-0.7122025450095466
0.4555248708996493
0.7468658656168140
-0.0034208430965102
-0.2689258796011764
-0.4241916496796028
0.4357981094862471
-0.1999459763633175
-0.3506211046243355
-0.0730758037193029
0.3110460721563046
0.8573194943747888
-0.3150685545282331
-0.3251311040236242
-0.2080958622184628
0.8652153085316897
0.0558583311050097
0.2597907445756663
0.2513769050823202
0.3051090695010981
0.3184603944246623
0.8214681086415454
-0.6849917551091148
0.3097094348850423
0.1968205847286273
-0.4158423468865622
0.4724438181823101
-0.4571823159465264
-0.3097998720542666
-0.1055167400260399
-0.4178944548460197
0.7136097052620261
-0.4726063184996095
0.5504749810355649
-0.6258398774428401
0.2858514320750124
-0.0152960632561374
-0.0927098303419449
-0.0744783791852374
-0.6623070312272056
-0.0576724522087823
0.7374829781324711
-0.4630918462108812
-0.4994901530213056
-0.2912533809276265
0.3336943055796109
-0.5829880852382135
0.1494229913919803
-0.2561266208543789
0.8548175485723686
0.1583562711350150
0.3953254023941919
-0.0687394354615977
-0.6543779000370682
0.2891089502349859
-0.4638496791547947
-0.5179999459435457
-0.0170462466824989
0.6063476925967284
-0.3631267305179851
0.1904153233925487
-0.6811261875433162
0.0940903598290161
-0.5621307716759979
-0.7858895930572301
-0.1706917628190412
0.1685166738108224
0.1936406823407852
0.8135793800432051
-0.5471522781911348
0.0290532973429786
-0.0192916794204337
0.4869116289325605
-0.5138651281772374
-0.5191687308071565
-0.2153765659695706
-0.4277107193382851
0.0156951845947971
0.5932144080479692
-0.4177745167436050
-0.6865029581484152
-0.0450385265961877
-0.1800226077986692
-0.0246124304491944
0.0959528787762898
-0.8364943712272923
-0.5079924220973674
-0.6038661025939144
-0.0810884860445019
-0.1680810901120394
-0.7721818020681781
0.0652257561898395
0.2519668020084587
0.5370846014712024
-0.4423965674107436
-0.3058346619369403
0.5990019184019855
-0.0505649936904552
-0.8968253930337894
-0.0566357360293098
0.2661045856210840
0.3451494440654990
0.2641640631795532
0.2558931683063920
0.8500344273777584
-0.3437617792717507
0.1549365854892655
0.2503037802626999
0.6325474788120133
-0.1968235053158540
0.6809954162810405
-0.1863798685324145
0.9400862893218285
0.2279535734537836
-0.0941108919736525
0.1892655807395443
0.1399879171143442
0.1587364700543195
-0.4033034306301017
-0.3419447064074951
-0.6953702760606083
0.4600902877131512
0.1543547753218999
-0.7432019090631711
-0.4486498075409638
0.4037629335322446
-0.2439556709713393
-0.8782732011840124
0.4698323233117783
0.0215969588237557
0.0840192679510320
-0.0191860896480153
-0.1286030378655869
0.1447336962688520
0.5876977557247166
-0.2617605244163516
0.7406795471656459
-0.4596280690876951
-0.2269235261353472
0.7947567691267001
0.3233951020492627
-0.0320162035671554
0.8066436197880565
0.0337484883697782
-0.1037460386825565
-0.2482802442559498
-0.5251483504285810
0.4215514523708347
0.8642586290128188
0.1540861067031106
0.1654107703215727
0.1557181555362908
-0.4286751548370159
0.1096127541251180
-0.4749506453724248
0.5434098624052059
0.5323065485785790
0.5290598363815913
0.1171879123441928
-0.3852500435473842
0.2585623487956405
0.7007785659252955
-0.2186977250445168
0.0488210812271056
0.0380291034508014
0.3093607292786426
-0.9233837412252200
0.3228037143153040
-0.3547229234023200
0.0905265099892926
-0.0424486344294982
-0.8717640013566658
0.8342300117231198
0.1077422470435242
0.3751805587216290
-0.3862733745687603
0.0498429954862687
-0.6741454720261673
-0.6042963993366828
0.1740173359031087
0.3831568099022838
0.0571189121572398
-0.7372092349667176
0.1714242729338300
-0.4998939835234715
-0.1477302795900370
0.3942309377232837
-0.0815893464181921
0.4365131152992731
0.5972878171174997
-0.5118918975302365
-0.4289678630022094
-0.5335007931046885
-0.5538417833795924
-0.5038460744694683
0.0847830858491229
0.3841707229021862
0.5647397547636044
-0.3177669047062290
-0.0913785769253981
-0.7449280496607636
-0.1297126060591894
0.3828687341468594
-0.7950169265852215
0.2509623667217041
0.2211478703310218
-0.3308642150388355
-0.2974668659992448
0.0482628738573464
0.5182503119022650
-0.7909931144573753
0.1221911033334422
0.2633035103518349
0.0770386095811932
-0.4818671610123805
-0.6287998770763950
-0.5451156462593758
