-0.6907629029060240
-0.4118884741362199
0.5294728815865791
0.2699128831808215
0.1161892323935962
0.9735939368571984
0.1884991805952863
0.0555244748340240
-0.7655338930439446
-0.2998516639627677
-0.2901792257431428
-0.4897375370204455
-0.2540114799099273
0.3800535403308039
0.3753135567763229
-0.8063356674833977
-0.0943978518681802
0.4472934105670319
-0.2560268182108678
-0.8517440453462560
-0.2039315290472073
0.3931331361824483
0.3014916010959981
0.8443702287293130
-0.4475036648211381
-0.2216186983456211
0.5142520967792009
-0.6972592082385421
-0.6797890645397304
-0.7239789090898480
0.0290531726462548
-0.1135661925242675
0.0311550986877967
-0.7000230728739651
-0.6518000014250813
0.2900927703547761
-0.3598112102505492
0.1040854997976804
0.7678051283362096
0.5197859045900716
-0.2592332038866852
0.0020455824495439
-0.6782609882546943
-0.6875725368329163
-0.6319110803061402
0.5391554953308182
-0.5140390309028942
0.2139243164049394
-0.6355029783230635
-0.0083168723503840
-0.7561911321702808
-0.1556976743687981
-0.7499381415452212
0.2709908608418764
0.0125485545064344
-0.6033235209866078
0.3023691601100520
0.6950303825947589
-0.0865901614155528
0.6465352289168421
0.0730532761702304
0.2765179718128959
0.9533503302655333
0.0965617827500991
-0.1531029394699370
0.9030898887208156
-0.4005808971547118
-0.0228711095186877
-0.5054362895766553
-0.1870449366748747
0.2703988561054810
0.7977673893185425
-0.8948341727317958
-0.1895470999967575
0.3032930545851398
-0.2671273539618087
0.3710639523072015
0.6746985730235394
-0.5930289748863056
0.2353933172446838
-0.1283094769813187
0.5273717687058757
-0.5522804127240293
0.6327732938503275
-0.3511329529769782
-0.1280413360135600
-0.0869519542648725
-0.9234448674691139
0.3324830584908401
0.8276121503851661
-0.1968621140839416
-0.4071344401912209
0.6953178476953118
-0.3137958231577171
0.0753531625783304
-0.6421737871749156
0.5177073601364550
-0.5248696053839910
0.5193862142443688
0.4321214494300172
0.2429262567458282
0.6286640945849644
0.5608583386302599
0.4808390728216996
0.1692588036565461
-0.3421407183600816
0.9191688195899383
-0.0970560009398778
0.6204568959069469
-0.4189485153646683
-0.5877888388007328
0.3066262591112224
0.8562532789154428
0.3424606773583816
0.0928738062172090
-0.3754004034741036
0.8400974147288358
-0.2184884930023545
-0.4257141162180104
-0.2554732930155421
-0.3650927331496356
-0.5482505912089527
-0.3319823178901186
0.6752157625890166
-0.5793539653274890
-0.5784152182252073
-0.5652685677539824
0.1012732170623720
-0.6172507809608034
-0.0495082878576717
-0.6180937236112072
0.4842628952016796
0.0056326748084265
0.1193281891681968
0.8414092912972447
-0.5270288993622742
0.4353435877139778
0.0885899193548352
-0.8913021906861315
0.0905990712045601
0.3155251240338811
-0.8197475365371436
0.0174391764803261
-0.4776544227455414
0.2080366248559022
-0.0453161486204682
0.2456767240619013
-0.9456797325981904
0.1006824625617934
0.4941233490320595
-0.7359869305736024
-0.4516950250984419
0.2609968375657314
-0.8478709174054221
-0.0783618653936055
0.4548131223379661
0.9656993374407167
-0.1332205991662407
0.2183111182656310
0.0449145551682130
-0.3901114567636628
0.6716966904448876
0.5765809431068371
0.2533594746464953
0.7201113101839373
-0.6895139431726540
-0.0763463529909772
0.0134706161940969
