0.1683591457034984
-0.2489777838181888
0.3379736686208631
0.3580670069971755
-0.8168396899282082
0.1680170036482837
0.4479520585236280
0.4271045992825014
0.4531199440027981
-0.6191713957929031
0.6206555660722414
0.2616013170922356
-0.7343622599008334
-0.0225476896805289
0.0809635234075489
0.4801184027903364
0.6647450240783629
0.0777853386189880
-0.1994188667608863
-0.5308313564031862
-0.3600256985288068
-0.0756033685381613
-0.5837663548131624
0.1876706070191267
0.6990437849761296
0.6901224650325009
0.1268219286921838
0.0975718752599765
0.2190788569778231
-0.6709182999768315
0.0950694737995341
-0.2345672500406151
-0.1289397745628804
0.6679065113210628
0.6879065539958635
-0.5085895854043868
0.6991091427199088
0.0314026055398777
-0.3962215957004883
-0.3075798492253582
-0.1595433118778213
-0.2760104498915791
0.7724148258451271
0.5387252724627434
0.1073060147908274
-0.2786395669537421
0.2398121982790355
-0.3979316719412121
0.7293361003359230
0.4178149572445530
0.0051371868911627
-0.8168955936235514
0.1509303554051906
0.1263117675411039
-0.5421444121515743
-0.2893854923443949
-0.3966713202933518
-0.0067782501922096
-0.7574651489736608
-0.4302423780753856
-0.4929512694041644
0.6346260620023686
-0.4111627089591374
0.1550977649287927
-0.4014208732685251
0.0312935870313312
-0.5927157133728529
0.4140865013621127
0.3669793890593931
0.5844375859977714
-0.7199987073215005
0.3924047064595620
-0.1120387235809474
0.5611126644990677
-0.0148428420749566
0.8393019331920893
0.1656654406733519
0.3354388803235009
-0.3028124462958736
-0.2528094275183396
-0.4098745025205732
0.3143248797498026
0.0338473691433329
0.5063916927132179
-0.6896554004043627
-0.0963137303705028
0.6072009687394966
0.4939670524885034
-0.1885859950780869
-0.5852029754026914
-0.5856000710782010
-0.3058897713041147
-0.1570749406939903
-0.7077014314626873
0.1949106243291148
0.0265846349348274
0.4579888170250234
-0.7343950110004562
0.0721562264494474
0.4949716632976249
-0.1505340594709788
-0.7179587990102922
0.2243601632265877
-0.3571091600969778
0.5329260969352659
-0.6303446228266090
-0.6394307822468243
-0.1579655238532719
0.3106957140675089
-0.2689033241197231
-0.5196584752053025
-0.3304301118032184
0.5211669309347691
0.0091730753014235
0.5908230658586043
-0.1882197812674704
-0.3392580813316011
-0.6529853807113979
-0.6362677616472830
-0.1350951377969380
0.8643615204978616
0.4546074395371004
-0.1252844591333672
0.1379512397595982
-0.1071657480195798
0.3689345461169270
0.8423164968251671
0.1239382940658873
0.3690935073796119
0.0529103197110880
-0.6714070567897348
0.4086594612103469
0.5671935365952129
-0.0651428183680637
-0.2371875083470781
0.4003359128712116
-0.0305983434170895
-0.4834535612572098
-0.0351179772759456
0.7770677448108828
-0.1199685854188922
0.1698204459347315
-0.5749446908007368
0.1992062726979945
-0.7658485608088171
-0.2323778350239558
0.0208716226055513
0.2471800456895103
0.8964533006928895
0.2843209838354281
-0.4355345442244386
0.1504667303217661
-0.7774486477363646
-0.2490085051911974
-0.3481921715501816
-0.3685189922535325
-0.3092791525616224
-0.1119402828805841
0.2274210711051694
-0.8392193918310027
-0.0787593002325580
0.5331565749576762
0.0909795914651302
0.8223118156378570
-0.1583257117637142
0.0176231030517098
-0.5546320449389686
-0.3008364145334299
0.6136160255316433
-0.4743896561552191
-0.3309524529414354
0.5980915569698163
0.1911415926810875
0.5305912983722758
0.4633516256715065
0.1990150432831876
-0.7640918347169511
-0.5171841869830521
-0.3126852197441782
0.1063256824764776
-0.2034196134636482
0.1145745669708230
0.2876098908881368
-0.9286041571969481
0.0216332928979450
0.0926134006346997
-0.1798720637542177
-0.9046299371549205
-0.1877732844755874
0.3247378467995533
0.7209109313047518
0.3581361589956694
0.3667466471429577
0.3041884496203974
0.3535423661629283
-0.0638367446117367
0.0699099465304643
-0.3974766919702242
-0.8466895995707274
0.3408320271521625
-0.6197307028925927
0.5025934355798705
-0.3204737873280286
0.1101250069963477
0.4985004803146729
-0.2210170002728147
-0.0908830217496103
0.1779355853134526
-0.6824139231014831
0.6674892710631901
-0.0028828959793369
0.3502775266978355
-0.1764798589696987
0.3095433472023639
0.8662188630952409
-0.2655984772059218
0.0521867226989533
0.7189076666243096
-0.5153555287166857
-0.3798874053845087
-0.2000678425759397
0.2924191241566255
-0.5507387832882310
0.7042148418961850
-0.2742848213624134
0.5214898722958889
-0.7381081778864853
-0.2761385237245064
0.1202053823180617
-0.3042085018649686
0.4612639671375072
0.5788018980802354
0.6494316349855691
0.0402305452341630
-0.1698351262531346
0.3723017613060239
0.8328802579784439
-0.3898735132059276
-0.1218308257141924
-0.0292876766654278
0.4325216088245522
-0.2099832587089455
0.3118324499541050
0.7801154337467776
0.2510229514357026
-0.3334305336545640
0.2980517860804254
0.3057671510779475
-0.0982868578050351
0.8347666470011781
0.6903709569819197
0.3662931150577164
-0.2894489763472662
-0.5282130923088171
-0.1625654170549803
0.0390426870174642
0.4991422241392472
-0.8295937551696562
0.1296493028986828
-0.2104708253254502
-0.6921316289841024
-0.0274856116638399
-0.4927061090475127
0.3244207055243423
-0.4149581246892581
0.3316719311939716
-0.6797716585274787
0.5615071980832913
0.3229109552566742
-0.0913367603801233
0.2962589426406868
0.4568641774067710
0.4600325713837926
-0.6650240120981686
-0.2227529099848700
-0.0805574309089458
-0.2805917275918735
-0.0404882314572183
0.0121166783066846
0.9555065002147487
-0.4598111593769975
-0.1623127340354680
-0.0781695037150048
0.8237055410884816
-0.2786161954219362
0.3405118870331457
0.0134161815750495
0.8909346652275092
-0.2933393545638472
-0.0637111153652441
0.3937852995568369
0.4515720229569592
-0.4544051283359249
-0.4730984085376226
0.4590312855532532
-0.1506426795215364
-0.6705783767346125
-0.4952219707448223
-0.0934949292891137
-0.5231111943472265
-0.8786984437662343
-0.0681518571580019
0.1865232492329696
0.2114126254173112
-0.3791545181036995
0.5677758842970865
0.5398863664027047
-0.2902405625931821
0.1930659016558119
0.5144309769313736
-0.5851709536027929
0.1937858872005602
-0.1588882053999748
-0.2194366446907624
-0.7393403019808439
0.8965642978763123
-0.1748457784244325
-0.2597935552467009
-0.1111480114584248
-0.2928392762964467
0.0883474403916711
0.6228802302468720
-0.1784573018064206
-0.7561814812772812
-0.0236115935318399
0.7775391693170773
0.0007740690587926
-0.2204988632914348
0.5255252122114122
0.2657738580299742
-0.5329957685041610
0.0367330271167746
-0.6767076927501791
-0.3831729000813441
0.3313780660989479
0.8935293439888717
-0.2750942086937188
0.3026321063529549
0.1732424724697047
0.0657977333268464
0.5821712510810623
-0.3799703440140819
0.0929111125506578
0.6096326101365892
-0.3693437124240506
-0.4316159562142908
-0.4797370997482855
0.4888934275769298
-0.5862457350288418
0.0293110235048373
-0.5246462257804759
-0.0255221698551699
0.0639219305904335
0.4485314989284406
0.7202974648565577
0.4097658438170078
-0.2669444942560500
-0.7534294855042412
-0.2427774581837603
-0.3663819133062717
-0.5192428707424824
0.2026072533469704
0.5331649269592965
0.6056876425386333
-0.1954860158957236
-0.0522711266976436
-0.1049926255069768
-0.4658833442300934
-0.4589448299825845
-0.7473731534542511
-0.0597672873891361
-0.9352873169218919
-0.2303058922281098
0.2599142137769555
0.0327002086371686
0.1189435553202746
-0.5336914769427648
-0.7851353428863240
0.2803853473979204
-0.0772812292975809
-0.5913516041835560
0.1414044384777067
0.5651811017961985
-0.4607853026118000
0.3139351717755220
0.1462699757472891
-0.8056324710028624
0.3763835143361756
-0.4082818836475692
-0.1456117079147564
