-0.3153257673068183
0.1676255114201546
0.0690501482929908
-0.0509436261376000
0.3215605186617419
0.5564507688658608
-0.1624927039830976
-0.1262471030092913
0.3612301326353311
0.1015340159989681
0.2213131574042324
0.2882491703733885
-0.3698776480032579
-0.0073756144527982
-0.4771954331748177
-0.2662837056685676
0.2658570274993047
-0.1054637387590665
-0.0866070291627307
0.0792406027135880
0.4337415844290545
-0.4557368993731432
0.0813390201596324
0.0438237988243133
0.0419399750595756
-0.2305742164144041
-0.3762037872615127
-0.0705544568378547
-0.0680054058562532
-0.2292360079829563
-0.1693220391399320
-0.3579313146602714
0.2869689386195955
-0.5027542088116044
0.0210757838506586
0.1447596684902897
-0.0247851348819622
-0.4460168014154053
0.0289209963420523
0.3978307969459615
0.2593647823476645
0.0600639206394185
-0.1807933141262063
-0.0534356835407717
0.2362422590975490
-0.0010613210524438
-0.0140941909511145
-0.3502268978610140
0.6846021638039738
0.3646448795288781
0.3568669670386390
-0.0382986696856845
-0.1737276219529134
-0.0258592741932349
0.0949330387586743
0.1243392377652900
0.1109981400722634
-0.6051204622325528
-0.2868507326693184
0.0508798145900484
0.0794231996663936
-0.0456803342895992
0.1670612723853609
-0.2779345611973473
-0.3489448510704556
-0.0615246952918399
0.3567327126132991
0.2800871742743997
-0.3028252340051125
-0.0112579343680149
-0.4390247219989246
-0.2201186613676003
-0.0272789037201873
0.0357532189341338
0.3436236091571424
-0.0093088519234986
-0.1858374726200694
-0.2385638664660767
-0.0519759760118528
-0.2186107632867770
0.1857918634772029
0.0578708666780125
0.0974842510514608
-0.6703040445776305
-0.1802849324955112
0.0227622834620582
0.5068637633526184
-0.1413731944859316
0.2560936331929582
-0.1732808045664997
-0.2574707894470504
-0.3592337906535459
-0.3373507003913627
-0.2799020462750327
0.1826178489484684
0.2426566492799134
-0.2790310834534857
0.1920706448094558
-0.1873795887361327
-0.0929683580781679
-0.0222586484565155
-0.1606627197583804
0.1060336890771357
0.0421458035225916
0.0794941478728293
-0.2851240313303826
-0.5705933109987614
-0.0887664212567629
0.3939550616158738
-0.4981779003663415
0.2908482453536382
0.0887279859871349
-0.0439221096711456
0.4414552000198650
-0.2449413792971242
-0.2416658196587910
-0.2529158708768641
-0.4960883456133798
0.1461327982881323
0.1489853985056062
-0.1749970867847869
0.3476513863510454
-0.1072711746176864
0.4056977359654935
-0.0047896445772638
-0.0596809307432361
0.0736641832592788
0.1003812172727682
-0.0994460212545781
0.0807864405145841
0.0592960688328674
-0.3925987040036044
-0.3272080608714233
0.3175034999107615
-0.0382634039700011
-0.1604421718144591
0.4100031092694458
0.2202159399939881
-0.5108451894490956
-0.3127166280976971
-0.1517189414087896
0.2148293431281475
0.2977139998815373
0.0304350772405124
0.1740674193768789
-0.0671343671927411
0.2359005070124962
0.3022811949224304
-0.3789170074508864
0.0297847678144268
0.0688176758294554
0.1862467408074546
0.6254983587876525
-0.2903501127847820
-0.1337272595945704
-0.0495971246795040
-0.1042106561616385
-0.5116146495280252
-0.0542838297630651
0.2719931408890407
-0.2476061803272781
-0.2212377439811885
0.3642187208632607
0.2240858769701446
0.1169282110113451
-0.4849137491780570
0.1299107400104026
-0.2670312043674210
0.5516900416997809
0.0322709171213709
0.4417045823689422
-0.0434292127431565
0.0753681771354641
-0.0089176708758031
0.1122127877476795
-0.0479578333518340
0.1998194446330215
-0.4943613801256515
-0.3053174704700179
0.1187811918764144
0.2722142959173566
0.1058620038870698
-0.1593950671021112
0.1358190008070554
0.6283920189389236
0.2923397893423421
0.1707822842789800
0.1263109684982766
0.1108802270441844
0.2765279916480401
0.0003435540082873
-0.1973989926080228
-0.1368162971897360
-0.0335455566485524
-0.3578179669147156
-0.3938019097173944
-0.0114964377197340
0.1327780149695979
-0.0233987286608812
0.0779802115176054
0.3118254825741172
0.1889351563069551
0.2588857579127725
0.1445621705769810
-0.3122231149864013
-0.0490527857435390
0.2162029875981032
-0.2738519508655731
-0.6359168790351527
0.3588027116450657
-0.0152282312790554
-0.4428270697369772
-0.1091191410786682
0.3474269038714534
-0.4410149175053150
0.1333157715429410
-0.4471762238709513
0.1977972360555258
-0.0480485974874438
0.3233169535525151
-0.1454106388072154
0.1510975781738536
0.0599982488343185
0.2555097465055395
-0.2261661528125305
-0.0115138810801452
-0.2351941320880558
0.4073686266884201
0.0997557065980652
0.0502124039153589
-0.0643573254285641
0.2737275206738406
0.1655475925410184
-0.6077959537630663
-0.4260123583216306
-0.0147611388817290
0.2077272014700388
-0.1193012110922785
-0.0718718980132172
-0.0773462930651960
0.6072173544145094
-0.0292651867244405
0.4642888546894340
-0.1176840340854430
0.0117307177387135
-0.2395067774768210
0.3931717151980363
0.3187509973702077
0.0495036294820823
-0.0281313439332841
0.2546301932731603
-0.0900173471029039
0.0573130281027197
-0.0522034077533777
0.1332353203793692
-0.1383305462942765
0.1491090432682406
0.1678147729634663
-0.0347739276151373
0.5096218479474379
0.5378265846834210
-0.2549049310381958
0.3505788519857836
0.0691927119043967
0.2465929181509711
-0.3210122777329313
0.3715315405908332
0.1128192590675498
-0.0111301554117083
-0.5891116179207980
-0.0302080907443506
0.0307688276117872
-0.2541181139644727
0.1283277319563522
-0.0433749902904816
-0.3964180426065084
0.3692546580604424
-0.1936796891523774
-0.1130045234936793
0.2711032592237745
0.3847022652634485
-0.0647609201254963
0.3542770571874245
-0.2504037665538426
0.1791612162228726
0.1787190142852955
0.2821678057938871
0.3613046962922344
-0.1009228250091658
0.1902866167665968
-0.0150312364979947
-0.5650650259692180
0.1006031457698987
-0.0967321115537690
-0.4675415511203975
0.1019447001012792
-0.3094482427626538
-0.2715851191830516
-0.3791898728054580
0.0377934208404976
0.3918304096220547
-0.0316455556512565
0.0987731321630702
-0.2339392793934793
0.3136216117194421
0.0868672849064635
0.3118045521314068
-0.1847685943489424
-0.4614594520461940
0.0977070393201899
-0.2019308072747989
-0.0159534269532690
0.1431383234297340
-0.5211713592629953
0.0211150708775980
-0.3711879058181905
0.2074115811172566
-0.0455821625218293
-0.2416723656431940
-0.3573012578084974
0.2687050682838933
0.0526691602537986
-0.1695193339743825
0.1525025421401555
0.1859545643889839
-0.5964269950611776
-0.1760617894216808
-0.1049632265456484
0.0329092220112388
-0.2863115624614500
0.4568674579780814
-0.0361560727934217
-0.1373783847405696
0.2748513635308668
-0.0097931272355494
0.3578860371014448
0.1221080699201145
0.0140292306911817
-0.3208974179903725
-0.1500015047047581
0.3406790422994134
0.3183394623056726
-0.0652423803060313
-0.0732221274830253
-0.0674788675429383
-0.1881399551624769
-0.4767847872867454
0.3830686598358724
-0.0953615007468591
0.4574797664827851
-0.0390534895793201
-0.3343370855452838
-0.1740205360919151
0.0608748024839629
0.1148298985341692
0.2779092278347937
0.2341220482062856
0.5392091285492713
-0.1737969617539777
-0.1543760470275353
0.1622513374879807
-0.0209169818248799
0.3403646419217282
0.4691237932728914
-0.5045933632245646
0.0220988622315707
0.0386298040951116
-0.1499261412264061
0.1916246352770544
0.0460808055395908
-0.5836125701870536
0.0996476891437641
-0.0020295263187836
0.0782005672898076
0.2000413864912922
0.0858452824693604
0.4533521842556630
0.2692892747057399
-0.4099629404539499
-0.3451007991328318
0.3408080892857098
-0.1337217702197462
-0.1714602927283244
-0.1107779995147544
0.0373692526644145
0.2025449370428098
0.0562362234853491
0.2315352381644497
0.2448213376752090
0.5956144237370244
-0.0632398147998500
-0.1387388480176275
-0.2322617294641204
0.3550485745130516
-0.5001294273417948
-0.0785923377952290
0.1497423884663801
-0.1408674795108331
-0.0122561937999495
0.3740397848505522
0.4311845824016500
-0.0908252018703822
0.1395131540994792
-0.0016249416483595
-0.1307130521433208
0.3881295795039659
0.1959962827879122
0.1863099939456000
0.1139628853639696
-0.5686394327325429
0.2845206280859972
-0.1825141415794135
-0.2683471216155983
-0.2173632184712424
-0.3157080583178847
0.1473898437559527
-0.3600692097312473
-0.0709395714729804
0.3172414131485912
-0.0171940844753147
-0.0668406754561865
0.4072996994776552
0.0686837034169434
-0.3568528898088862
-0.1107827404809197
0.2163166840072594
-0.2395200580035671
0.0846149647104792
-0.1070797445131549
-0.4493332263131044
-0.1664460373654402
0.4510347353224118
-0.0031602052280119
-0.3598187687566631
0.3406723721533969
0.1330891165168222
-0.0638202108476561
0.3130176947863544
0.2876174781202682
-0.3727531664252317
-0.0319755839657056
-0.5380536899409444
-0.1564501362227817
-0.0682525134695999
0.2181407889885987
0.1694574064826794
0.3686384389000281
-0.1032134271242577
-0.1731354493262422
-0.0122923818453478
-0.3619983588153702
-0.0459644364565172
0.3290095488671916
0.1680635933977933
0.4449468802382935
0.4251925740224607
-0.0857728769742561
-0.0213753157700351
-0.0625584376063373
0.3676870902328054
-0.2278487637836008
-0.3501743312639237
-0.4449165828768423
-0.3961334601215540
0.1857411849704476
-0.1013480207224665
0.4671993799244089
-0.2114478594760560
0.0366119120728813
0.2575098770129497
-0.3619659803780783
0.1690831537764644
-0.2755335765692782
-0.1622497623144741
-0.0737577336620297
0.0492610993171856
0.0567784398520954
-0.2689074868999910
-0.2978884092111402
0.0510435305099652
0.2533809453851899
0.0855791289673965
0.3757982387046396
-0.3853393971505731
0.6094070415416117
-0.1839734872473667
-0.0534352913845831
0.2033684698628843
0.1084632091426332
-0.1033636733632218
-0.0899453829160387
0.2741678028512720
0.5704299061946101
-0.0147470596933344
-0.1507336266363548
0.3248413495113437
0.3073266418239578
0.0108275502800076
0.0780040459542084
-0.1519789480630668
0.4556962954564493
-0.0635815526425541
0.1362965683640101
0.3299453700740311
-0.2757373224086955
0.2169479305501197
-0.1174348793596733
-0.1446461881074229
-0.1541225241556096
0.0824240395615777
0.1990748399582893
0.0089902805529883
-0.3706908959592572
0.0213695937265835
-0.4286772022642118
-0.4055765106203303
-0.0134970301653197
-0.5344370333572098
0.3828522789437457
-0.0984283810205635
0.0898893751965040
0.0250608457254697
-0.3920199876786085
0.0771979410066052
-0.4437118442106505
0.2374044756549576
0.1138758542399086
-0.2400547729319039
-0.2199441064601853
-0.3351306804739137
-0.1342423143170384
-0.4157458067925772
-0.0906309229436363
-0.3763248236189435
-0.3511517517335184
-0.1547948546120381
0.0803553250367588
-0.2202379962411564
0.2061004551806116
0.2347086206473201
0.1064743459906806
-0.3514594363805175
0.1444476805690328
-0.5470234120176383
-0.2240683711128157
-0.2126087328107027
0.4415649951610470
-0.3747722746764033
-0.0001949403827050
-0.0903812507410123
0.2011580730132229
-0.0923844147122049
0.3029543530274806
0.1233155233245139
-0.0412445955199674
0.4509314985638539
-0.2150224069671634
0.4128436069144945
0.2761349011811725
0.0494417231568857
0.1095705392242444
-0.2099776773363715
0.1033894333041872
-0.3494599208455061
-0.0458506159673374
-0.5209129999062218
-0.3333377982261417
0.4163408128791488
0.3151568144944650
0.3460786584942907
-0.0102540913727459
-0.1447173328820383
0.0119507450844205
0.1135796609665058
-0.0184249579154879
-0.5364869142373311
0.2830906693583770
0.3416623211991416
-0.0571626422453617
-0.5324253384308265
-0.1079775333954203
-0.1552370903365249
0.2512667335376501
-0.2629646787026443
-0.1306583201163057
0.0332647412315072
-0.1754306420268471
-0.1059593740655730
-0.1996212179066969
0.1381589118434592
0.3304778246855589
0.1619979699284785
-0.8113711123039485
-0.0892843425761301
0.1285480378209893
-0.0479151867157334
-0.0359284292047983
-0.1431426579717494
-0.2774100541999640
0.1262626389393310
-0.0757472673834122
-0.0085086707573150
0.0018920286532798
0.2321707897231284
0.0624659248170579
-0.2172451083541485
0.0113092136780419
-0.4452303967768348
-0.0496838508206377
0.1679161283958092
-0.0566257725513015
-0.3698085277295590
-0.5232587388448784
-0.1407048759158642
-0.4590720641790260
0.1471864284906069
0.2043309103919702
-0.4078464671441434
0.2250402430541788
-0.5490629415888225
0.2887437803108481
0.0594908000443494
-0.0337799158426003
-0.0195408982320763
0.1648922968774657
-0.0923168157308689
-0.1710455812091086
0.1366021375066917
-0.4068774058461449
-0.3196623779135551
-0.0189956358295018
-0.1379865208369208
-0.2817817027747442
-0.2630339985255049
-0.3991844932913266
0.4178601563926017
0.1199737549880564
-0.3012193033967980
0.0032973758748177
0.3278012213435154
-0.2481622378592780
0.3789381339901176
-0.1600211306903887
-0.2338355223606723
0.3208060177522085
0.4470954025810491
0.0590137697134490
0.3377142254511705
0.2586376992925620
-0.0721616449851772
0.3252365887247517
0.2577115290351338
0.1933128148708189
0.3930062976171806
0.3592077574527007
0.0924064470565512
-0.0463899205491544
-0.0617726474364946
