0.1232941028607744
-0.2442883336009856
-0.6195362920734769
0.4637200131950746
-0.3832659001630348
-0.1930313928553028
0.3067194191984036
-0.0925416197754589
0.0030638954457514
-0.1986360909240920
-0.3009123259940710
0.3439192467931751
0.4306752092031213
-0.2537383947721902
0.0256766622972149
-0.2332195734068248
0.0458274835974574
0.2692767062206606
-0.2697532180784900
-0.5821335354623732
0.4138500606031382
0.1049099604951940
0.2154813115860423
0.2730336211009995
0.1904881352129222
0.1514446324151784
-0.3033484560230986
-0.1175509792113130
-0.7280733205692898
0.0398997328201263
0.2886909339956846
-0.7056201082565391
0.1692979511584295
-0.4730517303064560
-0.0390958014868691
-0.2879047402688444
-0.1642565448596729
0.2106860352345869
-0.0378284069390960
0.0953972962589980
0.0721432463341549
0.3964491295283854
0.2874872742446696
0.1682918751599195
-0.6057104427865101
0.4725680568723187
0.0352604956128251
-0.2560440352737925
-0.2172578939597583
0.1498125485144532
-0.5897833630718399
0.0756984798487186
0.0451373954446532
0.4969273504793209
0.4073767631452438
0.0513656605243811
-0.2454657733905515
0.3069288421260403
-0.0529173779993720
-0.2675778045899083
0.0183344136134273
0.3465151942346160
0.0313946316883215
0.2701103222675817
-0.5857723812719320
-0.3744554976185193
0.0511001863259639
-0.2430615331240970
-0.3033263120641345
-0.4106125527456754
-0.0843214109664999
-0.0744985916036555
0.1125382608889779
-0.1604338750289813
-0.3727345872335180
-0.5957659255184925
-0.2381880405804881
0.2679486140055946
-0.5669108244247747
0.0717633282313756
0.5209059268503418
-0.3368076776588068
0.2181154974779249
0.2152403383328748
-0.6531081662259881
-0.0586926568758830
-0.1942566421294785
-0.0473764059085632
-0.2261626541467390
-0.0137844990993965
-0.3262055429414043
0.0107713435025628
-0.0989686897145353
0.5911183885306331
-0.3619044203262659
-0.5163331154194745
-0.1937083424910916
0.3003369169718922
0.0918096714976920
0.0230059590710018
-0.2742208778728843
-0.3087828833118143
0.3499511704078498
0.2759100145565153
0.6359788228697933
-0.1095163966328497
0.3849694127719067
-0.1388038885475319
0.1563926276709486
-0.1499144983111670
-0.0442300602283687
-0.1266724526814309
0.4076692549428862
-0.2234045339792176
0.0659699544126027
0.4604450421911127
0.4344218717802202
0.3657818487591239
-0.3847617161308863
0.2810195913979532
-0.1558883166352964
0.1251979683504908
-0.2003188134363272
-0.5904404810860957
0.4247697406629995
-0.3864048826184350
-0.1486948029343375
-0.3452213457834620
-0.2741980941624504
-0.1583228663048408
0.1873636050521136
-0.5201044536217929
0.6061180820532295
0.1214987940670396
-0.1775065108324608
-0.0324889767413930
0.3347033845805264
0.1173927669608670
0.1929556775769020
-0.3415285413868873
-0.1956668184111992
0.1610511843894623
-0.1595445166608624
-0.4201962875854496
-0.0679728338343562
0.3290770173929090
0.1918739738889354
-0.4443341017404692
0.3441447848554493
0.5178432204809843
0.2364586046183308
-0.5598307515980285
-0.1078112515130188
-0.1598691059077189
0.1810464396332349
-0.0369339310766864
0.6235798072080636
-0.1156489173221446
0.3715773709309136
0.1380483310242977
0.4305227594188381
-0.1900958484431254
-0.4521608079193405
-0.3499600182888989
-0.1560852494928550
0.2549288189687716
0.1036915827534429
-0.1359566060792145
0.1526129984888798
-0.5565196610899936
0.0665935654981031
-0.0457645310685747
0.1045203679633974
0.3036879275643606
0.1682195023599956
0.3679952235814354
0.1694851975789712
-0.0156818012896187
0.0244564859028776
-0.8348847128298615
-0.0177572854449467
-0.1693240798077326
0.1071115125635339
-0.2555021820690996
-0.4423810952126671
0.5839468282086617
0.5104527562871722
-0.0101003867635025
0.2940602238480028
-0.1021244956177311
-0.0582315544184856
0.3908151155163493
0.0646609472634907
-0.4248265822573373
-0.0950475575126167
0.1507525926178788
-0.5596658909016545
-0.5375022044724727
0.1402999701959369
-0.0750664718890528
-0.4163680674800871
-0.0304251639065762
0.1629168889022245
0.4923408616476280
-0.3656670992882007
-0.0007384684291883
0.3300437155741224
-0.2209286393165546
0.3777154904057827
-0.3502145380426999
0.0520825238017749
0.1860155316975270
0.5183148159243672
0.5591932522470863
-0.0510015373615996
0.0523932831364704
0.4396222037787565
0.0560280762735591
-0.3880646018595998
-0.1702677755261365
0.2082573659795884
-0.1024789287499690
0.5582665477034228
0.3099189247591668
0.4278173709580107
0.3524282468024516
-0.0961334263821056
0.4618486200470869
0.0457534076337223
-0.0808896199384875
0.4269577171181150
0.2492181111304096
0.1712800058081052
-0.1082129838433641
0.6938310119647365
-0.1250280949874945
0.2350131229348245
0.1240073454074684
0.3630800528129053
-0.1228044726325117
-0.5186295246367785
-0.2881755562044890
0.0926103171900054
-0.2881200154264387
0.0446267525073432
-0.2707008225862053
0.1617218809547184
0.5928225606704424
-0.0526785826004011
0.3174120038207730
0.2755445493188827
0.1383578342078658
-0.7779759591199565
-0.0873684500694778
0.3493180485485718
-0.0363185103547199
0.2726299624283674
0.0146634912109789
0.2969668393688707
0.0773234809660756
-0.0834174292181931
0.1750858630881161
0.5936537190902528
0.5183520640304869
0.1197069600821686
0.2806523501961126
-0.1420701745064910
-0.4004224140185947
0.2439449259000761
0.0902563217014196
0.1528126910224160
0.6571281048883730
-0.4229918659409683
0.1332946888779288
-0.2050266689405280
-0.4194158634321769
0.1493160099189471
0.3223526220240312
-0.0160717398652969
0.0610815557384499
-0.1421141466864449
-0.5685671548327246
0.1726933872274085
0.3277486420252534
0.0585667983305512
-0.2266978386656352
-0.0241269506701975
0.2170863772262489
0.5250426696469758
0.3756226718627169
-0.2966119340704655
-0.1574662073343762
-0.4394473671053004
-0.0329634371630351
0.2477724746639744
-0.1651605620773501
0.3297058158294635
-0.4434046694137787
0.2068247327109374
-0.5062270943873330
0.4478058334966911
0.1791318505993332
0.2208576561388312
-0.2082634012765122
-0.1243692621529270
-0.2151533137303799
0.3186337360732316
0.6602857641603180
-0.2586133199703555
-0.0953189794338739
0.2564611191642824
-0.3330347875714300
0.3621751353023591
0.0774941921807068
0.3310831740839074
-0.1137493544760844
-0.4444225090120525
-0.2042843131649071
-0.0496222846219669
0.5673434093325700
0.0282479096490941
-0.5892710410811893
-0.0991999682659302
-0.1158685173247436
-0.5083305458207116
0.0348269822067891
-0.1313506310344089
-0.3822979181683325
0.4492003952012811
-0.0624259935489373
0.1968414612092944
-0.4379840889108214
0.1098280422562942
-0.1236198331817290
0.1733074459069652
0.1477620059198212
-0.3803421076597587
0.2238076912409274
0.5332137022322966
-0.4595034058873123
0.2116099457879102
0.0292577421630448
0.2586731075507869
0.3657193979588829
0.3512841982222922
0.1492106547794798
0.4459076232916706
0.0428986722762516
0.2091728602493622
0.6030017937583431
-0.1252579207981881
-0.3237429109688219
0.3321466994373505
-0.2055568865423113
0.5575880883969373
-0.1656746373939102
-0.0543778813050340
0.2182290671613683
-0.5739797882990452
-0.0924103804761005
-0.1160034015877929
0.1632347737802075
-0.3920278460319533
0.3388111922250022
0.2921880207267171
0.5118956659885442
0.1858771930280623
0.5221756415219206
0.0590251746863052
0.1824994475607644
-0.2858881925481644
-0.0432097388768845
0.1605159922617907
0.0875702277608602
-0.1871208563907987
0.8146604140195661
-0.2039068964938033
0.2892971246799185
-0.1354769176245816
-0.2016340303719631
-0.4530344598106032
0.3899089810680653
0.2475424354551230
0.2231571281684278
0.2040477252692403
-0.5147574076704325
-0.0053522670609828
-0.4210065855068992
0.0571936724729129
-0.2109441456646760
-0.4466861047647860
0.3511339892932792
-0.1215995522562133
-0.3092385988964197
-0.0019006586212212
-0.5629484176311145
-0.3458900509829496
0.2752249213803017
0.2275738231100517
-0.0516567528735769
-0.1383502809000750
-0.1481243124889891
0.0641924065372748
-0.2394576095989837
0.3046257269777203
0.2332731270938572
0.4306461439679254
0.6043057985618074
0.2642896617826096
-0.3602137779107623
-0.2372370196740675
0.0818685610816450
-0.4492782296555682
0.3882759637367068
0.1023469130668230
-0.0170602100705565
-0.2439200590280813
-0.3684555902702952
-0.4907879880804740
-0.3708256675592238
0.3530993041564000
0.1911261189613916
0.1276461936653101
-0.7765746660542685
0.0329729659405360
-0.1646582901395283
-0.1900602069680850
0.1566614280394886
0.2269905575862080
-0.2811404592094000
-0.2291869394857003
0.0752590431997032
-0.2394314951443713
0.0939005338494879
0.1929730679596554
-0.6079084332832000
0.4034311217725958
0.0820396266114310
-0.4776245036402674
-0.2669476859238695
-0.1854532709963414
-0.1333657613484757
0.0761685261806805
-0.1035505409311151
-0.3454090618157712
0.2972631660093041
0.1173424176439059
-0.6702349530151126
-0.2095917096317442
-0.4655219320834034
0.1775574694934155
-0.1168445346585077
-0.1311360351569247
-0.1130867500200362
-0.5162632737709089
0.1161366366100955
0.5323588399772472
0.0204019678108119
-0.5873153495579149
-0.1267219245994475
0.1958005892301831
-0.2650109167193631
-0.6802736319519943
0.2110051938778589
0.0698647568611310
0.0436358208369354
-0.4384718739697698
0.3851279073785134
0.0559757960218875
-0.1834022599318483
0.1641261761331179
-0.0773106923180180
0.1751759637968011
-0.1004408176378366
-0.2488784356974111
-0.2915829937512732
-0.8588664240884514
0.1182811667352439
0.1641114042096525
0.0278395258363138
-0.3851265347501578
0.3829044638769817
0.1121880237973415
0.1971177244724759
-0.3958199357024105
0.1201860767960508
0.2027067245250449
0.6039197239159385
-0.2412641467590610
0.1359581612880119
-0.1369019727957954
-0.3062507746125568
0.1509075874373617
-0.6912928382823578
-0.0479446986332397
-0.1223862813838652
0.4669894154057607
-0.0952539166411541
-0.1137369988009776
-0.3597829916163835
-0.3271523631049459
0.1112614385761437
0.4683900564560263
0.1343717527097950
-0.1546574912912290
-0.0255609369995497
-0.1517450531205525
0.5122800875448826
0.5473790754136425
-0.1830125900931340
-0.1279989016639073
0.0370176528435961
-0.6417116584085223
0.0448691527478723
-0.2034486120130950
0.6643238785704595
0.0742115133905111
-0.2608202165066638
-0.1103927116518300
0.0004928812899804
-0.3005348910379630
-0.2977565730446887
0.2962580065425918
-0.4793752195313867
0.3017873620520442
-0.3471292564402658
0.0461989619074603
-0.2736542681802711
0.3463124428674990
0.3080953613827420
-0.1117767773077874
0.0087912327481758
0.0559955195934310
-0.2546324878745460
0.1587531157284389
0.0871798507524531
-0.4920719243648867
0.7694501931460620
-0.1233018648999786
-0.1930307169507978
-0.6032534353334643
-0.1661185325983431
-0.0065878591206944
-0.1999579119923078
0.2017415114579308
-0.0297086947065518
-0.6327392230023542
0.0007641746872142
-0.2486486429832263
0.2543530214036326
0.0581956290268183
0.0089524385676408
0.4455216277090860
0.0473066088095766
0.3740910868448820
-0.0850551174710252
-0.5549814159645257
-0.2662847899798906
-0.0931895074552946
-0.5109118579628685
-0.0628065828675566
-0.6589194400681258
0.1367333520960041
0.3118459196396616
-0.0445359106625423
0.1702876048195104
-0.3231665686680515
0.3735238153718394
-0.3641566717694432
0.1959299579823575
0.1099910802562416
-0.3418076492856832
-0.1841103686585238
0.4653813638759194
0.6645438880379791
0.2954986430466065
-0.2419586910185381
-0.1444129466778288
-0.1106949863456383
-0.0015927845470488
0.6655185746487755
0.0980190873641579
-0.2593428186961714
-0.1247205145085075
-0.0775448706499128
-0.4228744070927310
-0.2781330227037596
-0.0839021778579411
-0.3160478273614908
-0.3091013213745989
-0.2136748689446481
-0.1597897839217764
-0.3161862391455779
0.1087221686400139
0.5679630493559342
-0.1830143875764022
0.2020868575425712
0.0713426132658002
-0.3275406676136493
0.5547323504749206
0.4200213436671100
-0.2623347391478941
0.3456842869666188
0.0106620790691244
0.0690458424839814
-0.3200803834577967
0.4075164044531622
-0.0863736470329623
-0.4814604380254232
0.3501403845487303
-0.2653500742563516
-0.2787064343845437
-0.3289246927816883
-0.3599264580854628
0.4514825959402965
0.4058732283490122
-0.2142428720755679
0.0376484397166952
-0.1199073171963357
-0.4288458497879833
0.1415544809969281
-0.0637105079556014
-0.0228003898876876
-0.1066789557612524
-0.1616627913388207
-0.6217636112034113
0.2066300098104948
0.1275145125084015
0.2755475266776710
-0.6452874127638782
-0.2261676896307322
-0.6583013861382370
-0.2875415670319910
0.2965905901570827
0.0104455818230897
0.4378170901723807
0.1661104243308127
0.1364957356030892
0.2564058500471013
-0.2026837358063838
0.0524601000889842
-0.0124840926903450
-0.2426752394713439
0.5792442390705734
0.2648317926447486
-0.1573967078993088
0.1459291524470224
0.2613950239907943
0.5723395275376696
-0.3009520095353456
-0.7918648900855900
0.4075467825140270
-0.0044621578423067
-0.2984573101706475
-0.2188268499256363
0.1167579532040594
0.0259135584098841
-0.1701941965144338
-0.1587281239614690
-0.0375384443941324
-0.3822169966182065
-0.2634020407073842
0.2637004088024597
-0.6273402914446703
-0.3493093716470360
0.2180523324757549
-0.2817231345799073
0.1742630397795253
0.2015417108068477
-0.0389529969403019
-0.1471858053927856
0.3361882436254629
-0.3002091480224464
-0.6235148991494159
-0.0166028031302700
0.4981036931061313
0.0610083464431978
0.3623218115399441
0.0075529330138366
0.0545741615881825
-0.3404645326278017
0.2288096134880857
-0.3055494479232823
0.3699617585269033
0.1296527278881856
-0.2994169308061539
0.1549981755209161
-0.1783431457778599
0.4536690465563012
0.4831058380242783
-0.3072517497404715
-0.6103542048213794
-0.3322670253206877
-0.4154619895385341
-0.0331628354658044
0.2359468662598906
0.1740628926104026
-0.1042453518302992
-0.2209018159177144
0.3214354872748859
0.4155686082380981
0.3260090226596170
-0.1762543463580048
-0.0313086435897273
-0.1327535075985085
0.2266275881090236
-0.0926935587582386
0.5955276058409260
0.4711321274749282
-0.1864960027809995
0.0746841468271379
0.2705895453482627
-0.0243928334901770
-0.5792705078632935
0.2678025953293992
-0.1898956441737472
0.5564950770696805
0.0994570993894843
-0.1088522709845056
0.3819009773403019
-0.2360862423958341
-0.4106394940497756
0.0892991271352911
0.0330437488529393
-0.4125730254311448
-0.5799994169292543
0.4917263656065857
-0.0858633329764614
0.0043352876605586
0.1037801444367270
0.0390476859874268
0.4150031134745719
-0.3859846589025525
-0.0168327090628732
0.4190915234325542
-0.1869711676386295
-0.1575530691784627
0.1983583502889411
-0.0025684048654998
-0.6341992376543002
0.3652059596075009
-0.1958779676627473
-0.3030283812076978
-0.0343412982794673
-0.4538425920589147
-0.4650528435491721
-0.0648271786551759
0.3035758897916784
0.4140349440358597
0.2126448677224475
0.0787775550205315
0.3782964767924580
0.0648243027842830
-0.0040527625697432
0.5995629681334025
-0.0141832821158971
-0.0059101267210499
-0.6065529492226810
0.0032289258959085
0.3447296090212418
0.1399351844329348
-0.7329116283741348
-0.1084589496509269
0.0717003143010767
0.0760060907151814
-0.1129544845484425
0.1460757301173996
-0.2101733761105399
-0.3880309729212141
-0.4378809952656233
0.3987169092467449
-0.0902193421459268
-0.3955194244696852
0.2988165631611359
-0.1790979553846939
-0.1775150548510961
-0.0638617329960930
0.2872265546204786
-0.4585337659338384
0.4761722814145807
0.6708193992080883
0.0998822334924697
0.6900239542926559
-0.1042029726009199
0.0213162253808864
0.0771975602309666
-0.0669322328885302
-0.2011104883485365
0.0384397841451584
-0.0147221596124252
-0.2848229491095073
-0.1148928042786998
-0.2434387157219315
0.0524795238301306
-0.3261939101048651
0.2225793050629094
-0.3902129463470628
0.5136946116089761
0.2631697633564522
0.4497870458138236
-0.1280232727490372
-0.5911799624515395
-0.4199165558369479
0.1212525567915502
-0.0760686381423277
-0.4900108357987295
-0.3151926092038371
-0.1672326514532241
-0.0991516949845490
0.2450366117539670
-0.2370701471873617
-0.0016850130178904
-0.3261136974757935
-0.0961135740116425
0.0368929550842441
0.2863405110820494
-0.0978867582704882
0.3142189564863789
-0.7953777363478326
0.0625607807943119
0.4601340588206242
-0.1000887033631261
-0.2921693223271877
-0.0252959361639213
0.4681570406084264
0.2360489433987718
0.2908691778497609
0.2960866988524712
-0.4013452553706823
-0.2898547185349672
0.5407264024502256
0.4793536451694764
-0.2329134826789470
-0.0302386397712095
0.0126543408947833
0.4096590660128897
0.2700732766955686
0.0374866973277742
-0.1791400021779826
0.3850393803952213
0.2014223040380349
-0.3532808344639252
-0.2429860259051474
-0.1445951598327044
-0.0928809889279449
0.3790255865458442
-0.6642002608056611
-0.2772580952267872
-0.2880752657700331
0.0369197572044593
-0.6402875536866526
-0.3260984322391487
0.1532886028626280
0.1110146972765387
-0.1123425776939755
0.1198255358724285
0.3611012231173762
0.1505754071913951
-0.4091907577439001
-0.3168388639125024
