0.1321323398518889
0.7804951109280818
-0.3187231666493817
0.3927183974613384
0.3428647399762989
0.5934963539499429
-0.4136269632850538
-0.2573068976500726
0.6394907825381668
0.0389809256191670
-0.0814351371855546
0.4985360257319410
-0.0364300006067552
-0.5390240656290277
-0.6730201046087083
0.1267701396534699
-0.9668800033236145
-0.1359454780552812
0.1632232905308096
0.0628440553257280
0.0662906432625703
0.7137894279559240
-0.3720875987824626
0.2820110107159017
-0.5178134913474987
-0.3622185721670380
-0.1791480112311879
0.8155474163019870
-0.4136342191916820
-0.0222000118473768
0.4132482378765265
0.5988296346297416
0.3800535157959347
0.0318203457147356
-0.5702418375662206
-0.0049081050191436
0.6346881686722249
-0.0728362966579528
-0.3459497010210245
0.6871393725476930
0.0572663775558877
0.1451438365962935
-0.1069293036676941
0.9448327721146579
0.2674153799896487
0.6272465756995687
-0.6201822770314664
-0.0734783820784337
-0.3013908371358378
-0.3545421938033967
-0.0910418933870731
0.0153395440538059
0.3478709804882419
-0.7631230629865027
0.5367541743749794
0.4355508018003089
0.3197076570183864
-0.6707780972224507
-0.3679501120485774
0.3503597756949129
-0.4476115871970474
0.3283630774079864
0.2116872120857460
0.7331510227138615
-0.3309073262033955
-0.1312585213089543
-0.6777337394285683
-0.5023263557611890
-0.5133531753228592
-0.0870914962414689
-0.6481358418092200
-0.1823288647889415
0.1423502493534110
0.6408678918995252
0.3401483018747999
-0.6796048482363131
-0.1596497282370517
0.2532439824040806
-0.2974922339577955
-0.6000125587339449
0.6719956011023897
0.7052580648453400
0.0218680584294620
-0.1678200408715596
0.1496368803872829
0.3013258846288971
0.1422213843788779
0.9380408008352444
0.0354907498281577
-0.0882929879604075
-0.2386924929008646
0.5102717530727622
0.6939327630945089
-0.1595528864176377
0.4191047942801913
-0.6030778160699021
-0.0234975852967678
0.2168376863528829
-0.1044178693497923
0.7601469184224566
0.3863873317967048
-0.4645318510970465
-0.6721881120275373
0.0078255127060520
0.4278047364664366
-0.5286991332623818
-0.1787758107763038
-0.5264600224425947
0.2003512977182223
-0.6092746820944135
0.3222943810884185
-0.6541864516663608
0.6351397305558591
0.2298077157871381
-0.1093268256611249
-0.2359511388837204
-0.4790377427378045
-0.5258734332911510
0.6551660508629146
0.0952075577221404
0.0202099866042591
0.3238868606772187
0.2392641183899276
0.3963888015747612
0.8248135895821109
0.3261176524549513
-0.2157310139468085
0.5236758160917974
-0.1865565303927947
-0.7335309857034983
-0.6721507173817524
-0.4124447422343921
0.0746151289084968
-0.5877620337072207
0.1645330422642276
0.1736759289427998
0.2222407144938182
-0.7805768265645132
-0.3029630261902525
-0.4683577255893737
0.2981256214587519
-0.0105065893381265
0.4917804262814095
0.6356164222727682
-0.5149315502801848
-0.4489764841429255
0.3527108246398451
-0.5919790182288650
0.5680794267408213
-0.0293563921343664
-0.7078789636481492
0.5390957170354160
-0.1373103735244638
0.0121377387484726
-0.4350651874364797
0.5602283641343577
-0.0441635080164605
0.4833721561307306
0.5914324378203925
0.3174158073416917
0.1678605861182873
-0.1710453483415057
-0.1067976642164522
-0.2071813749942188
0.9424629696768848
-0.9204640921391770
-0.0039993023026313
-0.3454657475450233
0.0117241158840944
0.1823343715358883
