0.6761684671021582
0.4473060934839825
-0.5854173407312228
0.9780261735735754
0.0878944066643591
0.1890486103682092
-0.8209275353740600
-0.5225496882131011
0.2302602983865487
-0.1705124720619817
-0.8719224948021239
0.4589952722298480
-0.5578405153104897
0.2824029475271052
0.7804245861748146
-0.8968198328709176
-0.1806841318234748
0.4038160866986070
0.9329918570828573
-0.3136202508416832
0.1765461211102673
-0.2448961676886599
0.3044236423781192
-0.9205173072857712
0.3963607012528703
0.0561855025709985
0.9163740414280499
0.4189425631177426
-0.5830773770009506
0.6960660178733248
0.9829733981029999
-0.1046686803471332
-0.1510224022330165
-0.0389714405207187
0.6474826720578516
-0.7610830547375002
-0.6896059259554673
-0.0805064494139155
0.7196960320092555
-0.5440750233218867
-0.3961314741335754
-0.7396365487170365
0.0181389149042507
0.0038688727659666
0.9998279910012607
0.4320617833929006
-0.8888981839550760
0.1522584444052745
-0.5350646063299680
-0.7518745890181455
0.3852148354382932
0.2259368269605387
-0.8467467456814756
0.4816352342809174
0.7441535532660358
-0.6542825772580761
0.1347211871164402
0.1888906860479317
0.3871179774352437
0.9024743654369293
0.6501990073794643
0.7591808535394237
0.0297604170318804
0.3309502375488663
0.9374099204635215
-0.1083262723577410
0.3860172884738032
0.8744880294334011
0.2937028079147689
-0.0565400994280503
0.6531870352624889
0.7550827200523571
-0.1437860197481859
-0.3447877850549718
0.9276028049773573
0.6478724465172856
0.6229756828955229
0.4383635381330933
0.3465673927426743
0.6218118655868934
-0.7023112174121187
0.5976962278974151
-0.2422659608419827
0.7642423852250753
0.3400089924139218
-0.7837148558902920
-0.5197931412923114
0.0534816801267262
-0.9857293888826758
0.1596160448821146
0.8570940306271649
-0.1108723895465384
0.5030876026096461
-0.3207397144575389
-0.7002666313225713
-0.6377716524163132
-0.8597479525946250
0.4733183784943567
0.1918415246729015
0.3655621698807168
0.0229800194233302
-0.9305032072268238
0.8733399268334728
0.4626611209366044
0.1523878583489807
-0.0308661696505917
-0.8893500454609991
-0.4561839280483475
0.8239546753419185
0.2784394566399697
0.4935282787928493
-0.5912429030260209
0.7804909913051487
0.2031394646858898
-0.1971334441255559
0.3296290993051830
0.9233000931974664
0.7310996469928052
-0.4803760007516800
0.4844916965942943
0.6551228866826712
-0.5525524535815091
-0.5152667167454330
0.8401869471669285
-0.2075775205566444
-0.5009964738098190
-0.2403283376241301
0.9534495280926507
0.1821435903750773
