-0.5104165180516018
-0.0918784880777882
-0.3627790407832306
-0.3363936606742479
-0.3800415627362551
0.4253618578926525
-0.4011230417194866
0.6751693209801434
-0.0309131904793625
0.0123204476236057
-0.0746778954415777
-0.1709040970372414
-0.7071873499470086
0.0902220752099072
-0.4952418956668647
0.7694513499848287
0.0228561922411695
0.2261038061985970
0.0420255586937561
-0.0589510609654948
0.3252589320973020
-0.1528758920265222
-0.6362884662397611
-0.0086410822253329
-0.1280354895446395
0.1089830736606639
0.6438439763453959
-0.3590067106080478
-0.1487870082619334
-0.2395533717955386
-0.5017482324339501
0.7436864428544537
-0.1995694585407291
0.2221378738952105
0.1627347240045102
-0.1834574119859139
0.1342643485700805
-0.0214860351111575
0.0859363935305632
-0.5748359025361233
0.0028934658860004
-0.7810410118958493
0.2304483228777406
0.3562990050235088
0.3096824498513834
-0.5812598395900379
-0.4230011061083251
0.3527202902952911
-0.2878138802786314
-0.5540451561945851
0.4259553966856353
-0.5303433939996743
-0.2281600822194932
0.3379771383588612
0.2054675808847134
-0.1477476003403790
0.7222103195996239
0.2834628886652874
-0.4847081379451157
0.2367236837615779
0.2422220564250662
-0.2158334707438749
-0.0427241367066904
-0.3130297422921180
-0.3033151771044202
0.8037469165898729
0.1321935252931154
0.1932284738307343
-0.1936684264106373
0.2677374595273653
0.2429947167579760
-0.1422172246209119
0.6021445699147151
-0.4354748780440661
0.0367582874995503
-0.2073604545766222
0.5693521286000798
-0.5850944962435035
0.3125921346720311
-0.2848857944024220
-0.0645535141738795
0.1122808588267913
-0.6685775788731044
0.1225583352185540
-0.5333895810292403
-0.0251070679284104
0.4478930020413047
-0.4303803995084484
-0.0170574031019280
-0.5728554071550443
0.0239893293677143
0.7964187336013333
0.1846531417394207
-0.1952723896724408
-0.4144937640918254
0.1053320291018010
0.3001170359549239
-0.1432444056504231
-0.4056270305348897
-0.0880280682691481
-0.3871822343922745
-0.2146152778545682
0.7050481002329940
-0.2010136083794875
0.3069994735871157
0.1337783271340516
-0.3092508534257109
0.7952352208042789
-0.3805291087672314
-0.2512864392367558
0.1499291780527492
-0.1537601276079400
0.5331409483504118
0.4424795176236322
0.0157756255385537
-0.5402564259878426
-0.0836886823078812
-0.2184906444563816
0.4160586163413716
-0.1892692860691159
-0.2114791393835533
-0.6039643599190316
0.2722515871247754
0.4921764579841593
0.4881111852051636
-0.0083451360619217
0.2144541667131022
0.4490285153712998
0.3808683406940973
0.2021695052082614
-0.0905615557602988
0.7360249786604717
0.1285123978055570
0.2059037230579041
-0.5070813279181779
0.5269461453837918
0.1769083685095845
0.5984777889265671
0.0954569292613450
-0.1556138925084579
0.1494124855112060
-0.0343559071921581
-0.3519949497397207
-0.6326997869349247
-0.6247969094815253
-0.0734952438466696
-0.2377254441974039
0.2224467970377768
0.7597218527971363
0.1933644225659868
-0.3973099635379322
0.2847609614649146
0.3100534687241365
0.0295493347985781
0.2144213258585092
-0.7005305575570585
0.2038247877023680
0.0846057699499531
0.2863441062318069
-0.4361063685187321
0.3773539992087633
0.0145833562483299
-0.0653854848223103
0.2460051350619214
0.4899057019866539
0.3628092528786881
0.6798626298837877
-0.3180286013746618
-0.0417016159998594
-0.2152381078138902
-0.6173796791884304
-0.4979130723057200
0.3069982269556156
0.3037590116872315
-0.3692438053439366
0.3428230174257744
-0.1983819973469097
0.5969676936464607
0.2539102302868309
0.1855222925577140
0.3410813766727737
0.5210768686105605
-0.5370798084493603
-0.5704316376000856
-0.0575355642161200
-0.1989470683512961
0.0662988804838511
-0.2963343161326704
0.5010520736953505
-0.2705254541911464
-0.8130060389693304
0.3912056687173200
-0.1259164644352591
0.0396575426161569
-0.1425932749050260
-0.2739247437657640
-0.3622938223046393
-0.2807972922423529
-0.2919998758768914
-0.4718430945723857
0.2628737329597921
0.5238444672657386
0.3721298270984879
-0.1061261927693720
-0.2153958112565612
0.2263347254492758
0.2220110827648930
-0.2033344506133138
-0.8773348116100901
0.1753974812180507
0.4000378517476153
0.0828204818832972
0.0531830535735854
-0.3904099578883327
0.0280625832704487
0.5517233275989101
0.6104719270755747
0.3469709225807812
0.1395657471130661
-0.6602739299479707
-0.1228949381176531
0.3793300627107552
0.2866377946187719
0.4278027944652480
0.3619795916284632
-0.1693800117306068
-0.1780488555529126
0.2177185071757749
0.8543869525124159
-0.1708821716807994
0.0447287638805430
0.0598973085065894
0.7773597377784941
0.3433098349332470
0.0844784246192931
-0.5111621981822287
0.0389963199757139
0.0657145166947943
-0.7167700227216752
-0.3598987542409015
-0.0730907623354190
-0.3581409239773961
0.3315699449790474
0.0850893953097328
-0.3254652157292336
-0.3689060001727330
-0.0521943519882370
0.6744943483151639
-0.2317099822301214
0.3861494750974851
0.0184935049016860
-0.4506645582262833
-0.2195834262178086
-0.6944357406659571
-0.2679013352841794
-0.5929975499822220
-0.2008742475629144
0.0593210605193456
-0.0474915753486946
0.1264988638256971
-0.7750546966159425
0.2344276475628883
-0.2245733010805051
-0.0618566426200841
0.3265051804674861
0.4092271839650656
-0.6355521237664764
0.2618640022905198
-0.1698399639364226
0.5112920036865694
0.4414271232706180
-0.0969899835866830
-0.1815782305824176
-0.1729227159459036
-0.4995373844289007
0.3793502278865314
-0.1522101499024610
-0.6082125371475223
-0.2649255515903868
0.3367158631666102
-0.4569257520698124
-0.5824550467266293
0.1986348456978322
0.1739062606388659
0.4432829538639083
0.3398002302714337
0.2651448897197353
0.7803064859114692
-0.3207263152295390
-0.1651426950270424
0.1096390976580133
0.0769790030191508
0.1062920511287212
0.4813936126173106
-0.5226589631806470
-0.5233030295360047
-0.2261457390864998
0.0877548099854519
-0.4369239090165595
0.3755892339550149
0.2493370621660224
-0.4338922447710040
-0.3270051352242205
0.2117406387891859
0.0801545612366885
0.6089923129915293
-0.5110487808219858
-0.1466417948616935
0.7142244496934131
-0.2716064307691344
0.2535210383180372
-0.3446551572592334
0.4356583209983197
-0.2050766645517900
0.0346219140283671
-0.1233072441850098
-0.1352236976536207
0.5738329304360320
-0.2389929115676348
0.2957996571823553
0.6989149143604517
0.0642536892896040
0.1703524993999980
0.4610644901121200
-0.1922032223607040
-0.5713014051728310
0.1308621561960667
-0.0126428349885455
-0.6146441592228009
-0.2946881838423309
0.7295711527681752
0.0745193794912754
-0.5141460936531160
-0.1470814050712853
-0.2967555881117913
-0.0358977021602037
-0.3587621226230786
-0.1356862936652933
0.3358897232842122
-0.1527115428403484
0.0007118870869988
0.2912573293530017
0.7949244674009395
-0.2515882032157177
-0.1789331595823718
0.2015299351710161
0.5743374879576727
-0.7307128572437309
-0.0136640867315155
0.0089693117622904
0.2814944156660943
-0.3170340071682384
-0.2353923521313574
-0.7279209915025778
0.1627970347562784
-0.1020289316814236
0.4450382292681554
0.0052192232224403
0.5499176730624310
0.5127878411005705
-0.1129532102505235
-0.0902066195877243
-0.1625043311787921
-0.6223412432152974
-0.1659036397156360
0.3607563143636671
-0.4417208459472687
-0.1150591688624387
0.0244658594581941
-0.1764615408403883
0.7760397491220212
0.2134352872302500
-0.3305699044545917
-0.1422361794833088
0.6548136467040524
-0.3359598100590933
0.0307186301944152
-0.5313607489775585
-0.0788060202209479
-0.0455571751948170
-0.1777605275286858
0.3574817938059734
-0.5112275361956375
0.7067140151864627
-0.2674393835798263
-0.6809911027903580
-0.2795890627855640
-0.6350058352230459
0.1719837244960449
0.0258186348530576
-0.1400700031472634
-0.0705978324374259
0.1672167662380176
0.5481857722383325
0.3646933101857636
0.0450734816781178
0.0905446130489216
0.0624726712291979
0.7241525539255080
-0.7722659824253335
0.1421635226577980
0.3204798711415243
-0.0873584518467427
0.4697402845455275
0.0173558609897172
0.2282515661777707
0.3458867569701270
-0.4025975907597643
-0.0623117215051811
-0.1605393781462737
0.5846164325420018
0.5655192055664300
0.1644188055909887
-0.1186342314918252
-0.1466347717057844
-0.8530896040842942
-0.3870327904516391
-0.1270637965725460
-0.1169330125860152
0.2388501026413548
0.0422169369273917
0.2215866777167657
0.0385578917324028
-0.3543642411789947
-0.0139297911031074
-0.8014571478667871
-0.4237083302305505
0.0774600423100943
0.3438341018045241
-0.4168853248608861
-0.7640470645380243
-0.0317653993891964
0.3116660832095335
0.1416755919222835
-0.0489922303089277
-0.5814356881445496
0.1142723952036950
-0.0708148422673405
-0.6850681407947942
0.2166471682292520
-0.3538432233299141
-0.4976785793238998
0.2020853631900509
0.5041436438876472
0.4734697869833958
-0.0981748143265924
0.3741775722277054
0.2889566318356314
-0.3353704182886529
0.4412607963372824
0.0618440247768711
-0.2810790555426775
0.6176691141972227
-0.3436042328062670
-0.3322746903568650
-0.1989367095385858
0.4739671711060551
-0.2427591601668691
0.6053694404703157
0.1280700014244464
0.5378076095834933
0.0688199594641583
0.1831064308641152
-0.3484683057868873
-0.0276239145376644
0.0272915526502521
-0.5330520221949412
-0.5830401543423428
-0.4684588406638482
0.2342979503530014
-0.1552889638422897
0.6622774964111777
0.0017047439010586
0.2206889669559056
-0.6003141330498180
-0.2707300154938967
-0.1691728337109053
-0.0763151960901593
-0.5468863366515690
0.0754239430763190
0.5846755365389829
-0.2913833333598262
-0.4837699626760210
0.2315512962253568
-0.2898441739409974
0.1439871531518292
-0.7885536526192133
0.1399944994880832
0.4040478452033293
-0.1922812201349220
0.4439601105736593
-0.2977144332481996
-0.1869042224489001
0.6730027949997036
-0.1581697225708571
-0.3967355654429411
0.2097208048406603
-0.2175081745197326
-0.1571087700277222
0.2338427438784383
-0.6344503594322476
-0.2293347379216835
-0.0680963487781520
-0.6430908226795357
0.2903497943797425
-0.0114120692170521
0.2369211357046804
0.8361989479732579
-0.1911706988214715
0.3324766635861899
0.1145403358095016
0.1221786378729377
0.2194232986865251
0.6247057771241132
-0.1587098324978754
0.6832724932646465
0.0351223768796036
0.2310515010285208
0.6310925497327833
0.3270802140799114
0.0798926204936616
0.1869774405900861
0.5174340962223669
0.3494458368698832
0.2520850973205276
0.1147971750920967
-0.3448575156208550
0.0691643182010255
-0.4311047598426944
0.5332329271828734
-0.1937535434636881
-0.5961393254958909
-0.2537075898561282
-0.0426861389570518
0.0707355117559400
-0.0392520657983187
0.8900163965855821
0.3069052380808427
-0.2023514362313271
-0.3484995004032495
0.6003889707895688
0.3818979918909151
0.1742609930484260
0.3962786225802675
0.3384828282672089
-0.2650676146165505
0.1253007149869933
0.5282702141771454
-0.5915056095527466
-0.3736381877851512
0.1909112857354471
-0.4207656166617961
0.0474879663420119
0.3997961528623649
0.1293624808410474
0.3790953012840998
-0.2050601166029372
0.5025323600065797
0.3942758993370590
-0.4792423480645050
-0.0591155289160961
-0.2093580179212667
0.0975217116144142
-0.3900006519232489
-0.4444898788038766
0.7621178089459569
0.1125556518554884
-0.3010571251588660
0.5369771315720601
0.0671932550372918
-0.3043866410459114
-0.2904602581579352
0.5039315254047705
0.4307433840746127
0.3809487970899790
-0.3229840368877039
-0.2906701619083669
0.1721253518197250
0.4547178998633118
0.2988309008320037
-0.5834164639435129
-0.0337718334008059
-0.1350675780340892
-0.2631714004503720
-0.3449387292675827
-0.5526193382465568
0.1736354904554592
0.6758970950664299
-0.2795955787599838
0.4006356350140369
0.7975595904084848
-0.2790031042189762
-0.0638943729207025
0.1395182035627368
0.1543552650935213
-0.3243110484017893
0.1372604358182272
0.2131087633786066
0.2597475923817799
0.2817350244894652
-0.4806571801331476
0.6728237592631549
0.2902032385085760
-0.1563222758750152
-0.5395933692769183
-0.0252768693127247
0.3003533845254479
-0.5511498843966357
0.4533951383376366
-0.7720110353461085
0.0977869291956790
-0.2549506455813785
-0.4470496748297317
-0.2109892113394711
0.0047688076915933
0.2916234652872215
-0.4097528125085841
0.3912441309518580
0.5490496910931222
0.3014151624003275
0.2123639603417453
-0.4776339838120272
-0.1161521634692345
0.6339018556251137
-0.0161892655979116
0.2685167324168192
-0.3553242850063172
-0.1825182950269457
-0.2172951544854507
-0.5648182449505172
0.2837795169791814
-0.1005518830381177
0.0247765456486334
0.1008211147935515
-0.2645865501999111
-0.3978976165819663
0.8186886919518056
-0.1903582758771388
-0.4470065753849959
0.3288612321431522
-0.5564908136833145
0.5566934103157003
-0.0528363350864106
0.1828055832099868
-0.1961549984951049
-0.0834590948357649
0.2606920321464408
-0.8388340056510141
-0.3667094570192890
0.0219444460069760
0.2190835156178547
