0.1525381037845878
-0.2200259805680132
-0.0155410802904530
0.4604292249388919
0.1544191529801243
0.0892525667911667
-0.2861582024816390
0.2152309451638393
0.7456955989711288
-0.2057530523657195
-0.7589374510781181
0.0055420550471891
-0.5190583913738510
-0.0368223743840016
-0.0159533741387168
0.1140777422644145
0.2933750933490386
0.1073975078113740
0.6147438275261420
-0.2102028954540999
0.1629458513025860
0.1802302206852916
0.2480158165461759
0.0550685992064502
0.6659895894240654
0.0158826221579261
-0.1026240691687613
0.0812844123554259
0.0673097697403367
0.4552256810862458
-0.1710142535836998
-0.2380050966134360
0.8264919042428792
-0.0900951317404199
-0.0474283869149519
0.0477918938172566
0.1196380677920254
0.3181159165181618
-0.1978605448910429
-0.4467148441879769
0.7271904077166692
0.1864094025439724
-0.1257830827770667
0.2534207660855425
0.0467784792624736
-0.5185421567898466
-0.1547786147983092
0.3139163834023333
0.1395286772355899
0.5191443109943065
0.0491776242610960
0.1426783544689706
-0.5392644496823388
0.0778032814375385
0.4235776979970883
-0.4074429368180895
-0.1446474744694907
-0.0265695398328219
0.1246392924598686
0.0321451399617047
-0.5628633738652574
-0.4519709308773914
-0.3086781356591321
0.2720682358535907
0.1639090050312197
0.6193123225045668
-0.3684039201780387
-0.0424523984708672
-0.5094314435423412
-0.1465033860324796
-0.1286131641737874
0.2837539814298736
