-0.3354986958519197
0.3529505527328132
0.7657074602837813
0.4201887881334108
-0.3376567993597053
-0.5698591748883501
-0.7219375565387793
-0.2001363812517485
0.8984296743145965
-0.1284576324888929
0.1127275429935344
-0.4044938293929308
-0.1608707689707604
0.5012243261390084
-0.2340851986992462
-0.8173731646727753
0.0885037146728243
0.1544855176076169
0.3649153025453973
-0.9138589274646385
-0.8879079836306634
-0.2958135968457286
-0.3073700177349935
-0.1721551646733617
-0.6943823459221435
0.0524575691416471
-0.0004960256935716
-0.7176915180423420
-0.2408473519387317
0.4159100394987448
-0.6612459581143610
0.5759906032095264
-0.0263780877809487
0.0038857301995425
-0.9943345875292116
0.1028971604513448
0.1773451382918210
0.3700287435736226
-0.7808687539727492
-0.4710322918045293
0.4571639182181768
0.0304797454636350
-0.6818685696111101
0.5701994307015529
0.5680126449412588
0.2304783780575854
0.6716383106324633
-0.4161049532576499
-0.1366350150881161
-0.2112075720083819
-0.4343913767219053
-0.8648851750422377
-0.0819175837330925
0.5893591151607983
0.6908403768153371
-0.4107126935144028
-0.8464495785253469
0.2092243291308342
0.4892936862853077
-0.0184385377768989
-0.5862562195775922
0.6913613949374264
0.1565923080675425
-0.3921758733665876
-0.4884252802561523
-0.1426937724516618
0.2532685281698013
0.8227601628353886
0.6487974370480033
-0.6164263752453374
0.4451168948605624
-0.0308441159952445
0.0550115028443983
-0.9346555365988521
0.2692705820712169
0.2255795116825564
-0.3422217958467471
-0.6518828104376417
0.6516147698673045
-0.1825684408492574
-0.4043355143674875
0.5542362853255802
0.0329574379171872
0.7268072228146996
-0.2057184060564482
0.8996960253442038
0.3396810034187058
0.1812286271699296
-0.3881442666358513
-0.7033937538458916
-0.1528750341603224
0.5755088872109473
0.8046377091755754
0.4599714409087822
-0.2946687561135776
-0.2327117416278298
0.4779648688666355
0.8601333845073379
0.0543683786841805
0.1696001898127052
-0.2982961296811142
-0.5396188073919446
0.2025564501372907
-0.7607902774312658
0.5168223604721879
-0.1176870564242278
0.7405257952210957
0.4131173575127536
