-0.4180545738309092
0.8797045224797817
0.2266061041271313
0.0517118520938408
-0.9264432353031276
0.3728656810623617
-0.6533373886505149
0.6729679694626227
-0.3467915348861339
0.6733200523929249
0.5534133732572948
0.4902792524118997
-0.7684465580209020
-0.1494818157678318
0.6222098313435593
-0.2774603534728414
-0.5464725167507110
0.7901794357529623
-0.2315642347114016
-0.9486562979178260
-0.2154744384454176
0.1100268741801148
-0.0517606541897308
-0.9925799321142880
0.3531455448733776
-0.3870168987308926
0.8517664845676938
-0.8372805704782879
0.0769784677983259
-0.5413275919394607
0.0878518537982200
0.6329785263277322
0.7691685361428851
-0.9089896098938078
0.3774454622756887
0.1768412059238315
0.9679318852577907
0.2510724555618635
-0.0083956869543384
-0.6186579918987676
-0.7388152407385647
0.2672345956499667
-0.5381304981494357
0.4557463974720531
0.7090210068486587
