-0.1112015754638015
-0.1846086444756620
0.0328690460880729
0.1008373224182224
-0.0210728248401929
-0.4322934167579462
0.4250980691554204
-0.3180195604557049
0.5348083664046810
-0.1396871629387346
-0.2198362432060765
0.0208743053164775
-0.1190677073065555
0.0525233916683387
-0.1492798613783437
0.2821743105607850
0.2852410986554777
-0.0126750991419020
0.0587726645152205
0.6151304741998523
0.2699358057799664
0.0378403618139627
0.2253699065265372
-0.0335099750844820
-0.1163159440278807
-0.1467610886241986
0.0707769905282759
-0.0176692173309739
0.5639008154051446
-0.0859468879901362
0.1695391553963840
0.1261786975399974
-0.2310678500515496
0.1003574864045395
-0.1044247521885660
-0.0297713625605994
0.2425968319360434
0.1625966057292870
0.3402801477383094
-0.0165313328847041
-0.3431919085577563
0.1192731571424896
0.1482294026134437
-0.3538980353100475
-0.2589242272953887
0.3694076872311957
0.1272120356763864
0.4737944422724593
0.3152961024226164
0.0760344693739698
0.0288179859463770
-0.0456219374710630
0.2194463644822501
0.0601658777477602
-0.0180785423369294
-0.5059014208425380
-0.4037956039813705
-0.1313993296594352
-0.0255794146397202
0.3116233631339876
-0.2502611238194313
-0.1470974484889381
-0.4625452156221422
0.0869430978411387
