-0.1936451494576784
0.2130349015053874
-0.0464577149576694
-0.1252274127062251
-0.0147662373884298
0.5530576580271130
-0.2108343643461719
0.1432097117509117
0.4363900240613353
-0.1407834306193382
0.5322158692067335
-0.1053995121782424
0.1536472616799494
0.2938254873167638
-0.2782421481985290
0.1424392310770637
0.7443816989060664
0.2321915512727241
0.1686406101082392
0.0004259026139093
-0.3208295286795692
-0.0629133426202463
-0.1274559254558933
-0.0589059457102195
0.2299258081463476
-0.0056225191583403
0.1107985253275282
0.2851242968511019
0.0981747677046240
-0.2661664051346556
0.4664712827902946
0.2603402299635580
-0.1963091194616906
0.2896683979794638
-0.1499937549898450
0.1347660441802809
-0.1431525369844205
-0.2790412278407265
0.5283093495642888
-0.0387343991564719
-0.5097723576730832
-0.0699631201151395
0.0118983423518995
0.0129450047399391
0.0802942590886708
0.2523443050522715
0.1035800929496913
-0.5279435922866259
-0.2387522950235884
0.4144848804898761
0.3761879998206520
0.0594300717654060
-0.4472462678071022
-0.0741669997473564
0.0668627376607745
-0.0244445324707243
0.3825596653284578
-0.0931532725199716
0.0580788854377039
0.2432415063586916
-0.2437779508492205
-0.4638922172082856
-0.4514265842217933
0.2281427335939192
0.2034062629778848
-0.3562992315054803
-0.1124114396746099
-0.1618939249990667
0.1570636377452991
-0.0255177951602838
-0.1510412533059237
0.4342734590975988
0.3179427857875058
0.1299516378272427
0.2993322195012031
0.5860545266754189
-0.1959103716104232
-0.0897899686921279
-0.3130124239870291
0.4463309774390393
0.4724368873193496
-0.0001582236939274
-0.3447307211269522
-0.0483524439584383
-0.2634647455865173
0.0866136489957355
-0.0554859122072848
-0.5009510901344756
-0.0214619111865785
-0.1642857556791341
0.0064275872080501
-0.0003318948061171
0.0024619753547264
0.0401841470497899
-0.3795396025739950
-0.5110772131443077
0.1340920175417492
0.5035874959739239
-0.0200694056318851
-0.1876866756021518
-0.2369836141705835
-0.3677026777893996
0.2860901830461502
0.1127148843177269
-0.2231691004310270
0.3234789633440761
0.2266070223939765
-0.3006883793561884
-0.1353026892880164
0.2311461101986703
0.3056866426355225
-0.2772277046494922
-0.2570656730088342
0.0031687636670551
0.4818829172169651
0.0988973429212897
-0.3920116981212394
-0.0808458992437866
-0.3835934886708970
0.2477090075066731
-0.0604920588474002
0.1445615367487663
-0.0834816328341203
-0.4444125979334190
-0.2286138777414141
-0.0687628689248090
-0.3732018502608527
0.2321978024369515
-0.1465765105774990
0.5331588929437295
0.4339896569912965
0.0369817923912304
-0.1606590217446441
-0.0416098084667064
-0.1756292127635777
0.1882220338407349
0.1659525360228565
-0.4153556110258390
0.0583427879649478
-0.6452851802613506
0.3052327102268083
-0.0429139095747729
0.0400435913165038
0.1792494625332777
-0.1784797099042228
0.1268249068451076
-0.0511787415856078
-0.5946728122624276
-0.4466333186367678
0.1377673956558469
0.1667876891043916
0.3144093490053051
-0.1840552621820293
0.1703590295090992
-0.1971601035806179
0.3417189716510726
0.3487833354174626
-0.4347853896774126
-0.1582526805468208
-0.0675123569381268
0.4473467234682889
0.0214462060099559
-0.1399035194952711
0.0432211311812311
-0.2803056284696206
-0.3635225889179587
-0.1003993527910742
-0.3505236443454055
-0.3066319546774867
-0.3318244438603646
-0.0967755755831581
0.2959101203693030
0.3858899821398801
-0.1603837110395198
0.4062611585242421
-0.1617118721558998
-0.1023412986092952
-0.3626577872489953
0.3554020217248466
0.3008024933087802
-0.1891277027653279
0.1804852305659128
-0.0090464636764355
-0.0769040442716014
-0.2493598905118460
0.1097360933022095
-0.2229138430171320
-0.3576175096250852
-0.0691622751749654
0.7403560616484715
-0.2589060850252884
-0.2117508190694382
-0.0420983515250652
-0.0032574210112801
-0.2750209612769753
-0.2182576794627324
0.2367679177193023
-0.6126755478780853
0.0635684862994509
0.3764988828194600
-0.3180779301987125
0.1496869641202365
0.0582166984018791
-0.1404701588366938
0.0749429371392759
-0.2221610743463784
-0.4164831009472530
-0.0031438435238562
-0.2536034636681140
0.0708098672097998
0.3689097614556081
0.4292309676526839
0.2654721091849727
-0.4193473608875428
0.2874394105068122
-0.1317310482722834
0.1872679950246982
0.0433644692240030
-0.0717983002180178
-0.2507909137270726
0.3987914481633018
0.0927046402664804
0.3794779913034742
0.3213819291030958
-0.0340873449053266
-0.0146053466479074
-0.7109855938851487
-0.0071225728294676
0.0990843076781630
0.0776023684172596
0.1887527007197415
0.2610843508924265
0.0752583149739404
-0.3345043924245614
0.1464360341821825
0.3988098047419567
0.2943909568404392
0.0500958144708025
-0.1011961892350695
0.0465022971582453
-0.0783751443245660
0.2817687942378012
-0.6387764051613155
0.1512983458345918
-0.0389133894310262
0.4436273769212538
0.0560906922118144
0.2709390858166865
0.4063771824157356
0.1903234070452666
0.1335036956766621
0.1498766580542664
-0.1413889462247245
-0.0806666237244226
-0.4383498521473992
-0.4892018834756141
-0.0160543593254769
0.0794427529025507
-0.4694211914024261
-0.0069416409713271
0.1424648484032849
0.0394023662336774
0.2225713174088768
-0.0261080890154223
0.5326744544595363
-0.1750634953673304
-0.1822929323162429
0.0456708404436390
0.2430404648538803
0.1429831047195910
0.0169102849925180
0.6589293960478785
0.2534541648306210
0.1241578743984683
-0.1235537215571377
0.2931195024243821
-0.4724210664821415
0.3528780897935528
0.1825590868037053
0.0134683373242403
0.1137018978799307
0.4081341243577055
0.2524715986758339
0.0831635845515163
-0.0395428428158733
-0.5004629051361217
-0.6710916460808637
-0.3420879758853296
-0.0200378484617049
-0.1637994675757780
0.0564350394725736
0.0633102312147130
-0.3551603997897738
0.0864264211237846
-0.0977160940154173
-0.1586258465713898
0.2104061931618137
-0.1026604227821027
-0.4183993077258577
0.1525220864883321
-0.0168108397383938
0.3455716785107601
0.2863399039006087
-0.1810778784848094
0.0808511116945044
-0.4018596933999479
0.0634730327052710
-0.1656066426451754
0.1472370802501208
-0.2115843193335100
-0.1429873277298023
-0.6751891037916405
0.4482121027049756
-0.1162095348615157
0.1224619718414671
-0.6618318545995757
0.0032586959625447
-0.2648187566229476
0.0230642576062937
-0.2948068875924720
-0.2541045629175313
0.1310927064609100
0.2103325488743226
0.1579292598754929
0.1551270574493833
-0.3606297568718211
-0.2098032076351722
0.4055748947685520
-0.3926717974606302
-0.1159634706690547
-0.3949616317370789
-0.0987424926263252
-0.3041528067831608
0.3160358585979235
-0.0124468926011858
-0.3265768534724500
0.1692840538755410
-0.0142235285095345
-0.4669544180320860
0.3309377900571058
-0.4573716648680185
-0.1337117366330166
-0.1249748017489003
0.1123245727581041
-0.1053377981671762
-0.4132201510304019
0.1797594746704202
-0.3347929470982068
-0.2034809921831479
0.2073117124609193
-0.0806298960268758
-0.0614775734580755
0.1178048185005308
0.2855129591214721
0.0764804909359310
0.1792794993532201
0.1029886039970896
0.4173443687708103
-0.3406231095175186
0.1094873714969189
-0.3742773327146916
-0.4188634878473908
-0.1958359511944988
-0.4428973397105699
0.4324553397029773
0.0407487777031955
0.1681948406814874
-0.0481630504526915
-0.1853515749949048
0.4055270892435842
0.0544176133496658
0.4964632165239941
0.2624204251889827
-0.3257204345088237
-0.2821843660182237
-0.2707952527600438
-0.0674680486922721
0.0190157150553518
0.1835750542058245
-0.3100166689600363
-0.2078356155690571
-0.2682991535392193
0.1582944151517134
-0.0947007181119804
-0.2919229870695378
-0.3522293531947966
0.5859053203970011
-0.3501603224436335
-0.0818653670404202
0.1968224032410349
0.0894965675420326
-0.0821801794691198
-0.3417293953206670
-0.1522640810295202
-0.2764399549171659
-0.5060082133212004
-0.5992667151861677
-0.2577678780140217
-0.0485659328675711
-0.0544277080530931
-0.0437216869558144
-0.2326104182730812
-0.1609503003258627
0.3209935909115528
0.3888299763050021
-0.1624592222071620
0.3909667774028873
-0.2716343272361492
-0.0504693927000116
-0.4312578481655916
0.1173350839221614
0.2729517979286498
-0.2010024430223407
0.1043018133756773
0.3945793994884821
-0.0946925893818797
-0.0282838037954749
0.3728844246502988
-0.2463337806738248
-0.2555000899297152
0.3593243737964659
-0.1905959752094804
-0.2996262389235868
0.1010570531335620
-0.2928293565185964
-0.4174359449084800
0.4318244144325905
0.1485818934985845
-0.0147193177392107
