-0.5863758596236649
-0.4391110737401582
-0.6806943632566480
-0.4726473935109618
0.1900499462506735
0.8605146479505217
-0.9603417922924828
0.2765154055588223
0.0358172090635467
0.1376117787202631
-0.9324917192622880
0.3339493851839045
-0.2166708280758109
0.6688664722800953
0.7111057548076256
-0.0790196118147944
-0.2606569237184077
-0.9621922204353428
0.5071535500337231
-0.0897484962949748
0.8571700438658497
-0.8613182648801746
-0.0141277142161984
0.5078693279524085
-0.7745502538936399
0.4115749860177059
-0.4802894284468724
0.7426291357166537
0.5500339326535963
-0.3820531896403370
0.1433129705285092
0.2566822244882274
-0.9558115023947296
-0.3886687538667830
-0.9114778996071989
0.1347020352306944
0.7066472211074276
-0.5262187956556121
-0.4730153105343500
-0.9239345498663307
-0.1187041957015856
-0.3636677900036522
-0.6624431591319012
0.7478910441698364
-0.0427556659391315
0.2732179063124158
0.7103994587320726
-0.6486020233574966
0.7613140591258311
0.6240751334120568
0.1758724857221115
0.2103478723291783
-0.9515869383156265
-0.2241340479125828
0.2669829772856502
-0.5901032062021285
0.7619043876167523
-0.3085662159626400
-0.8536098331437436
-0.4196869584902628
