0.0725272372748628
-0.1762388575985978
-0.2346498334922921
-0.2094672108768261
-0.0030948672030841
-0.3124664330737612
0.4545043185594180
-0.0798030979138106
0.1136382597125855
0.2565860909283371
-0.1610825140516773
-0.2221594451646925
0.2890330875929680
-0.1269334699108896
-0.4730354628445997
0.2769256144802488
0.3824423357087616
0.2796634356888090
0.3067778223141840
0.0067950675946358
-0.3003775483422833
0.2369618354303705
0.1800487786710091
-0.0974994019981091
-0.2295763292665726
-0.5285192747551166
0.1632216698629328
0.0419861424913716
0.0701994657752312
0.2351951779085066
0.0239348152653699
0.2679672774606642
-0.3814514178100357
-0.2117717932263535
-0.1625793871709880
-0.3223381933678328
0.0136418182442337
-0.5176354934768647
-0.0879362524911131
-0.1832825729973261
0.2241647744855201
-0.2811856901857122
0.0065115372373847
0.3920408411452809
0.2831168770299188
0.0002353201298349
-0.0101197761516502
0.0808973114298577
-0.1515578005493548
0.4148041450604014
0.0040206178445873
0.0647868859507779
0.0868062576261087
0.2150818152922518
-0.1414154759870607
-0.1938407789996172
-0.0326529887157637
-0.1402896238611676
0.0310525864940668
0.6361639875882970
0.0243116787445830
-0.3154761825272795
-0.0352500929997412
0.4020087353538037
0.0030177279596744
-0.1241365417813692
0.1046924885880288
-0.3282544103064801
0.3226418490933784
0.1892000830502467
-0.3277989421261534
-0.3254391297413688
0.4072540808737114
-0.1809944371310183
-0.2323736720011996
-0.1883877970509805
-0.1125703149539826
0.1201380753439733
-0.0514767686756253
-0.4413104129458875
0.0582841980142364
0.1156982657375877
-0.0693087761580982
-0.0664251172092489
0.3699182899649630
-0.3951018616118820
0.2197196357647683
0.3326851184936685
-0.2650080828346020
-0.0176837027737904
-0.2241448597200348
0.4696255396464225
-0.0290856291709259
-0.2784127592727519
-0.2826646088402165
-0.1500324959178216
-0.1127242060492301
0.0673621441472251
-0.2934371053727952
0.0750796005306356
-0.4504725495154542
-0.0409079229908407
0.0091671345338204
0.0906533034344480
0.3664037501831812
-0.4934040429164898
-0.1007977003430842
-0.1229853168859769
-0.1479871385657075
-0.0788607105260685
-0.3165121558516407
0.3831818210008234
0.0319051925517861
0.0736392619818153
-0.1226054401636167
-0.4125818170369568
-0.1547793416011913
-0.0152136319440302
-0.0568981108890303
0.1867084392657962
-0.0541169187083599
0.6474879823629547
0.4244805576485244
-0.2286709260434363
-0.2021397134187495
0.0286079667706457
0.1620960458475009
0.1530374482251899
0.0531272455496009
0.1781461300852535
0.2640677508904422
-0.0534538097083849
0.2777991298859908
-0.0332561690678884
-0.1400088525235913
-0.3374856814388926
-0.6032231611686069
-0.2267925481157293
-0.1677746825644092
-0.1096664711634436
-0.4038507273313622
-0.0085169054968988
-0.2193307950230632
-0.1196365563976416
0.2139881910144022
0.2222216527623670
-0.0374211476380125
-0.3154186729917134
0.6001307391017271
0.2558107111759855
0.1871100711517836
-0.0998598057602947
0.1081655137364501
0.3093866081568159
-0.0998659296758126
0.0997737977868725
-0.2861517482044283
0.1125866986583537
-0.2168864455813921
0.2537970484301216
-0.3139459914943227
-0.1234161874750511
-0.1768458938877026
-0.2457203023749588
-0.4427825126159587
0.1548843627107513
-0.3368991721723549
-0.0143191321337046
-0.1870011030780158
0.2254504818396781
-0.2424633160240192
0.0088811476675346
0.3354329098375959
-0.1560974579339175
-0.0266115797813403
0.4225485967245544
0.0019068292059459
-0.2398334626423205
0.4851813041990048
-0.0895005754444212
0.2030369555711897
0.2719638662594136
0.1876781312159698
0.4358687772686493
-0.2285953710451021
-0.1270058407963732
-0.2005122444664274
0.0850939891155387
-0.0074769985371245
0.4012249220049056
-0.2651534297816359
-0.1072186650884040
-0.1420109458031191
0.3520522234745732
-0.2641332103720913
0.0352791726973294
-0.2115005063624146
-0.2068734501238429
-0.4916527335207019
-0.1173626502923311
-0.0579199693139350
0.0050081926094788
-0.4760522522521751
0.2947050055155779
-0.1026409385651355
0.0829835914047374
-0.1247027587153501
-0.3033592771274583
-0.3641723864086363
-0.4381911322390232
0.2542349674547382
0.0242551151000253
0.0917055567604656
0.2585660007361125
-0.2694513366454460
0.2865701055099177
0.3361825913328614
-0.2843351941268292
0.0700706934411602
0.0759063968235934
-0.0156123091692936
-0.4123511651154632
-0.0216303910759221
0.0697747760271376
-0.0883768462016918
0.1070953743801082
0.3973176314739179
0.1577222090908216
-0.0106323853503229
-0.0455211585635960
-0.3492595196395892
-0.2074264071400163
0.3379336631313545
0.1645412319210865
-0.3181692472465661
0.1148934223259343
0.4186169758532566
-0.1876270184623774
0.4052074652197503
-0.0211438388679306
0.0088492085390396
-0.4503989680636556
-0.2090263331130423
-0.0605718493400167
-0.0070290391859254
0.4745785001188152
0.1294742331752207
-0.2364673848417873
0.1209649434193612
-0.1551836908868129
0.0364002098411425
0.3454692628185148
0.1342233540294553
0.3154333504696603
-0.2350038358672837
0.3458577025032493
0.3791217467526970
-0.4037450267150894
0.1471387455312888
0.0374228043546992
0.0982979385424506
-0.3206313313025486
0.1031403770282201
-0.0443124200009329
0.3291012411211290
0.2633796606279400
-0.3217031451333633
0.3958534773717103
0.0262005289435612
0.3167866088974688
-0.0100063081151230
-0.0782828421406466
0.1221947601575719
0.1398080881310184
0.2485770327639928
0.0633166740788510
0.1398255015199694
-0.4401734136749071
0.3023841770977184
0.2410037192997317
0.0002303972408539
-0.1622086009480875
0.0060573067976624
-0.0683719067553372
0.6561824368752897
0.2355159608556689
0.1359893501526172
-0.0366122227187142
-0.3570133802910298
0.1423203649749872
0.3801351649200682
0.3396906500553773
-0.1541902231478996
0.2836893848047305
0.1463836355187963
-0.0105020250714537
0.1166948138634157
0.0300527379850550
0.0982826582334446
-0.0843463615041690
0.4494536421207718
0.0320698156241628
-0.4194398734721971
0.2373597106071566
-0.1266494446619986
0.4125449159806055
-0.4522583566133893
0.0374716847513374
-0.1592528025596441
-0.0185917245543211
0.3180877938948575
0.1450412201125988
0.0127571179314111
-0.4019282396903877
0.1641181958471814
0.3435615933611535
0.0857337946537696
0.1055375824646088
0.2318578523324873
-0.2845628604948328
-0.0177892147477166
0.0615634927755085
0.3905379418901802
0.1355049871329484
-0.2008968680167875
-0.5223038973876478
0.0273560976271346
-0.5530834393233213
0.2184547690798246
-0.0737029147214139
0.0036849309714292
-0.2312321748335108
0.0037510157898673
0.1512474431922622
-0.2460022482831672
-0.1231176930711607
0.0918100044739714
-0.1970581632880544
-0.4123285243674036
0.2542324585805464
0.1570393895379426
-0.0797918229197307
-0.3002808359816873
-0.1663152482464750
-0.5578016428858606
-0.1633220317135177
0.2249185567823835
0.3608234029955609
0.2025106760265284
0.0487341825226489
-0.0008592181565140
-0.0851329803213230
0.2910147403261179
-0.2946647176333933
0.0036887533436090
-0.5556243544725925
-0.2966498962746622
-0.0314747484752899
0.3098926739402444
0.1294711916434939
-0.2751907133436366
0.0255692454010995
0.1628810569157234
0.3396749985614538
0.2827469177887510
-0.0160540959576113
0.0633583475337722
-0.1243065695888008
-0.1036469403485083
-0.5446870533418346
0.0897329204448323
0.3944363346384952
0.1755332777999029
-0.1118157876817573
0.0099789037280813
-0.4683408476072634
0.0265541255432090
-0.0311765254040866
0.0505071597904469
0.0145974640863071
-0.2526015406013954
-0.1285832397727945
0.4229735305901165
-0.0499492204581733
0.2489084616179948
0.2459260817002870
0.3758832557229807
-0.2452781284168042
-0.1815669494594168
-0.0187228676082382
-0.0799028575064471
0.1924611897134132
-0.2771875099516559
0.2776649857347004
-0.4253760227995794
0.2915507298977431
-0.2281458260956113
0.0189614305878189
0.2555555172714490
0.2485486948170670
-0.1661796253521384
0.0201160055593020
-0.1976019871674809
-0.0576454609014640
0.2654379436344372
-0.2494867984430316
-0.3657741062686999
0.5018022159339434
-0.0877735007542989
-0.5515865434430255
-0.0429798731390237
-0.2011781733192585
-0.0091006131922328
0.1868946718202323
-0.0530290767134147
-0.1386241571386926
-0.0238073100857475
-0.1315680116998159
0.0271922473957781
-0.2433609483719554
-0.4508034201425425
-0.2018438097477059
0.3196477808860170
-0.2596749748459083
-0.3058512785891782
-0.0932092301804387
-0.1061387214247213
-0.3814329674024188
-0.3053025927835366
-0.1823756693139306
0.2482278005781860
0.2480152340687069
-0.3846817654584008
0.1206542586811915
-0.1594910728051143
-0.0885197634567994
0.2804573475395513
-0.2544879705857956
0.2568942111571150
0.2246527282071749
0.1781200920090662
-0.0970505744699154
0.1975817676700550
0.0418965166385098
-0.4668887938577742
-0.2319275190428223
0.2602228722938980
0.3505345717495355
-0.0761044157804059
0.0617311644649245
-0.0354740676946929
-0.4069372287573399
0.1649034288158941
0.1075887506085691
0.0807749528032304
-0.5332936511909705
-0.0665138123168762
-0.1575522167284052
0.6016240367122936
0.1461789400588355
-0.1699407836585686
0.1118517380941218
0.1905517933624488
-0.0598218405000697
-0.0537238441573642
0.1518744389932604
0.1321384839407719
0.4065023810334988
0.2001215296456698
0.2807283959180675
0.4089664442636025
0.0897406037626243
0.1553641314942044
0.0245260444607805
-0.2097219469602560
0.2286578193461259
-0.0024419407014741
0.3166471984990752
0.4474253251533649
0.2751564730268155
-0.0767521080788104
0.0769891671449282
0.2476094905357347
-0.2053048167182945
-0.4979593479310874
0.1871767138227122
-0.1235188770135281
-0.0774358116407575
0.4247304699784882
-0.0628628995158938
0.2285564435517387
0.4340595238211306
-0.0695796348895084
0.0909467963038227
-0.2610539399364900
-0.2724227650287909
0.0859644229571092
-0.0548795629846923
0.2597615190665871
-0.1787889057326239
0.0454357732029656
-0.2931034346741436
-0.4192834529475879
0.0383876434212333
-0.2455337002747413
-0.1679325349391423
0.3547806485119881
-0.0182516231348188
0.1095495085819396
-0.2668532175586238
0.3745690021450027
0.4320952874966571
-0.2991909403074501
0.3098279486474423
-0.0177840852452557
0.3257604573502487
0.0219823207179337
-0.1155761794603700
0.0449484494582560
-0.1922069186026416
-0.1794251937516942
0.3408848689097990
0.4277871123562322
0.2076514142698068
-0.2137110742945511
-0.1001338114073739
-0.3690618959203888
-0.2980396484183160
-0.2364602141940819
-0.4728199151799234
-0.0202703611443355
0.1808909900123128
-0.0832799488886230
0.2561149904458362
0.2856790315182274
-0.0027218266745684
-0.5077618418730713
0.1948544677588828
-0.0526611007194125
-0.1281285028464718
0.1134032538159614
-0.3370335083844834
-0.2084703268545374
-0.2198928924020807
0.0202515025519090
-0.2411452669692428
0.0761092076594624
-0.2316486964037779
-0.3194447455421684
-0.2542441586126364
-0.3518906189263617
-0.0414603379402032
-0.2581887438300391
-0.0390815264517334
0.0851294538731710
0.0716305988164639
-0.1478453798493892
0.6724835566507876
-0.0845938269452342
0.1671491437409596
0.0157058571746692
-0.1176396052140032
0.2755218727320904
0.0620314993281350
-0.0125315545473163
-0.4477291376559119
-0.0247929788838708
0.4963376253004806
0.2701582409170927
0.1065648216827110
0.3843699795155183
0.0016966213045588
-0.1189159186761617
0.0747242476275544
-0.4386383983427509
0.1198200316532345
0.3857617878447051
-0.2479499982632400
0.0236514737584807
0.3491334355569017
0.1997558333287363
0.0151437634147223
-0.2098136373505689
0.2349897197139844
-0.0773663387237110
-0.2669452605502556
-0.0893114716012827
0.1912806053018243
-0.4576541209874789
0.0544238410555208
-0.0510503631186828
0.4370994350580518
0.0520482073418696
0.0592195675536532
-0.0613815420804160
0.3879630575272338
-0.4843993544994977
-0.2265344204250477
0.0699342844906423
0.0801108620392338
0.2377302081092651
0.2096383965261212
0.0317517070833556
0.0201422387900672
-0.5733813264813274
0.2396840408782316
0.2199188604786889
-0.0759946481084456
-0.3710286208443646
0.1748681459125032
-0.0576121669069739
-0.2115621148243117
0.1950924730339148
0.0482800369249164
0.3093193986582479
-0.2457513012090749
-0.0119811855838530
-0.3262612857674971
-0.1777554727000338
-0.3894782910932623
0.0603710931638179
0.4931139185642091
-0.0807734959202059
0.2097767634927079
-0.3236377275047735
0.0629395188280233
0.6308916424656283
-0.0084595876347029
-0.0692800791448723
-0.0819095046794621
0.4191423250390952
-0.0489518723785004
-0.1570880777018464
-0.1896405248019616
0.1207075997088060
0.2791175209733595
-0.0321898739570476
-0.2796530399336659
0.1994161720764775
-0.1774542476738024
0.0943674375102573
0.0416436059160795
0.0437868784376856
-0.2183980559158584
-0.3252265189494483
0.2684383268649700
0.0607497996576498
0.2912893312239949
-0.0938164726891723
-0.3772525334991313
-0.3593731873564447
-0.0514975721949254
-0.2407266464110079
-0.3559525022517760
-0.0185436034322991
-0.4532733159801108
-0.4985434636545367
-0.3583743567205087
-0.0343833978715375
-0.3397737422265356
-0.1792418327733264
0.1970006171348468
0.1717317500099728
0.0794668019230594
0.1072541267741776
0.0188204491324072
-0.1499977055395788
0.1289482596039902
-0.2463901254157079
0.2865388496696042
0.4099836619186888
-0.1943356512572648
-0.4241198248006723
0.1190346346993043
-0.2098382491437613
0.3159770674680673
-0.0581612609477132
0.1469503234251230
-0.1491060360778891
0.2584882169237473
-0.3198386942803841
0.3079819527466756
-0.0047031099610045
-0.1726037485618120
0.1946229224480515
0.4976095126441639
0.1234426213744684
-0.1426828554698927
-0.5894745203995453
0.2690858500810265
0.4133113788568208
-0.3503594889660798
0.2563382689389829
-0.0578843963412614
-0.3642981801007523
0.0887622648021907
-0.0109672121858709
0.1776900326316468
0.0462154603528957
0.0695379933811025
-0.0646515580306466
0.1488272197874706
-0.0874849960069727
0.0650714528358903
0.4673233341830955
0.1677918286420379
-0.1181463613896423
-0.2059972550037877
0.0740114832812266
0.1920490320597228
-0.1827575026940537
0.1648279105556713
0.1399663659220976
-0.1265727250951005
0.4140503280603000
-0.2704356981963850
0.3216656926285877
-0.1102752345098114
0.2801226471170120
-0.3461932619030263
