-0.0508653071650419
0.8040084231941247
0.5924383309340334
0.2275459875383695
-0.9566939788084766
0.1815473890387692
-0.5168446296595028
0.2056053252415091
-0.8310223095828805
-0.6818758194594257
0.7259647289003347
-0.0895576866003159
-0.3461658943703326
0.7300757942063394
-0.5892015854431915
-0.0995725602072332
-0.9802870976604592
-0.1706531904600981
-0.6524131469526352
-0.6813490062019638
0.3318442668345436
0.3938217007720102
-0.8805755125754641
-0.2636119015778687
-0.0705413054414389
0.4657717714030644
-0.8820887603811020
0.5520495281475570
0.8256810570558546
0.1161555443841852
-0.7950928374186361
-0.4613670352967790
-0.3936595465971112
0.9513720150797749
-0.0302519805289642
-0.3065552260150263
-0.8140684751085868
0.4914982612629390
0.3093896847179754
0.7180882268021546
0.3055890112769061
-0.6252716647305718
0.1442884598059782
0.4653930868953202
0.8732640580241831
-0.7362208872015246
0.4658997268807084
-0.4908322012059532
-0.4821959710927768
0.5963346047444469
0.6417726113244304
0.2412720779870063
0.9272935143707245
-0.2862071323182269
0.3198500957114628
0.6606998996415177
-0.6790961337594675
0.8637612546731499
-0.0020342409683294
0.5038971688639942
-0.2870421905243128
0.2577192257215807
0.9225982774493312
-0.5724486544904599
-0.2690792011738113
-0.7745314205813253
0.4203708215211002
0.7104011244625421
0.5644631208290150
0.3422037785717140
0.2202784379024616
-0.9134407390337332
0.7007620849951683
-0.1706067223018123
-0.6926946271905513
-0.9208394107598569
-0.3845726500898210
0.0644876452844403
0.9572521455557609
-0.2663733911312654
0.1127543627808805
-0.1134304372979610
-0.0004323341888979
-0.9935458464416942
