0.1305122039977709
0.0756984461288419
0.1918086145321761
-0.1874140360663020
-0.0132269994434913
-0.0068218464676479
-0.7581229356493451
-0.3824544579440061
-0.1647078756867303
0.0261820419669549
0.1654431214391858
-0.0552969035738688
-0.2408780911470015
0.0917077461730463
-0.1168146626951375
-0.2139085476109879
-0.1172390558431218
0.1514585528265597
-0.0393758486677284
-0.0459796855025805
-0.1285742102033971
-0.1656928224910662
0.1431097166042683
0.1027808378962605
0.0066056627024746
-0.3324614834045729
0.3942359957120298
0.2202268949317047
0.0404643301809977
-0.2122514324688299
-0.6769156020073319
-0.2553860761810317
0.1232567928673887
-0.1794287533321783
0.1361690569780380
-0.4648608836143185
-0.0530940323982057
-0.1398087045724638
0.0820899259311747
-0.0097467870621577
0.2655857799056610
-0.5717794984733462
-0.1339935548654105
0.2811490878921893
-0.2458703035986845
0.2977556604063721
0.1570763258556575
0.1432687369181207
0.2327706366563324
0.0276828355766094
-0.1266196382610336
0.1976062429845856
0.3396556411578732
0.3067764000149241
-0.2228397672756826
0.2823099563418403
-0.0755223130797691
0.0244122970695331
-0.0107174086046840
0.3426244444814548
0.0351582580746842
0.3732840257284781
-0.3570430976190658
0.3990911555053973
0.0534832309253550
-0.2607268803224878
0.0688279525382140
-0.0825626421041942
-0.1482352398630662
-0.6230309092712639
-0.2825556317759931
0.3676663127243476
0.0481185555689789
0.2186856141872252
-0.1495907840790956
-0.1191065640975291
0.0103147852245806
-0.2085840678416146
-0.1899787912298000
0.3550232941037064
-0.4556235438549255
-0.4023578568130301
0.1723756156692946
0.3827453508208683
-0.0788470577459584
-0.1467551483215425
-0.0997453646502832
-0.0685805125054458
0.2489105797930061
0.1819673436298190
0.1204424924635494
0.3778755775899234
0.0313500254787661
0.3306565449880870
0.0574406724522458
-0.2142911235951422
0.0520205920962857
0.0231129151833772
0.3437488689835358
-0.4367917492893939
0.0572601467825182
0.0128259833282001
0.2334402602245038
-0.1748222651863149
-0.1990001856123851
0.4608944704250305
0.2228542004991263
0.4574849548009142
0.1834861726093075
-0.1328420296562855
0.0472058032197181
0.1865076156284641
0.3989322054418332
0.1046533075828239
-0.1568739312887464
0.1913039354816782
-0.1660214130737428
-0.4177006510796448
0.1928482677084798
-0.3412038985634002
-0.0333627786804276
0.0124085176072354
0.3219499940048998
-0.1592261331654635
0.2453456038590930
0.4488158323887804
0.0221946714864281
0.1437084887849798
0.1674157628062327
0.3663319505837111
-0.0000877898883001
0.0425377596972101
0.0769639014959496
-0.2203479237125775
0.2356842674261033
0.1197500041167876
0.1423922385215767
0.3872326380083096
-0.1926514514314221
0.1082831138176347
-0.6169037397415593
0.1669726498405962
-0.0941081233616602
-0.2742785077818625
0.0074111919716166
-0.3181379998311435
-0.3886888173619802
-0.4456778663379435
-0.1355269666543774
0.0766373463342827
0.0353153793573617
0.2232315940850903
-0.2582572370457650
0.2043426417830771
-0.1122375983883692
-0.0881719510001331
0.1810740612436984
0.3601905165071831
-0.1151475239432690
-0.4112139401464383
0.1223511052295466
-0.4240698276899503
-0.3925353430377871
0.1686963411926877
-0.2627375607704389
0.0962158134001579
0.1075927725187314
-0.2674433468897907
-0.2925468041389357
0.0125163350582641
0.0563316286309451
0.2108380481864872
-0.4746177370944342
-0.2621318184035457
-0.0190983754415870
0.1831824757273487
0.0651637787118461
-0.0576135275390120
-0.1943001260025125
0.0458047313949642
0.5613704353505946
-0.3415770795677722
-0.0777141135462188
0.2372033410292290
-0.2771789779556911
-0.1550328668946635
0.3074098240725381
0.1623819281290395
-0.0358397448954766
-0.1379366818287157
0.4099593725773999
-0.2199031758860766
0.2150836601694007
-0.2867524102514658
0.6347885062930709
0.2221007200462697
0.0029592824775762
0.0549785041707749
0.2312474424239678
0.1745718594618741
-0.4546399610983726
-0.1447739209807145
-0.0352445585906624
-0.2187990315581687
-0.1081432366680884
0.1149344309024081
-0.1076031976286698
-0.1378016002464429
0.4199236326615739
0.1079705173483822
0.0569346603339482
0.1190608526914558
-0.5295521123325807
0.1981534618081797
-0.1762308549227743
0.4128882055015063
0.1495611843465935
0.0236677877303991
0.2091350867948739
0.2369715331968459
0.0880021663206654
-0.1135606185625741
0.3139398139273762
-0.1770450312930912
