-0.1910047954070692
0.2258957711087168
-0.0619932559106399
0.1300513781797050
0.3738408770205116
-0.8406269015737931
-0.1155808312450272
0.0871132995418918
0.1445395705354519
-0.0590068813097136
0.5736365605272696
0.0374141914970507
0.3903146785353170
0.1762251244765255
-0.0708041902648089
0.2242202392946099
-0.0466207890545263
0.6220389678519069
-0.1314814271583586
-0.1563941868160491
0.0777411365542142
-0.1951583350451022
-0.6054109798842070
0.0854868588061740
0.0805873909351653
0.1972958504403600
-0.2819040092824001
-0.4329655289033966
0.1546647603769981
-0.4957508390386189
-0.0980005521889861
-0.0377450102122199
0.4273245402039229
0.0410760654117472
-0.0981746832737236
0.4486673699255338
0.3928280141297338
0.2829996149050933
0.5381752333345446
-0.2640110043094876
-0.2660538238599099
-0.4211495612659024
0.3407918014212784
-0.1736309856768159
0.3137889454394173
0.3601816382106567
0.3250022407766144
-0.5176496101749601
0.0614166738008002
-0.0027822154911000
-0.1754090871206108
0.3355317025899845
0.0597652023246151
0.0676517840085574
0.0890800475462632
0.5336554385394900
0.2062853820550768
-0.2767748833092247
-0.1792397039154054
-0.6359978279289887
0.0413090062850321
-0.0814707911454672
0.1198214217155938
-0.2559238251639636
-0.4651133107767425
-0.7408458734781371
0.0944327644036825
0.0816485357833309
-0.3419206430072881
-0.1188492414241115
-0.0903758153997358
-0.4395717530708121
-0.0686090706238602
0.1705100678775336
0.1691191605705681
-0.3099873338728063
0.3581347113918095
-0.1931922341486984
0.5698318777155414
-0.3870949247149473
-0.4784019596725885
-0.1661171949485098
-0.3075472835145899
-0.1200290713626130
0.0255986456656411
0.2158119118142324
-0.5775642660881241
0.1480679670692563
0.0313428071212032
0.4804448825010935
-0.0818339079937286
-0.2147931507155941
0.0336802846651262
-0.2773413870153594
-0.5900660417099367
-0.0004176515925647
0.1827895407245931
-0.5552044240276593
0.1029322012420523
-0.4107035337790537
-0.0588923369040018
-0.4081413965025079
0.0054251556301640
0.6304978419338536
0.1260371060145993
0.1358847460099944
-0.0527120650596943
-0.1312173104967871
-0.0839146794687504
0.6091035199538444
0.2092744054844231
-0.0370385490519325
0.4443620008880789
0.1798021612815925
-0.3619483053136611
-0.4187217481754128
-0.1980917311039417
0.2067528776831258
0.5461935441856047
-0.1959515549107304
0.2994705588159337
0.1048751829271832
-0.0028889285347555
-0.0667010779927839
0.5234727282070758
0.2703294193359916
-0.5384648222396611
0.0227712704390228
-0.3683888073821154
-0.3486922706463053
0.0168775624861158
-0.2507476461209086
0.5657222724820842
-0.2175372004836614
0.5435023033448855
-0.1678613451657664
-0.0939489946566408
0.2505783749189365
0.2047580188595501
-0.3638168163642738
-0.0211781905539370
0.1504600294270372
0.2799946411534236
-0.2139301298554595
-0.0917236353346426
0.3690506004987643
-0.5591526485260364
-0.2284952615472219
0.4641634201087746
-0.3575320178351554
0.4982797283393483
-0.2251892671483522
0.0790307503308681
0.0086746800215166
-0.6376145696598369
-0.0267622572671431
-0.4753388558320343
-0.1633600700601570
-0.1365213546082034
0.1270661962976799
-0.1328670706203331
-0.2888419934011498
0.3233945588713735
-0.7033420132128179
-0.3883251980743049
-0.0223292026688641
-0.0330931645376578
0.2383174469661186
0.2788217170725284
0.1127636927598506
0.0087919072856761
0.4862416235921382
0.2723049927692567
0.0965823313163406
-0.7493408525150578
0.1091096025102525
0.1673924367808367
0.1381889721869358
-0.1416744186014647
-0.1985168774278082
-0.0062546269191876
-0.2749912543175800
-0.1846744213783244
-0.3668956491513409
-0.0318551196769494
-0.3999453149083153
-0.6879353510893830
0.1381642217603067
0.1094337322542219
-0.3005536318835728
-0.2008832850061816
-0.1366047147804197
0.2008322021319823
0.4297277381894358
-0.2764511683897118
-0.0865697761957094
0.2653144826509298
-0.3436851510085674
-0.6355314799926209
-0.1991342785106581
0.0532147720375981
-0.1069467075244854
0.1437118001881436
-0.5252587454210230
0.3070635038540356
-0.4713354008631803
0.5133180658445173
-0.1517632339131534
0.1592603924813460
0.2466664035142511
-0.5812202522015263
-0.3280790527572519
-0.3288048535705583
0.3464156641919536
-0.1645478435377512
0.4306171076782122
0.3203935369342886
-0.0424230833628328
0.0290936733974282
-0.0928732731332710
0.3926946517906820
-0.2231659557674706
-0.2492437198434934
0.4779726488435346
-0.5188414668251780
0.1379959626563788
0.2984084260962024
0.1554617941039484
0.2533563617419943
-0.1994061786513288
-0.6016316854331626
0.1228450518071941
-0.1302559867798506
-0.2660707113321019
-0.3243715959843790
0.0419184502949504
-0.3261305102237309
-0.0888682815500142
-0.4673483348936120
-0.3090969536564829
-0.0198734280970348
-0.6356650879819364
-0.5785066678347459
-0.3820300143745264
-0.1865978590386537
-0.1749710587597682
0.2190755675795759
0.0363792547271211
0.0097935052791933
0.0084229764653784
0.1448461367820700
0.3362680510647345
0.0775224175492304
0.2122380817586009
-0.1858363061085910
-0.3703750595285292
-0.4095966712903951
-0.3562425644011620
-0.1708827786964227
-0.5650634713499374
-0.1430557280852705
0.0541826935184106
-0.6628763566869925
0.3782710667162936
0.1758301800677389
-0.1307309991089763
0.1342276438877417
0.1241528539320902
0.4687669478855925
0.3048359245758021
0.3338233985300522
-0.3229390801341941
0.3985078057863063
0.5468881059287143
0.1130070950690283
0.2740646821741854
-0.1341640809293824
-0.3163381534537403
0.1294476828794133
-0.3219761378438451
-0.1484150128637585
-0.3273941419904141
0.1571018606893417
0.1195930561148406
-0.2708850585967522
-0.0399330584175450
-0.0008239108641255
0.3236441938928972
-0.1077265600442272
-0.8002986611945990
0.6635775062067936
-0.3968184270566592
0.0205724340457746
-0.3862103633160732
-0.0342168254253953
0.1601553578848496
-0.0018310804219319
-0.0186253950085195
0.2942266274310489
-0.3726637400442258
0.5253526403898553
-0.2478196069856796
-0.5881035889087316
0.0543716739912080
0.0709648110586520
0.3324633787241669
-0.2403191653940429
0.1879650914260923
-0.0839350317259472
0.3131625239493243
-0.2823800203131776
0.2876166986175197
-0.4772589059181809
0.1634855393469512
-0.2183568906170127
-0.3606016445095888
0.4610248840853226
-0.0516625091844137
-0.0607417888046619
-0.4317624031099173
-0.0412211117110185
0.4204430629592081
-0.3578292917010278
0.0349049233854080
-0.0500152612451018
0.5072075161877350
0.2659174529684932
0.5938963756928251
-0.0694349012083336
-0.0652771161135712
0.2038734293738998
-0.3202672094648708
0.0293392382131479
-0.5252718533876052
0.2583018996774534
-0.0888243019524954
-0.0536635575056734
0.4728362949003559
-0.5086434861940572
0.1389656981254651
-0.2180922177906965
0.7123634198549135
-0.4570214075325464
-0.0677262706967067
0.2019356529585670
0.1163431642104501
-0.3950680127549616
-0.1019775401894064
0.0849055044918014
-0.0593118033252051
-0.5694873725491842
0.3797031805309614
0.1362604219994821
-0.3377670774360977
-0.1527958755601600
0.5007839740694203
0.1124044198343169
-0.1440468028448651
0.1668949438592266
0.2519658715613094
0.6786755060063469
0.5005441040597862
-0.1413919352393923
0.1047992999143708
-0.1404904698249338
0.3619722547068435
-0.0701173688500547
-0.2759404077957349
0.1176051083074044
-0.1105829280070763
0.2875837727879877
-0.0826566083647360
0.4807010827449943
0.1667375530325524
0.5570531083342379
-0.1187047143722380
0.1690904603476731
-0.1962471349333013
-0.4723504209210252
0.1922761024302158
-0.2772585755136585
-0.0822032560788804
0.1021577863285444
-0.3997481980002960
-0.1916456861568486
0.1584206633978703
0.7070693161487025
0.1606974463150238
-0.3502335414022725
-0.1894098087582662
0.1972648384263990
0.2968986039643218
-0.1267456655030118
0.3019736870498479
0.3019825497138197
0.0240000682300692
-0.1052288952367496
0.3162345323911585
0.4342656537666071
-0.6117611540241136
0.1539193919323354
0.3196478372453616
0.1084941464856616
-0.0634145696584015
0.5839295341199758
-0.1038488369046102
0.0167804625176063
-0.5947967865846210
0.3256527422574138
-0.2155664675394778
0.1091160037914518
0.7596379024791616
0.0063566507243799
-0.0083199594563067
-0.0082646460486789
-0.2174506257158603
0.3801419735055491
0.1440504574026690
0.4280120666678984
0.1229978194497411
0.0590640574478261
-0.4466992316358220
-0.1535891159467228
-0.0592141841344013
-0.1922443114077765
0.2323880286066742
-0.1479407380946335
-0.3804521952014845
0.6361092911604098
0.3280973349529200
0.3266958670722994
0.2757280327501228
0.2024419504088546
0.5115659256210753
-0.2432209173099544
-0.5046102818326605
0.0716955694177667
-0.2176780624510307
-0.1010719518322991
0.3715291895795551
0.4056447968482585
0.2805163480262427
-0.5342115714801710
-0.2454766890159636
0.5210210899182306
-0.2286615127326753
0.2092578526158205
0.1314292504518230
-0.1113861303069048
-0.1179136930180943
0.2699448891311407
0.1912989213588100
0.6200857424794262
-0.1921046900146232
-0.2361620421895064
0.0836841454152174
0.1861296992604450
-0.4306931333578461
0.3445399139782006
0.2598072377928952
0.0143981673217221
0.5851045469848464
0.0253705347950257
-0.3028893195611168
-0.1028669869266690
-0.1641822355930044
0.2919159518643285
-0.5253233178099224
-0.4056157992394196
0.0426455938104827
-0.1457771807797732
-0.2369655202049574
-0.0867795139479806
-0.2958312092378343
0.3626922772513736
-0.3269991117123804
0.1432622191035402
-0.3308945883481337
-0.3842540609224438
-0.5580403076869217
-0.5814875048143333
-0.0698867348686785
0.1110069203643092
0.3550961578975474
0.4070826143141500
0.0074369755424182
-0.4280126722001451
-0.1755782731052152
0.0387129335729195
-0.3705124506051405
0.1591406961465156
0.0580820747051341
-0.3438419954106048
-0.7367894307495785
-0.1614850543538223
0.2266123308450051
-0.3021370646010700
-0.3548960271470940
-0.0466294608664279
0.1156367353993392
0.2687914585977081
0.3273606972450614
0.3114815909344117
-0.4874685445493918
0.4327457646196474
0.4513206025453217
0.2804375272573449
0.1199487260483971
-0.0372463722819808
0.0236724178502850
-0.0910655274855376
0.1130080210863601
0.0770151116991981
0.1631017055187720
-0.0122444799159747
0.3495042848857554
-0.4012513791101125
-0.7536521524349159
-0.2589775432360169
0.1674395014646356
0.3883554307854142
-0.0117134196850525
-0.4051369129822026
-0.1502922861210005
-0.3161158703391133
0.1096691042963694
0.0771043082484594
0.0080557215861635
-0.6043223494514842
-0.4232577686065547
-0.4883334114224394
0.3554712134678269
0.2309851283943208
-0.1183367726439257
0.0227420896088245
-0.0324388383821975
-0.3322255241263967
0.6382569593255648
0.1768910247654698
-0.1311766513469436
-0.0793616520672386
-0.1001497111644041
0.4343423365692159
0.2906740312898046
-0.0255862447823307
-0.3606284115542369
-0.5891349441543235
0.2509325293837442
-0.3995515027352216
0.1006532588909274
-0.2610339177603465
0.3804123962711582
0.1533632633230945
-0.1985089509294861
-0.4175812496923378
-0.3699319730117938
-0.4807816805252575
-0.2205860116551035
0.1749439083819011
0.3202862152952293
0.3997625174828557
0.1008863976833345
-0.4165770451099935
-0.1460219837637060
-0.2494551350171278
-0.5438132135927485
-0.0270271916527146
-0.3304363520672149
0.4079122278055616
-0.0296866469895976
