-0.2955107010192281
-0.0304068773154411
0.2098663719362623
0.1097315554097811
0.3180283192304788
-0.2175696056467178
0.2726818205242391
-0.1356032643140659
-0.1212382239179478
0.7744308015975699
-0.2381248792361108
-0.3980888807432883
-0.3155800473995238
0.5562755988119107
-0.3054862336401881
-0.1499079983803227
0.3744248418139068
-0.2812219540105353
-0.1924575735830510
0.0606181707963667
0.0088485046832550
-0.3557049390982559
0.3861873841305808
-0.1537717517036275
0.0681169291535372
0.2564174899342383
-0.2250928247938808
-0.4158602945304147
-0.5898154731168940
0.2423438695988683
0.4172985710238986
-0.2552617274853697
0.4005232910207615
0.4236570878758456
0.0420928920575631
-0.2896262806352959
0.2705339342101117
0.1462133629958057
-0.4737563811806678
0.1270112536805394
-0.0165018594131375
-0.2483638247215740
0.4387802674325483
-0.5926954048053924
-0.3474209745392177
0.2004133848556738
0.0471728479036820
-0.3044000743694010
0.3094073394021442
-0.2067430538846023
-0.1241865892915543
0.4348424451900171
0.0225225193658461
0.4250806703359906
0.4217074570072148
0.0400145313909434
-0.3633241563252096
-0.1951344242122448
0.3307490378113244
-0.3941747640530817
-0.2800442965426549
-0.0632066617750293
-0.1080380138947024
0.0292169917803991
0.2301175147336726
0.4894549577467629
0.3827949645374917
-0.6418537774561598
0.0380493071495988
-0.2292990019418446
-0.4564466653653931
-0.3170514158322871
0.0558514324500650
0.2006226649599424
-0.2817578137052376
0.1234816529119147
-0.5000384617278318
-0.4136917103125248
0.0125610318189913
-0.3630340853068649
-0.4653582766598265
-0.3501445494320141
0.0637525933477604
-0.1818913779118806
0.3943213093877532
-0.4090491892440459
-0.0633688639497660
-0.2997335439407133
0.4540150237074589
-0.0299268447700321
-0.3289980934486194
0.0861366832820062
0.2094587772407736
0.3526318224668977
-0.2482549336647807
0.1641279010908854
0.0870412167484225
-0.3027882642139270
0.6883089651052878
0.2335035907911872
0.3265637915197083
-0.6092093725242154
0.1363922244500017
-0.1453987696199127
0.5155478206619054
0.0144777225423392
-0.1201710855904428
0.2874414692756294
0.1206785283436239
0.3238058589429264
-0.2573647716505016
-0.2583379554367318
-0.6683132567918326
-0.1120866144504457
0.2227686464217746
0.1232887240502009
0.3847195004652244
0.1854343326553047
0.1976850153180806
0.3485950751201597
-0.1584002759597086
0.0960039964691755
-0.0233604601959415
-0.2444443116233790
-0.1744990481884792
-0.3386986490503466
0.7826720910793931
-0.2789133556416060
0.2561109580754728
0.0653151973803856
-0.0596604627597387
-0.0040746824015048
0.7221411802279689
-0.0224627262797255
0.1889949846037560
-0.2646080804984977
0.3294801746728104
0.3532855712213271
0.3603737309221643
-0.0738777446110830
0.3239283769216907
-0.0426825041300907
0.3618407558020388
-0.5067186336779695
0.1326886244370264
-0.6137267533819214
0.0034835974067136
-0.2468130616471934
-0.1091633412312439
0.1960710264143553
0.3680177928370005
-0.0815760404267828
-0.3470550134223977
-0.5250332312065956
0.4198080513362750
-0.0456866408602813
0.2306925679047656
-0.1991922888561474
0.2884658540591112
-0.3276674086122333
-0.0949332006958036
-0.4877504733976847
0.0451294214815394
0.5540866295176511
0.0479559495841669
-0.2666806855989161
-0.1552692492230853
0.4239602728882107
0.1897236541171527
-0.3616271927927392
-0.6610506381808244
0.3481423951417729
0.5486260461978587
-0.1882418487636712
0.1574434044765938
0.1524505311368475
-0.1056464059002013
-0.2089333865820696
-0.0503863392710572
-0.0008354175642456
0.4182932800360544
-0.4887502202136990
0.2299679760826933
0.4098048469881055
-0.1066953129834670
0.5172272538059444
0.0007405745846034
-0.1941470307606165
0.1226679764568329
-0.1835202962482709
-0.4648879939192074
0.0896621471985431
0.0431997598734065
0.1246854702594099
0.3249216717741036
0.0526179485193770
-0.3217002603536561
0.5300982336824142
0.3921090221929722
0.3344244986207968
0.0329949576345288
0.1668694176810203
0.3987852335713694
0.3186509558099846
0.5072667077946208
0.5641618541125180
0.1891515579729658
0.2274587290736935
-0.1550227127708741
0.1528132808285204
-0.2582923293195500
0.4238467575159632
0.1914434138807921
0.1233448124033781
0.0601431663929899
-0.0097891420523429
-0.0779546387161903
0.6335544767752262
-0.2632798024772795
-0.4704008847728237
-0.5515817448612568
-0.6222172975315853
0.3060214979709025
0.0518358114239300
0.0007843318595845
0.3481782211646434
0.2313600023221234
0.1497132610159849
0.0474476427609654
0.1133385457380809
-0.4227949646292267
-0.4989717580844941
-0.2710582643141258
-0.0225743572605387
0.0425873482753036
-0.3114080964079647
-0.3904065307896327
0.1673544239877577
-0.3684215273744477
0.2886893644968268
-0.4117194163294208
-0.2387114047139088
0.3529141689400702
-0.1394952815693289
-0.2597073261299073
-0.4577562371038085
0.2053897965839939
-0.0140463822449402
-0.4233290683166655
-0.3618262095651466
0.1108546193606062
-0.2355702978562764
-0.1701925252007682
-0.4526851000853570
0.0900266299318702
0.8004035494320785
-0.0001073008660862
0.1660067303035111
-0.1395769881224414
-0.0503783186260353
-0.2421936300901060
-0.3339337118152285
-0.0898436696124561
-0.5669532489819225
-0.0059201738545816
-0.1381619247657540
-0.0079985673044664
0.5991746997328968
0.1991472195343486
-0.2871671487406799
-0.0686250101973724
-0.3168617112557425
0.3855682277693450
-0.1455857658330275
0.5028768662194127
0.1787679647538174
-0.1196874662921975
-0.0105558873631575
-0.1057224290426188
-0.6438744553778245
0.4864393204577749
-0.1192424098595966
0.1833241662175874
0.0294057075839733
-0.0241782702662665
-0.2786695866871792
-0.3222021880119499
-0.0888275756919942
0.7143145794330427
-0.1203925072190344
-0.2945991255348618
0.3373207533028834
0.1458871434325442
-0.2733342944550444
-0.3740286891234666
0.3886175756608449
0.3660945359358949
0.4495551841537649
0.2011074619789001
0.1895811303267174
0.0019593628560740
0.4342926721641667
0.1744954534693730
0.0521750908800405
0.5055151920556201
-0.2719487629768541
0.4088088926380145
-0.2442428156868018
-0.3793674240703240
-0.2793107358622687
-0.0953053204634582
0.2131915525473999
0.0642340627751024
-0.0751326372753729
-0.0333485663792815
-0.1935621468892375
-0.7391829559256919
-0.3467707890054092
0.1232881731714871
0.4639779112618124
0.2100782503932635
-0.0904133858234780
0.2520210904262066
0.2254866269714545
-0.7910493100106378
-0.1716664208386490
0.2725909022565765
0.1748978157782530
0.2120958265689399
-0.1680048895008235
0.4221668828486915
0.0549296711924792
0.5767127505136166
-0.0422783875521062
-0.2374922100094546
0.2057902484864340
-0.0377344942679542
0.0250150183851078
0.1563172998806739
0.5992794656567044
