-0.3512471253665953
-0.1213275752339802
0.3811572462673714
-0.5384123150550598
0.0926107967002096
0.0781187990920006
0.0994344941715679
-0.1951802782270933
0.1128714304260463
0.3686286361177821
-0.1498051490984926
-0.3490014152328823
0.2593546924260279
0.0434663808108282
-0.0452742586890241
-0.0056876399834587
0.2149390636960064
0.1398767587578407
-0.0015802672916767
-0.4050974949003874
-0.1032552547403471
0.2210229680890225
-0.1951589686244873
-0.4849043125456551
-0.1023506480967939
0.3201838878625247
-0.0225575324094789
-0.5187953785313680
-0.2311118574244884
-0.0360734537575135
0.1206586093334156
-0.5115897531595971
-0.2949941093292515
0.0452275945353314
-0.0688450171078212
-0.0597404407575688
-0.2460013335183694
0.0122412653522562
0.3035217043669672
-0.1014509706908682
-0.3185134789436380
-0.0574907470909624
-0.4288523765018625
0.2327254354740407
-0.3470245919283121
0.0001900383762292
0.1394428884805718
0.2886934652073489
0.4272003828271552
0.5595187297843098
-0.1389874182331650
-0.0144016267834929
-0.4193260631973125
-0.1187917459900893
-0.0039797407113729
0.2222738193861560
0.1838707429403890
-0.2147867919376752
-0.2440963400052630
-0.0568620076947094
-0.1882274406261084
0.1695506845280998
0.3758257447051503
-0.2442044777770442
0.1430240299973540
-0.0722955691130411
0.1509058781904309
0.0063918444648984
0.0697564997818506
0.4203318488418102
0.1387465690208814
0.4324226242008851
-0.4445976217684391
0.3177251343661192
0.0067187324065253
0.0451102552553773
-0.1803760961588898
-0.1704289760966441
-0.2881227074747837
0.2659881435029994
-0.0899209461021419
-0.3088173691180231
-0.3248629174922771
0.4430402373458371
0.0998060484717624
0.3255702605268611
-0.1583205989589291
-0.0143238141125638
-0.4021839564825064
-0.2726991645949359
0.6661150963721859
-0.1375543034397472
-0.1812443511033953
-0.1329067469872152
-0.1062743017541747
-0.2260930305611142
0.1547772116101286
0.0869248142162662
-0.3552997067098559
0.1181522713123641
-0.0782522970002057
-0.3808412139765138
-0.1522616028979865
0.0297612897397352
0.2783899358981034
-0.0084001389916480
-0.0091486309020662
0.1479133954424282
-0.0018653970531030
-0.1301302225814640
-0.1899754213427142
-0.4355657180204484
-0.3913084907563930
-0.2515654322200784
0.4287367904036686
-0.0671221540173294
-0.1870100667165434
-0.0298930139178086
-0.4139316568544115
0.3511238573347192
-0.2755818267699989
0.2946521028982520
-0.0787853687567461
0.0181593845512499
-0.0666743031344165
-0.3717856249278035
-0.1826202342141063
-0.2240311835776675
0.1912390507853197
-0.5356700312594598
0.1765116274495136
0.0117696815050877
-0.0185396373862163
-0.3631787225873654
0.3426888136725474
-0.3178279226454965
-0.6267501752022068
0.1416653663855389
0.0409629932495751
-0.2581767411413010
0.0649562959524697
0.2144616976494948
-0.0379650155598127
-0.2152815463245246
-0.1395746702119595
-0.2477160627477157
0.2015874628592575
0.3895143509774669
-0.0083215586984740
-0.2156251626593771
-0.2952423110738469
-0.5399337745388618
-0.0319262557950683
0.3265205266333339
0.1284671573747363
0.0854055981279873
0.0879364391560919
-0.3143768215263905
0.2732426276224738
0.5083235250373395
0.0851525683671913
0.0440281138244929
-0.0969974784946887
0.0770400481217018
0.1603669933937218
0.0504408280916542
-0.3139378154594056
-0.1811873310157044
0.1482789358244573
-0.3866767296964543
-0.1553272636918292
-0.2824584585291015
0.1887384253996355
0.1644305563912546
0.0640053747289482
0.5962218018174811
-0.2494387280430814
-0.0496222924737713
-0.0499175284762601
0.3181894240313081
0.0003464994533847
0.1111053977336786
0.2855203370921052
0.0056773108345307
0.2805170538010649
0.0704202473224657
0.0987385677177452
-0.2297390749783987
-0.3148508849937189
-0.0720160545325450
0.0069640326560254
-0.4931208725959041
-0.3341696499705600
0.5474540160435007
-0.0318411757328968
-0.1886796103172252
0.1145556401090250
-0.1719855992367161
0.1701082721982382
0.0730324655703255
-0.3712082699458361
0.1521722755776463
-0.5377593380466088
0.1038398673770076
0.1698955723401995
-0.1467623470862066
0.0253663602059315
0.5825308337088875
-0.1446447138227511
-0.1232728022393310
-0.2176157640365050
-0.0673808615907049
-0.0166121575974338
0.0077716122163772
-0.3613069794771723
-0.4602132846449689
0.3925931214568437
0.2461136246346889
-0.1559443680110157
0.5834491664543712
0.0383638500368022
-0.0197037077123642
0.0694696311455468
-0.1062085277345020
0.0896029191265120
-0.1731214233068645
0.5553033261047441
-0.0845603038746278
0.1251460615364148
0.0127475757804158
0.5390011872259215
0.0196729023406855
0.1387229775123741
0.1259892104469126
0.0053673826991448
-0.1446702080621712
-0.4419823888845174
0.2450684976357728
0.1505618761282380
-0.1167557313219841
-0.2551441060485868
0.2367106789369288
0.4407746507789777
0.2386194380352795
-0.0919353894246038
0.0070713000718775
0.3219616903537045
-0.0230787210653020
0.3130324642857694
0.1103408433700549
-0.1156792872204522
-0.3398529855723230
-0.3307908043068851
-0.1703954938748274
0.3707432789140842
-0.5040289662819621
-0.3122860835116678
0.0974375712246426
-0.1922908563105948
0.2164100463348956
0.1796530649261154
-0.0937859016554115
-0.2265623951866029
-0.1647047931418793
-0.2234018185885731
-0.1978401950206325
-0.0350954031834233
-0.5022126631028248
-0.2711773537669759
0.1398724977718732
0.3754975550594448
-0.2133767417327456
0.2688167801860480
0.3354232415640475
0.3495802254643776
-0.3438917149719887
-0.0388412669040684
0.2525861837780238
-0.2098128031024744
-0.2682337993099648
-0.2525876845979240
-0.0720364768552184
0.1543629127174429
0.1586059974570192
-0.2982953618989613
0.3036858788826948
0.0233477119758764
0.2105916835287886
0.0323453389640366
-0.1642516554625816
-0.2039234041003773
-0.2025417129241212
-0.4522723558727108
-0.2845024032048948
-0.3169615746608024
0.0523777656603547
0.0481215365278954
0.3761420659244159
0.3490467129706057
0.3129154379667308
0.0044851681411183
-0.1159768681977154
0.1587788343178853
0.1039721145288456
-0.1599270388994247
0.4743143367928443
-0.2784902584688970
-0.1796220337189185
-0.3551725027910880
0.0716367735622914
0.0661742102953531
0.6435251762141597
-0.0724323944523641
-0.0591172025451943
0.1777986939412974
-0.0905269219691675
-0.4434594803889820
-0.2526779690007999
0.2043896031026545
0.1389429368607649
-0.0185967037064562
-0.2846733621531359
0.4757503540563257
-0.3727751716332495
0.2093469647988876
-0.2903901979017181
0.0762952449037659
-0.0406046705572681
-0.1440936622906930
0.2591377350138808
0.1192974389234822
0.0072052167577485
-0.1563946281571246
-0.0399171820552627
0.2860764131922296
0.0370176042919629
0.0237922026174868
-0.1435126830048503
0.3210879263074021
-0.0785164595181690
0.5729579251378354
0.4905577325207918
0.1816287810536574
0.1818879506503635
0.3332106901471911
-0.1316734683012416
0.2086332611489459
-0.0942196492790843
-0.4038103511563924
-0.0313017036909517
0.0421154943454883
0.0319189614045575
0.2792722055610628
-0.1890147799862370
0.2108905632074479
0.6186869088475845
-0.2569694031865053
0.0072844606940156
0.2009674134923079
-0.3405578878143171
0.2063594472812213
-0.3993808048585102
0.2137184711359841
-0.0584082527356683
-0.4440219751264055
0.4720444252117890
0.0237195891638867
-0.3940951599544434
0.0665174696317716
-0.0823497633359795
-0.0237295438187335
-0.3585547841283246
-0.1317920400545735
0.0204558884221539
0.1218618381855897
-0.0323045840726387
-0.2056057196715748
-0.1056964793268770
-0.1899750684858313
0.3590143014439998
-0.1801183803784724
0.2928191024198006
0.0537974209717272
-0.5040225978586377
0.0001062260587771
0.0989538647614166
-0.1610208914147966
0.1212607822041478
-0.5385113023186058
-0.2549359828982085
-0.1851789061244660
0.2341005248592407
-0.0949351067387137
-0.3719360444263261
0.0675525489652787
0.2198616846201571
-0.6669420416056597
0.1026100006467577
-0.0135635710525432
0.2642287247177417
-0.3411818876649632
0.1067454734743574
-0.1745560464624479
0.0690199322728489
-0.1492634738022188
-0.0820872765153349
0.1687766250569498
-0.3853582598981340
-0.0555212932663831
0.1841623879171928
-0.0259549511512702
-0.0966547792168935
-0.1172768052846939
-0.2842165177878126
0.5068683060405905
0.0330535714082876
-0.0546995275450888
0.2261644623171843
0.4791895634023497
0.3646299495896784
0.0321746527973148
0.0690763543417288
0.3703866674705911
-0.3212105612411055
-0.0547875251564875
-0.4188702672966024
0.3355019665154584
0.1740645280051122
0.3085471521688405
-0.1818013557824578
-0.2358902121904660
0.2942907805488857
0.3088366486323075
0.0928956362054404
0.2408375575954128
-0.0153830835653364
0.1564583168392578
-0.0395114764420112
0.4328252995600626
-0.4953899464713633
0.2942836577150568
0.3552700612231967
-0.2062604237917409
0.1321872881056970
0.2299299891994853
-0.2065443437572457
0.2222012469812169
-0.0645123474757785
-0.1212527559584907
-0.3230660877624416
-0.5034571659689209
-0.1290753650126458
0.2145155026021319
0.1080221769593929
0.0175478392092741
-0.5397352964750031
-0.3056381502108246
-0.0788423001452543
-0.0556822505968674
0.0551312974067874
-0.3398948410639037
0.0026656003543386
-0.0257969446623979
0.3890089298075527
0.0852222113947681
-0.0647456383734766
-0.3613542623169685
0.5020110156204227
0.0178915631460741
0.2316061858393003
-0.0220312250697402
0.0318783575337190
0.4560583684177160
0.1317539912161466
0.2196576877824219
0.4091886689207930
0.1378949597845782
0.2556074681789191
-0.1651443788065614
-0.0713920300189448
-0.3501891527400443
0.3186333015784343
-0.2003533588688824
0.1846476962195208
-0.5674967551153554
-0.0735917550796007
-0.3729867930278392
0.0111482676488717
-0.3365449908814974
0.0215846797555214
0.1129899262137871
0.0607646593717338
0.3027397468389304
0.0294370000287474
-0.1103947613955146
-0.3316299921522439
-0.0043987221621780
-0.4763454200917438
0.3065203039276522
0.2692336298162510
0.3933110453376857
0.3773490259790873
-0.0971467890785965
-0.1996222740599113
-0.1480455494034041
-0.0503722567207782
0.2013652061595760
0.1592030058615627
-0.1249744543697783
0.2105145432592212
0.5236588182478353
0.0168116132715299
-0.0614232672325777
-0.4101798762446192
-0.1062533463206310
0.0637669821974113
-0.0275334091215172
-0.4235533205273050
0.2158772856232113
0.3528094686404918
-0.2460270887358888
0.3338734548343885
0.0963788923069301
0.0215841162338387
0.0716509366666755
-0.3844477222042149
0.0487158145326664
-0.1959444435214847
-0.5201492832331412
-0.2419875752304672
-0.3889939650608270
0.1000225602617208
-0.1003099353663639
0.0325306364487134
-0.1314991939756636
-0.1353956190803010
0.1746985829321401
-0.1397261068885392
-0.1103572191015030
-0.4604697381746691
-0.0298110410612248
0.1464715530349454
0.0169220167453591
0.6274432848075973
-0.0206204909423126
-0.2292706538416122
-0.4323460569744275
0.1245833786034658
0.3827326009087632
0.1902032445196922
-0.1072863020920025
-0.1855428809735312
0.0028926966736245
-0.2281292952776570
-0.2181793178502100
0.0007248729793977
0.2308365892230706
-0.2236014427624529
-0.3703945243473366
0.2158894128710075
0.0735664029137238
0.0846887933537789
0.1495888207067726
0.0728754798319889
0.0254283746602552
-0.4656093809219636
-0.1949404963669151
0.0954252717217250
-0.4505500485377786
0.4528822300444016
-0.4256740134066089
-0.2652202601225488
-0.3505422509932095
-0.1481850329145459
-0.0219544348310638
0.0317788699437321
-0.0392171172828750
-0.3427378871208249
0.1450641746410917
-0.3229667344266959
0.2427913752884664
-0.2758464847638099
0.1868086713137822
0.4326303619454527
-0.0257966614749520
0.2268010657494077
0.0176515272951437
-0.5122631408196346
0.0444103183314403
0.1996467578694214
-0.2281852708053138
0.4235552624938146
-0.2533969080873633
0.0112573104188984
0.2789766424126402
0.2184130367129568
0.1186229653096232
-0.2822590166467293
0.1377024136389440
-0.3316097637775300
-0.2125720872419908
-0.1067585023961199
-0.4011062851942856
-0.0732851503159759
0.0252795724616912
-0.2677731752053534
0.2779376853845287
0.2191675098383562
0.1795466935055394
-0.1093279449354293
-0.0489483483811036
0.0672494812870156
-0.4224571660042639
0.2693742282905500
0.5266810229472845
