0.4299045467748834
-0.0594450964028390
0.1736371641185029
0.8840240361058197
0.7165396123523745
0.2491824227308615
0.4401305014376932
-0.4803792729043292
-0.6213251673089305
0.3008801294751255
-0.5235681141140608
0.4993021270118995
-0.9595227713135405
0.0753255821360982
0.1422572684523643
-0.2310951699605883
-0.3731384049300275
0.5005689875780907
0.0606489446426905
0.7787940195937872
0.4869077105200944
-0.6211550802693896
-0.0518754116713328
0.6118792277529431
-0.0848140538848328
0.4369323523234193
-0.3654081122464701
-0.8175411960636695
-0.0471140803825285
0.7692913822590627
0.3968005851890731
0.4985181322732992
0.3854639703491901
0.5557386444782477
0.6804032778131269
-0.2821763032879826
-0.2183843939078964
-0.4134548056164474
-0.3413013983886641
-0.8153997398013375
-0.6719697647345461
0.1539688646499532
0.2617588869493568
-0.6754498568391567
0.5589312092205674
0.3813512156805726
-0.0860495876037617
0.7312746557425646
0.3559744700938118
0.2881489206175546
-0.0832484112417769
-0.8850548447492326
0.5791066176449884
-0.7082152428083142
0.3984755633397734
-0.0654516667075190
-0.0035400417498312
-0.8214896492264698
0.0810822317986292
0.5644181924820767
-0.5180221643738798
-0.7292712682335700
0.2799601265893580
-0.3484806767476098
0.1419322303280987
0.9686321185473449
0.0045921975089062
0.2039263902358235
0.3047557107482896
-0.0596263390670897
0.6661250267987103
0.6781195360171972
-0.3876304478280412
-0.6285661225580609
0.6741891449797535
0.0107824988025089
-0.8555833144601924
-0.4329725404699322
-0.0274454619802059
-0.2824158597405917
0.6924468722173641
-0.0791212129679411
0.0689732431228733
-0.7137925851029726
-0.6542782825999706
-0.7004531055514414
-0.2753108250464252
0.0740899821408474
0.3353587076490899
-0.4555675638201721
0.8094517732168184
-0.1574184196180181
-0.3320937590770408
-0.0901090975617787
-0.4251974613340381
0.8371387009294048
-0.0288414147571145
0.1395362548718329
-0.0249588570909178
0.9894821179909550
0.1397866590305264
-0.1126046289382366
0.8238856412914750
-0.5375800754980606
0.3360743875492867
0.5888350626697095
-0.5057071658797524
-0.5334674660951685
0.5332417760675806
-0.7258154658246230
-0.4194678128065089
-0.1135423790723161
0.7162580624437812
-0.3794249395543644
-0.5274862677084935
0.2544982133678170
0.2816520099996498
0.4668797557627166
-0.6689967431383967
0.5051126573273743
0.9591946535980532
0.1323178543622067
0.0224394278369324
-0.2488655741645347
-0.1051717123884737
0.7831507843399033
-0.4951431911397939
0.3611744456200801
0.8622914483926681
-0.1704802662949469
-0.4232839656434557
-0.2195919426163642
0.6295095937197130
0.1373433479280237
-0.7641209849702083
-0.0312025082793425
0.1613997235607271
0.9020876962179707
0.3219828797244451
-0.2377287166730784
0.1443717595119267
0.2393221419132748
-0.9543441486670626
0.1053990196843042
0.8015595192253578
0.4643072562445225
-0.3642632641067548
-0.0960904956808390
0.0277628423847929
-0.8696530354560538
0.4612982782820303
0.1735993115159835
-0.4302333935924873
0.3641593822675713
0.8184576192513345
0.1114194634425716
0.2556576944285895
0.0857208379213015
-0.4666730738209627
0.8423225768053604
-0.0512776333329382
0.4787947342270908
-0.8139330413799386
-0.3250218622588109
-0.1245483185321033
-0.7159424617165161
0.0878354102165436
-0.6813215456553624
0.2064633780095990
0.0192374093430511
0.9515036751265479
0.2272521767625258
-0.3490484493045345
0.9201256931446086
0.0368410614519051
-0.1737142050735929
-0.6711525321341185
-0.2386065508043150
-0.4098544167355248
-0.5697723664812216
0.7751114696838365
-0.2696909690599287
0.2401621012560402
0.5184507265809967
0.3681465805461863
-0.8539217423198455
0.0193266920821935
-0.3673040051493448
-0.1252709668077355
0.3603121841971179
0.1682024438184012
-0.9089500826160229
0.0061300081348888
-0.2816374753052645
-0.9374688341928646
0.2044381090232792
-0.7960905653140834
0.5823818596876893
0.0331942555358449
-0.1611500006951066
-0.8354254125370393
-0.2462866900830989
-0.4884989601022604
-0.0526878767292789
-0.6334401329891577
0.2111001007771098
-0.6980321405947407
-0.2587305085746487
-0.4551199127923866
-0.8487965192424898
0.2024945378406576
0.1772182158988820
0.4422154645459144
0.4769641826276943
0.7150177641422814
0.2563205968464292
-0.3057940642640561
-0.0877498804227849
0.8252430388764678
0.4666517711662415
0.0077054736797047
-0.3607298751923617
-0.7574141208007492
-0.5441860274122287
0.4243992754296327
-0.0450321955783667
-0.7885351315337539
0.4427975866163230
-0.4318583469492345
0.6242339959674015
-0.4693900249498868
-0.4511133903204267
0.1697555546096954
-0.0410705006888173
-0.4819857592686693
-0.8585953607576325
-0.5065127768472067
0.3649198993902176
0.5316257459419192
0.5724092418639509
-0.1659808679330130
0.4279128646182614
-0.4416929251126319
0.7708750168995259
-0.7399709643734455
-0.2673523580409412
0.4693171888423573
-0.4008828566941829
-0.2958249769022667
-0.6000150990788179
-0.3112120664896545
0.6749937137406899
0.5320911638474504
0.0547814534867183
0.8225559108057005
-0.1930796708821336
-0.8988449321639768
0.2663452924185972
-0.3429177884749488
0.0595429548900488
0.6817008991148399
0.5202519907559175
-0.0340296453207648
-0.5132871842349724
-0.4775769391991807
-0.7124272376468429
-0.2584074929621865
-0.4445146406869276
0.6503747972309531
0.1527070890200369
-0.4283323488946130
-0.6084608179498878
-0.3022770892755597
0.7175662631315274
0.5017589422452423
-0.3767826736880119
0.0230935105578154
-0.7076768013930975
-0.7044203802725540
-0.0495193133718645
0.0539081033525069
-0.3541953715147435
-0.6544024048463951
0.6658806557647723
0.7809467160951065
-0.4954480063186676
-0.0199085082994179
-0.3798119942187434
