0.0114288309580563
-0.0508944504546534
0.1010506349398499
0.1870115589954956
0.1624242125906505
0.8252087577103678
-0.4361453006276033
-0.2334967683267902
-0.2419933402817225
-0.2574322017256893
-0.0058535528207570
0.0167842636461716
-0.4447770755583861
0.3112549261185817
-0.6853243878515031
0.3323794768450624
-0.1922619536181625
-0.4389479765933390
0.2983395753756525
0.5528707101989065
-0.2935882036189180
0.1438089596285084
0.4584986711257339
-0.2420566235546797
-0.3243385304778796
-0.5190077581566704
0.0511229790636148
-0.6373709881009737
-0.1883888048562570
-0.1143892570144909
0.3714841028099973
0.1732179165197462
-0.1512799149858616
-0.2491252636370618
-0.3999653200462003
-0.4947161654067940
0.4977318578783421
-0.4866579997867399
0.0295421787508141
-0.1577621543855546
0.6351568123650227
-0.1266082535293718
-0.3260215614249961
-0.3926679083385131
0.4873678972567680
0.1587030367879359
0.2241686185691889
0.0842753723112237
0.2779506717965941
-0.0359630837300085
-0.5301269738375967
0.2104198372268101
-0.6791955487077186
0.2256239027250548
-0.0022578450942796
0.2896914352167697
-0.3147327121608541
0.8089384436164836
-0.1753822542043360
-0.2661961510685927
0.0103908064608342
-0.1691791819140674
0.3046613799728722
0.1529525008056184
-0.4020208817869929
-0.7293246418963557
-0.2767913846989173
0.0422627069291948
0.2349138632593185
-0.0657684839437221
-0.2002641777855103
0.3583983994853414
-0.6948506158951787
-0.4298365089135050
0.3783318582177727
-0.1085160713477993
0.0585228440567103
0.3553770308393255
-0.0851243906180360
-0.2013666936439959
0.2924697256266086
-0.0522050216173984
-0.0718016845308786
-0.0525901768997944
0.0013287846970380
-0.0623380796494000
-0.8873211466874062
-0.3355417522458274
0.1252583791088316
-0.3978536279361120
0.0803392238295450
-0.5383134658784525
0.3072835822758758
0.2736736400706505
-0.1845907190655797
-0.5713080219973582
0.0529386183907750
-0.0365059564819629
-0.5825544085896607
0.4434053111509514
0.0167031459763905
-0.3256295347834445
-0.5186067414091071
0.2908958020603395
-0.0421134510250536
-0.0388815918554264
-0.6497990844308650
-0.2166375981863889
0.0710030595703209
-0.0592666378310871
0.2788767103335257
0.6642422687452176
-0.6858535708728423
-0.1721063134312112
-0.4261418304400767
0.2110914169423131
-0.3444134003409755
0.3127711575898046
0.2177844930475966
0.0997565911309035
0.6332811633210187
-0.1158842620284004
0.2218957152005079
0.2454524726580703
0.0784132801783778
0.4942338946392710
0.3580216035278662
-0.3121633026595296
0.2705767303531870
-0.1919142369540846
0.3925823190970084
0.6471267661106701
0.4504894337192202
-0.2843091362600789
0.1069132554368264
-0.1478525309879926
0.3414081301532219
0.2364675344434683
-0.0538030819184127
0.4387918577842472
0.4693603137480907
0.2441839209331842
0.3517348910149872
0.4779625537806314
0.5070453749004331
-0.4815881975666905
-0.0347410818874477
0.0732757898047760
0.2046989017754093
-0.4851147336120095
-0.0427214253678845
0.4746982686647892
-0.5182437017818718
-0.0849112077455564
-0.5167588969869040
-0.1760021353909754
0.2010455278267799
0.2284851618961359
-0.4795988264244746
-0.3218031002208078
0.0713758621873228
0.5594695226278301
0.1106843608146521
-0.2716413454579799
0.5791589491506864
0.4980103211067847
0.0832019280142473
-0.0741441981609926
-0.0962129744187322
-0.1821055029214038
-0.3372207067211727
0.5794610598605479
-0.3589412731829584
0.1662490327023396
-0.3245793885887379
-0.4962442608813736
-0.0075824848518486
-0.6342930946208906
0.2050424059740264
-0.0328019724511087
0.5328422334406704
0.1893176278535348
0.4843343454786462
-0.0124358446060110
0.7388325156787544
-0.0327823758900726
0.0174775257670297
0.1139651925716624
-0.0066587073861470
0.3626962800552787
-0.4040986059413883
0.3806175078844996
-0.1476488146214605
0.4261737778547784
0.5853568543462929
-0.3514883192519186
-0.2087029986161654
-0.5138007796473825
-0.1503987130365934
-0.0148693452591896
-0.7167703897680552
0.1427379359485441
-0.1076126178947664
-0.0014349090677418
0.5755879296106079
0.1606687921192965
0.1163153120947888
0.2892030051650469
0.0329401523603871
0.3788088577725091
-0.3399920398392346
0.5508991905913315
-0.1883794851938199
0.2866300684244669
0.5189808035943279
-0.2221476743542825
-0.3379007323349875
-0.1362070588376553
0.0367152065942572
0.8108928987379994
0.1761558395239738
0.2608480109657914
-0.1846325574948296
0.2742511379757853
-0.1197543227959618
0.5062464932740429
-0.1405260772016119
-0.2306224906544699
0.1794463836415326
-0.3467396859662878
-0.2387202467991369
-0.6685972689087248
-0.1349023394132773
0.1935265989098737
0.0815102061889381
-0.1243078891270063
-0.8431445097938248
-0.0917291103339812
0.4460190981784836
-0.0633444496775038
-0.2686177077954111
-0.0535609109542328
-0.4349438399507584
-0.4236276874032244
0.2397046244455841
0.4005381547776142
0.5187102661435381
-0.2634193117727369
-0.3817483135357621
-0.2911073341046468
-0.0130515619390686
0.3034508720420937
0.2344432468171932
-0.5514767339055295
-0.4133553744379783
-0.3838216780444686
0.4975430017421258
-0.3078476100330802
-0.4658831745507926
0.2313534195528252
0.2244178197758949
-0.3311370459541859
-0.0636792756131030
-0.4722701792059347
0.0812691163124495
-0.0770091056693908
-0.1011967046039258
-0.0596637316803679
-0.2686507263697940
0.0220511943094088
0.3714177735644668
-0.8735294866276687
0.1805101723021675
-0.0470186458525751
0.7811626376310971
0.0758489381238166
0.3532233105428089
0.3752656605925680
-0.0476216143784635
0.2852689178749408
0.0325397865539904
-0.4723327696556885
-0.0440077235022927
-0.2239489552073853
-0.4705758305875539
0.6641925852005338
0.1681040864790216
-0.1813855459362529
0.2420080583480073
0.2517476635144645
0.4274210132704198
-0.5670744003786621
-0.1835328348908420
0.3987655972025291
-0.4243906767424732
-0.0314223798973122
-0.4050423211639866
0.4896472770566795
0.2743253485488299
0.0053778168461713
0.2538270896245930
0.1082002451989554
-0.6668662723541138
0.0075388775507501
-0.3471851935165934
-0.0697869966080705
-0.0785221127352840
0.4178747814159829
0.4954892609874013
0.2472435542489618
0.1722603346825646
-0.5979084843008613
0.3053267908135496
-0.5670983308764284
-0.4835236905842537
-0.4618428885779950
-0.2370733285163612
-0.0661025619446257
-0.2771488909331414
0.0263856269102092
0.4278131490483695
0.2889829790891961
-0.5275139339969258
-0.1972391475595914
-0.1318536833336931
0.4485685237438370
-0.1699147895867623
-0.4108775552210209
-0.1904107894400995
0.5417229116129383
-0.3550081166611894
0.1962723035205169
-0.0294838069974350
0.5671443313381702
-0.1738087351011349
0.3911457202019288
0.1128810801861335
0.2769123772040248
-0.0102726810501181
0.5170225137383596
-0.2987827160182787
-0.6136494921631610
0.0971763997189288
-0.4097310411882898
-0.0035667171192303
-0.3896096548324876
0.7234225271305227
-0.1360771238130070
-0.5403843268108169
0.0165044687102344
-0.0675279591212236
0.0974002853789690
