0.0619342637652351
0.0023398908970636
-0.5580402757974610
0.0087020336672346
0.2691077753269486
0.4139765487650500
-0.1074210771945050
-0.1753207917706473
0.6035132420658765
-0.1282900165666491
-0.0331020185457873
0.1296898077240397
-0.1453692526994235
0.2066495879696097
0.0805986846626057
-0.1768844669007979
0.2779370566287521
-0.1205195421937818
0.4654474488919205
0.1499920585446174
-0.3301113649763622
0.3043227657216112
-0.5163548432454178
0.3150529631521832
0.0387433502842764
-0.2344335074316672
0.0630294367233890
0.4509192084292501
-0.0789014999497323
-0.3048570205151659
0.0860683346040181
0.0539048370982043
0.0203174499441388
0.5411911416482297
-0.4394029809509855
-0.3746820937845218
-0.0172748783337666
0.0708208056776945
0.2134859763947143
0.6641882918388271
-0.1455184960997928
0.1448074088780715
-0.0408592705280646
0.2703880128938089
-0.0462461403619207
0.3771306682884575
0.4919172607051602
-0.0684896284784511
-0.1091962601395176
-0.2255555591271103
0.1546732867822964
-0.0492348552169206
-0.1178022180556429
0.2067546058077371
-0.2225244983532225
-0.6516924808702097
0.2561302435040022
0.0296976755592795
-0.3683172609651457
-0.4217412002858568
0.2322462997940196
-0.5980426133096762
-0.4326939809159026
0.3150447078070469
0.1687835737139660
-0.1441334955525336
-0.1439699778732237
-0.0744043160707976
-0.0614101416054586
-0.3543115998486993
-0.2414786194075565
-0.1969362457108495
-0.2520537790106394
0.2105549164916165
0.1524291771883455
-0.2835331641886653
0.6098085440712997
-0.0607277565887886
-0.4066578777738369
-0.2417732421312231
0.0678195586135053
0.1724939452146595
-0.0802630133308744
0.3851425117933382
-0.2664511999754660
-0.1446423432229597
0.0609992280939653
-0.2787497563854627
0.5659127632764142
-0.2538960557282148
0.3805572206870849
-0.1411225816156534
-0.3708232764507257
-0.2168057666913057
0.2941667427142139
-0.0784312355239160
-0.3206191695036694
-0.0672099363067097
0.2321821658691785
0.2537261475395132
0.4585892131973047
0.1201570522361471
-0.1975157347857098
-0.0444650871927853
-0.4628435868038996
-0.0947601771734786
-0.4362642003360256
-0.3084463225055472
-0.1197619325593450
-0.0910505580032853
-0.2955074628380827
-0.1391378611806223
-0.2854180998675231
-0.1801481879622778
-0.4019264149249496
0.0321059551536488
-0.5451772321044155
0.2142543368387468
-0.4935686342418832
0.0863553223290347
0.1550169916163236
0.2301912682750455
-0.3865850045513594
0.5956984342165448
-0.0691937388736956
-0.4699422706463277
-0.1130936264657021
-0.2573958789654218
0.2808635494267929
0.0735944819613879
0.1503457104255294
0.0842406679573545
0.0827738375646434
0.4217758168196800
-0.0082514470471129
-0.4536862712485805
-0.2517252333974160
0.2690268388853130
-0.0278106709090609
0.0953291610045399
0.4041727457813431
-0.2505943364851763
-0.0430480925705966
-0.4855367641635495
-0.3082768813607711
-0.3183841310084275
0.0486112132257749
0.0049426117224341
-0.4641820586521421
0.0193655202711266
0.2165280299157202
0.4475608125944956
0.0564403382054966
0.4521272799938631
-0.0729250885754388
0.3539091645946585
0.2924900524059677
0.5170974407708292
0.3385579714339588
0.2605005429521536
-0.3807568311782294
-0.1469504946469780
-0.0553632602923394
0.1138034953433467
0.0597837777073609
-0.4646081799159623
0.2183843074372623
0.1219207444485609
-0.2488210561541386
-0.3909830359548596
0.0281070361977364
0.2771167316879781
0.0702634013463916
0.3672301296170306
-0.0573996790615234
0.4709821622393324
0.4141719273998945
-0.0625642007700436
-0.1239296263354496
-0.3897583972482475
-0.3127512439007867
0.1290095687361870
0.4424925385032758
-0.2649807236390106
-0.1355925849450903
-0.2451143264357601
-0.2669837199014580
0.2191495496217039
0.2625188593877101
0.1030938315262730
-0.5791736743163924
-0.0822733949681233
0.0436118529123479
0.4756446458120427
-0.0521015962068529
-0.1817763720819004
0.0050039572517878
0.6184935210745734
-0.1262599871700470
-0.3184757520218429
-0.2468828877734981
-0.0038673104482056
-0.4016959100314540
0.1176841821757963
-0.4848963815575228
-0.2421907278395900
0.1538554845140593
0.5463408369587480
-0.4536136439719323
-0.2072281717982166
-0.2453986415244074
-0.0080823076718722
-0.0384970088801653
-0.2506614389213642
-0.1009891138059422
0.0235091971640557
0.3086393122429328
-0.1771438204750539
0.5110138027716369
0.4687174484866292
0.2310285979557709
-0.1736612951963924
-0.4195188004988176
-0.0168185327500533
0.3354587213891621
-0.0592030768120253
-0.1042321115286401
0.0762722229547307
-0.0643698298101087
-0.0129412765093769
0.2178980596952415
-0.3486614243674357
-0.8092680985058526
0.0827143517139417
0.0636054641782652
-0.2471795893306965
-0.1014669134446122
-0.1928528276703249
-0.1701419612443237
0.1526719908084123
-0.0560873758911917
0.2857550587596022
0.0788457433418984
0.2186709290713474
0.3514769253497729
0.0959738019993953
0.3184428146088918
-0.5872993661185194
-0.1174346137601359
0.4778667341640750
0.0369705825652282
-0.1964100983840532
0.1634526219318967
0.4294728038371194
-0.0896650037538152
-0.0628139450979000
-0.0512664638488457
-0.3463639677578960
0.2240771311926258
0.0244491633715420
-0.1039462725036633
0.1181868439955770
0.5723739178397534
-0.5010603918461575
-0.1697260178993516
-0.3355097788200023
-0.1162206987738426
0.0037962212489704
-0.4550618783551573
-0.1979783723330925
-0.0553176830466581
-0.4171082513829124
-0.2082650300154337
0.4653518522553137
0.3803467811689877
-0.1311418068405125
-0.5233788428462365
0.0435175390995932
-0.0936676240857383
0.2253873692689372
0.3525987931646404
0.5663592842042189
0.3014001390091889
0.1374185725906001
-0.0885834408492562
-0.0059821749076880
0.1203297420389440
0.2956873446095714
0.1507256443562734
-0.4956304745615891
0.0753016858513140
-0.0868594265679412
0.2344465133554598
0.2895729990951947
-0.2450699420105420
0.2897191374023573
0.1780568439222255
0.1944250847621656
0.4694919766210454
0.3816740691950256
-0.0001797842894102
-0.2435589999182103
0.4861311657020220
-0.0547135672901819
-0.0246410624080240
-0.1890932201902022
0.1367791983561882
0.0209543502308540
0.0907207307344048
-0.6610443210995327
-0.1381560539260388
-0.4260914151559856
0.6063924139946710
0.0681045859519025
0.0869310632160368
0.2874064299636460
0.2527017102290558
-0.3722399329008372
0.5393117575378190
-0.0060365587264580
-0.0897143907992501
-0.1296137100812965
-0.1282135787870327
-0.0537503347368224
0.3134987105305952
-0.4024975565720916
-0.0346784664966299
-0.1358567854286925
0.3280499237576865
-0.2897305214297968
0.0514780083097849
-0.5996313061561721
0.3063280806223287
0.1068851767329298
0.2053839323014442
0.1372679986212206
-0.2206846110847955
0.1447126966209235
0.3875262706988259
-0.1250647348747845
0.2595596412820299
-0.0896073524693688
-0.4548945420256505
0.4406353220262246
-0.0585850812802070
-0.1821506301220182
0.4257375020083121
-0.2649264778695636
0.4038998808595463
-0.1919051782657197
-0.1830671686272831
0.2922296908992814
0.1419779860941785
0.4795013926268179
0.1333432923289574
0.4030723368353401
-0.3265225442766727
0.2291400556751287
-0.2986968760834845
0.0495627996480991
0.0642766640105732
-0.1249760126219076
-0.0136249924997584
-0.0887398977491541
-0.2548347055144076
0.7379645728212746
0.2555426371158964
-0.1218700762122298
0.2088869636055508
0.4139072633517372
0.2044592284352874
-0.1604547967921343
-0.3182526494631411
0.1583814528814683
-0.4364029925899428
0.2424138710762254
0.0985022824639464
-0.0927338885000800
0.1543195745909064
0.2327518751071490
0.1042866052782394
-0.6293897480142480
0.2592444053448341
-0.2321927148253553
0.4101689141904667
-0.5435882256330421
-0.1524167872058133
-0.4120148731202643
-0.1328421895730228
-0.2084180414794687
0.2848582200415388
0.1293443462273855
-0.3806498497929751
0.0729685074890196
0.0401905603134667
0.1802578290911910
0.5264550174160237
0.3470183600429926
-0.6500634778206777
-0.0677944665435696
-0.1758324368116829
-0.0226963830195897
-0.0599341035400755
0.1354376993624174
-0.1353483224045600
-0.2763993982574601
-0.1624088012311561
0.0280125735184178
-0.0810946933054277
0.1323380215477409
-0.5382261245558629
0.2467739379662597
-0.0151187070394031
0.2999182301158486
-0.2378094923170791
-0.0475948465400240
-0.1844012866712167
0.2110899559488752
0.0138224456280138
-0.6305343392817319
-0.0403993474879253
0.0414085579111047
0.2426804682399180
0.2623335723330598
-0.2233338290778413
0.2672655686004037
-0.1655778678335433
-0.5180308464796822
0.2106719706586793
0.0608203019692188
0.2938758430466529
0.5633958112608370
-0.0274162720553982
-0.1406617138764507
-0.5793539418427351
-0.3575293888688031
0.1953707419068344
-0.3372662949167765
-0.4174040039314090
0.0464364640546379
-0.1084303024075540
0.0054424677973385
0.4188046364651160
-0.0223511478391126
-0.7178061226395250
0.2232455216401851
-0.1612018132142743
0.1129384306460390
0.1130741423119780
-0.4027326478552571
-0.0495008263922283
0.1637040201969375
-0.1777045002895299
0.3701596271343600
0.0838894401092899
-0.1277166049225950
0.0090742081366032
0.1039397173675432
-0.2278327254095949
0.4450910949625000
0.1467683573848348
0.2294122875072480
-0.6169712893540762
0.1893223971797119
-0.2342633197710635
-0.2693978291648642
0.1168791199085438
0.3275937239148769
0.2956685404193293
0.1764918664863221
0.5558999151114534
0.1164550684386280
0.4161247626081037
0.2864840528700687
0.0322808362243198
-0.0114708719251942
-0.4225477980288903
-0.0310722412766282
0.2371931851831900
0.2581955458476595
-0.3525015581369205
0.1421753263758061
0.2704155089974211
0.0582911520226384
-0.1866798176078724
0.3755322207834603
0.0871692579498805
-0.3016318392110543
-0.3722709250201462
-0.2659018852016463
0.3820616421869390
-0.3863829971217007
0.4702378200036673
-0.0062376951043659
0.4610931764353134
-0.1302009176249683
-0.0953019771247107
0.0023107041184931
0.1304180278401539
0.6375385837663533
0.2304895954797493
0.2023019439497754
0.0254504256426572
-0.1484146866142276
-0.3227437900699985
0.4712238241683696
-0.2457138176542076
-0.0158694525504553
-0.2379374074129901
-0.1151631328845524
-0.0028197695643182
0.0572505166117619
0.2370902457868638
-0.1788681541208690
-0.2800826191339265
0.6110181906254688
0.4071914385727310
0.0129542324648967
0.1023964980508744
0.5093642778790711
-0.2821424518639210
0.0761583390314487
-0.1957499516056261
-0.4345392190270994
-0.4749976151241372
-0.0074851769823946
-0.1182191873542212
-0.1090364119966189
0.3545526077268932
0.1264655516862375
0.0299620892266322
-0.2653862523287668
-0.4047375368741498
0.2645527466002509
-0.3699706857500146
0.2038462339369591
-0.4235530049552533
0.1736507808843783
0.4056589963332413
-0.0250626209132895
-0.3186341954229673
0.1424530628033517
0.0620742008204559
0.2946143268505029
-0.2665427266246482
-0.2590205686671878
0.6836643913523194
-0.1802556716821758
-0.0675072787150054
-0.0369365226751108
0.2926516545725921
0.2406994989924459
0.0002039588795583
0.0729140464095451
0.0519177564698568
-0.1207089369478132
0.0626449205610402
-0.1271145351941255
-0.3282143756685665
-0.0135296641093719
0.5722059462402782
0.6264895248056005
0.2341921350825510
-0.2732626104436678
0.3253314398758976
0.6664648924182396
0.1324797354664375
0.1419748342348601
0.1638403554944632
-0.1961165543184789
-0.3067403182245947
0.1762714952653549
-0.1771115651660793
0.3534764382938640
-0.2369387860838735
-0.0967241045843174
0.0298546123070196
0.4520735545951741
-0.3163351479859109
0.2330248066661201
-0.0027355131191640
0.0800062245268015
0.5124073496071994
0.3284387187237976
0.3870218548278158
0.2767220883604261
-0.1400416041861225
-0.1324963127759684
