0.0221484138777788
-0.2018827317382241
-0.0979062735269563
0.4980468191989706
0.3096462471833336
-0.3143034815255775
-0.4777802835152523
0.2961469446156328
-0.1961197458910617
0.1142554649597336
-0.1335975308056612
-0.1670004437118620
-0.3047824643142936
0.0180273090391101
0.5363980525920309
-0.2739741302860918
-0.0951235623856926
0.4154912919504551
-0.3234779366576018
0.1697956575715890
0.2965298234831184
0.2436713143424921
-0.1705270023690639
0.0033411431637465
0.3122292689376490
0.0583945743756395
0.1491546070269393
0.1500828156361272
-0.2967970660549746
-0.1055039680015821
-0.2124795197115368
0.0757157611703354
0.1237853544525169
-0.0845337879116536
0.1465647098188128
0.1128390994509281
-0.3889579502126616
0.1027250324288112
0.0249049668912567
0.3579425138094612
0.3794455624949790
-0.5988777712851572
0.1845907913635246
-0.0876832897099588
-0.3145289656051229
-0.3671696749303333
-0.3968564789273382
-0.1863477056834609
-0.4604036286393062
0.2383208573743860
-0.0149362774718383
-0.4228657633366027
-0.1380064544877162
-0.0374582542389747
0.2426937256977433
-0.0715491612909490
-0.1303102335794189
-0.3496175597783778
-0.2671497104359464
0.0599656122048178
0.2120855826811390
0.1803720477803173
0.2326229362249144
-0.1729588157668980
-0.0907443889227600
-0.1122964813361386
-0.5018117673365678
-0.3677091414622619
0.3579716285562055
0.2970952992390513
0.0146942874913682
-0.0768352836733761
0.4918720023033386
0.0159156243208848
-0.0422838612825948
0.5360976064499681
-0.3481434147114372
-0.1627073816413782
-0.5007451432536433
-0.2176636169841993
-0.0453756202001408
-0.0421850508485667
-0.0112332911846012
-0.1128498322170343
-0.0465341579492898
0.1031765354152172
-0.3527553586227300
-0.1581851740578599
-0.1347479017677362
-0.1882137201435178
0.2377243273934960
-0.2783652397200505
-0.5900097859479209
-0.1618683062919263
0.0800601612540612
-0.0224643560521744
-0.4981193498690117
0.1442177479778935
-0.1535353368116100
-0.2627754471879204
-0.3245644871365014
0.1087832198961085
-0.2361995696094446
0.2363439912487474
-0.3606395584830648
-0.3841397748373480
0.1498442173431834
0.3105113801140816
-0.0192350731550009
0.4832926163878813
-0.0708031993432471
0.2076093736878492
0.1255556706167565
-0.2018049440113809
0.4169962768432800
0.0591848278346540
-0.4272619322999083
-0.4189024643667789
0.1679582060364274
-0.1749830288067807
-0.0381805233335825
0.1923282617721923
-0.5290877228290033
0.0951334409414621
-0.0613432037656642
-0.1344085387565307
-0.1386692215246345
-0.5355658327343873
0.2640039334502909
-0.0394703348842439
0.2140954244235544
-0.3555457180053064
0.0204941951149783
-0.2110861510566876
0.0949935406866407
-0.4345982541217603
0.3834256024794211
0.1855008889471932
0.0574780443275001
0.1510900551635994
-0.0272603462116797
-0.2789685040758261
0.0609768275433672
-0.3907870063973433
-0.0784915305017961
-0.1085377861111355
-0.1267568228723362
-0.0321227872984577
-0.1855020765120141
0.5967060590793800
0.3504933949314163
-0.4379007452134079
0.1553066478347187
0.0277177500160864
-0.6089343530570649
-0.1823709118254635
0.1221013471983422
-0.0518221558608752
-0.3216382676249175
0.1572566603204374
0.1488903471366631
0.5776951637256528
0.0001910919196446
-0.0277085184711371
-0.0295170812845458
0.0289135584445308
-0.2088027253282639
0.2195245560679771
-0.0891186747921278
-0.2802154044060532
-0.1738315675046384
0.1552673124664718
-0.2015098505086562
0.1789284673175232
0.0721982476707204
-0.1857220012136323
0.3233550980560501
-0.1528979384109634
0.1052756330113395
-0.4052004992258192
-0.3183050891591847
-0.5851154924563526
-0.3636061312813071
0.3746603995202019
0.0421435078172034
0.4620559194147825
-0.3568472638068321
-0.2210796005899388
-0.1279615098009696
-0.2398334996996299
-0.0441590769701212
-0.0942897425136740
0.2063881789029731
-0.2605139514609702
0.3528058194065190
0.1275220695822159
