0.4230709368032164
-0.0173755208076715
0.7893364091595615
-0.0871974318520645
-0.3136770355140775
-0.0858398068354460
0.2903307763847273
-0.2280258410468480
0.0720431528455512
-0.1025042480868353
0.5804344681472885
-0.6044227417741835
-0.4796336752236961
-0.0052339345874390
0.0401300751272292
-0.2510023204984943
0.2067849804886532
0.2095589375058873
-0.8708527042041775
0.1584516474824241
0.2553841786813392
-0.5681345076595792
0.1507205971827929
0.0469577729072207
-0.2142840622921826
-0.1663686475368726
-0.7174147324506578
0.2530244371240196
-0.1915900201278364
-0.3079409213492480
0.6828618001944776
-0.3190114602320733
0.0427159637658907
-0.5400859774160218
-0.0829432737470665
-0.5975761275245072
-0.3914677881421760
0.1662179408896330
0.0434678672638440
-0.2494821104154161
0.5534666909491979
0.3026073064125269
0.3120769456538474
0.2157933856211518
0.1836660300787781
-0.5947939938369711
-0.2019657293023147
-0.6226730733668231
0.2000404381503709
0.7085701186738801
0.1582988817133532
0.4394524381911537
0.4641286947210658
0.1377708042036537
-0.0166334244178196
-0.2123169681781713
-0.0383510116511537
-0.0077024160887268
-0.0496286990637443
0.0440088089125339
-0.7674371661411068
-0.0338349795871611
-0.6355827875585629
0.2940103116515718
-0.4909807932643104
0.2496459051187993
-0.4302026873645293
-0.5819133140063143
-0.2418933851326724
-0.1672209686046943
0.6322608070660316
-0.2994499528231035
-0.0639604984102259
0.0996729695400195
0.6911705541904287
-0.1342701925470242
-0.0283748445303610
0.8940882467229972
0.0746682432552525
0.1448751390615949
-0.4069580030498364
-0.0445776769051109
0.0670539182200861
-0.0440890137066116
0.3445898500248341
0.2259243836020960
0.5329227296071654
-0.2527475604454182
-0.2102614974510079
-0.2781264339050317
-0.6006361898551760
0.3720520940245766
0.6376921893651089
-0.2072750141440420
0.6036791524619799
-0.0670871046729772
-0.1706863718709348
0.1178980203106432
0.5922044817954559
-0.3074948640506313
-0.1157959840171117
0.1456386713213957
-0.1103914236603529
-0.1696096761620755
-0.6922194154742722
0.5036669657816844
0.5237343069704004
-0.4991957701157000
-0.2757825336048982
-0.2446816930682056
-0.0825870959508016
0.2829837118974378
-0.1879695157762735
0.0800880640730794
-0.0506687624799498
0.5344687663659118
0.1971392360765911
-0.4442941916086445
0.6586106363564664
-0.1015263324990653
0.3933998373076623
-0.1905061101863339
-0.0998271704553877
0.3683931325718630
0.6569745869777633
-0.4704697883769209
-0.5582458607081783
0.3180763463367301
0.4805827095014716
0.2116171767954708
0.1017267764182952
0.5294769043516026
-0.1440600480160502
0.0321828719946045
-0.8650989893426678
0.0408102676469804
0.0764282852253229
0.1538349170892178
-0.4432174958997836
-0.1515067994284449
0.6760572143028890
0.1481678837324084
0.0901957386627646
0.1220822613295092
0.1460665723523456
-0.3611800638796117
0.5883596598273759
-0.1340392368700515
0.3832688393267194
-0.5397628097147213
-0.4418736038469420
0.3766889007205567
0.3124279475159719
0.3302068396286254
0.5745308818038241
0.5415677210400710
-0.1003103715235694
0.0222550908741216
0.5144597049242092
0.2957945230981521
0.1178898714504548
-0.1109939911493688
0.2331689064288236
-0.6056703790807841
-0.5075965619849070
0.1117113062117629
-0.5368332665313779
-0.0902903382343563
0.0659020484991333
0.7269511159884392
0.3069737323343718
0.1662164701393685
0.3623023423222808
-0.0486002009083583
-0.4601230714682221
-0.4941195613017246
0.1693469906964166
0.4635799839984655
0.0970060840433052
0.6265286830718448
-0.3222080206460708
0.0805895445776055
-0.1719428443744259
-0.3160583867972127
-0.5059508749732233
-0.2704825491407544
0.0224717356074465
0.7347877776496795
-0.0312665962835539
-0.3215446043041511
-0.3760243164999909
-0.5988302989732283
0.1870246023074524
-0.0547160970577856
-0.5711347801423181
0.1801390119921940
0.6377062026517353
0.1404654676436815
0.0405670395990204
0.1660910702420431
-0.6213705937887614
-0.3950150434667726
-0.0472231277311873
-0.2506806882820115
-0.3581909024303204
-0.1999449003810972
0.4850622267864720
0.7044253009346291
-0.1927531610933644
0.0150451715452114
-0.3680252580094224
0.4723543997506853
-0.6662681162100528
0.1189125410290418
-0.2109840166024036
-0.1533133266719083
0.3396558611511086
-0.0738579238806951
-0.4542062601514349
-0.1581668749918707
-0.0278377937760589
0.5386089950189448
0.2429700808415374
-0.6428964671802196
0.0613962573718361
-0.1423975168091683
-0.0162788703023191
-0.1097317670504993
0.5024595716323141
-0.8154262344601871
0.2150856096955822
0.2529862774996726
0.1655434045400797
-0.6991406704967968
0.2092796931815735
0.4597436078664225
-0.2753402570441657
0.2980288834426486
-0.3256292569978878
0.0753279179774706
0.1430989904797580
-0.7608850640790146
0.4194048644864471
-0.2276580299000506
0.2472635658815584
0.0708639160221400
0.0178334140696706
0.3988853985921322
0.2980376244790210
0.7591413979924176
0.3783816190489552
-0.1650938404469833
-0.5361798701526701
-0.5338653049513439
0.1499390705873138
-0.0662638997866555
0.2529774612168987
-0.2619595435109908
0.5176929161081085
-0.3340666369221463
0.4829358820367823
-0.3014813907256855
0.4761683891459057
-0.2196486638444582
0.2065539015176223
-0.4966236023392109
0.2890316999331652
0.3658933185190472
0.2495735994448415
-0.5290710356990059
0.0630118652064785
0.2265881406805253
0.6205376160133519
-0.1478728702385458
-0.4728326536650552
-0.5747890860831144
-0.3391279401115445
-0.2542883355897761
-0.1522366309630464
-0.4704615746338029
0.3639802686490416
-0.0676255018887437
-0.0934702914160136
0.7168762551664811
0.3480323016546608
0.2614930094872119
0.3883192216770052
-0.4522050648328808
-0.0928163828545001
0.6795598521403228
0.3158832557968533
-0.2830473015114291
-0.1567106723897151
0.3473296197357217
0.0784810867783830
-0.2432999044097671
0.2564136795523974
0.1655501285933533
-0.1034155380630701
0.1922866270695851
0.8909669662399020
0.2931163526269019
-0.0854589159584143
-0.4923556900081442
0.4188386306874611
-0.4111090963377541
-0.1168886095617420
0.5534130621239879
-0.0319434274118450
-0.7163696337023562
0.0578129931499848
0.1910393779774850
-0.3709669895643325
0.4084674290978946
-0.3761563920221011
0.2146352658485187
0.1578409884513528
-0.7487693695605410
0.2532885020941076
-0.3076935582746839
-0.3091752366313269
-0.3375539041159143
0.0325129043709859
0.0101309979809436
0.3492566995283875
0.3420464333915547
-0.0082957681486929
0.3445466394617934
-0.8006766280055486
0.0230452457206825
-0.1500999328978950
-0.0659075693660633
-0.0657229581379656
-0.2649775945087933
-0.8492612140473483
-0.4204971778629807
-0.5341758865723005
0.1613020794688904
0.4117444983915803
0.1429717858246820
-0.1750332947789277
-0.3575475042611226
-0.5832550263662983
-0.2105506131547820
-0.6091932229288138
0.0068400801075558
0.6946211642923587
-0.1664274032695484
-0.0343015136109404
0.2704293502265499
0.3870255143697245
-0.2177254347866393
-0.1593778607820773
0.6511532970285162
0.0830547071458673
-0.5877682045601383
-0.0321779561859760
0.2854991818706596
0.1756744025210241
-0.3498839709684119
0.5513261265731291
0.4514478397177319
0.0692063824176268
-0.5026477445628988
-0.1540108946889851
0.0906695463591568
0.3141179630044070
0.8917246144827702
0.1884745888345389
-0.0844269634191080
-0.1776688271338565
-0.1723902485212055
0.3755664232379927
-0.5893915087784658
-0.3978647949344082
-0.3907482654205521
0.2785929679288111
-0.3053759479299396
-0.4814762253354805
0.7062551268410636
0.2044205606632596
0.3836169576577846
-0.0840805948665267
-0.2289043536991472
0.1448028136721861
-0.0081128978587298
0.7083247224748294
-0.1096484787568702
-0.1450736761961091
-0.4305949882864410
-0.4438069127129461
-0.2876881789218040
-0.3829408616759883
-0.2336267996908232
-0.5825514286709099
0.2967563693579525
-0.5571756686901012
0.2442914543178706
-0.0349465977033885
-0.1078165449679685
-0.4647877424375303
-0.5229536004762294
-0.3850936418929219
0.5472736422609966
-0.1168971473479939
0.1933829963101007
-0.6741753035348773
0.5616133263740257
-0.1520193697316307
-0.3185501412935652
0.2184054303928536
-0.0312271557093355
-0.2383652306277552
0.2699403375156939
-0.3342065263964701
0.3184841162286904
-0.3615572963937404
-0.3051532428090917
0.6451310234800516
0.2719740097455537
0.6146609569310525
0.2905654005415764
0.1064746089650836
0.2318140283800084
-0.3563929992799683
0.4542461705805754
0.3732740501317935
-0.2322921216447622
0.5434651867747767
0.6724156214702873
-0.4096248885465433
-0.1092195480236874
-0.1208839098789651
0.0648753754013567
0.2520958151827236
-0.2288174197133877
0.0336660369769455
-0.6490798591180774
0.3276626705769605
-0.4073907333890343
-0.4339610437628111
-0.0939091617428227
0.1322665188282253
-0.3329778292260692
-0.2323146663410554
-0.4941638034836242
0.4708795949983982
0.5855910183099674
