-0.5596102221488936
-0.3775366841001270
-0.0917925672282480
-0.3404626418572094
0.3596744461818707
-0.0217435013608057
0.4063500192364651
0.2222247986066096
-0.2330224490621105
-0.1332697070507864
0.0596557005256930
0.1978093683825160
0.4219439522850657
0.3590383260705153
-0.2326883470872367
-0.0458690603173117
0.1661597161009128
-0.4829496972153103
0.3138509789708794
-0.0006890794644566
-0.4129999645396511
-0.2603018515526361
-0.0082483080233152
0.5521943318398367
-0.3194000629663056
-0.2606714927254680
-0.0602689381466230
0.5653734766815919
0.0955043884670997
-0.0975301120635333
0.3595178734015736
-0.2238122720058833
-0.0615597233954785
0.2395342302980408
-0.0315517052264001
-0.4601561758193219
-0.7029035028444669
0.3535066996117704
0.0009410445227160
-0.0143053808187884
0.1728545747347049
-0.0848591069668462
-0.1646719491267435
0.2155032782359695
-0.0045092754517928
-0.7131292770151999
0.0647474211532238
0.0565519549740105
0.4834648564875527
0.3635552557163215
-0.1305503456507684
-0.1295631014982443
-0.1032010337794232
0.1784984299638337
0.2044092077958777
-0.4168876172894739
-0.4493225456154891
0.0585356215083561
-0.5110721590264595
-0.0443949287745246
0.0778105742408372
0.0138123076397634
-0.2443907184244104
0.2937631352688793
0.4504852529281730
-0.0501602714038213
-0.5874872141422567
-0.2653258072412001
-0.4724360785007385
0.0987383208560003
-0.3678812397160743
-0.1107881825460664
0.1978505541840448
0.1763463334330768
0.1579093469280877
-0.0080193643450464
-0.3296402795043165
-0.3289222913628626
-0.3845543083216565
0.1262894058934954
0.2323542067899448
0.0920688810526144
0.1993536529535745
-0.0101920664339286
0.2632668390942108
-0.4360920741621567
0.1053964499883866
-0.5958808986162154
0.0692022239622123
0.1064905226332650
-0.0851714201416171
0.1015529396275483
-0.3462568891669726
-0.3257339139195941
-0.5902866873594474
0.5950001296720535
-0.0298847252574583
0.1860739147234650
-0.0482401112280580
-0.1948918381388565
0.1154385187207959
-0.2363677675187134
0.1621171691989148
0.1874063853186885
-0.5157987735296335
0.2854660237028248
0.5621738629092327
-0.2782520338864996
0.2374654847664463
-0.1844601313952094
0.4283735722041020
-0.0772930353813764
0.1364059280775327
-0.0523908772908043
-0.0362355594161742
-0.5900711390425878
-0.4163223092918009
-0.1236150725922070
-0.0318916943554535
-0.4960307691643735
0.0632848139028707
0.1655828939212645
-0.0814100876622059
-0.1965666102240047
0.4919600973894326
0.2756693165818098
0.1425977576077893
0.0272701296492391
-0.4895392199760106
-0.4825161445020923
0.2329197511269308
-0.2479880895802476
0.0589384403372047
-0.0860734572798223
0.0090222482558374
0.6325943143484435
0.1110619515236585
0.0108174826480793
-0.0015717615751233
-0.4950222815984877
0.0673716056009012
-0.4025650633929094
0.4059085912698353
0.6515090257933619
0.1571778608626335
-0.3513189292975544
-0.0000804309006134
0.1937898590207575
-0.4577970548109908
-0.0361986466298235
-0.0219475036083717
-0.3172228974573406
0.2779381569791982
0.0245242584174310
-0.5893428844405041
-0.3006899459262833
0.0345928100698841
0.3342017085317863
-0.0806405205756495
0.0624167908373949
-0.3753030185359915
0.2252870735150217
0.0182843144144293
0.3702762364315808
0.3315552721828101
0.1786339212643621
-0.3948720742290025
-0.1759046442108191
-0.2108586965699119
0.2407363568044135
-0.3579299054988153
0.3177726147762469
-0.1112271701421268
0.0380986834374237
0.2974688064316237
-0.5894100475023943
-0.0886516361557727
-0.0243620320429500
-0.0926018859320313
-0.1929693905828255
-0.2328219588888249
-0.0131383080278411
0.6324634119588345
-0.2013430133733409
-0.6169070349085560
0.1375437341753784
-0.2265278329730399
0.0612762782870899
-0.1256236958860756
-0.2609514281008125
-0.3190382845804318
-0.0630331120300467
0.0967581472632152
0.7518772948263883
0.2048703075778409
0.4313689149538598
-0.0387147913368801
-0.0487671237834449
0.3963369905423256
-0.0113413631033955
-0.0439603056107299
0.2269637788474645
0.5049566307312002
0.4431866264468868
0.2582361549911090
0.1817185035655126
0.3414245972845203
-0.2133605481977795
0.2759469293380287
-0.4986028503773846
0.1582266864373099
-0.1170280222028448
0.4845051319519193
0.5326812253524792
0.3709102072112039
-0.0973884053395793
0.0779351037962314
-0.0381379923260718
-0.1975466549278608
0.0236113010975068
0.4385448528548636
-0.0394499116053333
0.2711838437126177
-0.0340092304953274
-0.1732507144906719
0.0789244220154481
-0.0650037833026987
0.3234066581510293
-0.7558373780770048
0.0938887927663289
-0.0791032952011638
0.3272152390479195
-0.0364725924219273
0.1016975263561824
0.2455940282634223
-0.2658523093290361
0.0633308913958699
0.0663750156717724
0.0441556470547313
0.5418518449368250
-0.6434921272721273
-0.1794769288118679
-0.1724656958871832
0.3724650829262689
0.0244443790932710
-0.5979108340332624
0.3304814048004376
-0.3260756948916870
0.3591075078048353
-0.2597125033174142
0.1293902276975769
0.2110518015205874
-0.0139159768392017
0.0227719138182602
-0.4178010339564013
0.5150022419053335
-0.3830236437375015
-0.2337647429919106
0.0409318895221837
-0.5583119001679558
0.1352695648719850
-0.0773688987195947
0.0579857744355735
0.1315659945230053
0.1695095637340636
0.2107000134441637
-0.2474140718557292
-0.4622312791336530
0.0441660233807454
-0.2999388605526348
-0.3768168190924822
-0.0664824111628071
0.5101125709592759
-0.0549524550390739
-0.3878674291225933
-0.0994210390269129
-0.0743098640895359
0.1062700943918072
-0.0075062797866392
0.1637790279991618
0.4572676725301493
-0.6049654233465092
-0.0966989294310299
0.1910195537057243
0.3716261428050170
-0.4328951642534687
-0.3735319907543753
-0.0262516054556123
-0.5958451362193512
-0.2547723255897356
0.3573610358213143
0.2547552492817429
-0.0545757766119428
-0.3502603327893536
-0.0808412351937975
0.0646349493923982
-0.3329615530093661
-0.2028681426399233
-0.3269197007126481
-0.1239648407904664
-0.2789526228596407
-0.5488369961966161
-0.0429128625296313
0.1183516893344149
0.4132683460216229
-0.3498731997490402
0.1343559735876371
0.3611952166593834
-0.0008215452977341
0.1591610385365287
-0.2082149537063272
0.4460144753626773
-0.6155429546901220
0.2128344947440059
0.4057204679048511
0.2172185843838537
0.1961319127414839
0.0022846726277611
0.2406804937472866
-0.1910185220889707
-0.0719400971720358
-0.2532429273356676
0.2576494953695346
-0.1898869304693958
0.3719107027005298
0.3180717838927703
-0.0875399177163893
-0.2795471378845855
-0.6582425307936116
-0.1821646459504564
-0.2658512100854007
0.4603342816596418
-0.1855682075815641
0.3911975081862801
-0.3125774253776452
0.1506242099428184
-0.0545948333462316
0.1370969532338593
-0.5633951976682549
0.2218882212130014
-0.1453527839065817
-0.1605141141740049
0.4747853082434300
0.0792676815823026
-0.1837915130263333
0.0375677936517777
0.2572520650879146
0.4213345928866448
0.5406453771930820
-0.2965651535423520
-0.2882334178364055
0.0176585394318165
0.1628144915037650
-0.3221953137566066
0.0907422028248544
0.0103141074280414
-0.0800324182872266
0.0376214706042720
-0.2026745308174404
-0.4585743755114611
-0.1055750972087616
-0.3722900065292568
-0.6726121887884494
0.1920643962767275
-0.3275256152462288
-0.0395217736907291
0.2299817387226719
-0.3930226757675422
0.0253684474284889
0.0917153641746181
0.2013528552896373
-0.0544492959499862
0.7381837698667268
-0.2223501792744637
0.0117454693293097
-0.4236762810504670
-0.1640657485746854
0.4728025789308782
0.1028294526135615
0.3537743431529237
0.2068316320762391
-0.1459978814375921
0.4311979718590386
0.0876419985076813
-0.4200748812759185
0.6430190155948013
0.3268729312023905
-0.1724957642170570
-0.1871738703611124
-0.2064171862456809
0.1498128537877130
0.0861256647403432
0.5494980421057638
0.1682346654205708
0.0519414019756848
0.0973308778387288
-0.2547081830961159
0.0129131956611881
0.0188787239494846
0.1116508525515935
0.1232267666374435
-0.6012221223290637
0.2958102223794247
-0.1122049204784689
0.1642077287050927
-0.4995782765455192
-0.4109081782442759
-0.3158405872079527
0.3662632613020232
0.0697816625937937
-0.1207437655276907
-0.5605717019233939
0.2087397796474149
-0.2443462846618045
-0.0034194750859474
0.3673658076088850
0.4373419820468620
0.0537776481555568
-0.2496203962083746
-0.2533301584240145
-0.3864433040052628
-0.1581389318160365
-0.0332789627011802
0.4724229099505076
0.1577874257916573
-0.0453936090668877
0.1710820654348392
-0.1467746110070270
0.6301642114773379
0.4391012872693947
0.0246701529187945
-0.3005940350189693
-0.2178032763193166
0.2988801758951906
0.2557635881356201
0.1051562607403668
-0.3945351498577924
0.3387597128514394
0.4820719205760858
0.0132184017358594
-0.1420702634858866
0.4012512569578802
0.0282009057391686
0.3909538158877916
0.0133418588726164
0.1447921478771925
0.0141030882299724
0.5614371960412355
0.4135621728763905
0.1279347776475685
-0.3757910591455422
0.7166607389028763
-0.2110530895761832
0.0156316410960219
0.2145058449416427
-0.2496997767479874
0.2692054033640310
0.3527062605292284
-0.2844741339587319
-0.1250715572637390
0.0246100337422462
0.1979887824206440
0.2522356408764077
-0.0350688918790855
0.3037174388905340
0.3821917985844761
-0.0101689840972607
0.0095297745276967
0.6768766419540309
0.2625576137032948
-0.0754385762606249
-0.1120971977398364
-0.3889511876785721
0.2826760373546091
0.3354148352310289
0.2118512149069331
-0.1068868081272884
0.5157597555366821
-0.4381931501189736
0.0846071529361968
0.4157414647991465
0.2704714087457567
-0.2002705395529507
0.0012841797980367
0.2602755970384223
0.0787920478833933
0.1777884704992164
0.6767910773574414
0.3254259050349896
0.0125808611113880
-0.1395745949012410
0.2500641270248396
-0.0392963225622176
0.4527886912936543
0.2043484556156865
0.2138524277749960
-0.1509929309171765
-0.2614957698240673
0.4719833665059704
-0.4983703743079776
-0.4365545132532088
0.1450390825850241
-0.1304141421285487
-0.2749482828969697
-0.1129530642970847
-0.2738027174402148
0.0741308213891758
-0.2452757496318506
0.2776490363815722
0.2179834565619119
-0.1070594455234391
0.2170979489310292
0.1315659960850827
-0.0899867477616619
0.6019445276771208
0.4002520686522374
0.4507762748405810
0.2631442174134175
-0.3318572134279415
-0.0849533333958688
-0.4670789876553476
-0.0168236458281847
0.6620946262044649
0.1777717912050746
-0.0380747214409350
-0.1705470859026090
0.0060178551183166
-0.3072762841720185
-0.3544163544546088
0.3024629405471194
-0.1908366569429159
0.3061483003045283
-0.2911207771306465
0.1094810945872682
-0.4957982554743872
-0.1802964426889769
0.1963694395675458
-0.3690826148871885
-0.3208063873167667
0.1244813636829036
0.0911375906132456
0.0410005905748464
0.2255485200462684
-0.4443518515682421
-0.2638282983720192
-0.0596590441345587
-0.2804615384553538
-0.3364520262279112
0.4348977919344668
0.5215719277857792
-0.2843382115048371
-0.1557282686853219
-0.4721885078192987
0.2911401778100415
0.0588420843653919
-0.2873606172918025
-0.1524640111850127
-0.0319504870290210
-0.5607816128822101
-0.1641014039048052
0.3680570418529151
-0.0386095902608540
0.2719557333405915
-0.7138467731188899
-0.3185329791968087
-0.3080609757394134
-0.1107001461091294
0.1915648241430824
-0.0390339082269716
-0.0237715213943270
0.3974699033504184
0.0979013792215823
-0.7449192189901230
0.3718125279685667
-0.1399831562540985
-0.0758752821989344
-0.1972514926050558
-0.0717741724874690
0.2681432025653487
-0.2037774414767668
-0.1224324748412103
-0.1062532814621188
0.3126232270896196
-0.0640105871174061
-0.1332672390187143
0.1118098554653534
-0.0108254599350863
0.4808602191223140
-0.0194317635083682
-0.4022367629463543
0.5984030492476272
-0.3231128337847364
-0.1368306689808413
0.3015203997530723
-0.3345158381206104
-0.0017331660176039
0.3232037138112774
-0.0529592953929584
-0.3620378377639216
-0.4269405236538735
0.5129115232815699
0.1245861378871997
0.1999250914866319
0.3819213221092785
0.0552027257042158
0.0471171538858435
0.7957557546950424
-0.2297158055114575
0.0336211009449633
0.3017465268665147
-0.0348908124171602
-0.4110314498389077
0.1058596754389254
0.0077782056140020
0.1838022307266814
0.0662404977213448
-0.1240459521655208
0.2344805776078536
-0.6417361798009740
0.0732965562728606
0.0274305152332993
-0.2068307149758484
-0.1225745714374144
0.4116738924939223
0.2642737652311725
-0.4322425101723483
0.1665179963605332
-0.2896063383953565
0.3253309758385481
0.6826326199715866
0.0127066626569495
0.0170500192880842
0.0642611479137233
-0.1465990143734208
0.3804166847008283
-0.2127396661031359
0.3581127011452854
0.0028242234038312
0.2058304999356151
-0.4278746303937243
-0.2929788561814027
-0.2021341441274976
-0.4541837101884391
0.2692498240595871
-0.2572103357869810
0.1715001786295423
0.5166880899558154
0.0703205652609628
-0.0400367444616641
0.2215528187096439
0.4313072405828364
0.0373332702276993
-0.5251572868957828
-0.1723273522373035
0.2130888877888103
-0.2911127005353815
-0.4032251858299418
-0.2463142879619456
0.2435749688874698
-0.2127539058289633
-0.2448763671366103
-0.1896625500085436
0.0390026770997960
0.0700790673570454
-0.6691607928303456
-0.2823178170314741
-0.1087993356241350
-0.2955693503541709
0.3133160430275293
-0.2690151749980580
0.3168867896681572
-0.3481410760951453
0.0252594010706226
0.3249665990304846
-0.3098090419787939
0.1051370245807067
0.4377752169371089
-0.1454557336094720
-0.1473667332643395
-0.6158618023030457
-0.2221666628626620
0.0485363387291728
0.0172189885072327
0.0671225770345830
-0.6587066897845183
0.4892790794149127
-0.0216358186609930
0.2611075119838137
-0.2955832928768847
-0.1456733991594088
0.1902991989778042
0.2468784291141438
0.2179709562292044
-0.0136623659950810
0.1937674112074792
0.3399253111014511
-0.5189331796569612
-0.3399827881724916
0.3240464618922497
0.4103948973858327
-0.1361959559752138
-0.0267511882146202
0.0959512636402579
0.3999208434493662
0.4273109038295745
-0.4507081192634435
-0.2237105214374322
0.1116416346329471
-0.0111332120476684
-0.1827025831300387
-0.1982924449631291
0.1930975703836584
0.0665198427353660
0.0289898352888739
0.6605916158830728
0.2921820560320120
0.5888550685282250
0.1714630190638665
0.0751977476838782
-0.0613329819072402
0.0280757545423478
0.4228813795330186
-0.0459118776698922
-0.0917121629616111
0.5792186069244569
-0.0585937408433362
0.1855524382343093
0.4215547552074462
-0.3289381070015950
-0.0724926652484972
0.0964794130068533
0.3125237436922486
0.1978268976028286
-0.2479347455816699
-0.5156363314371440
-0.0765299235932337
0.4416811902086782
0.3244942482643584
-0.2430864683490989
0.2165385481955260
-0.2613953478102630
-0.0977273996093790
0.2797118455408438
0.0677017937360975
0.2208811693491667
-0.1821218842788092
-0.6358514953692690
0.3765090850463255
-0.3539059836932137
-0.0086763929926712
-0.3537755241774750
-0.1581711069537404
-0.1334203426773116
0.5563277648641681
-0.3544450553331702
0.4804168445299319
-0.1410362381869606
-0.1087932531804698
-0.0950770758496218
0.0085126443369858
-0.0387269586997655
0.2318778824772502
-0.0615116199229427
-0.7592088898504334
0.2652096689579878
0.0464316480026285
0.2054564278639927
-0.0788447104478986
-0.1075852855238474
-0.4816462344274218
0.0451131472214543
-0.3772507857946453
0.3185406620327600
-0.0251684607808241
-0.0261087818921138
0.4251227378704480
0.1509877639606944
0.7163749527216978
0.1410333932765158
0.1258706654872779
0.0202438343757805
-0.1393446384947781
0.5091778383496061
0.4347276048385048
0.2329507904502077
0.0567465338552808
0.0482873005597471
0.4595514665749554
-0.0613544203529112
0.4104590513424052
-0.2114890550801149
0.2106153802570589
0.2756805222112780
0.1431400334992742
-0.4090169114008720
-0.1596411527521820
-0.6221916790816061
0.0688487990920775
-0.3445607596614381
-0.0223924868553144
-0.2552246913389423
-0.3410875705838280
0.1347757096902523
-0.2468582441661421
0.3817379370344308
0.1920948561137054
0.1975460695398613
0.1997211147884338
0.3035179629403518
-0.1017633694389036
-0.5812527787656223
0.0256202827299206
0.3698085964857413
0.3158721588805933
0.2114494190061510
0.3021834862806409
0.3181369036309272
0.3400793789009063
0.0008038969671076
0.7585555209472672
0.0183167803563069
-0.0579677440263923
-0.1666431696623246
-0.0471321328997119
-0.1949741984697272
-0.1409700991874029
-0.2649254931291529
-0.4310944992428322
-0.0873977337498840
0.4380798894293461
0.0579040839483277
-0.1106906495071679
0.4387217355528665
0.3755009751726744
0.4165414238108966
-0.0442412633423333
0.3425748281011879
0.2026902228264726
-0.5028510621726300
0.0911740271748297
-0.1509177492393222
0.2070183989261068
-0.0503591229977692
0.0482466961311838
-0.0377708593500261
0.1442411420750104
-0.6983255346851954
0.2332308228086158
-0.2639367390364585
-0.6266702873107635
0.1763636322306819
0.0536114954081180
0.2735975153035486
0.3378591332172943
0.3944225468631866
-0.3075455233391845
0.0622575031874116
0.0788227345719801
