0.5106119234124454
-0.2480430280796438
-0.0463533925216629
-0.4158813647758930
-0.3040312975722644
-0.4174126831682100
0.1658549235295354
-0.0536465040289985
-0.2333151352718192
-0.0578158661186273
-0.1412678114200548
0.0904265110537063
0.3459448180427107
0.1385263273977200
0.0556981081855155
0.0127775910303354
-0.3393063580477908
0.0850120370157296
0.0580189861914785
0.3598219843021570
-0.2776380191489998
0.6124108761232653
-0.2249914940965271
0.0821103885637092
0.1708911597480553
0.4285486771158160
0.2240741456245689
0.1010931448759097
0.2828476825722679
-0.1956284986666038
-0.2834417222447502
-0.4733326333643374
0.0678203186349316
0.0664950093184730
0.2410504724943106
-0.3545022152183692
0.5078299046476512
-0.0580539010713784
-0.2507086762069898
-0.3655799660275575
-0.5123132148620422
0.3283956670483774
0.3880795050831168
-0.1799375242705252
-0.0897662843822779
-0.1901818934929631
0.0384130317007537
0.0158349420007896
-0.1974234873084427
0.3691701653156007
0.2640401075215387
-0.1487489891648242
-0.2119150226175686
0.0811895112123981
0.1764494191690318
0.3797749324567437
-0.3641825256189385
-0.6485598955091925
0.2557784272974163
0.0719031455440506
-0.1727422687133887
-0.1554419993611265
-0.3067761445296344
0.0245350860874389
-0.0238682530593297
-0.0810574189066018
0.1666947636736060
-0.0832551317580121
0.5857198029760642
-0.0005509515693756
0.0468602712493281
0.0707398554266536
-0.4208663853243374
-0.5296258357536181
-0.0621050554213708
0.1985417043053222
0.2927021323248680
0.1478536628159431
0.4724004212571528
-0.6291200858138147
-0.2264687938643014
0.2438516417762288
-0.0218959928138142
0.2536164045938417
0.0071674230024097
0.1242788018506558
-0.2923831524416877
0.1382212278854883
0.1370403551226824
0.2540185573707754
-0.0458062443039972
0.2108092503599758
-0.1439054820835013
-0.5106388642704186
-0.0867224083176133
0.5491034750506266
-0.0981365921360960
-0.0516453389090728
-0.2580898337574179
-0.1561778108356346
-0.4264088785286141
-0.0144328188084690
0.2245252421632042
0.1712276120251053
0.5066220211476116
-0.0650652172639225
-0.0563432567545352
0.1713182937318853
0.2030542328360188
-0.3753417480539363
-0.1196793648465646
0.5664782397288461
-0.0360817300802006
-0.3176248304120421
-0.2205229881310333
-0.0006188875717466
-0.1960222783886886
-0.0173288751686401
0.4514531736604954
-0.3892111206833929
-0.2564420537035526
-0.0909238982950396
-0.4078424156525952
-0.0856661155173998
-0.2846750707995798
-0.0032010831683626
0.1873583172553205
0.3420485379645088
0.3537797479101822
0.1959337893360781
0.2228120163771783
0.0946831401537926
0.0901167736873770
0.4545963012903013
-0.2803250834395491
0.6786210069847887
0.0939126828581770
-0.0237187629564870
0.2629018220511666
0.0014772193272562
0.1032859854949882
0.0569886491670697
0.3083586092349967
0.1243593169752454
0.0604711875307342
-0.2573091504818072
0.2826493867608952
0.2293172710353388
-0.5175246191682551
-0.2158824980778269
0.0071435835557217
-0.2596586472551368
0.2486024431621743
-0.0803335367550097
-0.3406894384948913
0.4647110247555019
0.1923397621625859
0.5020338369758715
-0.1817753725913422
0.1426815366287867
-0.1848534489344959
-0.1025827087338923
0.0573621747473860
0.1248652628645357
-0.0725609212544007
-0.5992244752812028
0.0720664863831188
-0.0837674005148905
0.4663107953425061
0.2060060703160286
0.3432953571385556
-0.3296141267108951
0.2818683622459778
0.4213506967065687
0.1386536297538389
0.1335642390344035
0.4391062536600942
-0.0474517733768084
0.2110413569246085
0.2706818359814381
0.2873169351064721
0.2039357774588189
-0.5923121212126118
0.0397378165391757
-0.4947460320171591
0.2720335456872243
0.1297557131263063
-0.1615345260263682
0.3408216110158873
-0.0297420114410205
0.1969104463609469
-0.0984405737049631
0.0349499785903518
0.0146700003233087
0.3448716928185677
-0.4405927854898255
-0.0089958209738544
-0.2661232452281330
-0.0700534590105245
-0.2141141444104655
-0.0131168512935605
-0.0681130247737799
0.3826921157674011
-0.0051961330905172
-0.5998174896448238
-0.1175444393736121
-0.2207579018700751
-0.3325652994852848
0.0260483194435497
0.0610607432598352
0.1059906414806226
0.1247783692512615
0.1497329355673651
0.4708597573086440
-0.4340908696064987
0.2900076247871483
-0.3170448478991851
-0.4673969034957447
0.0046029873662489
0.3644968686513191
0.0162723350912269
0.5927516105863829
0.3272420998861476
-0.1891416622778224
0.3509923360954549
-0.4511250909914434
-0.1743223178430729
0.0989759995373702
0.0308240069712286
-0.1160000743846203
0.2859426575197219
0.1088203188420174
-0.0728205995269052
-0.1599235427852106
-0.0069064684988444
0.2607553008291971
0.5589376904904770
-0.0480448843654924
-0.4162212222173504
-0.0403883777978860
-0.1755627849541876
-0.2353538963926791
0.0053124359158956
-0.1520789383915786
-0.0106572331921024
0.4943957767490778
0.2974176524017814
0.3397668768925868
0.5603389044624504
-0.0520916828930404
-0.0137297241120803
-0.0045406284085842
0.1129481724483025
-0.3592146242552405
0.0805855976849553
0.5380343793468814
-0.1271814862345533
-0.0338509653055766
0.2659573602201247
-0.2045343781750007
0.0817287282789325
-0.3891938381870841
-0.1661319957024739
0.2805261817145119
-0.4187040957016804
-0.1610560359841715
0.1294970157988029
0.4403815635994690
0.2297071581063952
-0.0642811946714189
0.1755451518371189
-0.3882220407810931
0.2918326982516589
0.0790131802749910
0.3256704693180052
0.0125877941973726
0.2520595833304770
0.0159757122225109
0.0287734584456053
0.6555186337527349
0.3032422672465840
0.4165770382623312
-0.1704649580595325
-0.0688374132433337
-0.1832932694532095
-0.2456211446296116
-0.3300993816661500
0.1315619192526193
-0.1361641862565474
-0.3115472661376710
-0.2736106868953208
0.2604658520740615
-0.1742367323969989
0.4631218219559479
0.2000975595207826
0.0303109789669133
0.1990453778050389
0.2180909422173625
0.4923793615966643
0.1862351299721460
-0.2092376553439143
0.1493340581640784
-0.3767249389692088
0.2693321747628358
-0.1669670431650769
-0.1324762763911317
0.2468937918188070
0.1414137577884383
0.0440123769292172
0.1880045462072356
0.7217266937244396
-0.0148103756411235
-0.1981429493708430
-0.5536726076875932
-0.4786884555994955
-0.4303171731929496
-0.2046385176844291
-0.0631060497388092
0.0624525661319783
-0.1214919536499302
0.1737423740941380
-0.0709236039665929
0.3500146155444660
0.1036288037300354
-0.0829750780502422
-0.1319172967323660
-0.1519396237984492
-0.1242755182212238
-0.0336193316080040
-0.0926089569152634
-0.5263258469087317
-0.4798830222115076
0.0054874478244486
0.4305235548603549
-0.3458890754153734
-0.1313899338655732
0.1442681238213102
0.2897550353089065
-0.0128243323529989
0.0406259079368356
-0.7097965718691033
0.3191692064333134
-0.1806192426329104
0.1857894523651610
-0.5197759108875127
-0.0050289365629706
0.0283127015555604
-0.0578375481265778
0.2137454458393076
-0.0579237335548499
0.0445256285933028
-0.0125485037754181
-0.5517247907859750
-0.0971484981281299
0.3142987915821748
0.2053073652280042
0.1052565342661959
-0.1385782475187718
-0.4943580081892743
0.3587712880534917
0.0215904488992547
0.0389661342172312
-0.2843104473522579
0.2426172527522692
-0.1506119921516379
0.1153670384433689
0.0340206484138775
0.3345983036008560
0.0491397091674228
0.1646406528589704
0.0520607386229619
-0.3657639606336966
0.2412155275861460
-0.5606845099754831
-0.5302990932177294
0.1722563567390242
-0.0379046540003731
0.5582001570070078
-0.1596876200029290
-0.3017777771516221
-0.1000159340951502
-0.2234537945042781
0.2576746697551461
0.0668951854406543
-0.1585634997241317
0.2208346180651908
-0.4635761391457437
-0.0694043672282765
-0.3182949721561930
-0.2146970681598215
-0.2684524814714628
-0.1914759276870446
-0.0763132021834612
0.2074903050358770
0.3623383683363033
-0.0042428215227373
0.4079468524561132
0.2336282110130846
-0.2728898534080758
-0.1385746512545539
-0.2032095142178017
0.4498421751110694
-0.3908459254527502
0.0706421028663663
-0.2970582826176184
0.2357541607908231
0.3255204065256904
0.2166477454573709
-0.0727415026575762
0.1775656685316348
0.2137307565101596
-0.0218763412124991
-0.1854565946995123
-0.2265884528649230
0.3119302484058087
0.6574716771324097
0.0433887014805994
0.0894953501513554
-0.0436481375128281
-0.0773637319714345
0.3637281826276049
0.0581582272920054
-0.6480686010107175
-0.1118044372702225
0.0095716202083745
-0.2223653914433520
-0.3514770168369891
-0.4659116040247126
-0.1545842247738120
0.3886909087594799
-0.3496335673630679
0.2790545167942727
0.2326187528575531
-0.2893888331848028
-0.1617767049580085
0.1151732436047954
-0.0455741201808174
0.5409486571875192
0.0821718808685161
-0.2690582037809943
0.2716186495550291
-0.1545531865028232
0.1319044384157943
-0.1980146454507249
0.2032025922906133
0.2967130568812522
0.1367705071063023
0.0966955056187933
-0.6181042073792018
0.4056518655782617
0.2703028301883123
0.3698813432300700
0.0164758373615128
0.0105773312632363
0.1707040913302989
0.2147023090444689
-0.0136602576976042
0.3124987826031446
-0.1821154956834244
0.1335250081262090
0.3991573708678713
0.0560394906618388
-0.4224653594512976
-0.3478944983897358
-0.3063860580570485
-0.1377673706538096
-0.2361682159430447
0.4176883536451142
-0.3630509425937231
-0.0155500706014157
-0.1309966835433880
-0.3660181452540877
-0.2238371106922533
-0.1408631380268840
0.1791319166916016
-0.0851140882760336
0.1874173997373296
0.1904607136965621
-0.5558207024692705
0.4762958018179317
0.0187018165978951
-0.0163329419988390
0.0676737072534559
-0.0024565566271492
0.1020435432988543
0.6905810607027684
-0.2910172262095743
0.0437517500942884
-0.0031154840743354
0.4742810999832502
0.2076399320375189
-0.3779913177112879
0.1006802843657835
-0.0121068831837458
0.1286357956755472
0.0380511148174486
-0.5104924829523306
0.1828940675274815
0.0785484405463992
0.2404859983011860
0.3139953646869940
-0.4171451937012738
0.2967203429756757
0.2408335055552776
-0.0072713401026539
0.3282507742718225
-0.3122504964763368
0.1553813257645850
-0.2149292778423658
-0.0145327662408119
-0.3566801512811154
0.1877292606033555
0.2164174017842361
0.4413209867297302
0.4722714557753969
-0.1687630265441096
-0.4110892679608103
0.2872340483227009
-0.0535520371187810
0.1396432762825715
-0.1626319253817128
0.0678055790461694
0.2278581775504098
-0.0040116145877934
0.3450079375390233
0.2245574610299709
0.2543485351495338
0.2051270416861492
0.1999198889114014
0.2988768374907807
0.1041688088676107
-0.5087298956535017
0.4917707127234361
-0.1708868415580263
-0.0305792783891268
0.0546314998433880
-0.0795372685364912
0.5661389630825713
-0.1376241514383441
0.3512444299747035
-0.2377741094742579
0.0592591967413628
0.0761137329573165
0.6378463659158498
0.0458049653254077
-0.1514525465174731
