0.5754114768745902
0.2485935335361651
-0.2865286174142564
0.3263660028126982
-0.1993426969117582
-0.1979258983503991
-0.5827326135766536
-0.1257341449414748
-0.1988547185500238
0.6833729890271809
-0.2790649479872473
0.5608715992547660
-0.2685308407358885
0.1143943840502527
-0.1158718394789232
0.0314504520964206
0.2353097538145952
0.1151327985330791
0.2694307179066441
-0.8424468409262696
0.3669451632083689
0.0481731429009650
-0.4178870173892485
0.5394446678300874
0.2884247450196493
-0.6528922173985906
-0.0934957156112855
-0.1176890370140029
-0.2221410255672422
-0.2532859557061105
0.0374612914902481
-0.3044241777460588
-0.7883291495779809
0.2571506179248417
-0.3237790491554763
0.1552804770076442
0.3281720989129288
-0.2677507828054674
-0.4978787631933862
0.2896638614734735
-0.1120300071820038
-0.6724294961336256
-0.1975591053130046
-0.1348242582450027
-0.4660756568675957
0.6410447010499662
-0.2033702952650641
-0.2158723296585633
-0.4760962643409355
0.4177106030234323
-0.0818557024144981
0.2173590295572784
0.6884196817706655
0.2852011349229371
0.3277433137762327
0.3299932166550794
-0.5825755131856118
0.7069249933571388
-0.1530374683307623
-0.2860851609055774
0.1388227378677477
-0.0048792263037741
-0.1905310468182300
0.7860749463761930
0.3867731855387636
0.2459392780359534
-0.3203101106825160
-0.0865978862319458
-0.0308826919276796
-0.2468907685212837
0.1749075647841362
-0.4481860135590920
-0.4900289898426877
0.5206064683612306
-0.1005107543558271
0.4300208976350589
0.2497133378525377
0.1685953479359690
0.6715840280764408
0.2923815997553227
-0.3291458165773422
0.4821670230976889
0.2685169188485695
-0.1487956974186697
-0.6981729133355062
0.1597571682714670
0.0853603846440180
0.5196379090492533
0.1821812125232063
0.0966961753492372
-0.4088791190061472
0.5456389234065883
-0.1993369134177598
0.4571200761719404
0.4220267556544464
-0.0111690554875195
0.1066953603577819
-0.5137791023024986
-0.1133285027499061
-0.4323089778582571
-0.1997784200087280
-0.5732979713564885
0.0127359716024997
0.2685065948519479
-0.5995211594375270
0.6277071204722553
0.4712581871644169
0.0563523746605682
0.0052954750684545
0.2430539379688949
0.2357121012921111
0.5158104771087164
0.5111161118919221
-0.2896657016240161
-0.6887066606420018
0.0593790024511700
-0.2647116919012047
-0.3057208587180116
0.1160769048429544
0.4649734008785691
0.1148673458560397
0.0746550417785647
-0.5241608263028602
0.6206608943739719
-0.3210582251012079
0.0445976740168545
-0.3330829952279065
0.4757989610309764
0.0470955805314418
-0.3110243865234240
0.1188462972200430
0.6462463187674133
0.3632604539041320
-0.8364816006130279
0.0051534973652605
0.2952040425990219
-0.0995704712909510
0.1742452850527881
-0.4155994634354522
0.0113108094273953
0.1468126986089503
0.1910299425313255
0.1146170350635338
0.8378813691095450
0.2897983882321284
-0.2899017453935167
-0.2423741144426285
-0.8330226063227520
-0.0399411438301083
0.0261305880346706
-0.2318278695385598
-0.1647430336370578
0.4528241633515639
-0.1336453650972688
0.5586616817495201
0.4892608786395279
-0.2147785244046018
0.0928262639129787
-0.5261281988663483
-0.1670594083430399
0.2984202751187336
0.4248815984338142
0.3391342950404837
-0.5425567598615253
0.5867063403744767
0.1497138114660791
0.0300384530761063
0.2062882830549694
0.4105770459055261
-0.5513111517031475
-0.0484838841442922
0.0855795641480460
0.3418618092660189
0.5872981556897567
-0.2366840388588305
0.0620427111052565
-0.4343031288686643
0.7960268768442761
0.2061442247082853
0.1094533241060933
0.3183209788702939
0.1344209376092519
-0.2797087153527723
-0.1967593279466591
0.4203788433572875
0.1410767670922932
-0.1540353143680351
0.4986219998595169
-0.6434881494244422
-0.4080864209613636
0.3142148413020061
-0.0914784646072404
0.1042791678477160
-0.0027917517348184
-0.6199906609890824
-0.5754092792153785
0.1675101926228985
-0.3552103206206495
-0.2078611641221032
0.6323020986132526
0.2046431961515973
-0.4127080802824736
0.4365168482080732
0.3364206033928137
-0.2902671069741996
-0.1532298635813755
0.0165284159296689
-0.7849379813925845
0.2250581654077443
0.3347159872876823
-0.0335194196657881
0.0363554661347291
-0.3529123864434590
-0.1044861900410401
-0.8138485828656241
-0.4452788349416016
-0.0383073817109866
0.3167915565868061
0.7819124670631452
0.0744263139965547
-0.0428812574710720
0.1829784381228513
-0.4858090097864285
0.1067071799907212
0.6449622923444936
0.2176627614227543
-0.0598166351741416
0.1941520473686508
0.5811603920242567
0.1882794728648240
-0.3495382028369977
-0.3493835070126182
-0.3453929252177708
-0.7349842255631069
-0.2635002674951674
-0.3644913063823226
0.0994214868753820
-0.0791337156946804
0.2781053893253443
-0.1028294396472157
-0.8056385246601760
-0.0506266739513175
0.2051376569376862
0.2935272090836186
-0.3636307542985578
-0.7214927979260344
0.3793469749520855
0.2035522076603266
0.2969289064217921
-0.1528530622989832
0.1386595155984157
0.4041697892014766
0.1583813665726378
0.8463982589821823
-0.3757459939342070
-0.0146415118572058
-0.0472222925317820
0.3385141911769454
0.0174385075997364
0.2495730766414431
-0.6601492245773097
0.1437030666447945
-0.5746623203778103
0.3526718308386046
0.0666236806107298
0.1490395645303625
0.4011118673546669
0.1420400185055961
-0.1880576826664567
-0.4431937026059508
-0.1471970410501916
-0.7305067845451549
-0.1784388461358664
-0.3111867229506071
-0.2696779980367185
-0.4661421789786280
-0.1577304654752344
-0.0470113370536372
-0.7618989986125899
0.0746258679933071
-0.1394929583404529
-0.2825377217593137
0.3494399835701396
-0.4321565274522345
0.1721899863484364
0.7491635874570026
-0.0308401013177853
-0.3834748758318558
-0.0592905672151144
0.4600422185518196
0.5419544178671029
0.4708551889928076
-0.1093375300077714
0.3322934093232206
-0.5600031555626567
0.3019515227465610
0.4335050174128878
0.0507502880893236
-0.5190510696829563
-0.0847888187756788
-0.3579335065053380
-0.1613179840428304
0.6428626032674127
0.1226610060679395
0.5055023825065114
0.4195050284510581
0.3227791806109838
0.0997744049524870
-0.2398713343893150
0.1295418385500281
-0.1907470287496484
0.2595003988997311
0.3725409550453665
0.2327057671833196
0.7931059397904786
0.1968398491033005
0.1750973540320001
-0.3595380623935029
0.1690773114269103
0.3894261720601462
0.7666187861367983
0.1827105035942898
-0.0564934898950436
-0.2354562701672335
-0.0773914382745192
0.1670614530507858
0.3264527849517889
-0.0436506562450118
-0.8938641205638448
0.1194057100798453
0.5699711050530963
-0.1839183961186551
-0.7754769687752938
-0.0110109822460563
-0.0838478275500841
0.1361359994939329
0.3659197823436997
0.1875492031574665
0.2952610061149989
0.0436262426416482
0.3403217335587939
-0.5582325491308419
-0.5607167174820891
-0.0683449526505661
0.4977543198050842
-0.4774186194925586
0.3489529619739860
0.3796529835583099
-0.0051274593669882
-0.5036965533827732
0.1389286646194297
0.1317298203662381
-0.1427987700093034
0.7257552628576138
-0.0505675252417635
0.5315535039292227
-0.3621155729088934
-0.5563437549536969
-0.0699808285839592
-0.5681612456166760
-0.1828741488210079
0.3933586134587830
-0.1545507281132857
-0.3882231681448950
0.3321864114270150
-0.2158836575495385
0.1183249879096181
0.1344903180744216
-0.4653877405297937
-0.6013842700908859
0.4823994161465487
0.5484002036774438
-0.3277219714725105
0.5692451292669218
-0.2662485366504927
-0.0301199954983760
-0.4408297584120393
-0.0410990940000748
0.1081322104125543
-0.2186556103835386
-0.5938020290892952
-0.7030460876215564
0.2289922483114148
-0.2028397946972798
-0.0064082719203165
0.3961787394787762
-0.4966970531391542
0.2126435671429082
0.2060589168335488
0.6578053407960196
-0.2434361925877100
-0.1291813984002517
0.1341350446329409
0.3693239796826258
-0.0512372646176128
0.4609236691086275
-0.3609011996058792
0.5467873038021506
0.4486710045528500
-0.1693719556438124
-0.1423987797697417
-0.8571302930428006
0.1882572659867779
0.2649868438958505
-0.1107631251960992
0.3137452682861286
0.5250645505689360
-0.4143977330578646
0.3005172736060072
-0.3790218247210135
-0.3510165091182472
0.3979970811318142
-0.1923520079409239
-0.2668471827128918
0.0384144143017233
0.5379190662790109
-0.0472856777580148
-0.5161603147019804
0.5577537231255973
0.2412744713615963
-0.2605708711835260
-0.1480255393379165
0.7091755611687709
0.3265051354144707
0.1042785410852101
-0.3129388098310411
-0.4380079542131466
-0.2799413216431226
0.1577309885535784
-0.4483213984745130
0.3928518200053770
-0.4525877050009454
-0.1726490264194961
0.5538825198842351
0.3309956854383796
-0.0529278745574452
-0.0690613472120264
0.7791218057187643
-0.5083073271985202
-0.0988025586101086
0.0877607772253260
0.3111764787177844
0.3593509130638418
0.4757214072969677
0.3331699167021770
-0.4149943278938620
-0.4898726298350554
-0.1566128474022780
-0.4697933205833882
-0.0481004078175084
0.1917700025798077
0.6180722088754729
-0.3050949892724024
-0.5069318246005881
0.0901596925313590
-0.3386986803895766
-0.2535797031059747
-0.1987573439668137
-0.2252195055713887
0.7054298625185522
-0.3291025990859433
0.3532880113256260
0.0905151427088331
0.6927186472105221
-0.0408211254006739
-0.2238406178931558
-0.4644006912768384
-0.2281805743769119
-0.4386827118408860
-0.0353910700033060
-0.5709349878408951
-0.3668332428703098
-0.2914730445771283
-0.0447989680088496
-0.1332409366675689
0.6584052348627105
-0.3821538173504492
-0.3632464871406247
-0.0682529187194846
0.4148410620054803
0.4490341805132604
-0.5397313933623759
-0.2287295555340528
-0.3424842806421143
0.5277238758491164
0.3035280625086632
-0.1954042559891795
0.4499047654325588
-0.1783287397680711
0.4895758194566988
0.3943663483045829
-0.2284930542479136
0.3843198842783183
0.0437825868844584
0.3037274034185519
-0.2016722920291685
0.7139505376142660
0.0356355005767175
-0.8042210978549220
-0.4815037056784422
0.0005318976047510
0.2714411241143400
-0.1372414806108932
-0.1661232298801414
-0.2271414092451102
-0.2826332036924423
-0.3902532360756064
0.4875200594689246
0.5776984406513819
0.3153100140141359
-0.2130632827494982
