-0.5643790988417675
0.2048627007165340
-0.7249675207331702
-0.3163349335342759
0.1177361896510500
-0.3674649805918602
0.6274561231660294
-0.1592013659617897
0.5223080779648873
-0.4160739096706327
-0.7349574267204410
0.5685322612462579
0.0061124785159706
-0.0151999175040140
-0.3692428048655079
-0.5298862828291417
0.1004975912230131
0.2390905555047092
-0.7645486672461322
-0.2596570875375824
0.3367193081937820
-0.4559333654827979
-0.5471681828426838
0.3801165437679412
0.4846269354540467
0.4321401561587125
-0.4511743280297275
0.1104088929232786
0.7356202140275770
-0.2374223836109922
0.2766009664582992
0.1892444309812640
0.7279461614903594
0.1662534042319922
-0.5745717033144235
-0.2185680567409689
-0.3096948086739497
-0.6643951786756970
0.6321894340956005
0.1234208087125318
-0.5873880455475922
-0.2051791410638322
-0.4745954796454466
0.4924129006569945
-0.3810058660792001
0.6306244960851124
0.0500079149152911
-0.1279212644335402
0.3000596483899903
0.7024331362464493
-0.2258549584980377
0.0951886000283610
-0.7499525227539298
-0.3389654061676566
-0.5124473974790997
-0.8222540129952076
0.1459478814464969
0.4800234698212038
-0.1631614282470897
-0.2134323564217436
0.0576258958637381
-0.7190630661715578
0.5620000304727046
0.3691406791407817
0.1658875756228324
-0.1786503739596496
-0.4196423157183141
-0.2527085661751849
-0.0826851206772974
-0.8492855362850066
-0.3887699855896523
0.6708758646467234
0.1684926825558360
-0.0000993582624063
0.6085997688072243
-0.4407122182516515
-0.8528491651552680
0.2646738139842492
0.0222125526216797
0.0887435455384298
-0.3177582841340632
-0.2216720075702561
0.8218117461268194
0.3929442769591544
0.1418148195957809
0.0518181843337793
0.6929812521875611
-0.2784931222190537
0.2521518722614591
0.6131499605158875
-0.2235338530737492
-0.1667511421634828
-0.2398192995551926
-0.6725436768024852
-0.6421825125858137
0.3796156946277060
0.3347477219597955
0.3881468721621169
-0.3822602017323720
-0.6686217397283335
-0.8961734804021892
-0.4307712799086878
-0.0778236338889239
-0.0698229359930316
0.0194277391194633
0.4791226881359689
0.5211431896932660
-0.3945030966062814
-0.5394168241339221
0.2285782626564041
0.4335150092280746
-0.1996795703208754
0.1012902518682595
-0.8727670597409327
0.0145172407187059
0.7094575681254195
0.2985964527227471
-0.3837348096351734
0.4876045905525739
-0.1499982553140938
0.9059982148437639
-0.1784152283941230
0.0627572872006477
0.3561446985861347
-0.1286767949134285
0.2936403749726436
-0.2422751725562247
-0.5149802444123918
0.7111918109604632
-0.2899648717284680
0.5802148693436385
0.4629263024813330
-0.5756845137974909
0.0932146832234574
0.3300731847163641
0.4286884625191781
-0.6999235604084432
0.1013418243060629
-0.5033277327922240
-0.2504480779256857
-0.4916610422572679
-0.6205042275029125
-0.4753366796913354
-0.3239867615150654
0.2057463061163141
0.6354342769547282
-0.1292985524987487
-0.3321446840465710
0.2837197641318422
-0.6234486091838888
-0.1021183383692888
-0.1888679404431863
-0.1343412367575535
0.8679942850943083
0.4271289023134776
-0.5759611834080818
-0.5394234692825387
0.0286231387575096
-0.1362543045760773
0.5982528866679290
0.3501402278415809
-0.1168426426826743
-0.8454990676021906
-0.1112513511966941
0.3694645872593352
-0.0436045846835382
-0.5805937941939232
-0.8008185131603008
0.0539922576101576
0.1295531992502080
0.1619950448282688
-0.4440858522018595
-0.6274597727064963
-0.3630499921718794
-0.5010332305789165
-0.5298278292747390
0.4171529995564109
-0.3087060389513347
-0.5563322302276459
-0.3747811059965771
0.0334883480039482
-0.1922752660433021
0.4679452249452656
0.8483401715606229
0.1524958110354564
0.1689716807114511
0.1696579334738278
0.1438157720525749
0.1121140521857618
-0.9536310710848026
0.5569987795901551
0.5754670852869136
-0.0416178454815347
0.4912488302893286
0.3399007722311080
-0.1207258691707211
-0.2466299242973431
-0.8084243202613947
-0.5198271100902229
0.0287895637203866
-0.7856229717908491
-0.2463190023949501
0.4376409477480940
0.1562910805564105
0.3258327703689896
0.5539413727437478
0.0796377908818291
0.2463316904811161
0.5470664915300797
-0.5717042329176156
-0.1182395730293647
-0.8799573789691664
-0.2870916662777221
-0.2536698477613185
-0.2548026649353951
-0.2818478597232717
-0.0982940273070346
0.7997327512694133
-0.4922732524392128
-0.1702781243881573
-0.4175228227358475
0.1823554739997251
-0.3145536904586568
0.0994339524321364
-0.8267950402122578
-0.3741062992732808
0.7333986740078881
0.4490547481669561
0.3134329922009232
-0.1492663872283709
0.5767641907183353
0.1607635420823725
0.3612473958736566
0.7115679838719304
0.0683335579718419
-0.0334500490696708
0.7563221968581161
-0.5623476059825681
0.3322949250493931
0.0142506697752205
-0.0300031510444627
0.8315196034734152
-0.1852898092914077
-0.3557065653235753
0.3831650896484131
-0.6249941882501955
0.6808869381790674
-0.3050875685169902
-0.1084193374326322
0.2023414561519071
0.1696540331057671
-0.2518656653993901
0.6368885262239102
-0.6640711308393877
0.2473130283545575
0.0181622882791957
-0.5156589919234292
-0.2943403767059802
-0.7933676825371637
-0.1330315687315170
0.5728618382477816
-0.6566348383737004
-0.3484612704193924
0.3355716022564221
-0.0814029857565293
0.2755420579137601
0.7026920293836529
-0.0954886997694622
0.5992521207859942
-0.2491571594619736
-0.1685273079455697
-0.2701175628630583
0.3001451605383493
-0.5494648194835456
0.7117839162729543
-0.3588076346755313
0.3790028171330987
-0.4094715482011465
-0.1453298478116819
0.7340478407110229
0.4249959004008207
-0.3182924488174144
-0.3385835220212283
-0.1814544311117471
0.7553170789237603
0.8296916109865357
-0.0086020423060428
0.3954961210760969
0.1174776017640492
0.3759250813982237
0.1174996928299936
-0.3765686364529259
-0.0976061323941819
0.5212657356817225
-0.7504298501179729
-0.4345795940074467
-0.7586314950031453
-0.3325606840389205
0.3193939738276304
0.1516895255967791
0.1481038320374163
-0.3775489397630920
0.0041181868460055
0.4100289543329494
0.8169341161717555
0.4876727723287889
-0.5060793912975864
0.6270041522791426
-0.0738084218585877
0.3278368904203375
0.0171792083463861
-0.4488350096555130
0.8230227999702397
0.1084894433703874
-0.3303263845266639
0.3229747364085556
0.3472609470397905
-0.3214004832732026
-0.2293963378187732
0.7868775024423681
0.0043388804800942
0.4389631706617043
0.4008208120450346
0.6234372048715667
-0.5078988453740473
0.5420351026009395
0.6927938198317899
0.0847030503404595
-0.1542027329266094
0.4419067561966586
0.0485825257541271
0.7422428713061723
0.3266058119488574
0.0301647956781071
-0.5823521158967694
0.3963141556671896
-0.3048275151056110
0.6815314122093288
-0.4151919907492126
-0.3363715520700359
0.2799755004409195
0.1351339441340436
-0.4633343741671682
-0.1723606695134902
-0.8117669577012937
0.1991458048069570
-0.0169748753542231
0.9685204779028479
-0.1263851507838090
0.0777668282668846
0.0029104656684360
0.6772957681597487
-0.3411472000850945
0.0405691363554965
-0.6505649119587980
-0.1925374828228529
0.9683104811445460
-0.0663842824055053
-0.0076699167880644
-0.1443552189559766
-0.1815704719553783
-0.1296926690106883
0.0115372661157608
-0.9388103977130411
0.2621333705487362
-0.4370101598828026
-0.4696738067949907
-0.6649988102079668
-0.0803728011113372
-0.3738254012683130
-0.3801625725916410
-0.5776551613456936
0.2128296911672734
0.4750803378486336
0.5007925000621087
0.8295677363154454
-0.2889222489335174
0.3013003712883919
-0.3706390367964528
0.0136416861033093
0.2046002872737973
0.4141509383444186
0.1252292461173075
-0.8545453462447714
0.2017116998198467
0.7564282218762369
0.2931489663695208
0.0631984106585772
-0.5699036214943591
-0.1144371083323954
-0.8309836638389583
-0.1337184994841863
0.1248465685884110
0.2845552305606898
-0.4416188044011834
-0.0247714514411447
-0.7152864577600079
-0.4780537200081373
0.3573706345991627
-0.3626327740996572
-0.0489232900259680
-0.1460762859771755
-0.6978084399338189
0.2785280871304037
-0.6416803847748174
0.5632347878994139
-0.1623052750960747
-0.4874648495969989
-0.6146539400127009
0.2024898165590757
0.4883358231974786
-0.0438418701123236
-0.3316233325565535
-0.6771581283619466
-0.4371371051564102
0.0552871754242868
0.4145469726844180
-0.3483098735890524
0.7812710162601247
0.3055977205151227
-0.3613307186042531
0.0350254644812723
0.0244835232855074
0.6889159796445903
-0.6269040267127559
-0.2865837100971599
-0.3722576813319040
0.7655561921966416
-0.2173137269201365
0.3820895922133979
-0.4459917984883744
0.2605332928610814
0.8126414308692428
-0.1262422060921828
0.2385173562402451
-0.0777625421024632
-0.1018459644791936
0.5935134499121830
-0.2811376831237765
-0.7431579740985084
-0.2848038581053189
0.2226731246019151
-0.0586894213077414
0.4086107090360085
0.8360001688253408
-0.1172662837778485
0.7401974392091774
0.0895527895743238
-0.6137414277762147
-0.2316422400767609
-0.7986075088602556
0.0619672701912767
-0.1695792727023016
0.1285792006902203
0.5595501439877223
0.6984225614010380
0.2347046779283129
0.6304547334884292
-0.1664960784125963
-0.1786771523722064
-0.7963759855108692
0.4038670239045017
0.3039624930882947
0.2398652099480937
0.2296697641314982
-0.0380060737028217
0.2223494736554823
-0.5326305671159213
-0.6518974579850201
0.4903576584221631
