-0.1646539074517669
0.7469263377015168
0.4540972253668343
-0.3533647257490090
0.1054691644114047
-0.2698063614474182
-0.1679710843676237
-0.6396994735209127
-0.5411425364130599
-0.3516510031447961
-0.2978857239091450
0.2394592265005785
-0.7671229621591479
-0.0747846070347045
-0.3562905954023618
0.5228049786135056
0.0283456107963775
-0.0697001850225813
0.2912203675551376
0.6007585501425116
0.2057235764140109
-0.0491845121440283
0.6697665308670202
0.2468832719214840
0.4668011064268956
-0.3750879329341952
0.6502811889126954
-0.1405200346262693
0.1020549633113421
0.4340265536625875
0.3579209092820053
0.0422859572376895
-0.6634733257952539
-0.6499639879404066
-0.0851554547485644
0.0142488380083505
0.5114250559081301
-0.3563233730193825
-0.6979641979007357
0.1568157382647047
0.3040891389595224
-0.0852212665805354
0.0707718003689481
0.4866702474293110
-0.2327016785910455
-0.0157202905477141
-0.3301986472743836
-0.7711777208424809
-0.1695481222594186
-0.3150265624765937
-0.3242449147266018
0.2154865374448075
-0.5097013610122058
0.6787098122237349
-0.7104675004851158
-0.3964675859704089
0.1354428034527560
-0.2711945116768916
0.2264047921538793
-0.4414737115029364
-0.0275755081259650
0.5697020377707199
0.5732637412169153
0.4297329469459732
-0.3190250552000042
0.2441320769199197
-0.4102508986981913
0.7125893962329932
0.3402530117331102
0.0984477539690070
0.3147079111572294
0.3152862364482217
-0.3543140883095648
0.0801002289240737
0.1998335095638311
-0.4851022240851879
-0.7221524180034441
0.2669901982591462
0.0631439773064481
0.0310792308754632
-0.0716566831261180
0.3328003217249008
0.8210280055276958
0.4528456683026702
-0.1603028461507934
-0.1772599954671577
0.6559820071085043
-0.3814101695416732
0.5068269403757941
0.3319973387729788
-0.1929167369778315
-0.0620477013805396
0.1646571252395537
-0.3036952821097058
-0.2626316600691557
0.8778468164826305
-0.6167943219138186
0.2889435093234500
0.1642474683040208
-0.6434049906146988
-0.1808725155406247
-0.2498286076584259
-0.4820772166112395
-0.5705742757901342
-0.0791587919677693
0.4784351615308158
0.0566907169781523
0.4512941363507982
-0.1631074961592068
-0.2082171940549397
0.4840954281088580
-0.7411739999506772
0.1643292934525449
-0.3454709052744738
-0.5081765359948504
0.0239823538449269
0.5850942088337655
0.1461793206221818
0.1234375170131710
0.6018646088395477
0.5116160553968673
-0.2198016433486251
-0.3625438923209478
0.3832349369331965
-0.6083102319519651
0.2039309206533574
0.5104503720065805
0.3224774040723216
-0.5126146649208774
0.3387808671092528
0.4364287735308071
0.2596774857477546
0.1588574680336478
0.6757371188593064
0.0366713481804784
0.5861189030344433
0.2240579576327522
0.3508012633891575
0.6465533054193948
-0.4484495736489935
0.2414064205138785
0.3515284163235249
-0.0979752733033995
-0.4352164537539520
0.1882339236935407
0.1414119455060698
0.1895507409255330
0.8746803105947361
0.1919630747606020
-0.3266889965089976
0.0952443267322004
-0.3805116193975743
0.2050885213470031
0.0659059909111082
-0.8535018985921307
0.2669626071233922
-0.5021898811952188
-0.6044289377872458
0.1774199904775226
-0.1470169207359219
-0.4113283830971947
0.4002350754812032
-0.4052094761085818
-0.0741970617665606
-0.2392882452597147
-0.7698549268382394
0.3732144934876072
-0.2026710281496161
0.3242559082914222
0.1638607720978321
0.0786449206302914
0.3382527707378384
-0.8141055330669097
-0.2909294998495005
-0.2706921839588805
0.4598287393108879
-0.4213255266200971
-0.4367628717259530
-0.5411858986043695
-0.2326458460817840
0.2478353300894927
0.9609628104194713
-0.0372911079094529
-0.0836094854886752
0.0021695692571115
0.0821111827133606
0.0291145714331029
0.3902431430142527
-0.5282070766521259
0.6380416010378247
0.2687421509129166
-0.2975575354499163
0.4486417342507977
-0.1084080637944465
-0.2832684069147527
-0.2382718637394890
0.8025131657243983
0.0769833321302007
0.3103040933139534
0.0348713361177516
-0.8580841976275738
0.0537500538562449
-0.1831348409472167
0.3602213640436940
-0.3630981054692488
0.4464268566806929
0.4998290374262567
0.3667301874498637
-0.2375203143768490
-0.4776262457776904
0.0452453129251436
0.0558823613940876
-0.1285463936314788
-0.8474427174616507
-0.2288762048127259
-0.4558095781347772
-0.1338211754640126
0.2753044019514462
0.1137158911639719
-0.2017879232737297
0.4640731497690231
0.7983018358019125
-0.2732036178109976
-0.1701615883204703
0.3617671187867798
0.5665026290092702
-0.4532201866114889
0.4890762748420553
0.1823067593150324
0.0949913684482537
0.6747465895598790
-0.1097704811913019
-0.4959446714027981
0.4944160693908440
0.6806145885861588
-0.6767660782113530
0.0271769808189541
-0.0264580110400856
0.2550725399389177
0.1106835214501092
0.4891504605510602
0.0192951264103027
-0.2261725834446143
-0.3558868126378623
-0.3197057930086276
0.6930644054088141
0.7632107808937809
0.2136305610242884
-0.2056693424396000
0.4218588913184962
-0.1978665182716047
-0.3353435934485963
0.4321083786308078
-0.1510146798001202
0.6916150939345975
-0.2615134145719691
0.0511202001232147
-0.4910630678253369
-0.8955793852874918
0.1442770162922473
0.3442036121629589
0.1624241059978283
0.1686861626979999
-0.0617168445149821
0.1326549531991727
-0.2013296112455819
-0.4382001302909411
0.3088045965447598
0.2173815241164817
0.7792526489952114
0.1751340552246669
0.5682860147816982
-0.4284624243276736
-0.0816195673893521
0.0651720546956597
0.6722275422424109
0.1653468364830460
-0.1198527576673722
-0.5706063946365716
-0.2637944935264532
-0.7499646761646312
-0.0258753209609076
0.4034307008653241
-0.0963831231579971
0.8049638079716730
0.4216152443884841
-0.0093748242119359
-0.0462593708950020
0.6648180967330534
-0.0584380568628362
0.1205628551388088
-0.2408359083708522
-0.4742739702820359
-0.5070786488102373
0.3043486308920811
-0.6800704513850356
0.4468690484163693
-0.1910421196346832
-0.4133190986617090
-0.1945620127400991
-0.3929016041951794
-0.2545702032153658
-0.4171714975689862
-0.3058478765993930
0.1990540735755206
0.6882040648270142
0.2307599794598725
-0.7035882339391955
-0.1507507623772061
0.1669025253172068
0.3861649773748745
-0.5020037787472286
0.2171944598142913
0.3476023695261509
0.2733482844982745
-0.7319574389257812
0.4687004251817615
-0.0428729952683645
0.6930381785568204
-0.0431586180537376
-0.0203128994154748
-0.0109865780727200
0.3681261358815150
0.6178877293253765
0.2946106279548364
-0.6815299587074141
0.3256471778530606
0.4837896075081259
-0.2357384025660204
0.2303267897128318
0.2745325480025134
-0.7117989970506861
0.0506644969922550
-0.2143136184883365
-0.2679979251082023
0.5455767239330698
0.1238368648862468
-0.7119829624658123
0.5237921703057596
-0.2001932194171875
0.3759552437795261
-0.1482119561776054
0.4221658380019293
0.5210619980136144
0.3136179161617480
-0.2886385685804823
0.0045852826628257
0.6071086838641531
0.1740164271876726
0.4548296048749224
-0.8188015010945661
-0.0985505159246286
0.2171411836512740
-0.1885468577753498
0.2108826323337718
-0.2411771004652340
0.4882905140372227
0.3390930225593323
0.5018125185755966
-0.5404947860477649
-0.2839584091516476
0.3301899471459039
0.3908350582577492
-0.6921584093353762
0.0407745600041801
0.4205286548563605
-0.0078865818308144
0.2961367407317117
-0.3976420582501365
-0.6551012365564094
0.4337919709239862
0.3698493233068932
-0.2349385034368941
0.3168589535788179
-0.0088746050575283
0.3728953019465849
-0.0904713779263771
0.8349188991076379
-0.6198612396286247
-0.5586287949648446
-0.4531733090754405
-0.0342242394514850
0.3103865054327861
0.0287886030052910
0.0794468230392185
0.3240997556692199
-0.0567758173972181
0.3252158217891026
-0.7563842084897966
0.4555673996768288
0.1773351163515683
0.5632501423779892
-0.1274064163549578
-0.7252123819480512
-0.2514408692396795
0.2142746579429448
0.1591866443367163
0.7097836367361177
-0.0103356195935353
0.5561554577777034
-0.2775973776340619
-0.2905009104440982
-0.5404723186881524
-0.5317886402316551
0.4732016304379839
0.1603906367652741
0.4087824185261528
0.0913373403663186
-0.3721648998193736
0.1601670601035936
-0.1889037522150233
-0.2978541542100916
0.2424538891483549
-0.8078701548243510
-0.4132884286032009
-0.2329551018210810
-0.0914580534587841
0.3326811956754491
0.7943571557253707
-0.1577337977974591
0.7656024411495187
-0.1897379922025443
0.3443612068123974
0.1028414377646398
-0.4659222901563494
0.1777858652354528
0.0408964882454791
-0.6798451071576779
-0.2505926381962880
0.1151909144220798
0.6334519230330025
0.2425101062743025
0.7774915649014678
0.2630040364868357
0.2828790272205802
0.3722483574188863
0.3245038528774641
0.0494328749321578
0.1279653547731692
0.2790449567218444
0.5423445266265428
-0.6764902181232824
-0.3714423712850736
-0.1265414720230002
-0.4927417599543820
0.0640730589517696
-0.5106490532787190
0.1682264054260515
-0.6806812771385133
0.0266574749307082
-0.4377995776726160
0.4077634652185729
-0.0498550408293535
0.6989412984145780
-0.3566310659200588
0.1545001790218736
-0.2959820847533230
0.1239843345447422
-0.1675433434278363
0.6828506490758049
-0.2566925633320959
-0.5803237349551940
0.2246137704991754
0.3319467690683192
0.8734529021091153
-0.2080740952376439
0.1470150361609625
0.1073860998362395
-0.7989315820417086
0.0897662633006076
0.0308254760244037
0.1161101752567814
-0.3709018006613163
0.4490550263445234
0.6846487844186198
0.4551965187251680
-0.2656789304224113
-0.3838287015938630
0.2884093429839984
0.1515336793472173
-0.0977075263537734
0.0063887792393783
-0.7410859057299826
-0.0051792472354297
0.5962263660264374
0.2927309327266450
0.4540358146233158
-0.3756563732110697
-0.0632142234262299
-0.6799788735566384
-0.4304791153237805
0.0324683391716730
0.2406929578782970
0.2047562171301189
0.5679335345340782
0.3109072261056043
0.3325958535946472
0.6085310073060826
