0.2392116067830318
0.3630778690104618
-0.9005007171508904
0.0071222626906155
0.1672955304887913
0.8571042273375711
0.4777825890930854
0.0954376577565025
0.4438445130973047
0.2140990936755847
-0.4503372954202029
-0.7445535216721003
-0.3661103218902724
0.7406423929755834
-0.3230254056431179
0.4615914484063823
0.5584493258360153
-0.7043818041083113
-0.2527388456000917
0.3579157728281248
0.5982237765845316
0.7469357902016013
-0.2494882673046522
-0.1482256486650420
-0.6175048412063898
-0.7490567085408030
-0.2212966061734064
-0.0928958049258526
0.5288019544545650
-0.6561805535700501
0.5381427672412098
-0.0140689781970111
0.2621815371144319
0.0900155207433380
-0.8516231824171716
-0.4448550357040688
0.2854671527334505
-0.3119857647350228
0.9052747810000078
0.0406319849176460
-0.3389498212161346
0.1828622091105490
0.1595606090201260
0.9089636094068271
0.7610628427364843
0.5018439693022781
0.2114564358208854
-0.3524516358746593
0.4563929173646979
-0.3102860745054385
0.7180817944194813
-0.4240124921162624
-0.3846368716649827
-0.4712356645090222
-0.4438302072024274
0.6580320452874362
-0.0297555517126008
0.3996468694561881
-0.5900571396442935
-0.7008777060450291
-0.1512255992062851
-0.8616148057595981
0.2627021715418635
0.4071097072138412
-0.5212559284950202
-0.0576301062080491
0.7906887482094417
-0.3158834141296907
-0.7829254767272104
0.4428767329179847
-0.2798189091661537
0.3355432541482934
-0.8100780595254975
0.5075547047759473
-0.1886683382137010
-0.2248688891129366
-0.0889467331006431
0.6241789251988514
-0.0810876133242526
-0.7719546275356512
0.7824456838931334
-0.5248305171985523
-0.3241454708736674
-0.0852138115929302
-0.4583305836763231
-0.5781230855302990
0.0734710001285543
0.6710505094133806
-0.3636396530166468
-0.3189198759294295
-0.3369615245239105
-0.8077829203948373
0.6770596394818357
0.1359981309283179
0.1135260595069447
-0.7142874678877942
-0.7323381724939576
-0.4379816034224396
-0.1502338889661709
-0.4992821795115658
-0.0141911837565927
0.1045479873113633
0.9928855348107865
-0.0551964076387984
-0.3161684129303078
-0.7532320790869917
-0.2324310989571333
-0.5278775937061524
-0.2627424225215757
0.0455591270309651
-0.8293085271715960
-0.4910581962579877
-0.3325917091979062
-0.8669611443764842
0.2277887189878961
-0.2930416840930410
0.4099376087055621
0.5274284663380447
-0.1969543459079043
0.7176206208666618
0.1268256269316410
-0.6396469591427315
-0.4948152090610952
-0.5743909268909790
0.0874697707223560
0.1925424415176884
-0.1487173188331517
0.9660018667183128
-0.6765747050534958
-0.0627422318527005
-0.5188258057019193
-0.5187772779928508
0.5019332867808685
0.1664885235777536
0.8458799835372933
0.0695097157899722
-0.9330433167730565
0.0434340573182833
0.3495559953670370
-0.0731727940765277
-0.9835301396294306
0.0375621221568539
-0.1504479550446726
0.0928599173080762
-0.9048154102506113
0.0456682608785322
-0.0488149640751458
-0.4205241760038186
0.5487896770441266
-0.6377374324317737
-0.1598832826164840
-0.5162927402016316
-0.2892422301069885
0.3316091839573513
0.3051359520138138
-0.8445509648484804
0.0233599332539272
-0.4841730861179979
0.4978431463003841
-0.7191543213240678
-0.5139061815409416
0.4349375014567199
-0.5747820779522439
-0.4651401608821746
-0.3747189669307401
0.8064756489197279
-0.2316644352736726
-0.3943530308634552
-0.5495448726276955
0.8320280310230000
-0.0380023943495596
0.0654645444824939
-0.5181853104143483
0.4525390141770322
0.6935524354219419
-0.2137228205848838
0.5138640593018512
-0.2827075335967149
-0.5412615036742980
-0.6025414206888384
-0.1164642723732315
0.9388373642509070
-0.3217082574212907
0.0390419499249228
-0.5756374089376539
0.4358720574489049
-0.0972738418530792
-0.6849780453838976
-0.1363732035745673
0.9202954747854369
0.1047143492231569
0.3514164104065541
0.4863243264533322
-0.3169281756866543
0.3058901944438290
-0.7546365813414814
0.1425363842221878
-0.9605830259759321
-0.1616030658158734
0.1756362106705133
-0.2127525194773122
0.1588110570998449
-0.2256978651715747
-0.9373237899764838
-0.3642582084126699
-0.1273304111086515
0.5390418159511334
-0.7486900858612984
-0.0162355400887467
0.5820659971494818
0.7951492097370750
-0.1693319711540362
0.3284000150770974
0.4822236248174845
0.6879446948695834
0.4316780079712700
0.1936375161793091
0.2528132804539686
0.1014004291495272
-0.9425008809132767
0.7616622907197199
0.0697303738665080
0.5151903437886675
-0.3867649667730269
0.7667631472437872
0.2710295996828884
-0.3496947834315822
0.4651137393856199
-0.5799077634490163
-0.0518604897950879
0.0655988545844863
-0.8103790876910489
-0.6579299924144649
0.0903134501884248
0.7281575701439067
0.1695823069741850
0.4885315667141152
0.5781583485615202
0.6278252790674680
-0.1813980465063612
0.3396943396725473
0.8437194081221860
0.2279739795030885
-0.3475243597532489
-0.3552421136636380
0.7795858060979870
0.5021336414049721
0.1179441299078745
0.9071500544285647
0.4097617678896308
-0.0779080707315088
0.0557171862275078
-0.1017921454121238
0.6849874788200269
-0.6696976732937144
-0.2682080151247642
0.8250992726598531
0.3224063375533542
0.4557955495594345
0.0866934874337600
-0.8484497422270318
0.1954351682744149
0.1655375634968021
0.4631797113302529
-0.7820451878678796
0.2003144661555299
-0.5868521146453157
-0.0623220211308932
0.0392365178452266
0.1991582447773895
-0.8605205826519123
0.4672267287270538
0.0550308407891588
-0.1133818465470864
-0.5870762579430822
-0.7996609473990581
0.3168578697116410
0.1887146299153149
0.8264038568290712
-0.4254932952183411
-0.8059472246011439
-0.3175991196511946
0.2787903561726888
0.4145549513147864
0.7174607258826131
0.3834872547850967
-0.5815139475362664
0.0054000976077166
-0.1005045188693049
0.6224102942243642
0.0062138742343008
0.7761866110011112
-0.4045480138823038
-0.5377489433230460
0.6212882957759672
-0.4014571358820581
0.0859786079932277
-0.7084904426023061
-0.4249858032874758
0.5568087990619710
-0.0845367487532286
0.6482692787394394
-0.7114059016289715
0.2578800563834877
0.7069276062095308
-0.2484206728695266
-0.3831709961483998
0.5401115778990090
-0.2569192633732476
0.4082081247221531
0.8342776582197674
0.2670943803488052
0.1616724060437548
0.0142351128151798
0.5553920558339869
-0.8155973632888107
-0.3958126181511432
-0.5479454593503152
0.6318642599017488
0.3792567757450417
0.1739012949146978
-0.2874844382762818
-0.7446489418402187
0.5767226289926595
