0.1967461705270024
-0.3836779177427825
0.1338020952542096
0.0163992821282391
-0.0330515470181374
-0.1327146482836419
-0.3270245095100511
-0.0126936467999078
-0.4469142011815699
0.1385592077514347
-0.3642663902347330
0.1741061554337567
-0.3768583883707156
-0.1544633639637456
-0.1631264663331097
-0.3093108277386071
0.0132339355149214
-0.0940290380550901
-0.1820198234129671
0.4365906517306727
-0.1619886895418928
-0.1545727466524623
0.2341951529097610
-0.0639319316069256
-0.4245802435208359
-0.1341575284787651
0.3381348035777719
-0.0598964081783054
-0.3543091561353288
0.0865911932002623
0.4102336710333930
0.2016408444165608
-0.0206690723255772
0.1575505523737169
-0.2796861133466387
0.1384133131767666
-0.0102360618512333
0.2824381441345650
0.4043444380148696
0.0707401583578077
-0.2198272345715943
0.0731970306351041
0.0185583616009641
-0.3056663853681591
-0.1372813381516500
-0.2145380842866437
-0.6367276339138448
-0.1060205799070038
-0.3091064523972262
-0.1364753966084755
-0.2164976690775361
0.2592355489614188
-0.1981493165928324
-0.2527223022662701
-0.0423400554849382
-0.4404307174175583
0.4696099331175810
0.3637075854940519
-0.0621400043988161
0.0233396856159540
-0.2450059673209335
0.1466986445602965
-0.1832681986418946
-0.0221648077175307
-0.1008081633662568
0.0643235639729274
-0.1827771624088808
0.4865851568842821
-0.2344494583202096
-0.0986534231776025
-0.4237389654108064
0.3577955888460544
0.0450142119854146
-0.1634870571075071
0.1849089826699599
0.2781260884659639
0.3045055634183563
-0.2648502465881561
-0.1979071302482375
-0.0303294106173621
0.2372350069679366
0.0591607068431523
-0.4236216458072821
-0.2189283609229811
0.0523536098178896
-0.1444259519585735
-0.1743842667053487
0.2476226332932745
0.3369638902594868
-0.1335279233858005
0.1452022015516335
-0.3134557316737662
-0.3495757695639598
-0.1739204264196474
0.2180777632770535
-0.3831266764701051
-0.2010759325668072
0.1095052173823799
0.1636971443043062
-0.0573625321568549
0.1728900390510412
-0.2077290659898028
0.3158562624588634
0.5475701418186172
0.0595061906879829
0.4821294570481818
0.1393791096925948
0.3618955282564320
-0.2236515423208072
-0.0614502634603867
0.0563185813138007
-0.0386865973728490
