-0.1767010587630073
-0.5055673180647301
0.2830785585376274
0.1161127328426793
0.1806093013621858
0.6686484487175695
-0.3427981012591274
-0.1231373505324902
0.0541330044222469
0.0119160533877422
-0.0640827447511456
-0.1645826144216494
-0.0755374836369547
-0.6258571969758132
-0.0217995547894548
0.4869573157176151
0.1191755931342094
0.1912269491874550
0.0705959096611430
-0.0940759739019404
-0.2952471231215758
-0.4314293331903897
0.2387842977804300
-0.2091672305323349
-0.4802769064033897
-0.2194977570332342
-0.3432041344887853
0.0465724223419354
-0.3046644260557970
-0.3526788170112991
0.1256109298078768
-0.3975543575866193
0.3307530117613609
