0.3511122299269073
-0.3183410866083115
0.1650419167086259
-0.0792423581279715
0.0648724696897200
0.0275447125278637
-0.1561100158249774
-0.2989883831882031
0.4128106193265864
-0.2576856326376470
0.4767999702610314
0.0332530222708485
0.1113643358078178
-0.3814039158534585
0.0968803069604417
0.0545590316452343
-0.1884760971562923
0.1621023581429945
-0.4589163415070406
-0.4080226047835080
0.2924373933024662
-0.0584545236345177
0.1617263122721171
0.3199710384746017
0.0033593724620076
-0.2289607068920169
-0.5124026915139600
-0.1276174561913759
0.0387339050227459
-0.4594340305205807
-0.1517315958025606
0.3970914327746891
0.1209330597194034
0.4329487417717089
-0.0892789149652226
0.2054596656655030
-0.0716408380393784
0.2872324800873897
0.4178633021906822
-0.1119798415210754
0.2743799005853189
-0.0662849521669335
0.0324596956308550
-0.3609891860563111
-0.5117189472680244
0.3557058740769302
0.1732429121424242
-0.3406740857157915
-0.0001123134604898
0.3419530695582733
0.2159336642203949
0.1911838916522909
-0.3510159363267187
0.0812037366931079
0.0472798018615541
0.0450125575837898
-0.1998206065960657
-0.3073648159784227
0.0309345134770573
0.7051517503062724
-0.2580521018748758
0.1672458652845115
0.1689583467998696
-0.2654525116842916
-0.1953644911675638
0.0385866611777576
-0.3173581622273235
0.1029829610225073
-0.1468491939705802
-0.0358614047596315
-0.0514890885496374
0.4140344302413840
0.2495779609383148
0.2994220583528894
-0.1214432556063555
0.2748373533731723
0.2716464825834237
-0.0971906510609014
0.3776704831913445
-0.0048292572950017
-0.0272816436566332
0.0248367642484096
-0.3569355036819633
0.4785784628438089
0.2545503125136735
-0.4739308340663572
0.1154620451404751
-0.1960355685644702
0.2042435862336479
0.5155324055242715
0.3828469995880632
-0.1422800779588386
-0.2444906133204992
-0.0809245292874012
-0.1518236283908761
0.0468384508766180
-0.1349975384683571
-0.2733764732308428
0.3474167060794212
0.1838509579820940
0.2912830015693779
0.6091678401323206
0.1445213900457474
0.0208197376453474
-0.2663258615277969
0.0760650159422401
0.1791202339215507
-0.0356896723207067
-0.3462149377264087
-0.0892725385033490
0.3484130780880869
0.0946050483697222
-0.1209758452799764
0.2934925998220600
-0.2075949287320949
0.2397326012896866
0.0522113979284718
-0.0240548994662155
-0.2464964028006349
0.0496224344707509
-0.2985624047351427
-0.4469638641563685
0.5463656214793798
0.1946459253924185
0.0275794091210816
-0.3256574511613953
-0.6112892966982801
0.2556754965239741
-0.0682843375115796
0.0291810875328107
0.1089322920575459
0.0649409780825340
-0.0846560074670824
-0.5204739821538527
-0.0948045990242484
0.0508367657393996
0.0288492461908446
0.4661630705436618
-0.0067754801796452
0.1775930341838764
0.0889455426105626
0.5289519214287358
-0.0094475882396858
0.0495259086187510
0.0515651879460296
0.4666908773884386
-0.4447409697360165
0.1049006570057738
0.0794302417568483
0.4170116149008161
0.1685965763682133
0.2524130807642798
0.0387519746813893
-0.0815581164421052
-0.0188671323077855
0.1834423624556987
-0.2131986937717174
0.0013104288989144
-0.0212189154730607
-0.2529839908850038
0.2256054626451276
-0.2365375646127771
0.0454467749592116
0.4887926719201976
0.5186384312012691
0.1487462896613628
0.3640015550052286
-0.2909406226858418
0.4507464297953629
-0.1855011443990299
-0.0484074828987314
0.0015447494001868
-0.4714773905951397
-0.4841259940250165
-0.1192689244448197
-0.2670842652312437
0.0950255752414866
0.0386646486039079
-0.1631909916802410
0.2294624216622753
0.3438587916329084
0.0989713872341650
-0.0712813881259262
-0.0342769970587050
0.0807272622428671
-0.1020597806328169
-0.7378228818485544
-0.1584366197339798
-0.1523583412917812
0.2653322482094921
-0.4820796233580661
-0.2371975911942009
0.0201195147179091
-0.1282333708146051
-0.0757727734686341
-0.0495818711510012
0.2066240311676532
0.0387535446105385
-0.6123079208226596
-0.2207423631837403
0.0091717657425220
0.4101087577642199
-0.0374588583126049
0.2249817034579845
-0.4005620217933127
-0.2489369769897788
0.0398919346133259
-0.2408383774705277
0.0366708811382680
0.1688326047601774
0.1380617204654315
0.3645283316094757
0.2544144630043188
-0.1707453354727903
-0.1450066172319226
-0.2383655010975918
-0.2292897046596370
-0.1322773570975636
-0.2843627103738992
0.4765993494214756
-0.2412718290952165
-0.3954398474792957
0.2152079079405062
-0.1932691546956760
0.0089013577609843
0.0879853105723543
0.0795914454847377
-0.2609036106987255
0.3862117710274430
-0.3000020890210730
0.4170042357887035
0.3155816416045683
-0.0766850259839490
0.3719248556811948
-0.2136794890785371
0.1110664335007162
-0.1821084622561074
-0.4120217321822291
0.1110701827686920
-0.0771165843500804
-0.1120999977039473
-0.0109169891140414
0.2538734367917718
-0.4391000267763054
-0.0936407584521088
0.4115686735465825
-0.3502036920492098
-0.1067096046077628
0.2382564715661160
-0.0468952912955388
-0.5180460153692384
0.2687868717038666
0.4798230996579080
0.1861391265592420
-0.3080471809912554
-0.0225524558131900
0.1010031020044325
0.1151819796810989
0.1973978860756098
0.2420502979249736
0.1521452240039573
-0.1828076954316729
-0.0766341521107442
0.4586415675652387
0.3670195699450001
-0.3334703648314395
0.2974109337871976
0.3243152211856242
-0.0019335846915946
0.2652159520768353
0.2554264744724054
-0.0226819736013942
-0.0693116532332858
-0.1627329673412671
0.0384195389303038
0.0782983286739758
0.4998376005929366
-0.6021469586746881
-0.1043847375698937
0.0897686168653173
0.0900758552179646
0.3220588307127253
0.3788896029049169
-0.0655592198086080
-0.0303552450226468
-0.2886510596336540
0.0201942598069186
0.2000580881639858
-0.4103523036286902
0.0977803648894693
0.1405076144888274
0.5930612024047318
0.2000681550416091
0.1618515567988760
-0.1002772937605994
0.0229480865403165
0.2395789788250166
0.1500529046870906
-0.3749283742658508
0.2940302235060553
0.3431529246351930
0.3150701802379649
0.0447189435706131
0.1107580790675387
0.3044629910034966
0.3374020047894183
-0.1822496732563884
-0.4598214620189184
0.1582737912503571
0.0137329077990004
-0.4019177470425368
-0.1837224054756687
-0.0118045969793492
-0.0118624283435982
0.0305819464888288
0.0048930535667824
0.0927373301312713
0.3692875976912306
0.1977474264473017
0.3522391704748143
-0.0301578304489534
0.6849600270203090
0.1920665633448727
0.1111078609737343
-0.2086716952914725
0.5048747785022046
-0.2578323071150068
-0.1561032439382768
0.4673849161630664
0.2678691021085512
-0.1697405185033799
-0.1521727654934097
0.2532084469543172
-0.0358360448349028
0.2299869692510191
0.3178264984018193
-0.5017075565446906
-0.4524395707288053
-0.0903510432918721
-0.2371559698029457
0.0637583499494867
-0.1457625319378026
-0.1118388761626325
-0.0626781680688252
0.4363628596832511
0.0949669697668715
0.1825482278604448
-0.0133114010591759
0.4101720740463040
0.1904203711538243
0.0380288093205807
-0.2347321116752454
0.4618406765798583
-0.1370880741813861
0.2439296802389574
-0.0160816404090847
0.5044037540407351
0.1547218558006601
0.0735576164952404
0.1394580218785730
0.5037685914840926
-0.0491528129129182
-0.0050495471421843
0.3035767340408644
-0.2201010077757095
0.1957457477935046
-0.0612392238045402
-0.1853815402778187
-0.4147741655721828
0.2766206892573791
0.1923938329188351
0.3001661566472935
0.1788050541650376
0.3161788564553867
0.2323772821726794
-0.5095162976153425
0.1806621103124269
0.1458276185207684
0.1116422628332913
0.2503133121232026
-0.0148278643320586
0.1585782723332782
0.2028643557121684
-0.1126834768465478
-0.2310316998222093
0.3096499120853104
0.5484100916467585
-0.1952045692944978
-0.0501761157383746
0.0737464943667359
-0.4922158737134177
-0.3275835510304267
0.3024668331472122
0.1437417098487672
-0.4118628408372291
0.0103848236546633
-0.0440670498799774
0.0450150343651535
0.3905492694639419
-0.6827941858907151
0.0180385876428704
-0.2646496334172742
0.0951786135970817
0.0524297199906576
-0.1004394666138579
0.0561039349021998
-0.3669111769561450
-0.0368286047867329
0.1225002502687823
0.4202333940483779
0.5384225007222849
-0.3651627352789087
0.1003669102478413
0.0103672797474738
-0.3546833681385740
0.0686769579057731
0.0778349078526591
-0.1169353222713021
0.2978717377067565
0.0041575042308268
0.0502038654973631
-0.0806150243942134
-0.4182346157493024
0.0850076019936969
0.2959707517827586
0.0502585428786843
-0.1213874035852090
-0.3362868262193604
-0.4240360988589125
0.5288554076016040
-0.0322593679085987
-0.0619820933335647
-0.3429536522005076
-0.0942955761840678
-0.1370569840886112
-0.3800405358929589
-0.1382458378481390
0.1382700397611253
-0.2965123550002198
-0.1431560126315211
-0.5411181906036278
0.0024216015887869
0.0811377370511132
0.1899750376313644
0.2648110145911954
0.3958815684228513
-0.3438069244677049
-0.0979894859748096
-0.5431085793493683
0.2828497326053181
-0.3953605663790034
0.0832032829870124
-0.0757089838966212
-0.1346043487679293
0.4380395713614330
0.1063172556443522
0.2564461684316153
-0.2238476246158855
-0.1137840202153784
-0.0140910588805076
0.0998616843870208
-0.3094737737255366
