0.1624985602447263
-0.6607234734574408
0.5733330311093492
0.4564295619037969
-0.3120249036367961
0.2631428648658254
0.4658044034420737
0.7851258178882083
0.1307136065001714
-0.1025753563372461
-0.9698158101284899
0.1784644047781691
0.3484209207727336
0.3658554690317702
0.5329467990056557
0.6787638375584319
0.2874264456287381
-0.0493986302329896
0.7221093673742301
-0.6272988723365632
0.5615347794922549
0.7817347668866529
-0.1295862374818289
-0.2382789388858325
-0.1048044284595905
0.9295506224485562
0.0383209272142927
-0.3514017339430712
0.0451593726649093
0.4845830544535277
-0.0601905804415280
0.8715027185402885
-0.2430263088767129
-0.5520436677214325
-0.0850024073659010
0.7930703580795531
-0.6562021414629872
0.1241542497387337
0.7117197731472235
0.2178059602546882
0.5022756547829026
0.7378639587056359
0.0369038888264521
0.4493484706162233
-0.7843595582103832
-0.4109320691355827
0.4213811247860418
-0.1958388768197252
0.8829207254439477
0.3168902474128701
0.2952715947171000
0.1812353415572246
0.4688095198733162
0.3750550544874298
-0.5052900090017082
-0.6198655878354882
0.3595175886600444
-0.3625536055845292
0.8586381010776289
-0.0451951092434621
0.3065386316670268
0.8311002594623779
0.4628626670839049
-0.0326278628973660
-0.1269545084695373
0.5549885988525126
0.7705184581673901
0.2866557404733616
0.0017326866023722
-0.0721618370180173
0.8689656815124001
0.4895797293894155
-0.4633936234293688
-0.2950700231115018
-0.8313294845879348
-0.0842099713854427
0.5557940062709709
-0.0481765612135491
0.1290993360955522
-0.8198203479803297
0.7488559870132502
-0.4809509225260419
-0.1580068455667890
-0.4277087298498748
0.9135117241737313
0.1717097139550077
-0.1205569224882808
-0.3485371319827786
-0.4083236377205884
0.6270346980495994
-0.4018284896858110
0.5278571390038156
-0.2768482627052231
-0.4140404499896559
0.6308228243873760
-0.5949689987229561
-0.0819261522426641
-0.9112830391614127
0.3724374401480814
-0.1553759353677240
-0.6286227269679695
0.7350748391360794
-0.2395551100882681
-0.0843314724110670
-0.1437337170330616
0.2087848343692869
-0.3400861669304308
-0.9055887093972718
0.6636467456679936
-0.2020416576038037
0.5495449742613098
0.4655668446325673
0.2978148774625047
0.4935692839472215
-0.8154033252991123
-0.0530384558313178
-0.6933120957840202
-0.1452538826573924
0.0544785556209100
-0.7037412410751422
0.9480590403574111
-0.2426699982326841
-0.0859120932878689
0.1868540611847391
0.5464550516154481
-0.5157320782518885
-0.0386020184900785
0.6587239058926264
0.1901288703174631
-0.8653542217224029
-0.1862349872093338
-0.4246523438745619
0.0544049617202731
-0.5749227214188806
-0.6298577663839890
0.5194065446856598
-0.8428764257419371
0.2068386058606275
-0.4443913557029152
0.2220212715724643
0.6601129463018501
0.4119344526886085
0.4554314030091602
-0.4326004414768151
0.5420005056053216
-0.7078712269413715
-0.4398661248003973
0.1080350417465300
0.1809025231194502
-0.1107318767511050
-0.3540855943863659
0.9108436311729082
-0.6236797405633715
0.1616169703794544
0.6067509777723411
-0.4655714629017552
