0.1507147172589408
0.3990912675929515
-0.3972675636736540
-0.3725559045608057
0.0238340880879813
0.1164993706468093
0.0350053934775288
-0.2457116736355351
0.5077715256680103
-0.4333821886437978
0.2798698784797963
0.4319772854997287
0.1008997977313852
0.4305442347011227
-0.0939747521930526
0.5506980444797195
-0.1323801745332560
0.3193374055144026
-0.0707306853049213
0.3208053295349349
-0.3203637299154031
0.2657910241607171
-0.1779504963397067
0.0528692515614579
0.3803823812722892
-0.2403486169180591
-0.1814335258195922
-0.3105399188361156
-0.6179997575667718
0.2802241881968996
0.2865909599164027
0.6925057509175313
-0.4225156625475047
-0.1422265982090883
0.0158325153666859
-0.0183761898506859
-0.0735480418607425
0.2211554165164232
-0.4090903021050705
-0.1314962182553936
-0.0428386517625715
-0.0669894851051976
0.2041249336722843
-0.6821837346267169
-0.3631327141335585
0.2586760068855232
-0.1219683834158539
-0.4126353500059000
0.2783720003870664
0.1588136915546873
0.8415711997183859
-0.1947032778566192
-0.0643620529089153
0.1446814704113656
-0.0623646869913303
-0.1207268668837056
0.0058368354058294
0.1705994292298796
-0.2334680481714958
0.3558980945048655
0.2711753662987297
0.3558377548231689
0.2734019910712271
-0.1407967547608563
-0.5430506774161012
0.0001443188927603
-0.3013766398702240
-0.0080487400499785
-0.0401489060374204
-0.5637928547617168
0.3001863467456630
-0.5104080915483362
0.3636384140295970
-0.1499092808374706
-0.4319782498165946
0.2647845521273931
0.2527956291775806
-0.1364010794553938
-0.3797188064163504
-0.1060788610244933
0.3322694753896286
-0.4091889738090701
-0.2762657159980522
0.4702712058732776
-0.1096780890564780
0.5703826185211189
-0.1574873425701476
-0.0954845229865585
0.0072849664754608
-0.2309661963611620
-0.0456107243091916
0.4763720255056784
0.2497698653543847
0.0454373875832186
0.4550543986978727
-0.3095560280322200
-0.0190226717082833
-0.1501484270909888
-0.1633824184953181
-0.5950127277449684
-0.1707448252435309
0.5671185931897952
-0.0491155240459115
0.1732659613830461
-0.2542332888031720
-0.2058489017510337
0.4614112596998240
0.3919292223116000
0.2503346619205146
-0.2839095516330716
0.5616526403059353
-0.0228957823473362
0.0367193405750169
0.0016002688299439
0.4618979593311686
0.2628762746623375
-0.3471667113942541
0.0121251684963803
0.5260604761724177
0.0529735173338409
-0.5094101891884915
0.3517120059846684
-0.0272280685512643
-0.0451947982615424
0.2951338493624786
0.2610629333856970
0.1657972646902130
0.5643711173018870
-0.3001520242572884
0.1505437264508493
0.3681716001259298
-0.0222489842057722
0.1727293965155202
0.3359836673925152
0.0647670612770363
0.2611039382779310
0.5624998752391482
-0.2440642962032627
0.3749260806477685
0.3637596614545471
-0.3683064732849161
-0.0411281992991609
0.3542880122357088
-0.0044450324010172
0.0721861336097693
0.6321635805477792
0.1990730165598175
-0.3159767437876773
-0.2344668933674710
0.3712564288373500
0.3661158690039072
0.1306134669520031
-0.3176072587282361
-0.3680092839493815
-0.6645330062213985
-0.1978294528842092
0.3574212268562698
-0.0250692680870597
0.0112260988518184
0.0578710044243488
0.3086057186085706
-0.2302437197684986
0.1421838722456925
-0.0402598008956078
0.5372158787534875
0.5372748943131599
0.3148056886466176
0.2850291510393122
-0.2488541644338728
-0.1018596520103869
-0.1591803726111159
-0.2659197295641306
0.4600252628818661
-0.0644447008394129
-0.2656233663798395
0.4995199586016891
-0.5221605517016581
0.3082293294819122
0.0136265884275497
0.0159165769341188
-0.3110361823255464
-0.3186862507071779
0.0677651166458459
0.4927570409142626
-0.2574233814278282
-0.2057847748026413
-0.2091702914097617
-0.0075571256527578
0.0413312149702257
-0.6325837441447131
0.1338991166558337
-0.0831330439614019
-0.5129149400174376
0.0491407529709970
-0.0703859224754475
0.3280096104938037
0.4061936174181341
-0.1575828382274487
-0.5940196182033746
0.2333109064323911
-0.1141554916720372
0.1072077712080835
0.1147987752788980
-0.2053710072564118
0.5785499289152028
-0.0013814242024938
0.0399919626561909
-0.7041651764579222
0.2717034239438129
0.1188544324379487
0.2097765056863324
-0.1971847681221651
0.2237291899006805
0.1340224065206558
0.5191855162693442
-0.7137853831768288
-0.1500862726389043
-0.0860983929093668
-0.0068401277342917
0.2001660451601200
0.0754828048351000
-0.2301853513847877
-0.3040042451360935
-0.3600648766520202
0.2173179260642880
-0.3973745265167561
0.2973346928952868
0.4946017938707688
-0.4188720279205040
0.0750035234908047
-0.1998705544867860
-0.0305632731561044
-0.4031149202419565
-0.0499110355478034
-0.2444637021811915
0.1249805417614238
-0.2123004193707222
-0.6814317137339139
-0.2665155959665846
-0.3718750441319460
-0.4538235612354660
0.0772954660506624
-0.6661417423759409
-0.5048898486839476
-0.0767250746360210
-0.0399541955589979
0.0367039722639832
-0.0673129992583961
0.0013990730663071
0.2757675693053583
0.3222981318871558
0.1929365054160076
0.4846437233288891
-0.3113705846183415
0.2950725872254719
-0.0332375937440357
-0.4110517098724635
0.2464275031625688
-0.4518257131988460
0.0711278605805429
0.0301252646917322
-0.2064518396683075
0.1216366142003380
-0.1411126431725698
-0.1684746196767402
-0.3401900575254495
0.3050129975886818
-0.5458512642173193
-0.2050731962666028
0.5870326587682182
0.1088286760359424
-0.1104134887376498
-0.1697567508468125
-0.2874876379376917
0.0353283993452628
-0.3800176315769968
0.1427149533023891
-0.0492076383442605
0.7354420444096561
0.3939203447263409
0.1503902599673197
-0.1385972657567489
-0.0468513974271990
0.6917583650873687
-0.1723210828007276
-0.1739557119954069
-0.2371861042074171
0.1951308033798297
0.5139808795629170
0.2428664451833997
-0.0498934025171912
0.1856390520661294
0.3054643537904030
-0.0815909455580415
-0.2757073637797236
-0.0708142044954736
0.5593456342160311
-0.5739086198506814
0.1069933698162274
-0.3582845395196828
0.1242719971983169
0.1786290694060627
-0.0301265345289388
-0.1270519169634912
-0.5407555758310079
0.1097208688272789
-0.4326178639157993
-0.1692559399007992
-0.5104140480469885
0.3934650898435856
-0.2508374199276717
-0.1994895617656092
0.5691970743688999
-0.1934964868159708
0.0362093007447787
-0.1173352245728140
0.2021660646727498
0.4789061278413964
-0.2144386506428430
-0.4522980249410206
-0.0155269863008960
0.4307642619594068
-0.0712801984186621
-0.3867287545932245
-0.3505752409814503
0.0609040797767630
-0.3108235221449042
0.5030885234486747
0.3493196135214992
0.2474171452049190
-0.4966045643167534
-0.6538368009747324
-0.2176541183194388
-0.1143400437841416
0.0589112610644070
0.3519782919929436
0.0586235066711221
0.1022558181848359
-0.2818866009839942
-0.2114760155220363
-0.0742027701249623
0.1597183651011260
0.5526532146847746
0.1282508762076912
-0.6833748889219184
0.0083203974909662
0.2000881687612513
0.0887884114759284
0.1225345750427851
0.3422079522903169
0.1515155447468333
-0.3952950719256025
0.2736343606266863
-0.4022059438542586
-0.3970527495709357
-0.4978204858856077
-0.2864404960382818
0.2304288935267137
-0.0264328554085278
0.2069275489809403
-0.2194065480318655
-0.2788548203483484
0.1394269396168847
-0.6546242197105235
0.5158324196728084
0.0936217668513136
-0.1423756882421008
0.2588004135993668
0.2343161433473176
0.0955371613459774
-0.2019770077062185
0.1256928897160998
0.3076669741738998
0.0316713143757863
0.0933974781463473
-0.0519434778048961
-0.4482091961584448
-0.1152820630810299
0.2136131942742119
0.7592834111933635
0.0154516097945049
0.5208792319664378
0.5422551595469465
-0.2959435496799375
0.1378604320893766
0.4377161740884060
0.1812750724174839
0.1253690533837046
0.2471357512003727
-0.1629961719373875
-0.6130823761717553
-0.2839980259944624
-0.1173095690824647
0.0382306158409240
-0.0971685103249431
-0.3704575601972077
0.0120976459927015
0.5420377103806032
0.2763263728689495
0.1061319278577181
-0.6105617718017776
0.0261111243196904
-0.2539174084792816
0.5035069697124910
-0.2302775669968940
0.2619492133062875
-0.3343626076454119
0.0098102182344797
-0.1336498138695612
0.2390338854404084
0.3318468131496608
0.0647050954167934
-0.6264040933480491
0.0792253371291849
0.1395829226767822
0.2014101013375107
0.3408102206090229
0.4574577531766686
0.3021470703809311
0.1013445866660797
-0.0509421656241028
0.3093472001435691
-0.3032148073110736
0.2368594847550173
-0.2128508108923957
-0.3409867432771889
0.1679961264600733
0.2987024103254169
-0.1473950444926264
0.6729925826223032
0.4732251341374271
-0.2042500706463243
-0.2747211541735585
-0.5728179409074372
-0.1167248200143590
0.3444943313880763
-0.2903099797543441
0.2437423700036550
-0.1100961329170967
-0.2064833198021816
-0.1721626429862578
0.3767050866663680
-0.1522000771707178
-0.2955766280927775
0.2559307087637374
0.5480884240091576
-0.5672741892875639
-0.1545080852138007
-0.0486077446683215
0.0631346195285291
0.2084277362768270
0.3998774888478200
0.3725375363284625
0.1335695172904397
0.0794932545747512
-0.0969090065425564
0.5821409897974538
0.0796134855849281
-0.5126166520238991
0.1277420707790284
-0.2731970972699155
-0.1405720901399792
0.0717878360652166
-0.3971002936007357
-0.1083685656031400
0.1505977503263034
0.7746220551226676
0.2095019116964006
0.1835952086480955
0.1752132660290833
