-0.1319015058604423
0.2737000080297473
-0.1278458840914335
-0.1602210444150928
-0.2072160817148432
-0.1304349091217446
-0.0367468393359638
-0.3251782766879266
-0.4362313350229421
0.3019248982218845
0.0346074675151050
-0.4518913066441624
0.0521947863110422
-0.4444027770534199
-0.0390703100969498
-0.1001372487210805
-0.3004594641766855
0.0477865285073920
-0.4367698354160562
-0.2179611857224067
-0.1921202874056195
0.2276546689633981
0.3283940807560446
-0.3063330101923982
0.5669639580277356
0.1547954105790960
0.0757663793701465
0.0701068198767121
0.1405248029797710
0.0371909027714725
-0.0231012187219454
0.0318879733344085
-0.2388869692472942
-0.2095231552815085
-0.1692174538000758
-0.1293734114161821
0.0145064702847984
0.3627523673316770
0.1875450478467525
-0.1691024961042280
-0.4424927190721087
-0.3742763144950274
0.0211834406715566
0.0917275061933900
-0.4402220650878293
-0.0141649762825129
0.1589218312371944
0.3067491142045694
-0.2200117122357546
-0.5480245055921363
0.0122174968596743
-0.0816513323849630
-0.0127415739582740
-0.0571498973345937
-0.3867508259142828
-0.2367161145408937
0.0010164069714342
-0.1258557675253584
0.3906007800176267
0.1307198623668119
0.0600140423967508
-0.0830864676981540
-0.1146922574639114
-0.4756594184363380
0.1798359189832856
-0.1270903238447114
0.1083981838969904
-0.3380125171264081
0.3903652085763630
0.1962620192370482
-0.0175286036504808
-0.0009928550346161
0.2990213639099282
0.1732360578039962
-0.2434752935000210
-0.3105534750834290
-0.4930841420597298
-0.1600781767654110
0.0990600444928692
-0.2838562600713177
0.1863257027496103
0.4306679029795515
-0.3085204038072580
-0.0705857025858459
0.0319012848272467
-0.0563830658247093
-0.3844409947513091
0.0011176484412356
0.0769317269086874
-0.0819432254869006
0.2741118406613344
0.2853005388534294
-0.1560993210492073
-0.0944370429096267
0.5653833830981599
-0.0744125979662106
-0.4325596417867312
-0.1166518943504107
-0.1070737457108406
0.1965426913845785
0.1260035673977112
0.0883638681547402
-0.5558338316853600
0.1835436371069208
0.1312126368730590
0.3375908743597248
-0.0968780059194876
-0.0815402620458410
-0.0810529197029767
-0.0924654064439599
-0.0360987901992761
0.4682147169805831
-0.2974221571897013
-0.0370411023704730
0.0574372129043074
0.4959901680038709
0.1210438107651581
0.1582578610824310
0.3947038947191031
0.3143518127012687
-0.0303247552441540
0.1866779477181026
0.2405597370459981
-0.0305388886115986
-0.0097085275818731
-0.2519526545581262
0.3415433054982321
-0.3029212317808991
