0.3966262267544957
-0.6489000592331597
-0.1814294796148494
0.3847711439281293
-0.1669948661575744
0.3150618668672604
0.1598036960217366
0.0874174721563133
0.1175910783628974
-0.2578621674786574
-0.1017616304215149
0.1404172141553592
-0.1042068127138180
0.1427689450942814
-0.2999985436194421
-0.3099357571208224
-0.8129949888589221
0.1073952691906443
-0.2827361650698890
-0.0138531777933817
0.5729429564329959
0.2063706638396528
0.2588681076454731
-0.5197882402036083
-0.0061471267513293
-0.3613360322496207
0.3509891296068774
0.0073380423674195
-0.1670915885825915
0.1009290625046027
-0.0488706608546798
-0.0938491100920611
-0.1779649777764059
-0.4247558364647696
-0.0945343727474927
0.6355863005658708
-0.1111103920261300
0.0824557924692243
0.4952274323678447
-0.3152991743112640
-0.5178473003593068
0.3114748602153053
0.2247124073774737
0.4652598562866873
0.2167013916772167
-0.1284250275707138
0.4304766491817520
0.2851053601860014
0.1790592284277980
-0.0757976584009509
-0.3085498268943436
-0.6475174831482924
-0.0051713768168946
0.0405985858216289
-0.4060275131394819
-0.0981905162290332
-0.0291524417357203
-0.1536267557732136
-0.5304158792162672
0.0595932567913004
-0.5986585653000865
0.1552917733613128
0.4314392211363705
-0.1530179846136498
-0.2808481831817162
0.3228337710182965
-0.0540256358604626
0.0277057348333501
-0.2343855065374185
-0.4076981649642410
-0.1782152723707648
0.6630108321944669
-0.2411562601339785
0.4295256027899684
-0.1541106364749868
0.1924365198781441
0.0176375734723597
-0.2539525709892131
-0.3956689485235913
-0.0621977189243831
0.1541585045064679
0.0272284876377824
-0.2104486069893481
-0.1877378501492173
-0.5927647887390336
0.0940934755426266
0.4724273334043100
-0.4085761406238621
-0.1283985758558145
-0.3593434696247605
-0.2461950901195279
-0.3383150574268474
0.5334122958318400
0.3307440669432181
0.0658996736305284
-0.4121528029248341
-0.2784671870301900
-0.1417396305669207
0.1348602306897209
-0.3754683814460628
0.0467518965625078
0.2788684361203436
-0.0730541613673997
0.3418847365074459
-0.3873753247349938
-0.0340470228328695
-0.1078864829330775
0.2397017338053435
0.3017253120769091
-0.6974748394311825
0.0121529857253943
-0.1053416149789924
0.1756025518226210
0.1213789925506760
-0.3069589850371770
0.7692931002721148
0.0131711307141231
-0.3784835020977974
-0.1153289031847228
0.3169016321774214
0.4697808049930199
0.0284681189275133
0.4364272916786874
0.2496572191094817
-0.2332531950544228
0.1130901348187924
-0.1609136078610175
-0.1166098710271356
-0.5331099287382844
-0.3671571523990552
0.4514577863561945
0.2953440523892621
0.1759386655328130
0.4785335636037422
-0.3922498688790074
0.0500629390335633
0.4459588537455604
0.0837073103081922
0.1630461507521174
0.2453007430144570
0.3182274411700141
-0.0747541092000594
0.1735992979164830
0.2706283398581428
-0.2057461787174066
0.1285326365433133
-0.5491763901451813
-0.1194031248077983
0.6233997749030236
0.1625899212839792
0.5856788063079710
0.0324066912583839
-0.0079629724123608
-0.0412415476079584
-0.1278846474518612
0.0705980008072238
-0.2632629495521648
0.7500583046678265
-0.0169294579352633
0.0254137698637836
-0.1494035864112364
0.1901017325705616
0.3884435923827598
-0.2448366429687041
-0.3491751915154022
-0.2764231352189001
0.2560998613538523
-0.1670676132122357
0.6592506530956639
-0.0652937930182018
0.1447877598092295
0.0549970261579513
0.6294726915669452
-0.3956215412444933
0.3180547443978457
0.2400694062449162
-0.2379243661376471
-0.4245673775106377
0.1302710847652863
-0.1031086833154805
-0.0096401794456191
-0.0570135915694547
0.7191395730613829
-0.1151025194966918
-0.3726015208196544
-0.0796734661731212
-0.2079867931669165
0.2032090474105665
-0.1165189519754952
0.4721624275598593
0.3352459055286556
0.3518920204267533
-0.0520951213743269
0.0742753530574928
-0.0031370841802757
-0.4700465555079160
-0.2154005291484826
-0.6340772107324499
0.1177986149411769
-0.2688308810231218
0.2109499099367334
0.0178857542576790
0.1795232841975884
0.6718315623533121
0.5258075537623795
0.2116848332071144
0.0419171528603714
-0.3816459364982605
0.0536659946171099
0.0043838131619194
-0.0660403897977613
0.1186629474640822
-0.2506239873983944
-0.0280507778861545
-0.5395433650327826
-0.2515187941891512
-0.0488042493521722
-0.4035912597320337
0.0620683277078614
0.6280681165625069
