-0.6248071738945554
0.1594951645300323
0.0261555191110024
-0.7638672507454883
0.0693827639125066
-0.7430797096590346
0.5663025588123347
0.3497427469548273
0.6710617674144795
0.7252419504581644
0.0475530914523267
0.1464203575447040
0.7283651959117079
0.0125222802721847
-0.5646926410458195
-0.3878782734698885
0.8424103927490693
-0.2039967511638717
0.4676225996905226
-0.1733757767441052
0.1144269660552117
0.1000712280546036
-0.8854153403890078
0.4392401322270775
0.1729407859296591
-0.5710622648568181
0.0277654368775181
-0.8020027772605490
-0.2857755913898016
0.8291674735674330
0.4653458321508128
-0.1194439979382686
