0.1227795216469495
-0.2022756672543362
0.2755875697666384
-0.2770454932404018
-0.5594715726433244
0.1153625738380740
-0.0239108771241622
-0.0968620381158253
-0.1083250716049869
-0.1908019571926030
0.1109541858588746
-0.3667663241945658
0.4074068024296636
0.0739636304375503
-0.2976862170674081
-0.2119838080824930
0.0804274875018179
-0.0118322664984494
-0.0605593878155330
-0.4320275148603839
0.3436967001554716
-0.1166428579454190
0.0231328445047278
0.2274956469118820
-0.0267201369724687
-0.4329870990310585
-0.4026271623116487
-0.3091570712319656
0.3580426612548044
-0.0066049579755006
-0.1440330760460161
-0.0959140639584721
-0.3317538418808688
-0.1933954471989181
0.4400798168725698
0.0890524198922552
0.0166566070757551
-0.0255436585419095
0.5102724605791622
0.1302870242102279
0.1161979882499865
-0.4345072304224536
0.0546176310667546
0.1799270025954695
0.3241204168659011
0.2674610945920576
0.0926620120179383
0.2115698646825134
0.0765839581422988
0.2668510219468186
0.1076846357150796
0.2135745148055900
-0.2204164187873935
0.1680232047959662
0.1475593868716734
0.3622126355130731
-0.0168022913882791
-0.5409190040272357
-0.3768029711500778
-0.2760231078783378
-0.3578820955213703
0.5909447745932989
0.2309377801507487
-0.3604786018697825
-0.3190681907270471
0.1283991059251934
0.3285295771875332
0.1138309450279524
0.0006864609020162
-0.0575884530719583
-0.1828345843353115
0.1837969011215766
0.0681165360766619
-0.0706327542265518
0.1417464454810042
-0.4669992827155807
-0.4022855392500375
0.0688028550894266
0.0805891657899211
0.1002916158040792
-0.0170995413964963
-0.5611507276672615
-0.1267966591735899
0.3363630280033079
0.0059002680143509
-0.1920613368896152
0.2010832304191755
-0.1483739058950633
0.1443348456269472
0.1848971276685477
0.2041547972480401
-0.0265154868431032
-0.0260795090750422
0.2310152782577899
-0.6126367314753273
-0.0409524357472542
-0.5204959811991174
0.1431781950763495
0.3002447478941654
0.0879844354969074
0.3101814957172592
0.1224246652803544
-0.1324307885017062
0.0885532817351417
0.0261628260785547
0.1965532352014337
0.1541812673205039
0.0264356074773284
0.1799510059029363
-0.2027908053676564
0.4903951320369239
0.1104469066012345
-0.0252143467074432
-0.2604438232062700
-0.0234818494730444
0.3726005430819361
0.2908197095666338
-0.1655846000259864
-0.2507038919350324
0.4775014411190742
0.4571817843797341
-0.3031950515557253
0.1594019921159584
-0.1825902986827810
-0.0595518772794986
-0.5659856561894606
0.0346574545919800
-0.1939756528136334
0.0682929959950035
-0.0260997791486516
-0.0518763276837476
-0.1022443246886865
0.3017944312522098
0.1570954776472578
0.3786111823840381
-0.1928917593956079
0.0677864368227423
0.3688779188710615
0.1787605706499148
-0.1726841815197752
0.1458438796559580
0.4280436016228331
-0.2371495872650365
-0.1804003641208449
-0.5343021505277945
0.1167705459433156
-0.2309366440782988
-0.3225180956753458
0.0922080664240060
-0.0459300459026862
-0.6702061901806704
-0.2907959469404260
-0.0458214018303389
0.0181331974304037
-0.2412648597106052
0.0905496147564842
0.3308424179127759
-0.1200053274358927
0.3294447522122009
-0.1003070609680761
-0.0801189617517226
-0.1958913236728657
0.2583689330330548
-0.2077542619597037
-0.0162132021185758
0.0377823594954005
-0.0551527786962034
0.4371856330511023
0.1243357990151937
0.2789531179700923
0.3319139860239482
-0.0995257392040813
-0.0042727263426099
-0.6238988128017019
0.1054050416994254
0.2902632102805021
-0.2465753904233609
0.0896209596582566
-0.0875850191377476
-0.1729724623421766
-0.3635732766882459
0.2764475528102328
0.3276307596977894
0.5293520970885309
-0.2160874231992482
0.3079756459344070
-0.2220226086567723
-0.2633795738712461
-0.0730160979512953
0.0319329147995073
-0.1386717457742784
-0.0145214266124452
0.2880128068004305
0.0240429416251806
0.1852264223933500
-0.2605114287677563
-0.4065243034095793
-0.2638078485644394
0.2542071155671797
0.1100592163135949
0.3439413096899634
0.0265665769874946
-0.0401445404207311
-0.3677191467755865
0.4054474175784845
-0.2405966695084347
0.1024939533591404
0.1071075989742760
-0.2866729834868716
0.1956520904689198
-0.1586000047205014
-0.1539047959189867
-0.0569401337347702
0.3620783088126487
-0.3387398703915832
-0.4756206118580931
-0.0493885341308830
-0.0671781027440975
-0.1534337536376125
0.4469951123925978
0.1132507382972174
-0.1681252514552117
0.4207088748536047
-0.0921224056944581
-0.1377817425238248
-0.0009008903242355
0.2876594973040503
-0.3649670119444292
-0.2425099424126298
-0.0734095118396841
-0.0522692954291506
0.2476499319089147
-0.1536982429827045
-0.2606046832556887
-0.2026511017300387
-0.2538881048943005
0.1872798545505643
-0.1738569094361350
0.5274988114867412
-0.3393643041246627
-0.0348720183338533
0.1931538634900473
-0.3752452048156080
0.0571783813478641
0.1131870717004048
-0.0215222382863042
0.1351827650329698
0.3435998471063208
0.0508853655259878
-0.6375112866767143
-0.1942569307700165
-0.4636212760389198
0.0494612474066613
0.0136260104399707
-0.0588638643186247
-0.3950560800775325
-0.1057194193763850
0.3673915424007206
-0.5945557178807550
0.2159013367239372
-0.1108842608830248
-0.0902860335064444
-0.0024382438813182
0.0523983443445159
-0.0812446666548498
0.2845318665106382
-0.3111191334760110
-0.1610248041637512
-0.2389395813443912
-0.0842255291708026
-0.1992485963150720
0.0883232538569021
0.1901489104219703
-0.0519088410095993
-0.4393343345868927
-0.3471614875621907
-0.3382100354154916
-0.0927136573492078
0.0371775569584075
-0.4655507597047497
-0.2252928489447504
-0.1693874195781178
-0.0666872618947442
-0.3533384172617631
0.2242016573639865
0.5629534497792480
-0.2241175231503278
-0.1180397283564187
-0.0137657579886224
-0.4113560455501767
0.0372311079730862
-0.0185475768170024
-0.1871820459731540
-0.0721175635694392
0.3723955266132278
-0.2430671897286686
-0.1878946234780553
-0.1385449163628764
-0.3899166204731235
-0.0570588191309624
0.0297314489906564
-0.3866577516202908
-0.1079326981317815
0.0085216075114335
-0.0577642134628232
0.0212358444135948
-0.0198306496573145
-0.1274580252247493
0.3403643668557045
-0.6231466754830812
0.4506874801555132
0.0853418998527431
0.0035484062989163
-0.0450841419629558
0.3175782951547707
0.0485078785532478
-0.2365467659510541
0.3576005898091855
0.2702054312220796
0.2459718604095298
0.0476227057616338
-0.0960554972462382
0.0375662295542157
-0.0415905665670753
-0.1268771114489906
-0.5618374039610304
-0.3191455987066509
-0.3540901989187352
-0.2776733297975864
-0.1719604391113012
0.0167566225846457
0.4135643917737253
0.1490864956924478
0.1763172804763072
0.0332079601994413
0.0287404905997350
-0.4179166964325846
0.4669456820317786
0.2721679863087189
-0.1651906671548934
-0.4563710738166235
0.2512870244756868
0.0160361838453290
0.0517655636304408
-0.0709069501184323
0.2925571518555224
0.1051784115324760
0.0105667564324056
-0.1432704134404732
0.0704561083044342
0.1994282392939250
-0.3553158581542120
0.4074598829439022
0.1802107500417167
0.1614068983948914
0.0953977994152636
-0.5366991050842738
-0.0845689510883632
-0.0982509016129344
-0.4161985438218731
0.2456197912482923
0.0111063959839328
0.0606451420678160
0.1678991005481249
-0.0306169003301075
0.2944878158693618
-0.0546651511990183
-0.0002470821185525
-0.0913179522502423
-0.1711118185275748
0.2853545100643525
-0.2920314651562000
0.1306903475789590
0.7120553546323657
0.2976579007826184
-0.1901941672608459
-0.3403199663080389
0.1064626177373247
-0.2491883980751198
-0.3433563886183261
-0.3527710811974415
0.3850958646983513
0.1366011714996984
-0.3402691775231720
0.0800897994361073
-0.4085593190672979
-0.1350422064790090
-0.2327852660918254
0.0381650142195913
0.0477435846050547
0.2693977068205103
-0.1776091972932533
-0.2251286432712068
0.0027604541629708
0.0085340243266780
0.0154297021691592
-0.1115601550328459
-0.2972983112439617
-0.6726257979087847
-0.4239081065452662
-0.2293302222525361
-0.1218067898150819
0.0101202276720111
-0.0425880180939589
0.2063431926298883
-0.0333680449613353
0.2759560423059239
0.0521240917029591
-0.2116325100496163
0.1608997673385721
0.2886395517917852
-0.5626912253626543
-0.2591541712567935
-0.1219559427614504
0.2239492308414379
-0.1714496426467875
-0.0597635754926952
-0.2453644020880157
-0.4182310522556898
0.2216567001127218
0.2469259453041267
0.5786978762889878
-0.2408050541478247
0.0237218320834363
-0.2438865780915515
-0.1287713015877970
-0.2274487062414133
-0.1435393240826515
0.1465154888742002
0.1523915498224490
-0.0854820942490864
-0.4404501632846435
0.2857083177563217
0.0437381469858528
0.2600992261234398
0.3409254680706661
-0.4334689643331303
0.3864151258812333
0.1388488079184592
-0.1393245115307081
0.0845807694342705
-0.1167819926295228
0.4982132441271833
-0.1164828846902524
0.2896353299840616
-0.2137323086445671
0.0391459941348990
0.1487132618369688
0.2664492264125518
-0.0328256728009205
-0.2320321347192385
0.5552285930182512
0.2657963294858717
0.1724686296636094
-0.0496520505664943
-0.3375720319322484
-0.2028253424873281
0.1133740031613979
-0.2004962702917155
0.1520382598453260
0.4698095839453257
0.0068015535398494
-0.1983233154855316
-0.1841706930324356
0.0987143310659266
-0.2418725012533821
-0.1226924826600525
0.1855159405856823
-0.3589441587667647
0.0045885767083111
0.6994518659946519
-0.1970724474199026
0.1638811278863540
0.0985480355268295
0.1738537212881860
0.1159828616637364
0.0854316893032701
0.3327892124500115
0.1164523966879472
0.1524512478028929
-0.0072271507177853
-0.0819512352346331
0.2509514452755307
-0.3367247747315981
-0.0053732886847061
-0.2103469644935352
-0.1264886093669294
0.4725980481487521
0.0697145957489848
-0.0250802687741462
0.1487430547531078
0.4833971325987013
-0.1153188254146057
-0.0196061119329992
0.5082118656734411
-0.0017541469873587
0.3050337686965435
-0.5219592006859460
-0.0833318161527459
-0.3282755465996007
-0.0962724236034912
-0.1543501185436658
0.4057049804579472
-0.3585650053194567
0.0387999816177846
-0.1761798693963851
0.1063299890574079
-0.2675944347595467
-0.2208590064001422
0.1711923569129833
-0.1888994838164849
-0.0755995724277990
0.1621789063250921
0.3480255391253654
0.0231030733797491
-0.1888767752535382
-0.1396918393946762
0.0965362058657118
0.1318276602365865
-0.3971708008342784
0.3149978655779573
-0.0931546780444535
0.1038119864257238
-0.3274884088140469
-0.5874406063798059
-0.1770192087997737
-0.2160292328304899
0.0427174135636729
0.6338307693567221
-0.0355595213055584
-0.1556995260822940
-0.0752206582524437
0.4147728914604992
-0.2966169020053673
-0.3173203841039214
0.0426260905963682
0.0438027478434687
-0.1382449124964148
0.0000531734136668
0.3220352342177160
0.2016886515380832
0.2110918581232659
0.1941891536766017
0.1521299243856992
-0.3987078200129362
-0.1050543008137276
0.2461944123592086
-0.3832481522469774
0.3844102736637759
-0.0499164962892954
0.1841471248092481
0.2080813880635821
0.3076802985051795
-0.3927375907718865
-0.0057343884988394
-0.2562887709357182
0.1928868432995597
0.3410870326426367
0.0227280417370938
0.1016653935562737
-0.3495698826160005
0.1903033381950286
-0.4030552399109963
0.2569811816506010
0.3474112041046237
-0.2637749297329000
-0.2376412637265906
-0.1627047728962753
-0.1114032911087059
0.3120608421363028
0.0180682318376270
0.0547051885245504
0.2205115111305580
-0.3437349558867891
-0.3352420880029825
0.2115617072131729
0.1182319430861718
0.2872315894952506
-0.2288767938882145
0.1960375519143653
0.3934812538390648
0.0186000388311033
-0.4380383128088213
0.3312484353738380
-0.1693622935464306
-0.3687153602787908
-0.0906455625530256
-0.3577739324681145
0.0779700218125926
-0.1776291751550658
0.1950131406756127
-0.4454707920777741
-0.0194464292415753
-0.2187048729099259
-0.1047025987125758
0.3697992056781809
-0.4757378431546191
0.0873428823869757
-0.0952572349387627
0.1215363791977931
0.0546213287837969
-0.0743023831675410
-0.6406242662701699
0.2922180203365294
-0.0532626109120420
0.0497866348236825
0.2463687729341264
0.1852174770793590
0.2679033276698958
0.1410194438720180
0.3428549703888252
-0.0389647663948339
0.0391559648094969
-0.4190383406739557
-0.0867949464596329
-0.0352745931173463
0.4444563716300470
-0.0351414693265153
-0.3809019570353418
0.1282241867519068
-0.1684541936528602
-0.3405820155574953
0.0252449890156458
-0.3549471068990923
-0.2587783830227092
-0.0377496064280690
0.0027462524267062
0.4101760792773319
-0.1664410218964348
-0.3211043944795022
-0.1851094466308846
-0.2732038454032130
-0.0427406907251775
-0.1637734035755459
-0.1488054920025170
-0.5548618473588470
-0.3237170278271572
-0.0406437340154991
-0.3328446826780521
-0.2355346850618113
0.3336063588660216
0.1562450283542973
-0.1139374831269855
0.3003412594843837
-0.1443321915322038
-0.1680456567856612
0.1397108297172276
-0.1712115460079680
0.0556827734828249
0.4233354845888739
-0.1516835007740100
-0.2749170154987791
-0.5099411275401358
-0.3243457550043150
0.2786320791564488
0.0895913386301559
-0.0315090084143830
0.2308228185143306
0.3476068651070484
0.1265792421749717
-0.3474882110745314
-0.0519529142002302
0.0089746083564669
-0.1050251080265817
0.0775153351104380
-0.0374825219727427
0.2150907949375246
0.7358805826433968
-0.2469772522632421
0.1343065022084003
0.1086268450055582
-0.0550144469272671
0.3203509724413383
-0.2444843060434042
-0.1182559529446598
0.2065831602439960
0.2499924331650072
0.2432792130529769
0.3859970199313100
0.4974717863661610
-0.3057036673090329
0.1408035706219930
0.3396579427507655
0.1000215959190085
0.1319436439975476
0.0118744773817793
-0.3258173303382083
0.2228272438679925
0.1492171957850918
0.0699535518975438
-0.2651622025558751
-0.0304819916959058
-0.0705762967064535
0.0773272078863994
-0.0067946778291581
0.1219353133556763
-0.0534578594330349
-0.1657871714364197
0.1301577402315885
0.0526220751481081
-0.1247730163745942
0.5788619250957588
0.4819574508940931
0.1150030866552177
-0.5066296261128389
0.0858028856797747
-0.0584255856579472
-0.2549953009793454
-0.5338562131592673
-0.0484884643518814
0.0896496328071021
0.1264272925144876
0.0229180008867328
-0.0047445951210056
-0.1090977628012904
-0.0235415987867242
-0.1126417151487420
0.3350659404352952
-0.5558120683895782
0.4073555416352219
0.2246484453366746
0.0340887168579041
0.4036439488224078
0.0892030736570287
0.0914196377542933
0.2140989629146170
0.1980606439434234
0.1914718284706664
-0.1043659858914856
-0.5315363104847366
-0.1118090346610134
0.1534523315122142
0.5220547641030377
-0.0666515125590477
0.2023472911908800
0.4183715766539848
-0.2942883548385780
0.3164161666896558
-0.2848135933159095
0.0512734036791492
0.0240776775374495
-0.4642736099956169
-0.0893655310591462
0.2076411214763874
-0.2285760160420955
-0.0802765920645260
0.3013300207152821
0.0682708904764230
-0.2802957089783212
-0.2335469824265765
