0.0480976223513627
0.0781571144289398
0.0951775448113812
0.0600929177604917
-0.0484373508031529
0.3208173493843203
0.5481481986886352
0.1523284891502241
0.2602241337744590
-0.1670839496470777
-0.2894894481943118
-0.1720612164425181
0.4156949809771113
0.1071855582110160
0.3703395540444722
0.1395797270362502
0.0038688674344402
0.1738054740384905
0.2615177162977086
-0.3168500779982355
0.3670211164453815
0.1427601965254857
0.1779708151459061
0.5686554466632794
-0.0111658990521956
-0.3049626693790506
-0.0885629664097446
0.2253166998538970
0.0141223388656894
0.1495089527093723
-0.3308503643356711
-0.0843288044296277
0.0023671517096688
-0.5778999573051302
-0.0675468516788256
-0.0282543649805857
-0.1075139199445968
0.1318520487503904
0.1853770491153894
0.2018997693605624
-0.2021713400045198
-0.2120264223319048
-0.0692748038926172
0.0189516244155051
-0.6030724346737460
0.2055070768002185
-0.0502460765764505
-0.2390647849039543
-0.3910436235521709
0.3252110604136348
-0.4040066321036643
-0.1076123656028839
0.0184332333677532
-0.4643938022735314
-0.2119225165482055
0.3136545198120250
0.0998015286079383
-0.1650365348212861
0.0438400771553869
0.2169588273451918
0.0116994263807448
0.3121622852693868
0.1381597141774864
0.0660939372272519
-0.2375994709063538
0.2675281893331130
-0.1150716006851873
0.3402903715118006
0.2645230488711131
-0.0573656478429819
0.0341389203131746
0.0773108497892577
0.2467741270826049
-0.1722174339038201
-0.2032958148711408
-0.5674226926770699
0.0662253520360147
0.1740763429065849
-0.4149741707365211
-0.0422434274197958
-0.2379910651897961
-0.1888529893258674
-0.1212043808740692
-0.0211982292764791
0.3530423489742778
0.4036842980649390
-0.1942797360667003
-0.2659360001939888
0.3272825073686061
-0.1017060067045446
0.4185803366254947
-0.2603300107966366
-0.2529130008314441
-0.0681678601535118
0.1054742279875603
-0.2373028226739006
0.0982214001066999
-0.4745309666082319
-0.3953398200031036
-0.1601309365568424
-0.0581289024922931
-0.0072062470180245
0.1909162285973714
-0.1731439248503369
-0.1165060940971305
0.1667494852153233
-0.2707923511290816
-0.2428710304280650
0.3962374518427003
0.3180399735288562
-0.2855356835944829
0.0007991054132977
0.2743237793747884
0.0410695166172867
-0.0933375877277073
-0.2357436899035155
-0.2886210497825213
0.0559036466514702
-0.0785413836705539
0.2532792502993021
0.2791221156615292
0.1790620431938005
0.4619841179006809
-0.3178453808771085
-0.0452573890678220
0.3640479919796037
0.3551251392296257
0.1300226605275946
-0.0358302212471691
-0.2401653607932677
0.1728775152406821
-0.4039156305097876
-0.0205291403156045
0.2753900057116486
-0.3494692117934713
0.1941307897394577
-0.1350293891293022
-0.1874622889055025
0.1102089988363475
-0.2471860155007102
0.5707700559462312
-0.1782403370649790
0.1238659635979050
-0.1114131126763949
-0.4459932005568431
0.3183792661049055
0.1033211941516984
-0.3079231159950503
-0.2598407087053538
0.2842329765712656
0.0589388500733823
-0.0449163569755504
-0.4196172256908412
-0.1738402892722063
-0.2842064092721144
0.0649687749040000
-0.1055163788091337
0.1219398533807907
0.2727283688434073
-0.2208140917999494
0.1853853902369889
0.0940879915619160
-0.1893324667380698
0.0962965855698428
-0.1480316695715820
0.0730312878754424
-0.0364534853123772
0.1163659916920737
-0.2186885791436110
-0.0235865941626448
0.5471281393985555
0.3581582521382347
0.4557697400396759
0.2713716775343459
-0.3053291062075314
-0.1376262467285311
0.1453166055251079
0.3041527373939967
0.1477579772420673
-0.2121704088710313
0.0731446734738312
0.3191276259451666
-0.2023148463772804
0.0716603939135583
0.1040272133284454
0.5608897687736145
0.0270934391583487
0.1342739710659716
-0.0121911632722440
0.0466129062269299
-0.0236089151462279
-0.5649823752060272
-0.1793419079414967
-0.0467157496587585
0.2939364484713392
-0.3727678622984617
0.2126964987239881
-0.2527286746974618
0.3218599716769505
-0.2251484665356515
0.4991156345285579
-0.0508565985910496
0.2532315459859108
0.2289449624797104
-0.0286939222544830
0.1361949995384114
0.1177526527789804
0.2746259613797381
-0.1084153757680304
0.0146582261322002
0.3763921218787613
0.5226331511744309
-0.0540965583048434
0.1451190237164162
-0.1262243237126100
0.2722870492041972
0.0690684837678256
0.5507243482888881
-0.1107829172442024
-0.1353096665610956
-0.0113500361746901
0.1561955679174562
0.0951117948561056
0.2948466732282420
-0.3838230336714641
0.1581912593076475
-0.1635394232267968
-0.0168846521335347
-0.0916915998961470
0.0974410266944204
0.6219061122576477
-0.2730874732371098
0.0082109890182689
0.2847046870144960
0.2569405549350249
-0.0493247144366595
0.1693450728747994
-0.2198966211058124
-0.1514051856911919
-0.2680442554681534
-0.0936011505733005
-0.3545038601986318
0.5838650138134807
0.2163314475270449
0.0788288089796833
-0.4022779339875505
0.1769613275460138
0.2020851648647489
-0.2579056589492517
-0.0450055092904981
0.3146625455049198
0.0537210956219157
0.1495963645627390
-0.0678894325552439
0.0238966759621585
-0.1991847099032756
0.2314928537429344
0.1898989147347067
0.2326002820323929
0.1937162302473453
-0.3502052375265705
0.1347930988841265
-0.0545194955854339
-0.5360652751692515
0.1356680380127718
-0.4395959696221940
-0.1050715464978610
0.3551255110874637
0.0866330585121396
0.1553769057090603
0.0093963267500195
0.0838403070161325
-0.2264795117373778
-0.1546617881242218
-0.1607675932935340
0.1607256373893359
0.3062344721594378
0.0792911618743690
0.2633789348975957
-0.1211757794317561
-0.3549039023460128
0.1499290459499791
0.2598066428658150
0.0758899160389538
0.0187154341087833
0.4925432652801259
0.4527006519765455
0.1393120728106138
0.5717108065081038
0.1723578831098905
0.0416739915373710
0.2973271170559167
0.2982706216795593
-0.0005723104699807
0.1683653706817105
0.0138392815506149
-0.0270137486516464
-0.2822715562047654
0.1542240523299915
-0.1451116077724063
-0.1066513494100908
0.2304662545985944
0.2005467477486155
-0.4536933421719834
0.1739180413143524
0.0472356014437876
-0.2230667729260349
0.0845560626344437
-0.2618974468988335
0.3307008851847087
0.3460269153770574
0.4507944461360486
-0.0186423260636166
0.0287837669544656
0.2086005366316760
0.1083736413535830
-0.1932960714742906
-0.3783058182321397
-0.1678898244473168
0.3802741969555117
0.1003482959982365
-0.0614687882357830
-0.4497063403908965
0.1880474700365019
0.3976412602194284
0.0167880705504097
-0.1099116105069600
0.1027090549393187
0.0290406826976340
-0.1362731853280760
-0.1119017406576863
0.1753781465633697
0.1361152943551703
-0.4461406025410411
0.5348051262573293
0.0352912304445059
0.4368137805357453
0.1128845242935079
-0.0155023138971333
-0.3462905237205657
0.6026851400429056
-0.1374158862055845
0.0621399706140577
-0.2312126388066564
-0.2640595673427091
0.2696127570533720
-0.1953769363459445
0.0745561555391393
-0.0873813542733278
0.0048766885832043
-0.0278502598170157
0.2056113106283715
-0.1631620221428855
-0.3449248764294174
-0.1381562665670588
0.1700805453298664
0.1657013742177650
0.2698701529285473
-0.1497612942948695
0.0638254294835023
0.4207593912650941
0.0749707419661021
-0.1938276367610264
0.5852044721397655
0.0953694635444488
0.3171492453024679
-0.0632953399904650
-0.0567774583027952
0.1243068396988680
-0.2232566200142623
-0.1493773048276758
-0.0693717851515306
-0.2118611001506385
-0.4580613725400874
0.2674306423521569
0.1366284861042930
0.4079439634341225
0.1761871666924351
-0.1810439570321336
0.0859594372943375
0.0238755465295367
-0.0509403383191289
0.2796837633711162
-0.4936317731527909
