0.5498042824103788
0.3546612132730132
0.2049449905127557
-0.1029194524165482
0.2099319127023545
-0.1763670653150411
-0.0598327004535738
-0.6556706455467510
0.1033204473807468
-0.4147478214286452
0.2749130771849227
0.4742672537974121
-0.4796362294339413
-0.2661317194166962
0.1126388428700841
-0.0635908601667790
0.1522940016935188
0.4320599987864963
0.1809984746736326
-0.7946256847074883
0.1903440029378036
0.0150795287410910
-0.3893806148962012
0.2242899681843468
0.1862643126961122
-0.2462289730798809
0.0458801403041327
0.0811051001461733
0.1383693298984562
-0.0334163068759833
0.1116961831357802
-0.8135369826623786
-0.3799278046893149
-0.3498994445418248
-0.1782673283450191
0.0169346922027493
-0.1709878340859221
0.2364147610952069
0.4362390038022118
0.4864413325979904
-0.0372309452242586
0.6152725396015205
0.0623429523681709
-0.3172992596334444
-0.0585634501112951
-0.3634981097092004
-0.0447623118590326
-0.2360008783972266
-0.1912655823612499
0.0246778927944376
-0.2251252309244429
0.6243896826881078
-0.4805397403943905
0.3186145573218535
0.0032396733682165
0.3450267850864946
-0.6513552474201644
-0.1340413624189997
-0.3403261354911062
0.5078171951486050
0.1262324824974794
-0.1110376325071280
-0.1917057621753935
0.2005939035604457
-0.1931512833841549
-0.2835491954253525
-0.1938825162946841
0.1655979537406384
0.3850278048812192
-0.4833542765173890
-0.0719627708273097
0.6244877912359731
-0.0547064539408747
-0.1267677535980884
0.1611972691673977
-0.6926655310041395
0.0590503652220649
0.1361734867072227
-0.1834409756482090
-0.2216727296202576
-0.6085618197009343
0.6267880030529606
0.1698726486845546
0.1737311075567602
-0.2218414016020953
-0.1844648409721529
0.1369581453117908
0.5190352962243826
0.4090985793801797
0.0966430533476361
