-0.0690627557279176
0.4778724181371789
-0.4159576908591001
0.0575294306691419
0.0604018759922637
0.2615090552022223
0.1807124973437792
-0.2127758899878850
0.0690664377988949
0.6601528007320023
0.0215261149884317
-0.2626077483159234
-0.2826810049047130
-0.0723182182126012
0.2937318845124643
-0.4383126126218290
0.2808343453376836
-0.1466741693672216
-0.2716911074100291
0.6267708161596605
-0.2882275439107370
-0.3684645084929897
0.0150689570085278
0.0609857391868258
-0.6273581239421877
-0.0104829893803579
-0.4825751109671458
-0.2892504781460828
0.2366688294797450
-0.1047264753541442
0.1478848688513765
0.2275913157905262
-0.0001688865779735
0.5368860591913384
0.0371188229972307
-0.2349826411602939
0.3058001447441452
-0.0378957268259913
0.2785824248010196
-0.6394786616864347
-0.2939061759571491
0.2747178145654322
-0.1438179602893766
-0.2812962345752630
0.1303664131023528
0.1759171903034922
0.1700380474945475
-0.3974665240561461
-0.7053872716987700
0.0770199122403046
0.4076675889119456
-0.0164050623518201
0.3147578365008228
-0.1116355237405284
0.1105224222477116
-0.2228061071846862
0.5707962292807642
-0.4131557272323623
-0.2629899257484377
-0.3073687793367244
0.2705860420741367
0.0828836417704999
-0.1734198045434742
-0.3774646177050873
-0.7174068936337632
0.4331944127175977
0.0575200330574954
-0.1064239928447978
-0.1144858012946711
0.1314833074474877
0.2792852413055646
0.1165582932727234
-0.2225505141297032
-0.3487389490436036
-0.0670612366040558
-0.0332032315543081
-0.0049671009583464
0.7704327236824150
0.0493890591579515
0.3682881145532031
-0.5052554862630918
0.0379231452124343
0.0406035548227360
-0.1003479926976312
-0.4503891116516630
-0.0077858523987818
0.4587775815036151
-0.1857789414714921
0.3527799361790260
-0.3990050390766449
-0.4131697102863031
-0.3116122823461316
0.1116771722525372
-0.0059151762400792
-0.4849113729699999
0.0653636392196584
0.2845221831772188
0.2782912467766724
0.2176496564905796
0.5239275591053523
-0.1614832097840964
-0.0932706748527175
-0.2076687570426932
-0.2896579281415320
0.4939049489176465
-0.1414617716367214
-0.2118700294665639
0.4669185794584042
-0.4839529311476945
-0.2777226782015426
-0.3248798293591912
-0.0531876886278270
-0.4194235766187236
0.0445680857780519
0.4452464004260682
-0.1330648509909535
-0.5270107759696953
-0.4193906855909626
-0.0508835226535553
0.2038456908362841
-0.3276136463089596
0.0556773599493312
0.3512923351055560
0.3061980106910037
0.1829917715485144
0.0524840895189997
0.7352907994456445
-0.1642351882525288
-0.0318874460044896
0.2598512454398261
0.5657127839816176
-0.0542567064211731
0.2501181573611367
0.5295474903650343
-0.0189175737439892
-0.3807423337956767
0.2632961103368793
0.0443103372789515
-0.0220151884241675
0.3419796822682074
0.1501964744009971
0.3084373654441721
-0.0915177569247871
0.1068935472255616
0.1421177947628596
-0.6965960772250077
0.0279250445888677
-0.5628020355122161
0.1895815846700843
0.0599583311377965
-0.3682818151105042
0.1472803853186831
-0.6673427099065545
-0.3648418933377358
-0.3180744072364340
-0.3388746114427957
0.1533812854924003
-0.0903015922729639
-0.0696191717197815
0.1081052124691865
0.0166800104602557
0.1436674323995741
-0.2333554336373213
-0.0853291889767792
-0.1666207004810544
0.5483031751431429
0.2512256499668225
0.2790643442032817
0.6663364700866292
0.0628590545907587
-0.0149639004679368
-0.5984738162926725
-0.2731315110131171
-0.5165382919825261
-0.0272761511226362
-0.1566946481840189
-0.1411973595338850
-0.4258877736404039
-0.2128669515509601
-0.1681246953140383
-0.1582184891569170
-0.3736032261480970
-0.1282253923403494
-0.0520042058590605
-0.0881636797059242
-0.7162683632609148
-0.3569257043155895
0.3757737591904162
0.0120384857356126
0.1633442566144487
0.1757062057434183
0.0834943312696895
0.5239854635159750
-0.0189653262606539
-0.4822679448005293
0.1720725970303116
-0.4379020107146816
0.3396168881397614
0.0708326430683854
0.3360493447103012
-0.5005815282132291
0.4593779587304222
0.0369489466894570
0.0983489901408817
0.1008051030952157
-0.4858686731907484
0.0367217648975186
0.2453850392157537
-0.3288157146825085
0.3338265418038799
0.3094521367372388
-0.5309224381576817
-0.3295993825563127
0.4753186991809206
0.1516461285505918
-0.3566309079358485
-0.1993691981399454
-0.2162136477040502
0.0204479974934120
-0.2251675574665192
0.0973868082547992
0.1269943260564732
0.1014472986632353
0.1549490461439894
-0.2179683122496991
0.2184686390683868
0.3098096213556474
0.2986290641514580
-0.6145325707116555
0.5310717071291307
0.0091993040689308
0.1811805887621876
-0.1558352152697037
0.0124434022742556
-0.0815830854881675
-0.4901811669691141
0.6029738274105942
0.2734451710575246
0.4810737711969682
0.1610418167514751
0.2451695507500117
0.0377083216751796
-0.1597110152127747
0.3612713601134174
0.5371211067058587
0.1615878523770816
0.1339792613948173
-0.3219689353915374
0.5785394496151157
0.1073001394975764
-0.2917682436090572
0.3510843254534125
0.5354726228801113
0.0676504625022207
0.1660925092090560
0.0049297579397281
0.1621889469917628
0.1135819023144458
-0.4432156177269659
-0.4868740725545696
-0.5807083952770985
0.1317461260555917
0.2007771965527227
-0.2432861740110702
-0.1152610340906292
-0.1584989923861623
0.0061699938310889
-0.5562672851356339
0.1303065395906904
0.4255148418566755
0.1429528292770476
0.3216105381366146
-0.6967906376280973
0.2159401291297298
0.2883314767791547
-0.3911174876050360
-0.1446704429586840
0.2865434786657157
0.0651283468520286
-0.0244435042274313
-0.0352003180758039
-0.1161835798456138
0.3596336568332877
-0.4137471795100268
0.6614279517596052
0.1053898247547433
-0.0520248108084398
-0.4800335986894166
-0.0437168737500075
0.0330947927966456
0.4103120788230001
-0.1789806956686864
-0.1551093781748084
-0.1566949838348773
-0.5645208103061466
-0.4632200084346161
0.1386905146400974
-0.1568228556417571
0.2375681213533464
-0.3427449061971746
0.8032293255778211
0.4713915135826291
-0.1345091428198839
-0.0494874714899541
-0.0835646902176247
0.0533654553542613
-0.0431688501674895
-0.0159275577087001
0.3032266218485198
0.0904235695165814
-0.5349689082683163
-0.1212786221407803
0.3966972013322720
0.2664346369183374
0.1288816843834473
0.2711185517055423
-0.0991918484268739
-0.0528035425034294
0.6064037691500693
0.0165877038823684
-0.1204539414564168
-0.2768861271111265
-0.0199259700027752
0.1133425960365124
-0.5721537953546214
-0.1992275494790139
0.3545858388437737
-0.4508723781891923
-0.4167306489553846
0.1607740586436758
-0.0524931079671482
-0.7346005318341020
0.0518711871555770
-0.0737821201247169
0.4034694334546203
0.1559111030247909
-0.4382010669071920
0.1709784062696270
0.1915652936803001
0.0665221990575720
0.5244776553293076
-0.3076599568224217
-0.1776560440915011
-0.4035410987096726
0.4487435142831500
-0.3724393115996699
0.0964075665226207
0.1482328538617126
0.2385265833358861
-0.0872773764358559
0.1670558004402315
0.0970029143827098
-0.2184984594017838
-0.5660482143421974
0.0066051007087371
0.0522384976434130
0.3797588013702302
-0.5280242763149997
0.4092679986906895
0.0350923079856881
0.4677316933874764
-0.3060060360607065
0.4041889224876249
-0.1427243087655800
-0.0259303093223105
-0.3071289024683090
-0.4797972831157721
-0.3600643573377900
0.1969268997265814
0.1010739021793640
0.4145711980172808
-0.1222118763841067
-0.4540606999762570
0.2333080832776855
-0.1852983733994680
0.2040639685167001
0.6868427306954951
-0.0600738451722460
-0.0142172085048512
0.0323986886708346
-0.0773917123844321
-0.5490554577175157
0.1710581845473923
0.6213886089421560
-0.3207496319581576
0.2333769376719952
0.2457483472649456
0.0562798801143208
0.0566409717122508
-0.2303278645257732
0.2600570311577305
0.1325624009456283
0.3543698402206535
-0.4702900080077468
-0.3452518949557274
-0.4339185060927732
0.2355377586992524
-0.0483791049709083
-0.0826355144299504
0.4426234657073199
-0.1573274349524387
-0.4077955059216247
0.3107970120564081
0.4610065598952677
0.0226424059151130
0.0568286319121294
-0.2413689754797753
-0.3116247946462917
-0.1627822071770147
0.5605531720588182
0.0508227828001408
0.2514505227279538
0.0793575409375924
-0.2614036689193224
0.0126289028261833
0.4710358709356343
-0.5152999088991707
-0.3613541663489213
0.4267722924015637
0.2434758341900812
-0.5204671538579503
-0.0919070200500512
-0.3243989296946905
0.5929225170122320
-0.1369923222142105
-0.3167524960823261
0.1151338926658775
-0.2120481268851912
0.2452412041968378
0.1625200139720824
-0.0240148489329143
-0.3089455370170228
-0.2735079585949206
0.4972204816784951
0.3024755296428122
0.0843606861052258
0.2315416312693288
0.5243178249984669
0.1437028008216282
0.3662809801147583
0.0925951028036155
0.2191127534169627
-0.2109224833172806
0.1001596607742143
-0.4176977165231733
-0.3241727859126522
-0.4749486794375975
-0.2108910602834428
-0.2611645568277798
0.5206514246082542
-0.3454176473367014
-0.0067828630063485
0.1753085072910535
-0.5239901358168546
0.1939122202476431
-0.6446084198431350
0.2197480078458272
-0.0474719629116101
-0.0044557986595927
-0.2676888381408770
0.4451246253587149
-0.1896211636557612
0.2467327354982400
-0.1843780925574428
0.1687369309228323
0.3817976894792837
0.3621854596256892
-0.0069116109939234
0.1825860352932540
0.5763941299559221
0.4467126906333199
-0.6975421525843798
0.0729338798299843
-0.0968699010155366
-0.3641414034645941
-0.0358033371155595
0.0047534157609605
0.2501440090199481
-0.2446867408595803
0.2069602058779631
0.0804489848833912
0.2909859678400953
-0.6023325980251499
0.1747371115500183
-0.3228322652139382
0.1778783442501042
-0.1188573818685437
-0.4586679104820918
0.2369294699633943
-0.3146700345929297
-0.0173295942224097
-0.3167368941641868
0.2004674092393813
-0.7256681966844228
-0.2610262865263915
-0.0136239339396907
-0.1330328514664845
0.1889820864145126
0.4575821568879193
-0.0384990714446783
-0.1180115952642587
0.5291202769181342
-0.0449601982842766
-0.1709409042148527
-0.4377909225139380
-0.3196770707502650
-0.3172719070873905
0.0688247280440229
0.5240091197886310
-0.0320093507552872
-0.4744588829894510
0.0837296449423616
0.2123792229909556
-0.0824051243033884
-0.0842260079377626
-0.1538711503659466
0.0414232430069538
0.7478036496097951
0.2466330937868742
-0.2519090278863197
0.2768806372142875
-0.0298234018070155
-0.6410538857105593
-0.3290414243515730
0.3792569270588126
0.4992209372360585
-0.0207880649413595
0.0405714819800271
-0.0861757394321104
0.0258365314791633
-0.0843768240195380
-0.6526154274763468
0.1751321331113187
-0.0093635883976942
0.0668955014861307
-0.3215101877013422
0.3551352832179702
-0.3055886690893736
0.4474729719565224
0.0929157733857950
-0.1463543378677335
-0.3702129724621105
-0.6305186718295444
0.2030388619266301
-0.1809436178983309
0.1414678504515389
-0.2048778807001633
0.0769714146776771
-0.5388717019323892
0.1082043734754422
-0.4512752522575385
-0.1144780393723363
-0.2220326531441930
-0.3751733262980296
0.5224952805512509
0.0144522447618408
0.2114394279655846
0.1367998098501432
0.4145225588362456
0.2910875200674184
-0.3666900887139230
-0.4082414586161556
-0.3052030001770937
0.0143478684733595
-0.0418405296918694
0.5604358320979336
0.2222858841352802
-0.4374674528903399
0.1190814738291618
0.1863180662238942
-0.0151850818496317
-0.1760340289223666
-0.1984583462538059
-0.0696780594473635
-0.2356201494895895
0.3134367105702291
0.2635992688899786
-0.0889506259967119
-0.4423309864043185
-0.7054982426965329
0.1842808347167119
0.5551227369380429
0.5393330193409005
0.0906791885127636
0.1283945748491121
0.0339360649926362
-0.1498173156746120
-0.3338157819590188
-0.3052591556964405
0.3377548224002035
-0.0552640472266595
-0.2670505017272305
-0.1128213277143815
-0.6223751276732467
-0.0373324763921100
0.0970117979744234
0.6265359608781715
0.2085806147100163
-0.2704623829166261
0.0744471400307535
