0.3794147112938596
0.1494157388405241
0.2234947851368493
0.3982689805658901
-0.2105058976628951
-0.5639847242738237
0.0228504663103460
-0.3015378286030132
-0.0943508899350117
-0.1668929211184562
-0.1153339941209621
-0.3482173720120826
-0.1288904277883585
-0.1705109107914083
0.1545382838603424
-0.1770113375977120
0.5396102541596357
-0.6674524814162562
0.0702506357662187
0.1361395163633664
0.0541491474057612
-0.1116956719434403
-0.3514806219968362
0.0032171555578384
-0.1266905619438539
-0.1427171933293843
-0.4737005123214644
-0.1429754823679074
-0.3822813627052796
0.3306145437991009
0.1734324903479699
-0.0631475658257209
0.1431277621994621
-0.3485165391950821
-0.5347356075259275
-0.0366629967188827
-0.1167709551092486
-0.6079369264743619
-0.3197883537822587
0.1679448935771429
-0.1956514131483711
-0.2721661231718909
-0.1299078181621821
0.4766475031108722
-0.0082864077608152
-0.0694409203976395
-0.0462156148913929
0.3505107878917238
0.3788331170766938
0.0334918072366108
0.1130597985024225
-0.5159514982998096
-0.4532967737120411
0.1145181837620328
-0.1056130761345407
0.1644037120024271
-0.1692329235648013
0.0416652885029936
-0.1932628584829821
0.5018704101904561
0.0320958631069961
-0.0776973754849199
-0.3423363518822711
-0.0846759929564372
-0.1354341620567901
0.0486918841448626
0.0403114355385089
-0.1680981042322941
-0.4309260997618582
0.3171571933502463
-0.1408136087231696
-0.7154432292951475
0.3039581941790341
-0.1261818106401165
0.0343600410809265
0.0139696133120234
0.2923197003321806
0.5936307916814294
-0.1158955802993300
0.3229478540666703
0.1803841198946941
-0.1365968675889767
0.0054585891548708
-0.5324560518776777
0.2727368411585388
-0.0097117377670669
-0.3554461869372454
-0.3643402484105476
0.1451451413283902
0.0183398327104763
-0.2015322541562591
-0.5051041917513366
-0.0285847764535858
0.4727770604523017
0.2890963233654646
0.2034050421717917
0.4299143931521400
-0.1110838093772238
-0.2042587961415709
0.1314421103428183
0.1674737918218334
-0.1749478689070073
0.1925281918449355
0.0238157532742012
-0.7643125428668233
-0.0121815466049414
0.0586301327035881
0.2445143133209837
-0.3195018054248713
-0.2904180642176767
0.0065953736187169
-0.0942612186213995
0.3530748291254444
0.1877731503513676
0.3976419662287299
-0.5620758571287119
-0.2818762782453304
0.0795529493010305
-0.2699245159800449
0.1097092625172787
-0.2988693446789910
0.4979024192804217
0.0050435142750429
-0.4641315537021067
0.1526918118215694
-0.1673858581423276
-0.6005793673766179
0.0510465727860447
-0.1565512420871880
-0.0345425911743658
-0.0142497663001158
0.0823897909263922
0.3009969632198216
0.2180393132345264
-0.1240948944268682
0.1859990688484206
0.6564003854372107
0.1514015343636068
0.3129830707842126
0.1015866732757606
0.1979385805284045
0.3430470353246574
-0.1763919237990138
0.2486509265992959
-0.2472828406069154
-0.5631040639999242
0.1561148874173615
-0.0428554491616443
0.2578077564043494
0.0531156555214183
-0.6252782975007674
-0.1124022791143436
-0.0358487296740846
0.2857021105028775
-0.0753986193793917
-0.1845736960764695
-0.0072957747232625
-0.4910674447355783
0.3846597278068552
-0.3790215276819595
-0.0182146581489870
-0.0033243125739294
0.2974641146009025
0.4287301594580084
-0.3294380473921272
0.1457734147751887
0.1479072128108011
-0.2070893012525491
-0.2101200478538815
0.1707379264432168
0.1993161873057047
0.4257600393432661
0.3659228625935861
0.4782511237281613
-0.3009410857467941
0.0009543456394410
-0.4143246784440380
-0.1955317744818475
0.0193370675765835
0.2055186355926439
0.0816999466544489
0.0038076982351048
0.1690219255973978
-0.4507024224450166
0.2214197986031317
0.1395788605224883
0.1078599072861067
-0.0506157817633616
-0.2317871506268569
-0.7903137861346878
0.0040858097477599
0.0238112399362912
-0.4783070038309714
0.2555334364984698
-0.2299145145570754
0.1554677511662501
-0.1475513548520463
-0.0715276764999217
0.1094645632298261
0.4420835925233779
-0.4407720992347134
0.1240999481467642
0.4243784391984560
-0.0693416383197509
-0.3433553868256887
0.3595837295337840
0.1093054669216664
-0.2914282052959683
-0.0979221529019344
-0.0062200917324313
0.3611372965275717
0.2335246257471888
-0.0505886473939329
0.4205690530130773
-0.5293145845417929
-0.0416621111026667
0.2841257917141618
0.0769631762262449
-0.1192620211714692
0.2191917773973039
0.0605928617659256
-0.0308147433157111
-0.4204734108323503
0.2887584021934311
-0.1891227125770111
0.0750476082458602
-0.7363574178552000
-0.0515616224754006
0.1172427180266803
0.1041155583629337
-0.7865886608171158
-0.1959484791894392
0.3445362313334772
-0.1723330219493005
-0.0207424459214956
0.2369208357864738
0.0548376023089410
-0.2637551781716433
0.1361685966540382
-0.1490473339294385
