-0.0611545307147758
-0.5607364676491716
0.2784327153634800
-0.2098462695532731
0.5096590108744596
-0.2372441836405486
0.4479544812672772
0.2087442839146533
-0.5590753126793420
0.1881810560571965
0.4107158823195603
0.3077642709889393
0.1075078139062624
0.2198333648014985
-0.2450766272077739
0.5183330115595726
-0.1026929789882773
0.1431370633811921
-0.9137650138956460
0.0489895091855665
-0.0250946837758942
-0.2441288425310350
0.1873657889433895
-0.1904334181477482
0.7753328374453244
0.2672233792920436
-0.1380185390797059
-0.2122630698366226
0.2872356916078892
0.1705125031673408
0.3535857973069823
0.1635364071559921
0.2069433320201985
0.3899535279999372
0.0057103306717929
0.5029436469330941
0.1820633516738377
-0.0654025387157614
0.6729740691390035
0.2486103972873057
-0.6140005248055573
-0.1145463400629138
-0.3088175985702341
-0.5600726165498032
-0.0148916643875780
-0.3435405491114056
0.0692208246067227
-0.2789255338075546
0.5962602554755928
0.2372236446858337
-0.3432988874193387
0.1573707793827653
0.1238064836132053
-0.1923375869612829
-0.5050805588735157
0.3716864244770272
0.3393561365961112
-0.2500935998411493
0.1159961396465191
-0.2675016868581908
-0.2410502521896155
0.0012492897569553
0.6249879434541968
0.5371793301305479
0.0073587074683401
0.0256831256088217
-0.2167872147462409
0.2696094895234884
-0.1767531326125444
0.6478849986293577
-0.4414299242580477
0.4834699926541791
-0.7093632236829304
0.3475121608233370
-0.3721031884482050
0.2444128486545185
0.1760890658460777
-0.2939472395159654
-0.1468182142231740
0.1971617730901124
-0.3792719987297642
-0.1574343303314093
-0.3891957442460355
0.7113046894008919
-0.1001231696334169
0.0289102665549908
0.4013952913208702
0.0442816170144803
-0.1004937629171967
-0.2076001232689902
-0.1513210670131995
0.4282037043866781
0.1876158638183831
-0.1454270126599535
0.2503486761976782
-0.7883676341780587
0.2807006457303575
0.1242467549386387
-0.5196032252879050
-0.6117165168173283
-0.1288128419525772
-0.3205981955181989
0.1476157826079984
0.3470142824159597
-0.1100616421904350
0.3050669061661135
0.3223883748801040
-0.2420075859065925
-0.1150059656658930
0.7130151422627838
-0.4358080303782880
-0.1441286828131169
0.1952565667396954
0.1584693618002743
-0.3745173462492437
0.5245386240784997
0.6637873149461977
-0.2736215062491242
-0.0102125465511000
-0.0759717016481716
-0.1471499750577792
0.5799860765748326
-0.0982231945430217
0.6174115655232635
0.2531393110169067
0.4270288761949092
-0.0683320350317967
-0.0039698531101517
0.5002537960835721
0.4535409279351985
0.2480883404624206
-0.1450025045723547
-0.3799082101607489
-0.3045586514729322
-0.0496727433441320
-0.4710834463448219
-0.0145311259226052
-0.5300551686814137
0.2518337503688899
0.6403473558142198
-0.2681255098054958
-0.3895583768726366
0.0380361255669123
-0.1423784596144174
-0.0255754764505626
0.1798331419272590
-0.3698717895753945
-0.3250127044362640
0.6586617865274582
-0.0443628660161727
0.1970562349868929
-0.4999329601459546
-0.6301744561675712
-0.0179448527788278
-0.4634255568230687
0.0512440320198857
0.1559125556548905
0.4253055151991212
0.0946597697245537
-0.4135395522127128
-0.1633537561580920
-0.6902972840214927
0.3321974808340927
0.0012795605941636
0.0412021056430144
-0.2498552794459573
-0.4252658449018080
0.3761277621464250
0.4367737240546845
0.0450486585523649
-0.6250809940818096
0.4546518867354816
0.0069868868941667
0.4271375436531389
0.1635330195349596
0.0229433824635293
0.6033979858878125
0.1822220147724396
-0.2995140918929821
0.2168246091398813
-0.5036558949049597
-0.3067411538832382
0.3077567800448857
0.1533322339429379
-0.0347491849019311
-0.4543166411117026
-0.0838866167689880
-0.6583394751557080
0.1922665308483832
0.4113722106118121
0.1719473537191852
-0.3408542910647304
0.5943837647490207
0.3680374072800620
-0.0933811027535576
0.2232102525578979
0.2646775790609850
0.2367609138016121
-0.3130178170762784
-0.4781458510517086
-0.4291643946144919
0.4638172651893642
-0.1571842279513495
0.1410235333932507
-0.3457228381367813
-0.3465162922805314
0.0898494346548030
-0.5553613291246260
-0.4341886121859944
-0.3090884929300888
0.0072960661842562
0.1335844103283862
0.5512920194598943
-0.5709126937108098
-0.1554214558907093
-0.2098249313360303
0.1978237488216107
0.2789807605032578
0.1499002689660534
0.6868817899282572
-0.4192173711098151
0.0692251531082682
0.2359289774895494
-0.3905905877228673
0.1697113786123919
0.6638258530282978
-0.2226139982318293
-0.0256725330743196
0.1375374063801935
-0.6519079726968279
0.1904652842884902
-0.0118171959003609
0.2540874565963160
-0.4466671211435708
-0.6301098017445854
-0.1882257643002497
0.4443478550174317
0.0584160069946174
0.2817760947526958
0.1523336239405077
-0.1433288058739181
0.0623194684246908
0.0421347402591772
-0.0548642145084444
0.2115364161452239
-0.6474551816055614
-0.1119612445152165
0.7030693643409816
-0.0172163562014738
-0.3178537022091727
0.0393308896394647
-0.0832122742355653
-0.6902200465331881
-0.1675056605226938
-0.0583830689327958
-0.6183291824961425
-0.0416225864424390
0.0371202595896658
0.1166370158565951
-0.0102289278264192
-0.4822977047403416
-0.8640529511901747
-0.0630751714090984
-0.0019407439009119
0.0686571908060758
-0.1150751507973546
0.5207669762044294
0.5326477493958444
0.5092977824022059
-0.2932417739593790
-0.0461609850091808
0.2821811930061165
-0.3546321948478139
0.1949703403511207
-0.3018482815867002
-0.2621156825116275
0.3603397302397244
-0.2601597016916815
0.6203807044049027
0.3066032398294988
-0.0130263979467638
0.5477029242488495
0.4162738276018121
0.3117170376896314
0.3539167581180554
-0.2233885261436998
0.0837163366197110
-0.4972247764211436
-0.6415359640650738
0.6412425758380144
0.2039891743698012
-0.1489400215106346
0.1464264011953119
0.2241900573999064
0.1590741978510802
-0.1282122429805941
0.2101231843227217
0.0094658040203373
0.4299837030641086
0.0818906687389828
0.1673642610998807
-0.5490890449205319
-0.5979595929140457
-0.2776712616276747
-0.3730646270259905
0.0136234082496285
-0.4577377790523901
0.1523831430950507
-0.7227516610058273
-0.1891255034279831
-0.0678232469216151
0.2552533599812559
0.1286798933473533
-0.0808260245652549
0.6895760098123286
0.0191581472077012
-0.4653035884201533
-0.2321961242259674
0.4650156193485543
-0.1198521386860250
-0.2525435119453897
0.2609422933616615
0.0179590650649631
-0.0071187592095585
-0.1789206485717237
-0.2323029598951869
-0.8378983241774691
0.2823239700024641
0.0610427112227942
0.3907767453789269
0.5812526972909566
-0.2224306725008480
0.3612975880104189
-0.3046545405489871
0.3948255619045019
0.2774881258503971
-0.1188324103480936
-0.3739815165988103
-0.5457132701622687
-0.1277453554840579
-0.0478201090671799
-0.5553463653206704
-0.4485384647914977
0.1414628280177528
-0.2251196974992455
0.4808800070190382
0.1137984698826574
-0.3041229025314671
0.6072956583678391
-0.3111852798161305
-0.3828180952150269
0.0209933319101106
0.3855798148063551
-0.0176290366979603
-0.1162632729853981
-0.3145078050169838
-0.7009396902969781
-0.1554876397522196
-0.4542302714742072
0.1294879158232509
0.5147110511032841
-0.1351440668075262
-0.3397902190898348
-0.3839254577574908
-0.0071756948848871
0.5155858292214667
-0.4317897579731382
-0.0403711777619768
-0.3102530062507424
-0.8469029023524332
-0.2804391021203723
0.0112891655120665
-0.0594613118659935
-0.0835655187748309
0.2330812185158366
-0.2070732065758482
0.2018733779094129
0.3423261963674888
-0.4629128659045423
-0.4141813935423390
0.0237261778978602
-0.2585151658674876
-0.5144761418709283
-0.3523444952597518
-0.0080743682214751
-0.6304474070179463
0.5348477702162433
-0.0993336046849997
0.1393325906994038
-0.0952543718712597
-0.0701515144777303
-0.5226216299217376
0.2044982279360821
-0.2043902877374380
-0.2605348084865644
0.4635731776749830
-0.0258959870619226
-0.0387122769857005
0.1337793191076800
0.7833010014040285
-0.2514031689053393
0.4584745015621704
0.3123666284074968
0.0188957070281745
-0.4285049959534342
0.0708999543254417
0.4443268569957939
0.4925423117527551
0.2127850301647582
-0.6154430653607175
-0.0426997967199610
0.5603104605029434
0.4195962414647995
0.2538272386673996
0.1244418753834365
-0.0648554250497997
0.4868570546918579
-0.1006733636124669
-0.0681411011410643
-0.3202778661502317
0.5596155438618095
-0.5688605050869225
-0.0706660103409261
0.0620358343883406
-0.2059438042273094
-0.2673896125728431
-0.2253771598387514
0.6905317112305601
0.1473987060615828
-0.0906160337481946
-0.5366933187067328
0.2012055509453244
0.6843685732020063
-0.0990715056401485
0.2230470293039266
0.3736954829954863
0.1983564336118462
-0.3455549182723542
0.2844179577660335
-0.3045967013837847
-0.2751764356012863
-0.0334542628723907
0.3799324827974057
-0.4843879018233533
0.2132692841302345
0.4752224616334281
0.3506426215794837
0.3871795281332859
-0.1518037680773407
-0.0619348632162280
-0.2541560804168754
-0.1627808662775189
-0.5067675117984132
-0.2771969486929854
0.7236977283536277
-0.1569614719404800
