0.1306441214615403
-0.3252982201927274
0.0918300455994447
0.0487194066869806
-0.1567294121620307
-0.0006518362924449
-0.2262753155453427
-0.0654911881354027
-0.1087077922071961
0.5517914723187356
0.2677518443897216
0.2562637205938970
0.0198418458039810
-0.5763728302120473
-0.4668364505201261
0.4299439414850252
-0.0220828515862889
-0.0555260835671187
-0.2919442987389329
0.0488071037326912
-0.2260535192794341
-0.2937549665605029
0.3202317218767451
-0.0840088308666974
0.0165327427247894
0.0954512790771169
-0.4262963256392651
-0.2606082914727605
0.5949325319213483
0.1659143449356773
-0.3591726340704551
0.0240519694726263
0.3207462505960887
0.1905211485050065
-0.1895276752577294
-0.3944252888978094
0.0774095486760790
-0.0565373338575221
-0.2223762790696967
0.2756270687968729
-0.1493655791309248
-0.0368163777992212
