0.5886090941760341
0.0684340050821751
0.0906886102714691
0.4437443285463241
-0.6353405073007955
-0.1835006629385388
0.0168119215718186
-0.0781663215754134
0.2631014106977542
0.1016309149842574
0.3622928689027865
0.3670214944201745
0.5675313643181712
-0.3072126196571927
0.4852239528191198
0.0507363482445625
0.4012300575761907
0.5083040520950475
-0.2133145760721667
0.6569026096031670
0.1175527382788333
-0.0493004531148749
0.0809582429062521
0.2842777982963347
0.1509033131739449
0.1078609421802378
0.5180130573259227
0.3601045677668549
-0.2785721337694382
-0.1673380570364577
-0.2092633505831054
0.6466728469601554
0.2353143507549176
0.0296382389170006
-0.5719578299870122
0.2477150197038531
-0.2071605675443648
0.5919936610926732
0.0181328950005037
0.4019321378691293
-0.2623612366083817
0.4787531874119430
-0.1281163522172118
-0.1584243078812986
0.5549177927188980
-0.5605698918828057
0.1894017434810119
0.0490359586421152
0.3379887511329950
0.5993289528340943
0.0936138245940803
0.3118034202131643
-0.0776962399959039
0.0215744470388687
-0.4897599930798122
-0.4173924724938343
0.0534962235633322
0.3931342533253470
-0.0012750558821703
-0.2679909134632337
0.5521308050645236
0.3497870356999911
0.5737572297672148
-0.1198586772215040
-0.2960560266767350
-0.2038633958252595
0.1311064082761610
-0.3003267646733023
-0.3980276667169435
-0.7195656096078630
0.1104066346431360
0.2738889812772267
0.0924669311155324
-0.1297882863219963
0.0059936905541275
-0.5065875936598231
-0.6200330674788151
0.3062911510349082
0.4652159815357985
-0.1525017034703945
-0.0374039376850283
-0.0961005928006550
-0.2077611011705703
0.3974242381805481
0.3249681663516745
-0.6303069217093104
0.1114113698369594
-0.5224474167133342
-0.0397450152756453
0.4715586685684899
-0.3000034383116235
0.2130727260846472
-0.3562243861368611
-0.0038619020061327
-0.5845698423246313
0.4147506216241031
0.1445411515972778
-0.4543858381165733
-0.1334959240791751
-0.3154378927583652
0.1880019166367403
0.7481980562282720
0.2451389628824901
0.0089986973771920
-0.2458274582234066
0.5165216999229432
-0.6424188275055036
-0.0742905182601713
0.3254054902141869
0.2629317940879524
-0.2781480064056461
-0.0465294356718601
0.0034679626306082
0.6902056011662545
0.2716985778284234
0.0918777532476890
0.2986084794007414
0.3874324209891249
-0.2499416226881036
0.3736319620463577
-0.1967883597057286
0.2172513388370340
-0.5189689130583026
0.5283375579056532
0.2003407936879683
0.1854592041107293
0.4521974061743164
-0.2942666227888064
0.3879191088048687
0.0022479032649328
0.6821942082176921
-0.1973786478567517
-0.0402253321046291
0.5093278598551966
0.2379966094070327
-0.1658044370412886
-0.2310308790636149
0.0686642992160764
0.2598647260995345
0.1588223633083756
-0.6030544218992088
-0.3696338861411573
0.3547456204813267
-0.4722366220105452
-0.4112705312343892
0.4215210819334452
0.5478859642353456
-0.4982226460709661
0.0604138454874789
0.2546680676782367
-0.0595639848954443
-0.1808816382102258
0.2314192853435354
0.1735584339927105
-0.2116332620317920
-0.8277756205004033
0.1161452088428991
0.3318175809022478
-0.2307698478413025
-0.0973351409428383
0.7002872567800333
-0.3793488225654993
0.0669624251083935
-0.4130563197517154
-0.2087151501262592
-0.0104730557788923
-0.1061924423706488
-0.3682990707838106
0.3264338515310262
0.5737928011841108
-0.3674556419679945
-0.3396607243785377
0.1706839045795724
-0.0266447988927491
0.1702364903392679
0.5049616838442819
-0.1486026356261241
0.0701379990329660
-0.2910102989901926
-0.1986615452787878
-0.0718747809813249
-0.2845362872960689
0.8603292540752481
-0.1501705887938342
0.0837290043481575
-0.4579216258742709
-0.0365089199592475
0.3762138198009691
-0.2328494920439250
0.2950565176585568
0.7064751748657883
0.0065644255003481
-0.4538459425575569
0.3327279885939463
-0.2795649244630489
-0.6607312384988333
-0.2065427754107493
-0.2803352980719555
0.0305042685765215
-0.2154421539327460
-0.4359163493211292
-0.5435427095914840
-0.5931868976521814
0.1755681898475870
-0.0919639976434893
0.3402319137515169
0.0497768304977455
-0.0717670506563892
-0.5921559127686318
-0.3192557717923058
0.1755714674381143
0.0617426425733588
-0.6448354839269508
0.1915112948147739
0.1526347459728600
0.1923613526907056
-0.0294930000388419
0.0250189920805152
-0.1826876786376724
0.2204517823739583
0.1157580773871721
-0.4869180397027927
0.4035764998375874
0.7093428900162209
0.1351095884344890
-0.7825360201890553
-0.2657279667136802
-0.3071316787348996
-0.0259191633888267
0.0591906505417582
-0.3770665996484959
0.2410124460077135
0.2005513390829688
-0.2378132185810565
0.4324006027046966
-0.3960539347307985
0.6241646252106504
0.1430648150359502
-0.3227498878657058
-0.2125523988151305
0.4563057630540894
-0.0338798023382278
-0.6233556972919440
-0.0036352996267335
-0.0348554769256642
0.0792264538594913
-0.6043218913134236
-0.1713329660746784
-0.0545413167691016
-0.0063709198504747
0.1274135238548508
0.1797777620863806
0.2954222329149656
0.4878717650749066
0.4441344409239042
0.6525962380146667
0.1137073575363596
-0.1548587121726000
-0.8325832960168460
-0.4165113335329087
-0.2130822343589009
-0.0790216174661007
0.1644867905325283
0.1330729929500094
-0.3938806982650792
-0.3290454662826330
0.1550569976726630
0.4766610765770571
0.6222860535781788
0.2361899648896731
0.1794118720781233
-0.1006199302679801
-0.2138566426486778
-0.5900089604821014
0.5694246603008681
-0.0365768483291752
0.1127381510605176
0.3882066569674305
-0.1248899152817953
0.3186858377712211
0.6877279087604156
0.0221832036499206
-0.4389473156986458
0.0082390765319611
0.0593645820829933
0.2182261831869095
0.4826120898687332
-0.2230119968186114
0.5011796613972556
-0.2147264521558327
0.3975111503420265
0.2846082334578958
0.1439868694874988
-0.4532954908840749
-0.4102734866456771
-0.2629851365818818
0.4784501680443540
-0.0047748644973094
-0.1617347710679359
-0.0381046572203741
0.1251942401713897
-0.5005972142242169
-0.4487248214381157
0.5251927286789824
-0.2401941413062680
-0.3780996950344084
-0.1806102176592059
0.4408058368804808
0.0745916053484655
0.0959785793456839
-0.2959257573277186
0.6856162989709074
0.0674702592135487
0.0837130569830732
0.2886609041127434
-0.8003123203602711
0.0800869178998492
-0.2042505058327109
0.4218137094603207
0.1963567454616372
-0.0834859374354378
0.2615506141190278
0.4956607317421215
-0.0197773548377247
-0.7109377147903659
0.1272730140417117
-0.3829500509515005
-0.1013364387108941
0.6171860582739364
-0.4438146718065304
0.1444580175465386
-0.2315619177821648
0.3052993996482209
-0.0197591071217264
0.2671590091164848
0.4273742903699274
-0.3101307537161875
0.6236344341471847
0.2018828113823651
-0.2166534289351947
-0.4019230073174999
-0.1300133886977392
0.1508511441339611
0.4753966529183687
0.2073880278590411
0.6879435349655625
-0.1701394776189706
-0.1563168057861153
-0.3357253131758406
0.5317291125822144
0.1196001198718175
-0.1434921225585386
-0.5579541281370233
0.0482081826459669
0.0108930201092307
0.1112467457627605
0.0564027213649909
0.7421050199918339
-0.3424233258931508
0.0520941829837010
-0.0945974381247050
0.0275326583763812
0.4622632872281343
-0.1848727270801898
0.5567729196060403
-0.2200501964988587
-0.0736415242931830
0.6152940422268862
-0.3230815565356880
-0.0040246082596627
-0.2752077674938064
-0.4957113355444945
-0.0262633566240086
-0.1133000067133662
-0.2974192564919041
0.6871304078004379
0.8442034589952665
0.2321768283255236
0.0765065441549655
-0.0209375887845126
-0.0470049070805260
0.3287451286853143
-0.2346094737700251
0.2485927999356819
-0.2712849747073893
0.3490994939756704
0.1154921544640242
0.0721102646096073
0.5997069010686830
0.0402366484491940
-0.1851826802999061
-0.6248485397664365
0.4335809953040834
0.3099422661747213
0.2399670732083034
0.0281901070124466
-0.2517557433183399
0.0074997512275023
0.7041934102946746
0.3134308123452098
0.0756244981570882
-0.2676977905334628
-0.2543402265457634
-0.6219964537717212
0.3808763907685458
-0.5306768562327071
-0.1478090814720492
-0.1500600330751983
