-0.3198604558776023
-0.3808462858916101
-0.1283738021249231
-0.2448732391531244
-0.5616005181267769
-0.1611071446264068
0.0876663411806339
-0.5719848053725283
-0.4252834057973080
-0.1773325796738534
-0.2710645318311539
-0.1780732837585077
0.5971375986477554
-0.2313634691405284
-0.5109427737657907
-0.1064716934177825
0.0461242305032217
-0.1778900400441912
-0.2793190569946919
0.3723164944281026
-0.1286768432443592
-0.7597152571378791
0.1602103917841164
0.3608276733274474
0.1946337326462680
-0.0058597595894907
0.3975913036047952
-0.7269553480189662
-0.1320118519362577
-0.3531018072755723
-0.1783609238457552
0.3187786318280617
-0.5970008442327323
-0.1162637803755989
0.5526341357985861
0.0612707564083347
0.2343749877686543
-0.0583292048813364
0.4973129999598107
0.1235312946374632
-0.2452331854957714
-0.4384934642863519
0.0955694115841867
0.2077735578313234
-0.3527760333413211
0.3564641430343068
-0.4439953159055621
0.4966199223047914
