0.2154783791425863
0.0916904453412139
0.1231705482402227
0.8568852800593274
0.4332992901391829
-0.0893884130295701
-0.4577625393380022
-0.0373675780355015
0.2391440119678668
0.0187584343814114
-0.1716741561746496
0.8378802828995190
0.7479490991881944
-0.1703382169124973
-0.3846973711391332
0.4098987090857251
0.2652317149724543
-0.1587455674464854
0.2084265407972685
-0.0806550239208342
-0.1581302396062675
-0.5540244427258021
-0.4596951811164911
-0.6377971690516663
-0.2479883202915425
-0.4187642260319674
0.5486693926248259
0.4900021565926935
0.4710672102690049
0.0096841899722132
0.1675547984967542
0.7944005465386887
0.1011977584684299
-0.1722412758548023
0.5471747393287699
0.0393055005452509
0.3451955635314364
-0.5402510597861344
0.1266435424828642
-0.7433826334967207
-0.0013626899762518
-0.1425153737569124
-0.1487470421497716
-0.3413809440280817
-0.2776777493122088
0.2095780302874390
-0.3798810726533064
-0.7720076786559229
-0.0608291623360385
0.4085183483265172
-0.7793031318015065
0.3041252299287392
-0.3505223538659824
0.0821043532066161
-0.3683177429502151
-0.0394285532832141
-0.2214166130471226
0.5328160194657905
-0.6638105246648380
0.2987051884812447
-0.8562361741188945
0.0464074555772311
-0.2068514160011062
-0.1825760745576366
0.4286887905262427
-0.0693566995444165
-0.1154392886487669
0.5448222706818012
0.1102238472005812
-0.4416610276835328
-0.4001284651092346
0.5679136514898632
-0.4264234105802609
0.6223644888101988
-0.1733344302005667
-0.6289768178443950
0.0244650911489625
-0.0676041064845542
-0.2694003909970349
-0.3677310619922459
0.0736236802648730
-0.1159973680337603
0.8426585411018683
-0.2514916356427523
0.6527669281106876
0.6320306888563492
0.0446880154893195
-0.1690745559202873
-0.1105564663989150
0.3628037892002714
-0.7820144116876417
-0.3664473314585533
-0.2494283461421345
-0.1044982668373137
-0.3213743229298863
0.2788439888358566
0.3118281322478985
0.1785579199109663
0.6026047424633546
0.0502924199957832
-0.3702343581405378
0.6067495381784496
-0.5620879509717994
0.1375159911520742
-0.5811528237594747
0.2296038244660898
0.1576510471239370
0.4998360872500571
-0.6315526798505461
0.1922780179019958
-0.0567332550637199
0.3815463653664781
0.0836260980400720
-0.6390467596172996
-0.2405422837504317
-0.3607305358285888
0.6025186720390387
0.4660782528110003
-0.3689499237650236
0.3092428755908340
0.3749419347460450
0.5937495815634033
0.5290834072463814
0.1951874738922621
-0.4010329503945176
-0.1674071410429130
-0.0746621546798628
-0.6831504357748805
-0.1328363309295826
-0.4330182997968506
-0.1963950282168730
0.5329256035105239
0.6295108064813625
0.1809561573458997
-0.2623343133248934
-0.2176074814283899
0.5963974650928157
0.3148154528472260
-0.3463406604895762
0.6245980296688969
-0.5215090455154032
0.1329554753829540
0.4158303199637028
-0.1654138755835388
-0.3716919037439633
-0.3850535021607466
-0.7277996532294734
0.3885186989316727
-0.1583565245307483
-0.0886737032212684
-0.2476900496907225
0.4057244696149250
0.0151225395509324
-0.2951015374591330
0.4648978022234126
-0.6859983373992405
-0.3828641151277966
0.3734935139281543
0.3331656199832131
0.2952112105583307
0.7089988640712055
-0.1144084173854154
0.0851401120257608
-0.2384050741566046
-0.3426211927777614
0.0281141419265755
0.2684428701991691
0.8635235495706721
0.1351036415149046
-0.4529992837289645
0.5157800518199379
0.0829846554714467
0.2389206671411723
0.6682365261673311
-0.6503542568954627
-0.0240061674228999
-0.1180220715695829
-0.4527361141586024
-0.2379191386521798
-0.5485966910997663
0.3807468394790701
-0.5019910203788104
-0.4296929198575821
-0.2841928906552563
0.5139898646423879
-0.2710160036896624
0.4635345727065784
0.0056233972993212
0.2453976826983579
0.5857997737282421
-0.1985123379327665
-0.5850773721681836
-0.3995250489764389
-0.5976563811743949
0.3949448785012391
-0.4546766483756086
-0.3023485551487822
-0.1704688383514975
-0.0573539514987529
-0.1461568428207934
0.5458909414162814
-0.6419181200159644
-0.1043428174104285
0.5043862461187921
0.8398934848113554
-0.0049201511739814
-0.2786069778041952
-0.4248422962669701
-0.0634013016220302
-0.1800615907347145
0.4538539747896804
0.1512772770587559
0.3191185831911320
-0.5743766173103341
-0.5760085788141925
0.0871820135978374
0.0373995381026444
0.6002421264955700
-0.5330809871760687
-0.2820534243599277
0.1862006629345540
0.4898065987415283
-0.2795694564678207
-0.3089788849729873
0.0071156708033052
0.8557195356542355
-0.1615352942180617
-0.2607158604721617
-0.3250420028973997
0.7053365564736709
0.5588123664193553
-0.1557972989178510
0.0163364586156229
-0.2450246913290842
0.6124892652710323
0.4693885744402207
-0.3455292490846369
0.2210373474450656
-0.3500723061926588
-0.3372427547200061
0.2900168423865297
-0.2058408368648106
-0.8267026785303031
-0.1039297395964678
-0.2070659014241333
-0.3693301829211703
0.7591785554667486
-0.4538108497398733
0.2799556170992586
-0.0775942988726519
0.3641302345421605
0.0267728053647944
0.2346233283280810
-0.4755129946549293
-0.1231011077587039
0.3567044379653509
0.7146010301925049
0.2565009055944418
-0.2678721861612141
-0.1703195449538966
-0.2275975915450701
-0.8023460645163405
0.3927363828465780
-0.2223375972581322
-0.2193927203843341
0.1837465100122870
-0.2507333742357079
-0.0844689659008494
0.8422038548771703
0.3725513252891709
-0.6377464177952549
-0.0735940453600790
0.5569418748876576
-0.1452849673407751
0.2685265475440984
-0.4294938213785117
-0.1386422374672195
0.0002490250964593
-0.5348856097811221
-0.1700061581072275
-0.4895716408224894
0.6527581229932398
0.3459670052020466
-0.2622738420280016
-0.3994171405665720
0.5631740413261236
-0.5573156071568892
-0.1556262320971983
-0.0984604857209322
-0.4666639973908359
0.1217983023641791
-0.3425277843045138
0.1854432944583731
-0.7784477640483488
-0.2437095999075080
-0.2191960048300602
0.2284540560077944
-0.1922656351941107
-0.8288903464613973
0.3410897326797744
-0.1057421872873243
0.0991558337336898
0.4692422879057988
-0.7684079497207842
-0.0364031054640116
-0.4086837682410175
0.5583406563022165
-0.6540343964073436
-0.1102570196946551
-0.0034630260528680
-0.2177038303432600
-0.4482534541401489
-0.1080944192741246
0.0259981297552940
0.8590811850279076
-0.1637151836256078
-0.4622278919805355
-0.0957179493497782
-0.0421827020388751
0.9583821241060068
-0.1269319746003485
0.0603552694755900
-0.2434411469570885
0.0265753096230448
-0.1232059380730542
0.4185420139662566
-0.0346529038574666
0.5172143335884086
-0.6134646604394542
-0.4057000112712069
0.3549305865706580
0.6656256156300688
0.0734268974063854
-0.4443943358300130
-0.1005086719064309
-0.4668907692649105
-0.2871545414624477
0.1838846892074237
0.6797043326445052
0.5488526553528768
-0.0792068191176624
-0.3379611709859974
-0.4409513388987369
0.0510968987563303
-0.7989811843056056
-0.3844182178481217
-0.1267784310023430
-0.0270176609936301
