-0.6190673861635710
-0.0764213736924123
-0.0480880363666028
-0.7146473033822441
-0.3019771509836388
0.0818041431851978
0.1656199548896477
-0.8980686338967375
0.3584452126620428
-0.0586780224711648
-0.0760658554738184
-0.1683171535606853
-0.2068180029922631
0.4394235247886500
-0.1359728006038733
0.6315218500364316
0.5718960844332228
-0.1405691948225547
0.2092055829007901
-0.7006137496562977
-0.0364441986609161
-0.0672237396059205
0.0951336715448882
0.6711749188039074
-0.5484398686070823
-0.0724895938409555
-0.3340025543538437
-0.2026370204095049
-0.1740005629912230
-0.7148869176523115
-0.7067962745389181
0.1709765511023515
0.5283799259737055
-0.0644074946589125
-0.2729801450129687
-0.3366811758318743
0.3771012986919242
0.7781083851589871
0.3935079485751933
0.2838518265341816
0.0908807546886327
0.0930713429510632
-0.4299675810528022
0.0853474721392780
0.2401360166472747
0.0276271619165883
0.5828354969222295
-0.6400921068125035
0.3422386927011609
0.1620504526482630
0.3363319456685911
0.6226126468149662
-0.5538384908781236
0.2216067877691887
0.1154194562847206
-0.4361342431562133
0.5798259754888307
0.6279118556353646
0.1261327749214330
0.2237952945195561
-0.5027603246653076
0.5309648607389139
0.1721729001182948
0.5331326635749029
-0.3430093208153649
0.1837907340730420
0.4089741980492383
-0.2664853542388306
0.4440972740314531
0.1620029316663822
0.3740084241919092
-0.6311703583573950
0.0112327465314020
0.6048691642503758
0.0339539745713720
-0.3817490902900979
0.6829590062646722
-0.1438362783857885
0.2062011758576833
-0.0895608588136247
-0.0023293913440626
-0.4199756264230309
0.7278390538537102
0.4932801298201255
0.6168340096662041
0.3207424572303474
0.2093693710807145
0.1867947551070726
-0.3219720523735735
-0.5781403497915154
0.5005950986196098
-0.0814156922738963
-0.5260505345832687
0.4843831210754632
-0.4548589088632564
-0.1565989540168257
-0.1162389110623141
-0.4021581495378084
-0.7354199057210310
0.2975883659883441
-0.1328868564958569
0.4215413958126532
0.2823219952331159
-0.4352202753329931
-0.1696826760287497
-0.0841598336788844
-0.4350833569941959
-0.7111293744911626
-0.0706275176049394
-0.0039317798578583
0.2859145179578996
-0.5120102829908862
-0.1279765880078392
0.7966910607748023
0.4708874253079941
0.5136288786589035
-0.2227622255745536
-0.4112837687071035
0.0598816513120884
0.5404509672354161
0.1583564059332781
-0.2434661449432491
-0.8623824803271523
-0.1382295257501580
0.0989795820222295
-0.3782057418188515
0.8230351855933434
0.2311815984382188
0.2070399797548537
-0.2331808713307626
0.4058670015059522
-0.0848602199854833
0.3334702058083855
-0.2706886036944887
0.7497527506640757
-0.3853590846911647
0.2371956967528820
0.2205282109563218
-0.7045628980401754
-0.0733445324598755
0.3670985912379926
0.4634450536527742
0.3509690583973826
0.1596550308226619
-0.0022333764892280
0.2443210835604071
0.1612813347289131
-0.5278525483118648
-0.6239492034079123
-0.4963362066509843
0.2847095751416427
-0.6964105002006403
-0.3420996752935391
0.4801382767516263
0.2319463989839152
-0.1805236505098085
-0.2745953169940641
-0.1586920045983563
0.1269625745943860
0.4358178917376548
-0.2318664385172776
0.7997471376282063
0.2528366757843287
0.3481832391971786
-0.3926890007497991
0.6019871716194257
-0.0511812705193609
0.5437180507986495
-0.0877288883145389
0.2473979247796056
0.5764679622938377
0.6502398087275660
0.0289970059940333
-0.4184853189873579
0.5463914175488463
0.5178321281145610
-0.5284177022071764
0.1360782476504439
0.1966943787511150
-0.3112476020783008
-0.2768286934870188
0.0856290789633283
0.2882439093272650
-0.0920346565757159
-0.8558156419370316
0.3034109309810612
0.8686288768258306
-0.3577256398303031
0.1873810738855272
0.1324682532493768
-0.2490689307606745
0.0531168872638094
0.1130318763761936
-0.1749440182885670
0.7522429747536209
0.0636137452048535
-0.5408969810566785
-0.3068104294617982
-0.5462064921104682
-0.3168106774005102
-0.4952838890783386
0.3252155279053577
0.4499486404193449
-0.2185507109914433
0.1184722875531309
0.1578370659800116
0.5741385710001717
0.2302641823255759
0.7568360599127260
0.0747948108383539
0.2504490958758018
0.6093734640648250
-0.2202720014850087
0.0376890611889151
-0.7182110264974717
0.0131123268172956
0.2039677993658674
0.1547602247265421
0.1589519433707245
-0.9478281746829130
0.1038898504907599
-0.0030560767939348
