-0.3567164369785801
-0.0787468713838728
0.1695559805138457
0.5255487887958972
0.0328495078608646
0.3833384823824997
-0.4927891292848783
0.2732970123867456
0.1690769065854428
-0.0832550180249084
-0.2460148173870706
-0.3583053492491793
0.1258537398003085
0.4826170814872197
-0.0450163595210790
0.3737593876450854
0.2096226450659140
-0.2779715423205000
-0.2031815277389952
-0.5560584980665122
0.0349189722933479
0.0906827452179828
0.6296831360062872
-0.3324221348097577
-0.1465848556356528
-0.2092835304092096
0.0323616259682748
-0.2700169167988329
-0.3312473399847944
0.3308178263049734
-0.2037866089048451
-0.2663871206431053
0.1486446496214195
-0.2120398626351183
0.0258459668770995
0.0531850453140529
0.1702825021889607
-0.6039428184735871
-0.2305913558431680
0.5105056844551827
-0.1927586972889212
-0.1093531260653728
-0.4400517487599427
0.0353749158180796
-0.0068748396748493
-0.6545226762130623
0.0812094024415533
0.2851380683860517
-0.0927262943120784
0.3816029597963890
0.3245078823944632
-0.2868228896602693
0.3046254389031656
-0.1018667248707604
-0.1966949663825472
0.3133671952733712
0.2609481392216253
-0.2117928130163620
0.5878099253699903
0.1085617292048821
-0.2779355527124422
-0.0288026814350507
0.3887231007959378
-0.1882670091703947
-0.0646607046164056
-0.4034052900386616
-0.1126582297309177
0.5633251456171110
-0.1707214505377066
-0.1705800916621218
0.0893131544427041
-0.0431449435499886
0.1867708344979136
-0.1282894135494047
0.5109191641782023
-0.4038719379390028
0.3555260098877528
0.1352783379370397
0.1576057179017679
0.2675616020149165
-0.1484105519920864
0.1538375348125514
0.0066938537311688
0.0940543155757398
-0.7830924050454986
0.0491449424002477
-0.3348198572208330
-0.3208348797871456
-0.2060338194263034
0.1335481880632423
-0.3059546966947889
-0.0945448579470899
0.2366672760118155
0.0271937191719119
-0.3450636147717093
0.0314723970387908
-0.2631251079114723
-0.7343504506842384
-0.2277108371999256
0.1486403648553943
-0.1289478373998912
-0.2496555562104492
0.3671304039059824
0.0524554890576976
-0.3144437045392752
-0.1008159001367680
-0.5054061341225368
-0.5905704707830542
-0.1341519942443459
0.1736951370655925
-0.1704996742600121
-0.2053706822357795
-0.1875267065375107
-0.5306437272296641
-0.2091194630784640
-0.4188202046607779
-0.2384447258843186
0.0638714343631561
0.1541263551658805
0.5134761458551140
-0.2109840425798297
0.0976165039287445
-0.0273936834150257
-0.2986943803318257
-0.3912774715074311
-0.2487362943777881
0.4885530909020879
0.3202714384646601
0.3297927251352603
-0.1542599233422534
-0.3905904668927383
0.2432206247883570
0.5044914124610552
-0.0386358625736200
0.3995354282127917
0.1914009113182598
0.0060870211482257
0.0636510862374676
-0.3041602733125168
-0.0642969001567454
0.6311440850817164
-0.1597628587395422
0.1520845640502519
-0.0206197704580043
0.4441392794553494
-0.0596287115455172
0.6051110091485143
-0.4235130091478961
-0.0635363398046823
-0.2170085464366970
-0.0858390327442976
0.1005704438524732
0.1460710034866557
0.4040889412978557
0.1167115077493961
0.4441165977283527
-0.6453233719165706
0.0282854007123419
0.0892277970187407
-0.0540130750243194
-0.0594983505525435
-0.4128206963625951
0.0829077750290657
0.3554520150082868
-0.2320274253486684
-0.1328580653308491
-0.4170041126577985
-0.3836049335470281
0.0266046745621585
-0.6236731427591143
0.1206270170737890
-0.4502390228249990
-0.1157451789548700
-0.0302234712837185
-0.1753605433865277
0.0964353772571892
-0.1005068026535100
-0.4935950279125302
-0.0368914659667244
0.2526591331124251
0.2393054196783091
-0.5855680031111994
0.4925265709568912
0.1732731952030477
-0.0445782954207801
0.0750448353022025
0.0261298311603359
0.2235885481338662
0.0217967406484966
0.5232339527810121
-0.1951613332946128
-0.5267827736468959
-0.3133268444919472
-0.3198457512279093
-0.2788532718830238
-0.2446808269537891
0.0662343834348150
0.1329714004879530
0.1090417297479256
-0.0502454584471446
0.1327599108440261
0.0686488133279765
0.4014290452882266
-0.1500542380776204
-0.0238794386125289
0.0150060024295313
-0.0192030714445032
0.0807109457218201
0.8785826463143428
0.0081187301584728
0.4190453519196691
0.3919072327848194
0.1089047860418772
-0.3898632833060092
0.2712067166199194
0.2410332364491770
0.3880900980431647
-0.4227342826654528
0.1842600132872316
-0.1094080134348046
0.8037641283610242
0.0321962997467022
-0.0268843210237311
-0.0365512227779970
0.0319647364960982
0.4166357661859805
0.2311061364327512
-0.0562675949579390
-0.0727054493668593
0.1460870654459113
-0.3050527134727486
0.0355408598666839
0.1204131651559632
0.2994665155368631
-0.2118804842134721
-0.0207681042195072
-0.6608904225143529
-0.0128157371427966
0.2034694318434956
0.2825299064356822
-0.4083559389184245
-0.3525829618698698
