0.1287123138506482
-0.0970479708520400
0.0159671503819921
0.1836858537161514
-0.2018191028915515
-0.2536778059297632
0.4618006189891316
0.0088010054478764
0.2533790528333509
-0.7168570632521332
0.2085994880430789
-0.1563135269816440
0.2509393230763805
-0.4354936153055139
0.2130759658090392
-0.1675010080873793
-0.3068925111826458
0.4799089685981947
-0.2685106547511317
0.1080962801550693
-0.1177328266397605
-0.4768054802549050
0.1884344618094086
-0.4763609650703770
0.4531435199111933
0.1672475437064136
0.1292636130889957
-0.1879327640585433
0.1932261205141781
0.0353840800009525
-0.6392850032308948
0.0412518205322279
0.0570849695747985
-0.0598604476843635
-0.2276287591304068
0.2596882206822555
-0.0173737923450650
-0.6007178627991303
-0.2494307772973243
-0.3876080724848721
-0.0125664487933192
-0.1221406512781066
-0.3598958659259553
0.3986766664267740
-0.1716086874411013
0.1729027149387060
0.4633314915763714
0.0202306503457408
0.3529845478891241
-0.2857082535951240
-0.0023258200535412
-0.6076693177100083
-0.1957353649344835
0.3104542927759505
-0.1240195626777715
0.4240053429526882
-0.1772980523666368
-0.2727438210926865
-0.2127305696685902
0.1336404968437455
0.1849231557300197
-0.2112906015049577
-0.3905513482426065
0.4262977510321390
-0.3124593921172153
0.3749003980809466
-0.0065933720316411
0.3063342648040841
0.3647313419255566
-0.5485562802906260
0.3911195316950333
0.3593919900684765
0.0659575354985020
-0.2187580321981246
0.3240851616254516
0.1048580825023253
0.1476615319989439
0.4733794776500119
-0.4782337023666999
-0.0289201516032710
-0.1543305599640375
0.1645965891773321
-0.4491391817483898
-0.2323264519362820
0.3344910530060571
0.0173976518716787
-0.3471840496375782
0.0838616120680212
0.3245710738734415
-0.4957232973182809
0.2735685071649829
-0.6151211458357241
-0.2324433020559576
0.2267132683873937
0.1072850592422820
-0.2245155698290091
-0.1215309790666179
-0.1132829913321012
-0.0273741405330830
0.2865763021875358
-0.0483287575383139
-0.0888733901364148
0.3283716488937748
0.0599164217278764
0.3778202222854443
-0.3080953992882786
-0.0197939309934065
-0.5807877231288973
-0.4388733112775231
0.1680330310729055
0.3584148407851081
-0.0849256993968141
-0.2091484065029690
-0.1728247805122867
0.4867047484876880
0.1763800061541907
0.0906675084302917
-0.3424128030087159
-0.4372814175837969
0.2879260648923396
0.3509130465741551
-0.2034294067186141
-0.1868167592375083
0.3180018468058609
0.2960287955193380
0.2566014817257954
-0.4122352654655782
-0.6467790215999665
0.1794787918172170
-0.1538411638840645
0.0902562477414122
-0.1297169404073700
0.0732637861908183
-0.3745265548090443
-0.4930411319914993
0.3523177908371591
0.4758318977406170
0.1689362789323902
-0.2826644214572561
0.3188072839967601
-0.0802294261575882
0.2087470980805674
0.0252994325483713
-0.0291144670587081
0.1590638982376096
0.1750330171108279
0.0225008301219665
0.4141926798943315
0.3223320252732025
-0.2991640903112303
0.5789620650476721
0.4244061361894627
-0.0843306212874586
-0.2352152657406934
-0.2275700906562682
-0.0769054975471657
-0.3346341937078877
0.1729617766385748
0.1888209766999367
-0.0771364178270541
-0.4450491008172819
0.0210876543616907
0.1874530938806108
-0.7163044159826391
-0.1097912576015088
0.0578588168508767
0.2707145969641230
0.1875356249420925
0.4574665153927149
-0.1696736509288501
0.2678904158287265
-0.6778600887885520
-0.0884442063232354
0.2756610517567578
-0.0502449800007660
0.1803775684149554
-0.2059421168805054
0.1322930655973409
0.1293313420676192
-0.5240881880028672
-0.3461546164052255
0.4508548494709400
0.1071654280149314
0.3988518214591344
0.0741581525528030
0.2016285672102192
-0.3299659611932688
-0.2567142382232830
-0.3243167614593908
0.0854665167252431
-0.2194858185219633
-0.1837600663472914
0.0450677028053995
0.0026585585955097
0.3690253976007478
-0.4420546854140298
-0.5486760926228273
-0.3240284197039930
0.2986492370563003
0.1861995716312835
0.2330118217885868
0.3809779305235179
-0.7086477495823166
0.2831468162942612
0.1878503938722523
0.1126760931581077
-0.2080888896153630
-0.0552632588422878
0.0026872511197886
0.4646814914738591
0.3325575479321319
0.3296597393204735
0.4774179669545710
0.3424284370189365
0.1380785531622320
-0.0614533185809608
0.2362206678707627
-0.2284395139286482
0.2975591017061738
-0.0157309804668372
-0.3751790474132510
-0.0893627425922576
0.3308053802854436
0.1693526605403337
0.5798696623018865
0.5361846272366502
0.0189764877012156
-0.0321587118054450
-0.2943718566380569
-0.0222664624414127
-0.0292370391272467
-0.1728535894269685
-0.1022698913341861
-0.4765905832514152
0.5511370593694179
-0.2761637553507947
0.2779620717998645
0.1016880141266044
-0.3268477372556124
0.2407463270947137
-0.1396674828252198
0.2839134291139334
-0.2797961565022762
-0.2073735548928755
-0.1069654354430951
0.3398776601076873
-0.0022229397878762
0.2829629402892191
-0.2568039183320123
-0.0179284074272766
-0.0568960071370435
0.0131693666203131
-0.7758857236542926
0.2975818183239991
0.2564375112118787
-0.6699564841424563
-0.0868498284539713
0.3709413418449223
-0.2097843382589577
0.2224222916919349
0.1406805504473829
-0.0466866717568100
-0.3400122833995623
0.1436754743614624
-0.5030019161832010
-0.5450182175177707
-0.0394024816726213
0.3785413451849107
0.1999113574465524
-0.2645617177763960
0.2879278154108508
-0.1681408226920429
0.0142558924592703
0.2663487423339303
-0.1132343137436611
0.2831570484628546
0.4779671680074410
0.1520776644975375
0.1699919034464537
-0.2104976150867208
-0.5070649011622913
-0.2308004601715856
-0.1342703266457806
-0.4848932756862284
-0.1464680063409232
-0.1002437542606533
-0.2054526351728358
-0.0414868515717834
0.0751274148693312
0.4894914322279265
-0.0943786093960403
0.0053742411637248
-0.1773606630986716
-0.0823093820390297
-0.3651960439285409
0.4936128559136913
0.5353806305492499
-0.6789894342410207
0.2905687332866196
-0.0614281914828429
-0.1614153626571539
0.2634329450746908
0.0650942745128325
0.4026884432194507
0.2651789751426517
0.1577652916930740
-0.2870246509612406
-0.1064411931864879
0.4707564192442512
0.0957536885687382
-0.1590207883820928
-0.0520196878215258
0.4884367870702034
-0.0458757227868450
-0.4572895142873419
-0.1960470534233166
-0.1481165838507557
-0.0915749937484055
-0.4718879527786927
-0.1636364383071175
-0.3153933019747862
-0.1855127894721930
0.1884780452467545
-0.0189321061087465
-0.3240156502492635
-0.3162845937306828
0.1748533772274100
0.6105803462057577
0.1137242255847315
0.4267498563149619
0.0796904713520822
0.1414678378575655
-0.4158414510473207
-0.1476610399745248
0.0725864472606231
-0.2267487312968669
-0.7075374023585660
-0.0097480030039686
-0.2200143639788789
0.0182387888964096
0.4156698593176080
0.2651040448014613
0.4464759654893458
0.2416764469231773
0.0587141398993510
-0.2230494900050822
-0.0161754796808177
-0.1273645360499974
-0.1617325799634195
0.2472594360945905
0.3605908947401727
-0.6204589484745220
-0.0670566969838117
-0.0705677447725161
-0.1624766272623900
0.3995118763970280
-0.3400147575755444
0.2223572499111990
0.0214114738837318
0.3592500465989051
0.3043239730593685
0.6325890337333001
-0.1310015407078100
0.1129513788912348
-0.4205255141243741
-0.2672327402662935
0.1539960761524089
0.3556794826677988
0.2429501859999115
0.3434306464980067
-0.3950253749748909
-0.0854021067449212
-0.4200139657994415
-0.2684111671243708
0.0527629876009107
0.4729666392376926
-0.3093431902133005
-0.6300240280651326
0.0362636274189547
-0.2516237715437786
-0.0059749740240579
-0.3600935950192753
-0.1444913645138649
0.2035087281612325
-0.1557848279262129
-0.0964168230172407
-0.0440089524839603
-0.5136317607639118
-0.5074185166038566
0.2013683743910089
0.5291944314752596
-0.2235477256788217
-0.0031316498143817
-0.2053238592516649
-0.2130316081398108
-0.0967272300955967
-0.1220398435933673
0.3995885793604786
0.4053925383143804
0.1851918717735839
0.1167371909324972
-0.0748556082224142
-0.0717253262773084
0.4545479055023864
-0.1672182299409466
-0.4736452189053351
0.3788206961830153
0.3256687159249322
-0.4871035142707172
0.3842879974518896
0.0455808163334791
0.4761213866762916
-0.0252507208676804
-0.0504787679122920
-0.0348177003725893
0.3166381679921016
0.3621301104976100
-0.2107787457673021
0.3848236741676502
-0.0197227798583214
0.6995971225830721
0.1090106694384644
-0.0099739767801286
0.0993613849010417
-0.1882449443349616
-0.0430063902767529
0.0204105044503744
-0.4565676898842062
-0.3067144827753370
-0.3592101142917473
0.0801500243365257
-0.3916711482375490
0.1124672863477801
0.3540187733383243
-0.1929302410126587
-0.0582892135567042
-0.1692429565710273
-0.6818835811999815
-0.0712890603217782
-0.1839819544368433
0.4978097555020304
-0.0273841793322600
-0.2318642231592780
0.5299716997475966
0.0548692216333507
-0.0653845225677716
-0.0478164899036395
0.0904414921859571
0.5555282829990648
-0.1409075969112167
-0.2656803755754644
0.4128375582739806
-0.5103092971445351
-0.2668065960681075
0.2178946802764561
-0.0582738396131522
-0.0883940356884628
0.4854490903509169
0.1028201050587549
0.1278243331769419
0.2389259287938705
0.3458596846561868
0.6988377956053561
0.0908442975423064
0.1483468769363088
-0.0517548703165687
0.1282305061785525
-0.2800373617853135
0.4395016570640197
-0.4094688966636610
0.0555799286920297
-0.0373064670851362
-0.1360746669002113
-0.4360289207437811
0.0385407094555127
0.3168190821665648
0.5198544212807696
-0.1911902096427959
-0.0368306450557158
0.0779553200313376
-0.3488486323286852
-0.2814888244811715
-0.4244270546731929
-0.1127544585195578
-0.3322629425071512
-0.3982662914839948
0.5996332910586415
-0.2813133503143094
0.1594878117079252
-0.2094480205788682
0.0705419490499921
0.1350480906652560
0.2965673125155506
-0.3053106350138104
0.1363901382508006
-0.0561539069853709
-0.0439236051320760
-0.1690886305599197
-0.2983086047288419
-0.5286101915148115
0.4351786064311617
-0.2808132212865337
-0.2406537792695550
0.0599229113945757
0.3264566089376981
0.4019879766594349
0.0176554663241623
-0.3676419969189580
0.2397277500483881
-0.1179893817402066
-0.2258209016470049
-0.6018349141554037
-0.0079311518855766
-0.2368094988461293
-0.0389628673828623
-0.0793506037207334
-0.5621211163859473
-0.4104597023499570
0.0612920763127970
-0.0653258945677164
-0.0733224309258951
-0.0309556108922682
-0.8393721409655278
0.0808259020898615
0.1880192039650033
-0.1099599745940182
-0.1308127668317676
0.2037925376164588
0.1314367912148724
0.6172968033028329
0.0240488392119804
0.2901563941663204
0.3173923362467743
0.2533547680001496
0.1167841151039940
-0.3388413648420647
0.1612119889355056
-0.4391515069268508
-0.0683963576974716
-0.2438068940150342
-0.5337519324291397
0.0038374334221990
-0.0501241707473628
0.1037832169935429
0.1067054508555678
-0.4614734435013798
-0.5817828010572523
-0.2503559307536370
-0.0469865352522693
0.1211119815589083
-0.2075009667052219
-0.0530261590809072
0.1857569459767858
0.0485741998338027
0.4860423450429393
-0.1619184253002463
0.2337218548661609
0.5408356681911025
0.0650291029932534
0.4145180760156434
0.3628065555709324
-0.1844794471149717
-0.3954186637360808
-0.2585162325423837
0.1218702772122467
-0.2394075371056422
0.5216494825905558
0.3077572117302930
0.0383621464369920
-0.5074604693154655
0.2084906179532660
-0.0363817832435398
-0.2330450931635265
-0.1522276818982950
0.1774749957030767
0.1465697255394743
0.0670796696714870
0.0148783101883789
-0.0761973185070621
-0.5861517331335895
0.6457266234769098
-0.1629081711599919
-0.2682047400283822
-0.0531296983796442
0.2601499421555498
-0.0460789831675871
0.4023671221978692
0.1718284064137624
-0.0101009381777194
0.7210201540512210
-0.0066522547641036
-0.3752203449257073
-0.0057063077167954
0.2740665149061750
-0.1126944990192729
0.2054451074765983
-0.4566891434451779
-0.2042286687691409
-0.0216257655141523
-0.2882623035590092
-0.3045657038600936
0.5332682759647605
-0.0694923449466201
0.0179915101778900
-0.4785048619049923
-0.5535446326772803
0.2942575922636254
0.0420590352585254
0.0231315329823442
0.1639253393351752
-0.0753651742643560
-0.1730449792450074
-0.3954302289036837
0.1683887340490739
-0.1631999010078005
0.5751927921836453
0.2610502452790460
-0.0333647746395246
-0.2160366358029401
0.1265094711903643
0.2355880689597269
-0.6192704709096640
0.0364101414204575
0.0459381156712452
-0.2144455157451227
0.5918245663970072
-0.1714241146465584
0.4291246091008648
-0.1110027368115426
0.2097882577766355
-0.1622139706502234
0.4126295691986355
0.3362756844037750
0.4374582785808429
0.3798736876595864
-0.0694747091864562
-0.2933937050767621
0.1525814999952848
