-0.0025889318781659
0.2853748226520127
-0.3827430664445233
-0.6530936697667845
-0.2067716119655559
-0.4911290020688935
-0.2481304403720724
0.3138076428034069
-0.4961252432616953
-0.0006363010424283
-0.4577029805144406
-0.0702539990115401
0.1490826333221112
0.6470941408562634
0.2531110368951199
0.6284396471034074
0.1728268903055888
0.0335215404776547
0.6726333085614188
-0.2112558577679156
-0.1137584284094529
0.3129281955520294
0.0224852890123868
0.1593856857010239
0.1516693979852770
0.4563604624822922
-0.1266639978989691
-0.7930033499514215
0.0726395067892514
-0.2732964450964111
0.3199619316549471
-0.4752246994018691
-0.1010213425625407
-0.6292560475780433
-0.4308711146670638
-0.4351374388481531
0.4448091512305510
-0.4686405467072632
0.1062217471665571
-0.0245309738295176
0.5288589752020342
-0.3187469566541116
0.0998652299371082
-0.1607035972015339
0.6400078938828399
-0.3490494776616190
0.6022814839587204
-0.1420826560620837
-0.2232155472513585
0.3692283482467415
-0.2429650664776541
0.7168935963412235
-0.1677742241018780
0.0920075074363434
0.4397842703492392
0.2463294515546005
0.0693690564391988
-0.2098874086129708
-0.2447884185651901
0.0324666197658288
-0.0577116652646265
-0.9409219006610074
0.0386665100657202
0.0331681500080102
0.2472036786385299
0.7365438257987166
0.2853061849829531
0.1636626035984976
0.3223271955842348
-0.4280344843012663
-0.4175809984373487
0.7955122468409872
-0.1866263003702120
-0.2548715147554252
0.2063749969092157
-0.1862893534017074
-0.1253121993517347
0.7313190690251686
0.0536337701796553
-0.0681109306089775
-0.2910756980494456
0.2516560889578361
-0.4979261348736750
-0.2483353664166505
-0.4219826726672856
-0.2548513134589332
0.4526966114946239
0.0314724315354382
0.0334471849332079
-0.1085549450280470
-0.7335896712204754
0.1988639936710477
0.0599482825851873
-0.1601254368901618
0.4259951483813257
0.6946541914776423
-0.0030854486033581
0.5169074653379019
-0.4782006884525519
0.5748018070838987
0.2409348105070003
0.3246011442644686
0.4209742234597033
0.2866733489079748
0.1345756017007906
0.5113624503911843
-0.3275956591826528
0.4956129958835222
-0.0392994129665836
-0.2573084307771486
0.0356572567108411
-0.5626133435684821
0.5756724624162749
0.3188549051546196
0.0369721086741379
0.3120531703256679
0.0783217227755670
-0.5626476498902122
0.3814209975326437
-0.1518318675984856
-0.7591888478373174
0.4653473864228609
-0.4118778159319739
-0.0478636495928831
0.0614324782644201
-0.0912303329790238
-0.3496221627639491
0.0120280774346367
0.3992642049231888
-0.5633644425510904
-0.3470314816185978
0.4643970726275483
0.2544263702806823
0.3119323301893233
-0.2773491309405862
-0.1493288572902467
0.2117075937832000
-0.5810412441091282
-0.3570739467344575
0.5417986132057478
0.0304805538182700
0.2384675694543908
-0.1429544377109023
0.6843374300712884
-0.4538896506909809
-0.4855487804444954
-0.1080603141958869
-0.6188970590102145
-0.2403814050908969
-0.2175942776604231
0.3186068329820940
-0.3105269094685439
-0.4369392767226593
0.3506889415059823
0.2504499967308177
-0.0548626631141190
-0.8729671081024217
0.1886279638194505
0.2623918525792697
0.2510596770636261
0.0687921581498174
0.0528331033943978
0.5385369750403433
0.3347859412990870
-0.3631668102520947
-0.0445090643914798
-0.2004296863063926
-0.6488926838653933
0.2745084177543409
0.3372750329905447
0.3737650763880515
-0.2489219639552811
-0.2763369078440915
-0.1772639297883006
0.7081268366582993
-0.5031953741627244
-0.7611140219248983
0.0757419419182749
0.3711757695607101
0.0775318385552252
0.1184348707930876
-0.0628773629096806
0.0071357201016935
-0.1117937162473760
-0.6912916433055647
-0.2383138791510150
-0.4286758306195205
0.2439355241374644
-0.4577183606898064
-0.1071920093215684
0.2716082509736533
0.0426121109879392
0.6055260318205888
-0.1809654855281699
-0.1437385665822677
0.7020341739900056
0.3551706230858462
-0.3558240000960192
0.0312888197375155
-0.4189502615975110
-0.3488393249890656
0.6425251315839159
-0.1903086391720961
0.2667755168329188
0.2031153204727942
-0.3058582499126706
-0.4718203129331583
-0.7170445394924922
0.0907356037876867
0.2214170094212772
0.2659582452667353
-0.3082155637802026
0.4708992463456234
-0.2866300516108315
-0.7003935055898433
0.0071207882646452
0.1994109400836554
-0.5481250527102344
-0.0931311674886606
-0.2158358629419608
0.3576895153369609
-0.5403456328908983
0.0626960916694526
-0.4695257183848623
0.0770100214372860
0.1498706741772785
0.0252983133358757
0.0565936408524128
-0.2250039678846206
0.4658351703630617
-0.8367414184001523
0.0444431919846594
-0.4138657097472091
-0.0775211312522881
-0.6389763379807109
0.4400188995305915
-0.4327819751491920
0.1775466719869201
0.1754944600903758
-0.7597164469693176
0.0832084980792518
0.1272829810943541
0.3129013474756181
-0.3756607295330543
-0.3603883548169518
-0.3050017376930367
0.0988238342767040
-0.0645193899722941
-0.1914962122251630
0.5229168452404184
-0.6073652753614019
-0.4626441765040102
-0.0139359798503213
-0.3734851562472943
-0.3245116594913892
0.4075138650822745
-0.2052657796536466
0.7174097030200765
-0.1792443496019394
0.1284623347902787
-0.0604758932017562
-0.2220134464403708
0.1131656488768650
-0.3338891837860303
-0.4340077582358071
-0.7860654801843513
-0.1100263292554803
-0.5322240537961672
0.3033549255961920
0.2432026126809088
-0.5476118501543802
-0.4656117575220992
-0.1917993601676674
0.0554582804297994
-0.5833715381472530
-0.5693161646646930
0.4399913181989753
-0.2629854196331407
-0.2235460981658377
-0.1405509986720156
0.5840509261585849
-0.4888504367133431
-0.3809546283712332
0.0557623219861145
0.2980809699749239
-0.2814759786070293
0.3218585241278370
-0.3058652788819796
0.2125504308056704
0.2114085141843677
0.1613676286248579
-0.8682593927356599
-0.0987708846792188
0.1640293064275659
0.5820786717543472
0.3304992853810287
0.7022548123128360
-0.0816991830360661
0.0361602571025419
-0.2204645203873503
-0.0469669605433548
-0.6743540085994885
0.3430150062299855
0.3517124079147130
-0.1214049410135641
-0.0475249215732468
-0.2134146294673860
0.4912658921214935
0.3881053181182791
0.2544313345901049
0.1634186318467995
-0.1203390780122293
-0.6222594945819130
-0.5872059982350637
-0.1069301273492137
0.5345724616421712
-0.0334951681373616
-0.5168558932565197
-0.6296824674040179
0.1410545403094446
0.1672172826719333
0.0401538273291439
-0.0754102181118736
0.4295150730647622
-0.1486232746464735
-0.6978236800165246
-0.1639876247339460
0.4298100190039487
-0.2985879122703893
0.5581200736461100
0.5296188634915814
0.2373424715242337
0.2250135835340792
0.1497184695736965
0.3961107329360736
0.3488895934023019
-0.9308391227463308
0.0369870703677827
-0.0682676226901255
0.1068792198919129
0.2705301502746091
-0.0798945478712327
-0.1910946028825342
0.3816945760483865
0.0656674148822672
0.3311537322545591
-0.8544453529953485
-0.0953715726512940
-0.0335335496016462
0.0060950617376483
0.2588331575410254
0.4866900641000838
-0.5166304330105274
-0.1754849596539516
0.2214689159205996
0.0404238608880999
-0.5897063959616339
-0.1767907104033970
-0.3750297430840835
-0.2618548161219569
-0.8262534768158295
-0.2654423714732252
0.0790655589811325
0.0111341210029954
-0.5092987954031793
0.2652756457925657
0.1335347938824313
-0.0526789472945842
-0.3471205926181387
-0.6545962781649585
-0.3172506310126671
0.1794281676342743
0.3223370614041896
-0.5481537754707885
-0.2107479958308677
0.4899023798491888
-0.4752881871154845
0.2304644649434895
-0.6965583552702058
0.2434915672521321
-0.3347529750365468
-0.3713848250938508
-0.4527733876324613
-0.0026914009651503
0.0228273429734407
-0.0541678433524738
0.8110342395471413
0.3860697120852806
0.2241965475486564
-0.2181146724597165
-0.3022825502978846
0.0320412538703053
0.3221962219365828
0.4562755023068243
0.4116716452666358
-0.1818915566225463
-0.5547830377158031
0.3814372403934291
-0.1793476829546647
-0.2836190005341918
-0.1923455246809279
0.1364251618003987
-0.4739313183292700
-0.4260572596477917
-0.5733801498653481
0.3592369101963566
-0.6495262325208880
-0.4557489485922983
-0.0295310470705489
-0.3572674936420073
0.1940171085506634
0.0556556245731700
0.4485044452543605
0.1219396914810601
-0.5181120538314515
0.3168760630098820
0.0700798925236448
0.3928733866173048
0.5215739389371528
-0.4300931398903309
0.4041762387116671
-0.0559883575885354
0.5382214814842038
0.5662299049423337
-0.4382761744627666
-0.1080869042272222
0.1394253188134439
0.1474405730333207
-0.3268373054349610
-0.6781781959377958
-0.2390409483059741
0.2546449042744073
-0.3643542028720210
-0.3959474717228654
0.0431605015747397
-0.6416799757493544
0.2800964688078256
0.0129552116881022
0.5935475712594964
0.0535439767635004
0.3906359349598179
-0.3726513211840895
0.1275294116466611
0.1049514960908377
-0.2413852609201552
0.8242524505567624
-0.1305505758836747
0.2813361444095397
-0.5617631587048488
0.0546384515694638
0.2875571598065687
-0.7195848702824588
0.1269566954503677
-0.1547408074761655
-0.2021943802842841
0.1398101226130611
-0.3095105839678707
0.1651291247687865
0.7510762122044996
-0.0935243459400842
0.0462012592214263
-0.5314055551114033
0.4643691212551954
0.4027071432345346
-0.4251125701912514
0.0391926943914248
-0.2707568183251823
0.5988575044992903
-0.0893976846433573
-0.5391212556148308
-0.1791322987286230
0.6725323812898920
-0.0422760701648038
0.3197963914026945
0.3372147478013692
0.0847897589071321
0.0991724432972784
0.0428299924626668
0.4737040885864165
0.3747393688152038
0.0846367890715296
-0.7154497297366611
-0.3232236970087300
