0.5313419671192416
-0.3664193648731405
0.0897805294109773
-0.7564061606539605
0.0530742112929365
0.0196180473766223
0.1404980912243450
-0.3670013530802614
-0.5806807193784728
0.3866165385999608
-0.3448479249724976
-0.4898854519832366
-0.1737559104176213
0.5759000071528414
-0.4584032994536081
-0.3340918185406487
0.1082085897789346
0.5519855417387334
-0.3766421358385050
-0.5651599904098012
0.3291279009391151
-0.5912570543395099
0.1898440158749516
0.2116224395111525
-0.3370389748135126
-0.5410584846255069
-0.2780118711363514
0.0397717597155967
0.6763512778978437
0.2394514589509745
0.5655827388963962
-0.3267702435913259
-0.5246276607652408
-0.1238819562248941
0.5289598543641384
0.0543868027987573
0.0492597147636863
-0.3808859046266235
-0.4022372911352337
-0.4638972757045843
0.0753788836173254
0.6854355631836000
-0.3051471762752735
-0.2011013925618025
0.0282114289775620
-0.6814549040419053
-0.0482204368855428
-0.6316181989301607
-0.4907274716989654
-0.1006822102673170
-0.4893952111923510
0.3184229983923528
-0.0345639048693781
0.6379295406960142
0.7091789540573376
0.1289139103823687
0.4851093010775037
0.4812688704830853
-0.0770315099410638
-0.0869586201609624
-0.3457556510842882
-0.1159847969217239
0.1701752282866909
0.5245239515657082
0.6456065575594496
-0.3822404287539596
-0.3292438008844243
0.3509432226470732
-0.8327819145557939
0.1406301656336677
-0.1909119279088898
-0.1367020451273827
-0.1957140095875071
-0.5914476205520163
0.4956392181795138
0.0153948178738544
-0.5683568448873330
0.2072703559346743
-0.1251405623502627
0.5133168338156493
-0.2116327464192960
0.2627133871945009
-0.6450978971051904
0.4369068868287802
0.3255830005366946
0.3341306809833703
0.4394841507970044
0.0709914905645682
0.7523035460509478
-0.1349283582199760
0.3856500344710253
-0.5266661218225952
0.1701397379243001
0.5390323109872461
0.4841548927138321
0.1413772407033804
0.7047928576844993
0.1290916152000512
0.1579671657871445
-0.1693446646886208
0.3257989633356550
0.5716871322725806
-0.3944321862102396
-0.6501470494416698
-0.0595637507513442
0.6437252849977079
-0.0615151367947100
0.0042272425860878
0.1660545806087639
-0.1988252105907926
-0.7388340359773122
-0.5510472504187832
-0.1993303769870962
-0.2088851545465385
-0.1425291545545203
-0.3704371133626311
0.3417980641649350
0.1516059915203842
0.2134900047571350
0.8106007091549807
0.3993718097540588
-0.0616805046616666
-0.7444352416000750
0.1965657352402055
-0.2995235485144722
0.3926339256827716
-0.6724062663241842
0.5332580459192349
-0.0898144601338516
-0.1061312673216180
0.3412383975117104
-0.3573954985468920
0.0475613700691821
-0.0710691347395290
0.1681957996210318
0.6806355688359604
-0.6975210931963844
-0.1208172758169472
-0.0349336399710327
0.0592582639908811
0.6195870186302638
-0.6669691700686649
-0.4079076774594669
-0.0119782360789324
-0.0720058111229167
0.9479925846886880
0.2364662498660594
0.1660919957258047
0.0533930972534394
0.0988512080633212
-0.2626026049156048
-0.1884202132565563
-0.5819334540499254
-0.0508436807213382
0.4329005846743048
-0.6057253124187297
0.9005566164505970
0.1257026369528220
-0.2579080632243320
-0.1374093510376586
-0.2103667737330821
-0.2086733076140246
0.5139040619929499
-0.0444461365592692
-0.1342235882958066
0.3673995170923883
0.3850196612430630
-0.6577907263360101
0.3043447453197338
-0.3726798525322002
0.0327319083031845
-0.3018804029806736
-0.6970188319029501
-0.4364007286434671
