0.1381861620998381
0.5256213491625478
-0.3744942059042781
-0.5114569710696817
-0.1813628868605479
0.0437342875516959
0.1731517089481157
0.2973197707262101
0.2696050468940995
0.0400139969400892
-0.2744376154174424
-0.0016992247417085
0.0172456696594164
-0.1351605696333567
-0.3583240704623538
0.2831669403150170
-0.0487060989770534
-0.4191653415151859
-0.0972566491659077
0.2814256801034917
-0.6307046773683526
-0.2553934742993628
0.0395434082537970
0.2038271743295407
0.1841027655448723
-0.3817498576392812
0.4827525266649944
-0.0154712522866963
0.1920102695151239
-0.2609031978503352
0.5509998382905745
0.0877776383843999
0.3234064404150598
-0.2294020827592638
0.0684135005534298
-0.0945634711914619
-0.5206200749825647
-0.1050566675056828
-0.4812398632744116
-0.2282175392108635
0.2239207779305697
-0.0138805108807991
-0.2834157083392468
0.3424037252952698
0.1815020964103216
-0.3911386127089316
0.0043317459009555
-0.0198402457972195
0.0116106255029145
0.1430851084506517
-0.2599569032406138
0.3163276744671453
0.7094104076002415
-0.2018523689032505
0.2084404107829048
-0.1178120611534672
0.0711195278104408
-0.2718248843746600
0.3554552518426238
0.0715630703023876
0.2663899891734381
-0.3661473624370408
0.0510352562229406
-0.3881457462223377
0.3036522701286425
0.1251111570104224
-0.0520693185377430
0.6690001226105043
-0.0783404355944653
0.1195287483285577
-0.2389326653471933
-0.0778955718618315
0.6053742445938588
0.2716419957621554
-0.3063572386145455
0.1289749253212530
-0.0248009831445766
0.0722890776965536
-0.2579163806575844
-0.1819909967415893
0.4288206632503305
0.1762038447788696
0.3393588268234400
0.1168828892253433
-0.1931509279007938
0.5123119361093864
0.0562879047827104
0.0535682080030205
0.3624274235608855
-0.3690387788003403
-0.2327774613226771
0.5310546802748765
-0.0901908374294616
0.2863599067605982
0.0130134331312830
-0.0117434105052056
0.2649815295031003
0.2530338959087213
0.4455251449553795
-0.3030416299454282
-0.2422221578775223
0.0713683392758940
0.0169130983430951
0.4426323268202752
0.0907099365232551
0.0355650521860493
0.5531046481155063
0.0062762829918933
0.0767945266886461
0.2787032709183245
0.2004661258471073
-0.3818803892174981
-0.2751289944070926
0.0794959243894641
0.0096266552584910
-0.2828702385009111
-0.6245674674288241
-0.3690053736912244
0.0701691197760501
0.1926415991846396
-0.2087169020521065
-0.6523099288635616
-0.1470184583085030
-0.1130293345344718
-0.3523698891922052
-0.1237967554131513
0.1302892715956540
0.3018258760214833
-0.0228945613817639
0.1291922409189744
0.4541606450940243
-0.1596807350907102
0.0644033817797989
0.0147710125794481
0.3214810101345246
-0.1130014460471462
0.1135037914537562
0.0150885566860439
-0.4018930634120204
-0.2457650594989873
0.3532209927291722
-0.6624334716299159
0.2676869721458770
0.0961555599717782
0.4528032892616303
-0.0927444410924817
-0.2989425713764405
0.2742964391063832
0.0496446648512908
0.0499939105134707
0.0522506362654259
0.2513799967386269
0.2756116068458071
-0.5842225399622806
-0.3646737305223264
0.0247340462608755
-0.6013562672076854
0.0357482395547050
0.3208873996259075
0.2131310161957885
-0.0212886363247198
0.0498667257874196
-0.4335730262375908
-0.0406972304422576
0.2943529760549110
0.1066881865846537
-0.2847657375371682
0.3420524097085754
-0.1510337818381003
0.2419859039690037
0.2142915045342118
0.0712691454690766
-0.1880318409246291
-0.5372846259540854
0.1774386579112462
-0.1303886491427424
0.2605462628691295
0.1780570077116301
-0.5220693427073673
-0.3506707967490670
-0.0755565914426726
0.0010754083054787
0.0326686632218541
0.4007223590228673
-0.0719426352771373
-0.1458729360743209
0.1907189661709776
0.1826749831796559
0.0681808417961731
0.3603237783845377
0.4082631417306975
0.6597614866519922
0.2160418963997995
0.0846564720826160
0.0045828678012805
0.1535886525190433
0.5347457111459955
0.3842761114490250
-0.1813971775740926
-0.0728854157402898
-0.2203438174209366
0.4225107079102979
0.1185141986922462
-0.4578188147395705
0.4056743157924023
-0.2150265130868236
0.3487749573830193
0.2040519283510429
-0.1545523772327749
-0.5085256042518057
-0.4541876895426264
0.2529749803173716
0.1686551812957443
0.0637191496012695
-0.1036043021078449
0.1729297854885322
0.2114885113550490
-0.1105780146923201
0.1932183792091287
-0.2749770617281628
0.5015319904533789
-0.5424805009767758
-0.0225201976551285
-0.2655080887404781
-0.4066023517952566
0.1180475919417740
-0.1805691878176990
-0.0375807367630783
-0.2376357752040748
0.1493304412533268
0.2394406379905257
-0.5183227154102994
0.4423377010817739
0.0501584024757994
0.2115670098886395
0.0896442426118109
0.0886564850744382
-0.0724237613977946
0.0471804005752617
0.5735268436817323
0.0130018103621466
0.2051720464852960
-0.2200723595491141
-0.3623941344447728
-0.2746090038102794
-0.6118843618920721
-0.3599483387920607
-0.0976411833878804
-0.0147829955499273
-0.0851990238095244
0.3233762692117046
-0.2775161715139387
0.0172774274087795
-0.5193586372218773
-0.1293461635368065
-0.3336213752347295
0.1301184028622068
0.0482915638765648
-0.6213548414696853
-0.2934942628777452
0.1830398080884873
0.2763821597010919
0.0217972193630258
-0.0092228426676316
0.4353226973689852
-0.1412311853093627
-0.2378285308419479
-0.1787625525679561
-0.0775474671261229
0.0336922989113927
-0.0308822890967873
-0.0988768973811699
-0.1685438375629476
0.1737859861721494
-0.3857809851187782
0.6904453209630509
-0.0293493054838960
-0.1408333287238735
-0.3643500595550941
-0.3062990452403720
0.0491847609875295
-0.3537129663470496
0.4404728005218275
-0.4139620466728450
0.3373951328518621
0.3300274079498497
0.1250688399062652
0.1463757938627134
