0.2254293749417939
-0.3290197696774285
-0.0702928589889467
-0.3089599335730644
-0.8605406797452702
-0.6201762587531273
0.4261094197775349
-0.4823580189788514
-0.4308557580942404
-0.1245240045118299
-0.0611032960900901
0.5981664306268062
0.3058227272357236
-0.3462672020794906
0.6519469247939272
-0.5153715108902833
0.2189749431105124
0.3417145925264872
0.6886613753040929
-0.3088993808202705
-0.0457103494849374
-0.3556787453774057
-0.0159324359038847
-0.1114682330385217
0.9266737206515343
-0.9189793551919251
0.0851961933460830
0.1337122486974932
-0.3602626028025945
-0.0234615630453356
-0.2890334273721420
0.4955320874009682
0.7903197687893398
-0.0114904357426044
0.2148726626743422
-0.3866377209387198
-0.6003294707900385
-0.2681972142422210
0.6399121838145234
-0.0932654841123165
0.0149248729434375
0.0670203742751780
-0.5939087176058467
0.1431016531586169
0.7887204001512111
0.0262807270325143
-0.0621430074623181
0.1272153754939439
-0.7508621991588957
0.6445694501932140
-0.0194694440934830
-0.8654422927592962
0.2856301591113978
0.3361556476743385
-0.2367390364787086
0.3902207654925626
0.6412133747281883
0.2463176269307098
0.2708036861086038
0.5500601353500386
-0.7468015886652680
-0.5153907986632325
-0.3631403611067594
-0.1808701788528736
0.1098852508632957
0.1856335881290443
0.3820634460312691
-0.3094644940569642
0.6942748666952459
0.4917131588216991
0.2581602583325771
-0.8421852227911479
0.1606358473134546
-0.3905229714503171
-0.2139281768664077
0.5122126011166052
-0.4948329834411226
0.4181361935032080
0.0904620592152493
-0.5565584509117654
0.0725583262407947
0.5249428354701554
-0.7411369118168160
-0.2974912790255606
-0.2852811343710916
-0.4958381290675085
-0.2915606778412289
0.2762495768243241
0.6766279092801444
0.3674204193933139
0.2380405335956437
0.0247148286381919
-0.8896384951923347
-0.2866569073384348
0.2628631715512244
0.1003981662262210
-0.4662613524493714
0.8102640300367833
-0.2840008797960935
-0.1879794173150103
-0.5847461827162925
0.7511445954448546
0.1605459454868716
-0.2227119879642245
0.1359340587838815
0.1085317180672530
0.0141839945483734
-0.6500201511163441
0.0384731082643913
-0.7510081914035185
-0.2700387130499640
-0.3994068147368775
-0.8086919634768556
0.1802282967923194
0.2847601781137045
-0.5731371913826234
-0.6294148703398686
0.4351187889508429
-0.1274044846923070
-0.2641787607498457
0.0867289622279732
0.6743029114726101
0.1746066485684631
0.6392295493376021
-0.3141524665186564
-0.3427959662444281
0.3480089475503769
0.2261801676787347
-0.8346729587366705
0.1163799022770681
0.1093188864283975
0.9279593934633129
0.3539270111538135
-0.0143514009404432
-0.0383464890183015
0.4221216260595428
-0.1398274408602234
0.2825419705638569
-0.8433992487628366
-0.1054009565967215
0.0673928509725938
0.0873570965829940
0.7589174423559409
-0.5883722868556112
0.2562992568514206
-0.7666257981530754
0.1016193462592909
-0.5903262071517543
0.2246962764123856
0.0546346647123196
0.7645801804775975
-0.4740776995504267
0.0876792147085357
-0.1580482082408803
0.3974928950179633
0.6307388899628540
0.0391335631408677
-0.1404226639082170
0.2438683876417457
0.7221126656514633
0.2125817118695321
-0.7945186683747740
0.1039169273577630
0.2756645553397649
0.4865793116445113
0.5003838466928497
0.2019249321288434
0.2457393363895494
0.7984063327416046
0.1048896283840997
-0.6145720769305079
0.0771706138282371
0.1604003005196185
-0.3420362790317913
0.6882069354765307
0.6191930962301048
0.2120877884001883
0.2664882809835968
-0.2357813093529744
-0.6670905859406935
0.3687469526082974
0.1836035943395713
0.8169606229446196
0.2747466923831401
0.2956433673704649
0.7101790186089755
0.1330782057626404
-0.6432367968537278
-0.0603650177441682
-0.2460456065136939
-0.4906545115395226
-0.7024465205545883
0.2245620187550376
-0.0109716686952715
0.4639812046682151
0.3599158835313192
0.1520443089512470
0.5766171049060113
0.4558087903496443
-0.5541607581444321
0.3701919885424293
0.3592361114173169
-0.2897123298638744
-0.3942928288738231
0.7032120867108945
-0.7807974887791250
0.3491300300415263
0.1280106944840320
0.3832181081947764
0.3243773224020872
0.1528181275299006
-0.4387039222014775
-0.4759310764559258
-0.6721921628226541
-0.3253195279207832
0.4600253299967452
0.3626206643137058
-0.4213311464418447
0.6555253378503354
-0.2228217809108367
0.8977345169643559
0.2500738694882890
-0.0673921041461542
-0.3229876992439671
0.1505757194429819
-0.0172280369654367
0.2923078283045773
-0.4729569721067267
-0.8152870611406391
0.1608665245676560
-0.4769522740000474
0.0987894750153274
0.7167722186555245
-0.4190087720442024
-0.2709730677872366
-0.1931004189690980
0.1495441777046412
-0.3579839680844510
-0.5941922147037280
-0.6775926930602125
-0.0190536435526681
-0.3631494861579054
-0.3375936231861370
0.6788968122966896
0.5411922700926791
-0.3292268054684443
0.5648880006076062
0.5277274987669655
0.0884679096723254
-0.5349657683758429
0.5653629517573007
0.1410783789473320
0.4191419783975762
-0.2756226598752959
0.6393854667429484
-0.1556832237915375
0.5947224788617278
-0.4910687441778053
0.3625088421502287
-0.4995064912701031
