0.2005082154856526
0.1654678831215503
0.4383781529860007
0.5169660332348436
0.1154812211382201
-0.0637024267233120
-0.1734956345874527
-0.6372304033960472
-0.0170033429963428
-0.1167107611117791
-0.0742953657538476
0.0994052010053250
-0.2231053538974366
0.0521300892326645
-0.6952335922450565
0.2437669416152810
-0.0204692630409779
0.3836295102259898
-0.3667021673887971
-0.2777036865344604
0.1328035761352007
-0.1342974031733626
-0.1192873559338549
-0.0302819947482461
0.4259779730148482
-0.2761133342083330
-0.3813947961749317
-0.5125725571949963
0.1988200056996388
-0.2830509271723027
0.3528169635644610
-0.2228551958332048
0.1586620106388217
0.3390167511303626
0.3923573045462470
0.2901829984940453
-0.2889554696080172
-0.0806970100061426
0.3723442408323566
0.0465524850794574
-0.2417855870693471
0.1286645132213056
0.1957177871807926
0.5502565744476969
0.3922548524663398
-0.2390482148061008
0.4104557438256933
-0.0513780178661301
0.0653904621985571
-0.5376562049328882
-0.1800825368549584
0.1963792565839858
-0.4948230014524275
-0.0906737055975267
0.0215011617388811
0.0511904149646051
-0.4528302391755938
0.0344759635742121
-0.1111200133964348
-0.2206087866588634
-0.3215855816764143
-0.1300971698168813
-0.0100976227710222
0.2022274197152363
0.7305655647781983
-0.1872253563615772
-0.4820015645246173
0.2799419604229129
-0.1599419594191661
0.0672466177951086
-0.0424699344950277
-0.3567180315257253
0.0409222778560915
-0.0167109793668553
-0.0323384272072294
0.4359786713071732
0.5805815514514198
0.2032642081967600
-0.4466533857309563
-0.3568849933572987
-0.0600643596027650
-0.0434510435738461
-0.1772625626037690
-0.2548412764832675
0.0390870126633472
0.1880023905556921
-0.5896708398660049
0.3812758982850563
0.1013487131855178
-0.0752302408503292
-0.2087689473047497
-0.0466694711462734
-0.6518034928198984
0.1444275485021526
-0.4122345354648952
0.0109609425910838
-0.4766831287377676
0.1583468518823565
0.2650306417494990
0.1390135800100035
-0.2023173091420505
0.2244212705181867
0.2121556655686846
-0.6106780241073185
0.3204328402561366
0.5158698897100232
0.2539516853376966
0.1545363753258442
0.1173942129454646
0.0220691986935804
0.1281780576135600
-0.4906881753360983
-0.1269721051113862
0.3218865502398688
0.3308497203501191
0.1707850187923773
0.3291441154883251
-0.3115690253217052
0.1028495893043003
0.2717568187816159
0.4411265809894752
-0.2661788079822666
-0.1127901290702371
0.5298689521210895
0.0791821247105779
0.3305798494905027
0.2701160592008877
0.0242067651613520
0.5335486419392853
-0.0876124032610423
0.0733485933749863
0.3857907738559826
-0.2602120740994394
-0.2127573327837171
0.3248483891251683
-0.1977034889142015
-0.1007683772973309
0.3123959106752092
-0.6933250284444803
-0.1834322563545191
0.3424772901809661
-0.0531272327954805
0.0143245464423653
0.6644047832370864
0.2610884161428545
-0.1937447114294338
-0.1237992828549249
0.2049587516776460
-0.2094780794378843
-0.2033024393654592
0.3750439411393889
0.3833354914746051
0.1394797104890906
-0.0570628019963524
