-0.2389631590265578
-0.1958964427641223
-0.2503192087078706
-0.5402170469835763
0.6971652926600657
0.2529576702747445
0.2688468704219522
-0.8509899831530819
0.4299200566911100
0.0632544231280138
-0.0695425528818607
-0.0993421611681983
0.5174155754820544
-0.3032535040584887
-0.0358808683797345
-0.2016668239165962
-0.2230160807289777
0.7406924582286616
0.2235487508402985
0.9191246679613052
0.2580861394069163
-0.0039348898235488
-0.0238736655671688
0.1950433544708975
0.7231991849470290
-0.3001512134878412
0.0799937072327122
-0.0082115880815841
-0.3721690157538038
-0.4918495585755057
0.2389573236793603
-0.3079559517850318
0.5030001928714425
0.5693408560705067
0.0169455135220114
-0.5202087795989628
-0.5038397236294252
-0.0014367881641635
-0.1203174441630079
-0.6938917379587549
-0.4998575617947974
-0.0179959737723882
0.1884497565732743
0.0800691799805462
0.0513086186011378
-0.6219584874702648
-0.4054209500019038
-0.6358022762504187
-0.3186569409431563
-0.5829339269325235
0.5163426512241799
-0.3638821765399649
-0.3921969059462227
0.0762063377240347
-0.4413542133683411
-0.6326544063362119
0.4469372065202050
-0.1418907051575593
0.3735537791314018
-0.2133696224860569
0.0743738771900102
-0.3124591838086814
0.4917091367935462
0.2363627983772120
-0.7136891580773009
0.2997337532299132
0.0264001404294680
0.1653552223063765
-0.6783044855888306
-0.0052897601509353
0.5398626674701485
0.4694507712007157
0.7359444458620357
0.3027729308867766
-0.1215782596801085
0.4848091756708137
-0.1163346411388063
-0.3214955149869124
-0.2758089319604544
0.3846891927851511
-0.6046976767420169
-0.1548551979442828
-0.6214510974498524
0.0101379926987925
-0.0198250038690309
-0.7855463989160573
0.0975717033417586
-0.3728515412151525
0.2770525559057091
0.3965188476708197
0.3223017886826194
0.0667472507737564
-0.4488415727473907
0.2238898032733642
0.2792263548582407
-0.7497423576419918
-0.3149866708606944
-0.4321410700834847
-0.7360751587136027
0.3215012199234674
-0.2311016374315341
0.1243376540559134
0.3497246621090044
-0.3143953841360934
0.5933098403302963
-0.4638527421002855
0.0523349996813305
-0.4570922422972202
-0.0848522616501851
0.1658193686909386
0.5998999001188410
-0.6874655838359519
-0.3620174526650971
-0.0419353729464722
-0.1998937030256451
-0.6443912857791020
0.1492373169307437
0.5964209288563610
0.4083706423454737
0.0067893762912808
0.3575657523045012
0.2520153916372575
-0.4173659182402771
0.0113010499167555
-0.6180302031667579
-0.5023461154350863
0.5051755982243872
0.1615165645413218
0.1325596751228744
-0.8250979820621108
0.1195932878970313
-0.0777734681991892
-0.4385859892620407
-0.5760670094283722
0.2588540772752502
0.4125316563191460
-0.3093758456792362
-0.3780051798508948
0.4597835954361975
-0.3464053495905299
0.3283811597922734
-0.4747051738492362
-0.5702359742172710
0.1012626518789322
0.5998300307481437
-0.1534427309129039
0.7570029854534022
0.1063021315121642
-0.1671459879553194
0.0660894704451313
-0.5394946418865318
0.2291737612462383
0.4242351309335863
0.4846147348281400
-0.0987382089365719
0.4815067985991341
0.8084717868727698
-0.3481290470134554
0.0163797134816187
0.4034698147448615
-0.1271545891297403
0.2143713145351041
0.2028478276672126
0.3449016446119310
-0.8686168723346414
-0.2794200637926634
0.0263837574051236
-0.0814166367860709
0.1761998155641541
-0.3600619449177684
-0.2481512126859288
0.5639444340690336
-0.3953719239709907
-0.5507973433829632
0.8851493528168969
0.0933022118024917
-0.2507714757148893
-0.2855234499714671
-0.2296222556318478
0.1032906902063384
-0.3481462567204764
-0.4737454052897597
-0.6040644334930566
-0.4995147613654433
-0.0259796323080049
0.1981809702525434
0.1319401421655537
-0.0913065280487962
0.4194188608722250
0.8475216497413786
-0.1600887177161119
0.2332839292478511
-0.5869782426191418
-0.5746358081540180
0.2176283854852661
0.2657206313451997
-0.1284979708896868
0.4367710316226808
0.7532826529931861
-0.4199947221739732
0.2393538053496049
-0.3208939959615441
0.2675681032454885
0.1559287894895041
-0.0829738722114183
0.4200221414833450
0.7597625681069204
0.0881344654657282
-0.4530492897113508
0.1625922334758836
-0.0135906486862554
0.5807201924149472
0.0348002854589665
0.1346981822273976
0.7118918449642027
0.3693706719542124
0.2635209454910077
0.2542058591743563
0.2334303240696656
0.1349568576083445
-0.1845342998973677
-0.8713094255197480
-0.0584110906826980
0.2366125832502300
0.1412197262603063
-0.2227915280004762
-0.9192145740470735
-0.1614562502925953
-0.6950952887063392
0.0143173885291199
-0.2597368712586304
-0.0704036377473400
-0.4152341949549733
0.5213426904108003
-0.1478681153183617
-0.2811191434900971
-0.6935334378113263
-0.2082541993662354
-0.2492415967753713
-0.5591307835885846
-0.8158773329290698
-0.3664287285199277
-0.2809140226234981
-0.0750144321065693
-0.2552440516458885
-0.2244655552560828
-0.0550982724012785
0.5402992573689568
-0.0697828734291184
0.0358070822066935
0.0047482171033089
0.8359823866201411
-0.5637468398859539
0.1930021543869954
0.7366048782444909
-0.2409470566834312
0.1431620133074388
0.1542792146996802
0.2003928612316341
-0.5327357993737170
0.4066334345819059
0.3031455812804662
0.1326786446293116
0.6333906005954192
0.4709498667387107
-0.1926839525802637
-0.2361676452308453
0.1087855330188075
-0.8023980423006554
0.1721251007286405
0.3327110738692978
-0.5781422653602106
-0.4039738755467041
0.1831587507355409
0.3189757434939526
0.5065247449988545
0.0806038291274360
-0.7061024372940808
-0.0818894668566095
0.5711024247304101
-0.3419898453699479
0.2123710246859954
0.4217225223492170
0.3407956056218167
0.4282433303436138
-0.4462789604695251
-0.1855905948213396
0.5375940288959555
0.0443254855168150
0.2130804919173260
-0.1321855815317970
-0.3160303767647118
-0.6827547462862490
0.6075604370913431
-0.6202314774559139
-0.4462444387425107
-0.3679108026378952
0.1403450748487685
0.4566378783507469
0.2293590298802245
0.2424296166649707
-0.1200222195076774
-0.5228863177916139
-0.6061370730106006
-0.5345637149171970
-0.0158722988417311
-0.7384971522076419
0.0486633292893662
0.3802321302846081
-0.0319922680013114
-0.5526933892265408
-0.0344074985478251
0.2152668136569137
-0.0349541857949858
-0.7479964550784319
-0.0034153514875849
-0.2674128429652147
0.5669377512699135
-0.5045993810058415
0.7380665669607286
0.3087555583240538
0.2147365392386973
0.2382149263807372
-0.0494881823523063
0.1115194873000745
-0.2664204046198190
0.7588709816585932
-0.4390222213711966
0.1744298536665753
0.3428295793003000
0.0045081973618632
0.6108218335134581
0.0338373424146583
0.7367915048919069
0.1054273170027382
0.2678707846459568
-0.3536736099948804
-0.1779623516555313
-0.1758403349810821
0.3593282726093839
-0.8255780302328725
0.0403567104770663
-0.5266482640956821
-0.2954387656405603
-0.2574444405441384
-0.3428970840949460
0.4587889345110346
-0.4909319759438323
-0.0851009157464695
-0.1118956202956892
-0.0570717855262425
0.4154250651669098
-0.4075044950885352
0.7989631514083164
-0.3774541841896946
0.0427654864977088
-0.1018383841723439
0.1217858017423936
-0.5695766020022366
-0.7113923730663837
-0.1331431880530885
-0.5982738070484245
-0.1763957477015120
-0.1708069896309619
-0.5900340702343370
0.4646618681617622
-0.5209613174692475
-0.2120187918891065
0.3056054332323822
-0.4429689336303551
-0.1696671159776100
-0.6043544079095179
0.2055497437857922
-0.5790405143177914
-0.0001391840803655
-0.3491183942144716
0.6311945260504671
-0.3196422740205210
-0.4669134765102506
0.6149520930788429
0.2019340081071924
-0.3819530356522152
-0.3202164233924825
0.3385582753184605
-0.4148787400793385
0.2212251186499956
0.5203529766931495
0.5806795254882124
-0.2181264021875993
-0.3512833883099697
0.2255901577978815
0.0595255613052645
-0.3803948863841762
0.7746081799661810
-0.4101629237699623
0.1805936382122764
0.0112930451400861
-0.2000550465241694
0.0874941246813359
-0.8436506452960939
-0.1361954313348271
0.4710622218061303
