0.1085037176319534
-0.8613100131734555
-0.4894423153261068
0.0825725404441892
0.1365410678363365
0.1146371562295708
-0.4115894661443865
-0.8937611373094542
-0.6084931499865079
0.5544583571391249
0.4238736590896650
-0.3776812647564325
-0.9728918906721955
-0.1440176116312053
0.0463756689438981
-0.1748988105572190
0.2199547190352723
0.9671382025679779
-0.0726580994598336
-0.1048065803782404
-0.4143213429752443
-0.2660793368989269
0.8424135642928874
-0.2188127005591098
0.3002430386238681
0.2762833477336212
0.2069469036434954
-0.8892101037411684
0.8527698776441377
0.2375240467497700
0.2251915506703063
-0.4070069145667163
-0.3200886944492778
-0.4595762690621986
-0.8183063514767276
-0.1292578652673520
-0.2010625494805028
-0.7698625766714424
-0.3690294854229548
-0.4803152122571980
0.0972600935579446
-0.7407180919185372
-0.1625945134954299
0.6445465124309074
-0.1749512095408924
0.8812338310143987
-0.1570964095051052
0.4100484452799076
0.1062269377281724
-0.3207081739740663
-0.6713362999437779
0.6596739173447084
-0.1203460262531923
-0.7172964369616360
0.6750086062351260
0.1239598200858665
0.6649140748316356
0.0598098560002122
-0.4236157974835724
0.6122595122481814
-0.4069128569113231
-0.6653631319802784
0.3553763324344524
-0.5151907334445152
-0.5506388612078863
0.6733331251497413
0.3499051620290907
0.3478300226966627
0.2415573258549109
-0.5890517470677935
0.4626646678098377
0.6169355742398205
-0.6990829869260015
-0.6754877512902976
-0.2183956179992760
-0.0854554228010824
0.0917850312179842
0.2250823425033594
-0.3820969921948112
0.8915802463565422
-0.1291086825649712
0.5241464640295032
-0.7083912799198390
0.4547342376215353
-0.5353911286560806
0.5255892139302243
-0.6581459510754086
-0.0628985265298236
0.7998417292680803
0.0718631903009547
0.5839031734089725
0.1189368491433477
-0.6988847337970473
0.0911065262478364
0.2656996623193010
0.6577715554688360
0.4462665394266668
0.2266168148636206
-0.7498740525734757
-0.4326429246922304
0.2131406584105292
-0.4803068691670224
-0.1419635206854318
-0.8388818331313989
0.5671057444060831
-0.2745548821677665
0.3540939915235807
-0.6911064581570372
0.3737909625270090
-0.2260714940290915
0.0082949918852275
0.8995016337006903
-0.4303868163893618
-0.0464672427153826
-0.8204569512483956
0.3734412601478948
0.4046379076985471
0.6272947699573120
0.5123942919882305
-0.4245250578887247
-0.7874075820687639
0.3639331671390086
-0.2143925617518111
-0.4489741407055524
-0.1637294793320971
0.3600427287124184
0.7266287757274765
0.5617584119385706
-0.1057133485817657
0.1449145843663473
-0.9728198103789225
-0.1464447599058307
-0.3002619305069624
0.3645832688813325
0.8789821809907865
-0.0656668762826002
0.8994383106747023
-0.3798296147264706
0.1008753883095882
-0.1912180564192843
0.6398938006801619
0.3601093476112142
0.1616304367344526
0.6593426905146923
-0.7112421834593348
-0.5637399520948416
0.4158466910017349
0.0583382589988037
-0.8134113012391687
0.1462333868969715
0.5573566343930459
0.0795703064660389
-0.3927788858529217
-0.6332593661954190
0.2649440469767903
0.6119738343470857
-0.3940881022535129
-0.0187484658720997
-0.6692762055904349
-0.6296129154648413
0.4629921767361092
-0.8610089660366430
0.1069854923723021
0.1812619902448565
