-0.1437536567806181
-0.1773641538143654
-0.1113728465336150
0.1927374053033918
-0.1588595640921104
-0.3643302724780891
-0.1417600572429950
0.4903735403864583
0.0624789755159985
-0.6815689246874610
0.1065381236295215
-0.2316700423219587
-0.0924824274263444
-0.1065729100650157
-0.2519708692875666
-0.5330341212390166
-0.0897294774611086
0.4142767442848031
-0.1286428786044256
-0.3433431461400936
0.2856726129668704
-0.4278838225226267
-0.4757357417829981
0.0612254995604946
-0.7463804277611934
-0.3233176502880999
0.1194985890864826
0.1476686582683349
-0.1470816556975977
0.0514841670153279
-0.1026319266828382
0.0602904835874110
-0.1837690484022649
0.4368636292164171
-0.2174196000202349
-0.0138369461214585
0.2838617006774377
-0.1145148801228271
-0.2668539005549785
-0.0850171752211912
0.0387925162975427
-0.5117019600725934
0.5689732914464662
-0.0498298812927505
-0.3652253314796980
-0.2934749839615752
0.0539040315723895
-0.2990966931371064
0.5972409299392318
0.0122552149562334
0.0633609901584359
0.2467426456452451
-0.3144553117940704
-0.2609565705250053
0.3152688896975659
-0.1031175717538614
0.2586803694762750
-0.2236132954421639
0.3601909893420102
0.1256153385392934
0.2063193582136742
-0.4185367955917924
0.2804812736638454
0.1717179086458667
0.6328649726870037
0.0227151787866645
0.1274626426217729
-0.1878877769318636
0.2148020261569199
0.2629881709126848
0.1153991682134280
-0.5189492686684970
-0.5050959548307655
0.1278541767430831
0.3279375001002582
0.1048039431334811
-0.4006594233174267
0.4086139484786778
0.2184592413677622
-0.3802983273127300
-0.0908436539246814
0.1915496142821875
-0.0690620637858865
-0.6331012854612623
-0.4015435911499771
-0.1056511209844144
0.0711325256743096
-0.1126654407883165
-0.0393737998974149
0.1465117052452670
0.1590240666386080
0.5817745813032462
0.0454373263308196
0.6731049523948541
0.2321559802736694
-0.1594217295226109
0.2773960770340801
-0.0220378748227831
0.0367823439020869
-0.0191819775504449
-0.1258469129470956
0.0358310127030055
-0.5708695741235058
-0.2649160627017609
0.3621807702458770
-0.0262418042408421
0.5451284835617092
-0.1659706238889221
-0.2856893714351089
-0.2196471776945827
-0.2434394903644554
0.0592877744438436
-0.2520164995506362
-0.1408196364623510
0.1858690826249607
-0.3131497596621239
0.4388245705091502
0.1661305022623889
-0.0794428104928378
0.6088438632114705
0.3522800633691789
-0.2864944490933380
0.0842360868913452
-0.0053273950527389
0.1433230469267885
0.1966646910486612
-0.2286839712339471
0.0604095068323964
0.6489722538153497
-0.3780006536097628
0.1423908894858534
-0.4596825227317543
-0.4494370754106755
0.1256987091278603
0.1039396588199809
-0.1387432499516634
-0.5216916124428161
0.5277062904685723
-0.3690733603434619
-0.2048754030154918
0.0197929113809609
0.1505626073976060
0.0163403191695509
0.0973127372806935
-0.4437404164112585
-0.4237167690260761
-0.0445626155270869
-0.4786108474489472
0.1089360019834552
-0.2483960832591069
-0.1680500832330441
-0.4433137801925773
-0.2429393773113489
0.1602481129857509
0.2149643595360471
0.4816970283499422
0.2594279688677816
-0.3394839354582642
0.3236695248844438
-0.2754575288004207
0.0630592334067632
-0.2783354471129370
-0.2359670811382522
-0.0392178262989569
0.4689367576905372
-0.0073312420386152
0.3004093182146996
-0.4694608884701034
0.3906836657762610
0.2184938817318615
-0.1073450092255979
-0.0868979961278173
0.1521010706403840
-0.5318912702644295
-0.1150328728448017
0.3880513263901005
0.0484637261570336
0.1641101105112928
0.1032928843048339
0.1468868316710853
-0.4271477831147013
-0.3630615934428437
-0.5661614519692677
-0.0044011496285011
-0.0021281491570739
0.0931940522564429
0.5430996300373367
-0.1911497871484535
-0.3159662083988020
-0.2971290219544490
-0.1473130471486583
-0.1581108255163352
0.2747450301722297
-0.1071191613998971
0.3734519763963527
0.3446343522064290
0.0667577007484016
0.6156185011695490
0.3980911302759834
0.0504914525581043
-0.0833071135986712
0.3811174808346631
-0.3293161003253366
0.1649462935321696
0.4392241058445925
0.2794588432786780
-0.3573409695304670
-0.3172106343130121
-0.2275892503808061
-0.6165387178232699
-0.1270095817289273
0.1035902126446541
0.3819429222216031
-0.0283126180970982
0.0430105607980779
0.1285522460386803
-0.4121673388616008
-0.4471480995407973
-0.2410993526230903
0.0027962394745324
0.1071938581148922
0.5404847378664039
0.3558223671514982
-0.0977537842828345
-0.3744922018109767
0.1217735376915772
0.1430470554281499
0.3932288057314416
-0.2435732120022925
0.3945995636204864
0.1225523682824253
0.0760635969284390
0.2551949009635165
-0.3462757897001458
-0.3914978110927598
0.0878149763965763
-0.3771693488907374
0.3244328517417598
-0.4353986942508701
0.3954652667322894
0.0353942855263363
-0.2312358415454646
-0.4017634230514592
0.1632868042034378
0.7257275054410944
-0.2202298727172510
-0.0700071727014633
-0.2379255513710863
-0.2723047121751332
0.1154772302889856
-0.1362860965955659
-0.2504196471489382
-0.0803967876463484
0.1787511975917425
0.4631088959304093
-0.1536528278833974
0.2215669855295289
-0.1846516840673761
-0.1620602356406781
0.4148281269481769
0.1529747769407561
0.4033024660101996
-0.1763148849015294
0.4809301403077614
-0.0439910360125868
0.6330984444109771
-0.2162227692204315
-0.2260354890365137
-0.4476699602482926
-0.1374736254844160
-0.1056089166701946
-0.0880964275685297
-0.2328592471794909
-0.4441487273129671
-0.0984565101339593
0.1063904210616585
-0.5441577130106315
-0.1211549781663688
0.1012182069698453
-0.4185442435449985
-0.5272194165847353
0.2569886829994711
-0.0899785358763930
0.3145437378664770
0.1126525379338929
0.1695362293135332
-0.6790811098807089
0.2725385982367515
-0.1090961210656743
0.2096956912515805
-0.3040271403203390
-0.4139746253485162
-0.0019352990164464
0.0383704445862467
0.3397109094236915
0.1094902190160851
-0.1265787232823048
