-0.2226802243178296
-0.0085972515548695
-0.0258140082317574
-0.5571185567689863
0.0110500647289063
0.2620762696182304
0.5895663555293295
0.3240577564254413
0.0290051406651715
0.3421152808074541
0.7303277163898074
-0.0399275816627975
0.1024010370235004
0.2890280632766565
-0.2007561509132769
0.3551116831094038
-0.1948389727066260
0.0595668315828290
-0.1599338407816348
-0.3708199231470750
-0.1795949286410321
0.1159584390980550
0.7096372331305107
0.4642852087174104
-0.0496911443134673
0.0048255143347789
0.1298904313187692
0.3193726325025418
0.1867619916174163
-0.2809103146290798
-0.5688873535195538
-0.0432075752823032
0.3680292408752404
-0.2259693764994521
-0.1233981712418811
-0.5013911291628330
-0.0705367838069647
0.1023594978881452
-0.2586205884639026
-0.3728738616004150
-0.4150588152345224
-0.1488168371340274
0.1618805110244765
0.0282394445934828
-0.3756901143476915
0.6357321874300407
0.0279470395013644
-0.2916394090278721
-0.0990466244815600
-0.3709901223909753
-0.0075258105907447
-0.2419056516771516
-0.2136551956432029
-0.3460216921330198
-0.2479295528783286
-0.4223194067617955
-0.0837560663424296
-0.3116193264379427
0.5057600542002639
0.4198902280455454
-0.3713441785001906
-0.2689991961425467
-0.4650543026004151
0.1383272157694450
0.1966101644309493
-0.2701838137659837
-0.4241610646905716
-0.5125537529376906
-0.0026313868611250
0.0068758965624428
-0.2760382439799207
-0.2786193107215275
-0.0846466190976416
0.4147546891211317
-0.0709963777458968
-0.2772964868946228
-0.0441084020603012
0.5681653012333071
0.4852283531486710
-0.1576385822904978
0.0993935003631639
0.2119168980928542
0.1366155594978381
-0.4649428667482475
-0.7633718780006343
-0.3052152162322260
-0.1266347081738217
0.0557170838140660
0.1215412445491337
0.0238853666459172
0.0458030339889011
-0.6255289506234702
-0.4212438583584483
-0.1589883231776298
-0.0609613553624997
0.4424055245527954
0.3554306325325647
-0.0835597373566193
0.2534446757994859
0.0831001561646257
0.3864524059432767
-0.4757649124506885
-0.4177984218064510
-0.0150492931617417
0.2526132742894056
0.1020011017325177
-0.5318842223222123
-0.0386145550843393
-0.1070572085329740
-0.2818677645854735
0.2795837500558117
0.3181099374395199
-0.2865809407867969
0.2540532230336037
0.4101072869012722
-0.0581490876011462
-0.2772315366835222
0.3054251999741235
0.1307060676131946
-0.5614018718088970
0.0087320020297593
0.7105610912077933
-0.0721014359824598
-0.2831698249087314
-0.4394366734330796
0.2745843986103764
0.2810348575140024
-0.0955285560967068
-0.1402194991064612
-0.1826853441765672
-0.6161340390339435
-0.0837589809865827
0.0769179863152209
-0.4094504436022268
-0.2485147911983296
-0.0057353785407778
-0.3950830717939103
-0.3606160399334080
0.2862554794061281
-0.0996392457127542
0.1457311370945708
0.0055409596556632
0.7813775042672795
-0.2166238123062724
0.3511186583596961
-0.2484728848103243
-0.0377745264835015
-0.2192732479071321
0.0712458229828668
-0.2857417139456077
-0.5475771495450475
0.1812402634839231
-0.1956946601399453
-0.0558162503812300
0.0152148576705150
0.3777986702677614
-0.0129541329591874
-0.5778938644606116
-0.1363470005243625
0.3608551212474787
0.0158441481858871
-0.3239636551220758
-0.1081703257971854
0.1019686472433923
-0.0144625773655343
-0.8752093943268272
-0.0909561125951404
-0.0915247640395274
0.0914240260615007
-0.2854632888311581
-0.1189272845114635
0.2085093647504117
-0.4296514365367893
-0.3017513825528663
-0.3362455031122833
-0.4131824080897195
0.0120559216601756
-0.5377354369213926
0.0375986299780461
-0.3036885723187834
-0.6842749569760060
-0.2985571768144880
-0.0524275668617562
-0.1356032417470284
0.1996536433969250
0.1019599562392884
0.3314057840562439
0.3736286048903144
0.0683145674822063
-0.3422602639253050
-0.3984675001683819
0.4095487622043535
0.3650794201580937
-0.4731409380088781
-0.2343335623910020
0.0700732934779917
-0.2332124200490589
-0.0317912052584442
-0.3750931502965891
0.2458293361775571
-0.0667153672422673
0.3240723331310646
-0.0444639666717500
0.4879808198100365
0.1075395227231553
-0.1202187039908887
-0.0207995567761577
-0.7073120220035541
0.3065664397601118
0.1723388292905925
-0.2107148419651547
-0.1523119354417613
0.4839647868794498
0.0417653319139582
-0.2521653503773848
-0.1456362409838627
0.5565417737895271
-0.3787968528693854
0.0260651675076919
-0.3971543761760956
-0.2148673157637824
-0.2780319858754865
-0.6770973665183212
0.2249330574753811
0.3067051138617649
-0.2253517392059835
0.0101976145162750
0.3142382826944325
-0.2479026798478056
-0.2496350652350739
-0.0622732730061614
-0.0416335463806806
0.3415894640366532
-0.4368159100748993
0.0628190405607721
-0.5725750742141752
0.1727171843292412
0.3119950978441920
0.4752887451881398
0.0451351352847047
-0.3420459935224674
-0.0604838097402424
0.0535524251541057
0.3432147331930374
0.1563392882912896
0.1916169333257605
-0.6283807088354604
-0.0492922617502369
-0.3170627504673527
0.4468804980241949
-0.3122268500881613
-0.3796160224345335
-0.5175110773703694
-0.4340895794067320
0.1915737844587835
-0.0276081537896282
-0.2834556570878444
0.2044874876372430
0.3771315806474544
-0.0173607355829738
0.0994720678921134
0.0145718444592677
0.3920626484561427
-0.0857448236946531
-0.3214002383216341
-0.5533784205161055
-0.1045391922139634
-0.5421221799867266
-0.3383430352443849
0.0009870292067333
-0.1394810707383293
0.1264671520242621
-0.3419339583929848
-0.2590061502402651
0.5548705719940448
-0.4514420484491846
0.2241868888142310
-0.0001171838445888
0.3085594120958369
-0.3512806743699434
0.1318916642343289
0.1861334738792444
0.2320376595740575
0.1576725105754826
0.7535654441090953
-0.0875753124594626
-0.5159812540692014
-0.0319274833517957
0.1001034839024731
0.1282567059230582
-0.4507306408153955
-0.5392085323298076
0.3436344852842268
0.3604073653257555
-0.2336465080684063
-0.1519958557985194
-0.2209461915309323
-0.3332586923873869
-0.1433066805741193
-0.0030180162091430
-0.3775591806846546
-0.1898206435868698
-0.2811590136442501
-0.2641896836514787
-0.4109644262745683
-0.4611872079369343
-0.2317745009478129
-0.0623935579809433
-0.3859260192087375
0.2905751888073734
-0.1081544091288275
-0.0613093194421563
0.4018316988774511
0.0988892225417420
0.5517431598316176
-0.4376711728783270
0.1698108414745160
0.4872085194852854
-0.2216750990805401
-0.0444040053882832
-0.2571344183459356
0.1922896646815788
0.6058959639575457
0.2822191361994587
0.3222806082204675
0.4275462838852838
-0.1213898776794309
-0.3742770813731099
-0.0931062950747570
0.0008844520973388
0.0122674673258000
0.6236005882267054
-0.1947772995982929
-0.3881156736996973
-0.1336614774629035
0.0813496969356312
-0.5683019497432985
-0.0895736790217144
0.2585219953178418
-0.0096180627374521
-0.5393835941816961
0.3256175529724270
-0.4104023369880827
-0.5587639399063206
0.1091419437366659
0.1217098740613914
-0.0321451178569114
-0.0091953470364145
-0.1834819796067025
-0.2467439393435296
-0.1078576984389672
-0.0600873516404552
0.3788050199432119
-0.3561893165970751
0.4736289248426188
0.2487991384894115
-0.0628897503566774
-0.0945084162877326
-0.1593695304163225
0.6244046574404363
-0.0917780120937652
-0.3300066763457251
0.3521654841717701
0.0350249256126020
-0.2087244534051701
-0.1546335566897767
-0.3379526957071301
-0.0098001513461958
0.3871462759763373
-0.6525008625273768
0.1076711617633241
-0.4046655439745084
0.1250748853973806
0.1654950725204145
-0.2320401772458212
0.3721263886916055
0.3653273745625032
0.3616039843654257
0.1957520450141488
-0.5354990982259581
0.4231931437364764
-0.1753756765417835
-0.6002167439277419
-0.0152695118772134
-0.0907270941554938
0.1405323121496510
0.3517800384918462
-0.0809819061743987
-0.3528272848481650
-0.3832525845619859
0.0052273543646439
-0.2942098796233911
0.0342886295257853
-0.2607285650826517
0.5541852781357187
-0.4765853102142394
0.0038988071622416
-0.3902491528750314
-0.3952876094319176
0.0379651173024185
0.1989117337416155
0.5743056210947388
-0.3423101075829663
0.4448532664456983
-0.1780274793367082
-0.0429831800422014
0.4721086073780097
0.0030907517642674
0.2328563724579392
0.0698356647520189
-0.2359889602588987
-0.7978016149242817
0.0386171144292474
-0.2321591729306247
-0.2956833849062364
-0.2944869177268788
0.1306530106161987
0.2105562269986174
0.1276975910311278
0.0238875128351309
-0.3486028691438366
-0.4600778170038510
-0.0954468477778988
0.3447996787163123
-0.1938386578865534
0.3703544320018084
-0.0612951112464021
0.4162124117381431
-0.4271113414477435
-0.0682475772209006
0.1600864971658262
-0.4821018991407056
0.5356224289617366
-0.1921120802145676
0.0410860341628576
0.2047048463010590
0.4216621662980625
0.0612264985187853
0.3933614914009952
0.1956490957587828
-0.1299379714253844
-0.2326734243521248
-0.0513070211098028
-0.0546723675875681
0.1587160360810224
-0.0574706655564809
0.0145947952829367
0.4599757626005733
0.4598155014866602
0.6867627391201305
0.2351467487929488
0.0497911964596019
0.1455441776404431
0.2242070252759909
-0.5024740540245638
-0.6028516952393638
0.4765521359727927
0.1509514830706809
-0.0337024196293098
0.0619714644646311
-0.0609336818472295
0.0649753254906824
0.1061036581410896
0.4695490744440755
-0.3333128527744556
-0.5430058172061916
-0.3536538132177947
-0.0374780241182946
0.0119047714686278
0.4772429707059949
-0.5559147876140297
-0.1380358271441505
0.0083175500472081
0.0567801261732552
0.3067329260144609
0.1326747063499442
-0.1456890250622035
-0.2516323944995004
-0.6222194353415886
-0.2919295285874151
-0.0373678607437895
0.0840460121902058
0.2988947109768829
0.0792342330710561
-0.6427148864876192
0.0693336101210808
-0.0817749600643257
0.3549934416081707
-0.3625392535413500
-0.4624846224861682
0.2485405182037982
-0.0472314696419706
-0.0543085086673331
-0.1740805179474683
0.0042468277882805
-0.5090547035987013
-0.3641082758916434
0.2667122146500471
-0.6305573696708421
-0.2056107803087296
-0.3311582627132213
0.4882846840786250
0.1176044077992323
-0.2831163475937176
0.5817007153200253
0.2683408694564111
0.1850978220169373
0.0682560314160275
0.3238407646617234
0.0612465060322815
0.2456293673402879
-0.4296448855234527
-0.2401842369433626
-0.2665984946708679
0.6041939306900349
-0.0321449115360650
0.3433258875419570
0.3598228637902169
-0.0420817725691667
0.1053974669579223
-0.3966734445443654
0.4934391936590904
0.2328971446941431
-0.1928430424039330
0.2468292235539032
-0.2324499112692038
0.1806341513211950
-0.5453566661531652
-0.1806135250862711
-0.1735423847637506
0.0312620968617081
-0.2752760077059435
-0.0998702451945655
0.1507172048592390
-0.1111968252813355
-0.3434157727038365
0.1113945438654075
0.6051166571678077
-0.4148363951254259
0.4578130452111193
0.0918773852132472
-0.0302555275448515
-0.0496393860159717
-0.1845452016754386
-0.3233844427397646
0.1029336609115550
-0.7261478506697824
-0.3454818273672539
-0.4356368736242163
-0.0502138720343553
0.1255121319138796
0.2460000131236025
-0.4377690709774024
-0.1575103041460991
-0.1854628169520251
0.5135463183844816
-0.2743158598830653
0.3744327743556399
-0.2326961989991416
-0.3735726846910450
0.6303014586801619
-0.3928495544290371
-0.2004973866441979
-0.0702111363402527
-0.0060065981085065
-0.3262644598655120
0.3692777726589142
-0.2633372147412548
-0.0403213464464584
0.2990611025094828
-0.1242922429013211
-0.1128170331793358
0.1852630020975250
-0.8463361206885649
-0.1536494585649039
-0.0996197380734722
0.2523770308844194
-0.2687840889885697
-0.1344435875873848
-0.1834943254296504
-0.3544582346237714
0.0377398010587374
-0.1902186261770130
0.2130500443657833
0.0538245424434321
0.4631321760896903
0.6929061701271844
-0.0585845150707022
-0.3003433512325857
-0.0146932515014539
-0.0715123942895598
-0.1295888103117583
0.0354950918655374
0.8027344200190063
-0.3251360487245307
0.2122420934138421
0.2988495207601547
-0.2477355223821306
0.0890964127746525
-0.1518815815049393
-0.4518739833725915
0.1342489487101375
-0.0755639860036382
-0.1331866196569005
0.3662029550733091
0.2008806555350852
-0.0649521744666456
0.5838781036165428
-0.4047817860620719
0.2662708584013535
0.0829961024220807
0.4452782552774993
0.2346453206764643
-0.4387675737995120
0.2055085449158131
-0.1712113829881593
0.2214297377259516
0.2582435291171664
-0.3342501970760018
-0.4982693739361747
-0.3061084105046991
-0.2063936322553392
-0.3533046746644434
0.4633233159200069
0.0501612716870135
0.3401831000693727
-0.3417446075631002
-0.0117817184689908
0.2295556844195729
-0.4861501092048938
-0.0928502207926561
0.3824911637391695
-0.0859184572156231
-0.0653057640587609
-0.4115357769065066
0.1249435887218357
-0.0927110815693988
-0.0537593900006384
0.2280367355736644
0.7648357709886251
-0.1216921214387324
0.1350456520163155
0.0004677602656016
-0.3152427501354478
0.3456501148873311
-0.2587542739475939
-0.5636670755766126
-0.2421438056847801
-0.0867007106303674
-0.5452306896960414
0.3165788514487550
0.2680546174704491
0.2371536706233804
0.4839468095060516
0.3184341579967168
-0.5141655410131497
0.2451246295528038
-0.0835310651006101
0.2064650965833018
-0.2490387508905237
-0.1828311640276433
0.5982076520537704
-0.2757759764219588
-0.3006135513559196
-0.1638535583465004
-0.4345139026369066
0.1088036106577696
0.3606738302510343
-0.1489132865929073
0.2501002787737820
0.3675922301550296
0.5426886126360646
0.3230527142827694
0.0181520150288283
-0.2685878782353879
-0.0630685879943668
-0.1032580520144004
0.0703935377247190
0.3694052691003342
-0.4873167827654130
0.5331364756082255
0.0688723423177223
-0.2263712496099385
-0.3585479628819813
-0.4890133747662145
0.2948058897201895
0.1172392589492337
0.1545082052452287
-0.2153686603474160
0.3481026170571894
0.1381762546112409
0.1764384109372173
0.4821453216072727
-0.3759440204919259
-0.0061282529700320
0.5084967745277978
-0.3548897286107087
0.0078378845082429
-0.1849182587803175
-0.3964459012137910
-0.0218396994728547
0.1643106729003963
-0.2888556845245303
0.3065002649008587
-0.5252146710252159
-0.1322574873570556
0.2099478879835770
-0.4853074124604271
-0.3500606001820645
0.3156876522003494
-0.3296780332459509
0.5136762898993243
-0.2169851956565988
0.3843432178594672
0.5206153764631894
-0.3006650961748168
0.1689274162347074
0.0920843091539659
-0.0998240205721927
0.1556473001456492
0.0802228050289698
-0.1170862619762753
0.1942586606749191
0.2290937772414201
0.0170505922589384
0.1022644997588368
-0.7268697234165906
0.5279844466803599
-0.1376439426958363
-0.2298541852294952
-0.0212177774258467
0.5054560657767110
0.1446946736595810
0.1462178158180325
0.2085034980964016
-0.0735620640758975
-0.1064822131388007
0.7367893098989835
0.2883184731423976
0.1246523020305859
-0.3104927160655727
0.4487718668475865
-0.0173516845732230
0.2096727032552238
0.1221725172058023
0.0799411160239042
0.4167187190546660
0.0109932585124898
0.1788847168122771
-0.6563859923129317
-0.4119265012532394
0.0201191567478351
-0.1240206476018184
0.0251092706226730
0.2715024366924326
-0.5452648238854202
-0.5527230100477217
0.3551409425822220
-0.0164855293194490
0.1047534805444279
-0.1875817259714976
0.2204719982353457
-0.1499373036319221
-0.3524493321165073
-0.1785641574844577
-0.2461510705861498
-0.2394128043058004
0.5478721488686709
0.2542173918764605
-0.5048951324315084
-0.3866043167547465
-0.3579717759318667
-0.2651189027867517
0.0892379799549442
-0.1019876132503605
-0.1878378589316692
0.2467718913037405
-0.3213960385091912
0.5804763572715842
-0.3119499069700742
-0.1118088027015921
0.1007347976962205
-0.2038439061144408
-0.2045297677524096
-0.2601170386606690
0.1465047200044642
0.1666127364370506
0.1266783912236093
-0.8723609929122188
-0.0045935529464284
0.3256433871306825
0.1996745464830770
-0.6487836248307640
0.1977586677178122
-0.0317952773404214
-0.3081011319548403
-0.3070520421412781
-0.1696696156400093
0.4166934568323856
0.0376610966950722
0.1639702121607189
0.1282316535666802
0.3159948723665938
-0.0964309505679916
0.5873263028139791
0.0849372088564351
0.6345569329731651
-0.1626740203837140
-0.2556512798487658
0.0294838015224455
0.1659488157993135
0.0757322700143628
0.2765523539839266
-0.3914747495724175
-0.2315424115299335
0.3127011144308354
-0.4299756764562853
0.4912066613009799
0.2382360216610821
0.3204349949610071
0.6405526258539237
0.1321457663200105
-0.1597316153283201
-0.5539938462943500
-0.1292474166772287
-0.0875615660511047
-0.2094227023576957
-0.1651155435246961
-0.0825064251945942
-0.3708183053009008
0.4888705694496174
-0.2715323693230191
0.3500429191831975
-0.2081298397302374
-0.2067502496238686
-0.1167077517383698
0.3531121550190643
0.0058367732333195
-0.5088155308024253
-0.2853870913589294
0.7915727751553182
-0.1138276844412396
0.2839008700582948
-0.2567147715620738
0.3517734824214513
0.1026496212695534
-0.1237273670849661
0.1065824981262521
0.1357770269548902
0.1859257995185496
0.3593095529735350
-0.4600860191220019
0.0184469252596132
-0.1721191373670093
0.1726807649582458
0.5846428456752578
0.0209785343814179
0.0252685583601586
-0.4920640565139555
0.1200861166236130
-0.2239061145339005
0.3053543862697847
-0.5028952640931644
-0.3320104225683803
-0.2855751461371947
0.0568814588807286
0.2560199274282751
0.0741264812047996
0.5796692331400793
0.0405482497488405
0.4284191399535675
0.4762808204544271
-0.2452979674677614
-0.0219025804676642
0.0619201597912285
-0.4594435187717866
0.2659384890784152
-0.2369392760814879
-0.4282373268006659
-0.0615600763081355
0.2928611841648275
-0.5540611270233025
0.0239010954197655
-0.4571042918174968
0.2603485082985688
-0.2226248042086968
0.0029430002092610
-0.2308785033987125
0.3838428554326833
-0.2823844310513164
-0.5706466334790854
-0.0091065419288442
0.1033949280110735
-0.1201057688607121
-0.5046028045357714
-0.0337015117042796
-0.0246317908042245
0.5871709515440967
0.0317551564523220
0.2168385576593630
0.4224458843796854
0.3526075678337310
-0.2113288489032721
0.2655850631282727
-0.4413249440963961
-0.1987492732068764
-0.2641118363747717
0.5005152619455093
-0.1499590131805448
0.0706030783447045
0.0896533628128769
-0.2711983989394792
0.7172132981987327
-0.0983630456369022
-0.3123839280276908
-0.3168446148248721
-0.1740598576913978
0.3296741191567679
-0.1554754006026658
0.1822493115528932
0.3062654013274311
-0.1365621670514993
-0.4078899227459592
0.4055073625031465
0.2293081049934394
-0.2744591749696408
-0.2272507794574164
-0.1454761984853018
-0.4939299091378930
0.3347518878013681
-0.1135672689699497
0.2068447669926056
-0.2733131058892943
0.1873909090150979
-0.1854198904410109
0.0210057319617481
0.4471823169553512
0.7203885945865565
-0.1727874912075720
-0.2255953582899312
0.2726856477510450
0.4070237407675066
0.3335866701211178
0.2587722827439479
0.3238434015322698
0.0093326298717232
0.2219858024525739
-0.0243030436259716
0.2666766719637329
0.5964768416939962
0.1761438285649753
-0.0066542144255421
-0.0532102527053869
-0.6983936524138111
0.0951532310471403
0.4070482572923131
-0.0205955295639850
-0.2412759596050847
0.4341601941495892
0.2376305715079037
0.2074119826206731
0.1381567710032549
0.1828859993302600
0.2777964060140585
-0.0612116493154691
0.5059127186035732
-0.6304555618211033
-0.1641781351293843
0.3703262696005722
0.0775246918547955
-0.1880262794315382
-0.1895896703431909
0.3737076249266982
0.2042335627800195
-0.6098382440981254
-0.1340203311304480
0.0924100484251204
-0.0389557130841649
0.5677564074116759
0.1583177252814031
0.3405801862995617
-0.0904088419215374
-0.2969679535150218
-0.1688478992312406
-0.1111884259499063
0.3004709287473751
-0.2151210563204353
0.1211125676407865
0.6474823764027772
-0.4198897519113554
