0.0589679160793544
0.1371325797805311
-0.1791791055153373
0.5298062552712876
0.2080878873681593
-0.1894694907893542
-0.4162646030637055
-0.4178250651433350
0.4736238586396746
-0.1163821264209486
-0.4695599022206589
-0.0629370305683334
0.4957749474221358
0.4088889959483081
0.0992488027550899
0.5128721729787256
-0.1346836873246390
0.0838361905051214
-0.0136738620931687
0.2536258095544998
0.2317849871349691
0.5574929052249160
-0.0420553282003754
0.1063706393068124
0.0761839968226573
-0.1025810025541114
0.0209314423128431
-0.1327178291288474
-0.3280516337195348
0.6931068687707813
