0.5410249831484722
0.5500710367444742
0.1510874258015217
-0.6154152199685750
-0.0561294836940018
-0.1096782498320245
-0.1077529195477509
-0.2473830966795078
0.9068453387026890
-0.3046196398677908
-0.2324488430832809
0.1851648635792582
-0.9460329553410669
0.0859490898156019
-0.0965189619372047
0.7156102757468039
0.5531425206239474
-0.3825240055965665
-0.1164632732670099
0.1484822421896334
0.3925739007121450
-0.3179084497183609
0.0802697598488834
0.8039282629206046
0.3034403793310661
-0.0145844175055231
0.9268339804400899
0.3037674216123468
0.1015652564077616
-0.1953865904442166
-0.5023268278028933
0.3577960650887632
0.1885443048152459
0.7460492592436573
-0.1658652518769553
0.1932790964979927
0.7029112373707170
-0.6029956535976423
0.1725160022384643
-0.2742142482601833
-0.0023150854619729
-0.3870426288515104
-0.7578890410846297
0.0050004630575597
-0.5251398295730825
-0.2805133771276885
0.0175332442991416
-0.0539300029484086
0.8475994071339102
0.4468463163157939
-0.0074633582484024
0.8858719092412773
-0.2541418346923649
-0.3860046140219325
0.0398450061343675
-0.3802859371265221
-0.7791956648184217
-0.2145894515047163
0.0892613292413241
-0.4407045544999028
-0.1490250105545221
-0.7018823080663070
0.4274804574056328
-0.2755652646783429
-0.4758960131076578
-0.5895991940723834
-0.6180149782503276
0.0091003803432934
-0.0031644135071301
0.5199398489942914
0.2782140573811115
-0.4536386094791819
0.6521820766721054
0.2822473928054590
-0.4602215753172758
0.4412277195448667
-0.0127687954765653
0.2692798524609015
0.7647070190290665
-0.3845342552668465
0.6312016789845640
-0.1350737224058951
0.5039883651371941
-0.5738073044707691
-0.0089685620258342
-0.4716638551421342
-0.0218931548208750
0.3964928629881913
-0.1558427171689036
0.7717255695059543
-0.6122793820448584
-0.2026445609233969
0.0063635544693769
0.4696767543751848
-0.6028369529358977
-0.4010452297290972
0.4331313302132376
0.1273127383570600
0.1252528583095737
-0.7871868664024799
0.6586698572500942
0.2383413398961086
-0.1005492786475562
0.3583852520379391
0.6089312592828745
-0.7110275617837349
-0.1739691478534637
-0.5573169496823027
-0.0131745570885286
-0.3916615766466652
0.0170936563867940
-0.6060292222677068
-0.2709271510769843
-0.5603979033329273
-0.4949636930304047
-0.8218099512813638
-0.0090278718221585
-0.4427278231138705
-0.0815500744457039
0.3491254237434433
-0.3812394282868279
-0.1247820465859139
0.6486439187179676
0.1052125005743493
-0.6381828386931560
-0.4559880045607122
0.7966165029200487
-0.2405942397046154
0.3136679372424641
0.0346976071103992
0.2219470255343083
0.0406996115974946
0.7177627361213890
0.6025717700894614
0.2660958022951078
0.6100123354118181
-0.3662618734695828
-0.5077957715437407
0.3464896677076910
0.3403315372722342
0.2747069873419720
0.1302111867282985
0.3414924325758746
0.1989657877519916
-0.8668198496538638
-0.3127698049184651
-0.3724465328765511
0.2246988504060271
-0.8338984506583931
-0.1325987552552553
0.5540721896613823
0.5876242941345685
0.3613610615090494
0.4656432489403819
-0.0172117845672624
-0.4643709888908686
0.5617734619552206
-0.4868755947124157
-0.2050527152871179
-0.4355177394161743
-0.2343074679227702
0.1895058336270665
-0.5369370479635337
0.3854141457437458
-0.6872714836814892
0.1223141319408851
-0.6843013816091970
-0.4683350912741908
0.5264316563415240
-0.1424879845390720
-0.2398301805841981
-0.4604581464014833
0.4528287606079672
0.5086750202418279
0.5163870808237648
0.0406848424603664
0.5784896552364343
0.2823452298367448
-0.4543362558462368
-0.6144543922786013
-0.2245290319632502
-0.3093234486597822
0.4750938274101781
0.7664182929273101
-0.2019766653304298
0.8215915777405511
0.0414665146942458
-0.2300523724307501
-0.3772492671617811
-0.3578081943021800
-0.3787232568399414
-0.4923867363476706
-0.7444514795923595
0.1598012678789559
0.1854172211917283
-0.3332191405753437
-0.0082071571165456
0.7471383863869030
-0.5364809849572402
0.2070507939921463
-0.1063925261925620
0.4651686672360208
0.0273198723600465
-0.4692986487769519
0.7425032957654714
-0.8661842541777249
-0.1162377409275170
0.2088537380946033
-0.4219264901917448
0.1207136212572234
0.0229734826922849
-0.3937006367616559
-0.6967622137241111
-0.4717177757524553
0.3694276455165296
-0.6732200979915721
0.5893172602207636
-0.0483278625676401
-0.3842933373101114
0.2224025968032100
0.4514940203813281
0.0611944083192305
-0.8489222700601513
-0.2508965591273981
-0.0937565462478005
-0.0233345718948919
-0.0041688780501947
-0.1056957654042072
-0.3440322318864421
-0.9326887727474460
-0.0997812149074518
-0.5860913236642016
0.0286973575918432
-0.6117319234802914
0.5210577558577225
-0.5787427014321307
0.6042258155671356
0.4848653335427949
0.1736537900584949
0.1863277190007539
0.0494683895014608
-0.0483646349807716
0.7163736569941258
-0.5123174990027598
-0.4685651548117171
-0.9139176071238336
0.3066650823949009
-0.0186404875825243
0.1244197501342231
-0.2342720483284300
-0.5066993701799939
0.4463372751599921
-0.1205404368125826
0.1814478932348189
0.7046881935974438
