0.1063775070732940
-0.5020298388076613
-0.1231152353942206
0.4855407274400356
0.2549689214935844
0.2672687312768114
0.3985595953209231
-0.3196013326559864
-0.2971636236868055
-0.2634921122010788
-0.2610875432352099
-0.5098996908781546
-0.2889109363880940
-0.4880007892926636
0.1253083555922867
-0.2809408648300734
-0.3170864127896382
0.2926080323814743
-0.1409221247796122
0.0014818417329037
0.3470022537087735
-0.0330556109693631
-0.4177712853755104
0.1941297995978759
-0.1349306906484755
-0.5826302661667420
-0.5373564711516288
-0.2332333891469315
0.0795688978631013
-0.0676278074476206
-0.5146923727251167
0.5322302371358576
0.3527596034108765
-0.1435094993337934
0.3808342864007822
-0.3105658136057237
-0.8464860826945916
-0.2364108297398454
-0.0443550758984978
0.1243237567946781
0.0682713727713025
0.1402327219722695
0.3329479733571255
0.1843292893640896
0.2024589479194776
0.1506379557267724
-0.1982081811851856
-0.6108367801086810
0.4200480902116833
-0.2013206002722730
-0.2489798950620080
-0.2990104332830574
0.2927967262520764
-0.3328687711795207
0.4908899483318815
-0.6260224548610455
0.0626302898692611
-0.4478885358297066
-0.1192966713256477
0.1447577916779101
0.2700686216698020
0.0979573030294277
0.2118420242336641
0.2180176708024952
0.2741028681392591
-0.2558476471098771
0.2744471153628140
0.3007333582007417
0.3926094792124203
-0.1603413251069512
-0.4563922710025307
0.5079081351612840
0.2673688077919294
-0.1561309481076294
0.1427459048132649
0.2442397048392106
-0.1670801293283824
0.7537720480810447
-0.3658385162833770
0.2856116567755318
-0.1122840698178699
0.0914995085689787
0.3232679694519738
0.1048563234563945
0.0445471337947620
-0.4839943072484924
0.2497819998513230
0.5865441557767457
0.4496598629676424
0.1768524475977198
0.0896536783967930
0.4210284423282120
-0.6292044351583058
-0.1769597211452422
-0.0651212257250941
0.2007572728953705
0.3364397626206770
-0.2551020588377432
-0.4057970842848451
