0.5760770553747426
0.2724189654537611
-0.5057269446104234
0.2126314986854093
0.0141478534773816
0.2358360460527717
0.2195989157846056
-0.4149896354547056
0.1291988895820880
-0.5366715216661766
0.1557162235104955
-0.3542316190582426
-0.3995258603606109
0.1053966763760349
-0.5637411788323761
-0.2344379845063076
-0.1236845115691983
0.0588521830241432
0.0506770553827897
-0.7511696446439465
0.1526329745661121
-0.1889333959421101
-0.4954106984949562
0.3050936467016587
-0.1761002905564415
-0.0666235553925912
0.0148136453281802
-0.0908732285413120
0.3390480883553467
0.2028803601322604
-0.0075332253051556
-0.0919877703342367
-0.4287059098369376
-0.1907980632330951
0.4170696704093547
0.6580043633420078
0.2645465554701830
0.2204602568223364
-0.2268750869580793
-0.0630338100640468
0.4257459818726430
-0.0847930930062151
-0.6591164815890268
-0.2181780725754290
0.3943109325138931
-0.3715449050479554
-0.5184374597773257
0.1492502079813620
0.1268919050201745
0.3342101977795562
0.4962870443954151
0.3734281585710996
-0.0542168509393566
0.2332690729956317
0.0585764336801153
-0.1421588450392807
-0.4213974715687511
0.0792552343163932
0.0690168104231246
0.7914959006802735
-0.3693790786003237
0.1170529655420268
0.1055038464648002
0.0620278201882787
-0.2484892225738311
-0.4292909454366575
-0.1748050275064375
0.6869541216805751
-0.2216106211530025
0.3614700460219795
-0.2580025663099438
0.0362628076204685
0.5318991159637765
-0.0715025063758525
-0.3314109114787637
0.3466174882881663
0.4431385277108688
-0.0487667897226207
-0.0462327944820441
0.5295216802758507
0.0267060085965033
-0.2867557593762325
0.0620710506938927
-0.0710352246759716
-0.0750267021555177
-0.0230574228362517
0.1251140675453761
-0.7383082909512843
-0.0946030538551997
-0.5770695495496913
0.2884747802739683
0.3348565818890732
-0.3994734030239803
-0.5407074164445617
0.3234261588479140
0.2374179456471667
-0.0302192371869641
0.1878761698035374
-0.3943696770431182
-0.6517485310928184
-0.0136084645952807
0.0988221298868433
0.3806925240476407
0.3189689769255196
-0.1893315656392590
0.1064461779426831
-0.3501873689596449
-0.3857413881381769
0.1114070057863432
0.2817980530769675
0.5956782403684290
0.0881442426671361
0.2968909347966631
0.0076572998855739
-0.0091555797398453
0.1802125762524241
-0.6517768821414880
-0.2367325323281299
-0.6878231499731555
-0.2670260549322974
0.2259689868592681
0.3109514192259354
-0.1600507814775208
-0.4651093038615815
0.0708518568927788
0.0695588781512355
0.2238076452948228
-0.1799680024282462
-0.2756697645644366
-0.6372698337798337
-0.3600916889832234
-0.2247576282003509
0.4144681215834132
-0.2395779434373376
-0.1614049725665228
0.1086461045557972
-0.2892324193525621
-0.0720774020583414
0.0927929099159094
-0.1808922529380443
-0.4630798665356082
-0.2822154832972092
-0.7190880024938913
-0.2164182322153165
-0.3119909926442226
-0.0640400208724772
-0.4405632161666156
-0.3687418164289092
-0.4889791831960060
0.1179776887539800
-0.1192068279928739
0.5272927056708402
-0.1524033453589523
0.0223075913150873
0.2257552728738941
0.3028454476607419
0.0166322724218695
-0.1093249911287832
0.5027020706017760
-0.0544970999770060
-0.2764020630867947
0.7159019280791474
0.4617259779820583
0.0606630734495843
0.3954390539231196
-0.4511525367599308
-0.0073826297203059
0.2741488073498606
-0.3282318513292325
-0.4590370082045939
-0.1719164362771962
-0.4820411433100830
0.3276539798544428
-0.4905275264483918
-0.1583794839992900
0.0385091259628376
0.3579415269366383
0.4772233613773960
-0.1928506834182368
0.0062672369524330
0.3210240793433919
-0.5004227787262522
0.2749757821216026
-0.4350458426929070
0.3045400180437388
0.0431965375895253
0.2959715542356147
0.4106970098511055
-0.1753917294195122
0.4252452340705296
-0.2945657097655960
-0.2929000716917461
0.4067505595835567
-0.5993173251964341
-0.2764987097920381
0.1556476267261108
0.1359116519537773
-0.0531987798025402
0.0268090367830135
0.4015641996487984
-0.3418275665793698
0.4680117924799445
-0.1918264771822984
0.3023846534262365
0.0896213489488088
0.2900347095048487
-0.5308110313967496
