0.0349846266354679
-0.2602740955783219
0.4761915172085365
-0.4401167426487804
-0.1776599512755346
0.0513904304215995
-0.3260131869587783
0.3020237213259623
-0.1183321485334303
0.2557314056877616
-0.3458367705812545
-0.2825973828444470
-0.1376424601490417
-0.2329929069629705
0.3567538328781198
-0.2637872443566890
0.2644700139702147
-0.2912952255803865
0.2524111718902917
0.0476012277342984
0.1911641118226124
0.5899637437466612
0.3394972105856219
-0.0963222976181521
0.0613652561060196
-0.3384162414130651
0.3252651566178837
0.3510449696916497
0.2260385172796198
0.1975947313480007
0.0916279744031747
0.1281517327694969
0.3994837032901765
-0.0352298560764002
0.3472542150613181
0.5062699445438849
0.3054528500078679
0.1026382588108169
-0.5971834667705327
-0.1684164607144558
0.5770203182728533
0.2469903998088236
-0.1831233563484664
-0.0575720420109895
-0.2035336779228783
-0.0827566981962128
0.0732526861639313
-0.1634801299615491
-0.0208430292080254
0.1780935056096584
0.4737224230068838
0.5105866697349530
-0.1117332153369991
0.2660907446423776
-0.5984279882098172
0.1952612143710236
0.0134022039364958
-0.0111981186320474
0.0059347991563460
-0.0535234205362387
-0.2717364763454148
-0.1777937641947592
0.2574122618722359
0.0016212282898224
0.1875766651473404
-0.0360113027138672
0.3371593908871094
-0.6475050714922629
0.4625161860304637
-0.1938978975366583
-0.0459609981656883
-0.0723452958338298
0.0418638244156265
-0.3578845218123162
0.0223446759154069
-0.2531563746115567
-0.4497424139090253
-0.1576009102938953
-0.0872256697342035
-0.6354749224111934
-0.0803142701888731
0.3981932271597920
-0.0028482487799670
-0.0449369977073281
0.1978122305083908
-0.1117691210238438
0.1022167857368186
0.2446254374402732
0.1514769992519222
0.0434677921736258
-0.1803161091243529
-0.1109978642053333
-0.4809493908317143
0.4682461875241135
0.1873900358790455
-0.5680995683609690
0.4132058389397931
-0.2111557948258498
-0.4334737833581665
0.2199417291114812
0.0667492747304576
0.3212333407966531
0.3772572898687852
0.1969209949525661
0.3751290295809826
-0.0143774611922507
-0.3334134651209335
0.0869481169250521
-0.4380016951804095
0.1617670590709782
-0.4811117827818763
-0.3525497643995263
-0.0003544571515306
-0.0547585884181678
-0.3346482538291842
-0.3753316439360209
0.3448210480993783
-0.0043063359375074
0.2249975774232704
-0.0286376455899571
0.0453605049904392
0.0974545725267142
-0.2273441235995980
0.4212753490326922
0.1222907195843002
0.3565103653108059
-0.2661226829372182
-0.5807085536666118
0.1910731814449808
0.3184778031200115
-0.2650269624896180
-0.0318124300057609
0.4159716767135975
0.1757085256947291
-0.1429132417369473
-0.5546642620953900
-0.1777094349168264
-0.2180072802752648
-0.2893544891239707
-0.2001098004501804
-0.2048743791655755
-0.2727248274323676
0.1560075524944362
0.3527732565898340
-0.1175167791438078
0.3722508071602937
0.0863647848581773
-0.2125077798989271
0.4237763754778911
0.0000822658874833
0.3625520185141317
0.1463650035836852
-0.6261398364014302
0.2534579007491409
0.0027552655749206
0.0790443758534884
-0.3215261314336882
0.1683204362028554
0.0499558430246016
-0.3903420728988948
0.2073304703602313
0.4856040648193019
-0.4588926197609477
0.1536075860088252
-0.1913313453679182
-0.1203106293236663
-0.1103269231073673
0.3704015895811212
-0.0545280063774129
-0.0999277422796942
0.0851039892067399
-0.3013298624450879
0.0049985395001333
-0.8180368758380043
-0.1776795020319452
-0.0795772306919555
0.2991146789546422
-0.0874012024032116
-0.2797955495032123
-0.0805779143375124
-0.0276050433213583
-0.4298528163683115
0.2034552308750877
-0.3454290270900103
0.4908426899056512
0.4577835297649076
0.3413306348078124
0.1727341989304069
-0.0257087020331670
-0.1788176036484732
-0.0372843880253259
-0.1512827276828647
-0.1290741242619999
-0.4737768112222394
-0.0590821013688584
0.6931513434921837
-0.2594620444500862
-0.0205529431190514
-0.0602731501903572
-0.2079409549838138
-0.3539927126852478
-0.0380934768970616
0.0598879765883144
0.1730957283591134
-0.2364021330109565
-0.4111888353951390
-0.4111113654421873
-0.0920812143435687
0.0530491973311975
0.2973945055685165
0.0188747174045972
0.0620371209423789
-0.3785146199397474
0.4524120324100832
-0.3916094161156829
0.0278531927032498
-0.0139005722898940
-0.0301056154754002
-0.1997398685026673
0.0401706915880854
0.2057365123231212
0.0027923139336433
-0.2904834010801208
-0.1972339587284418
-0.2604905348127849
0.5027214244045677
0.4556669167019762
0.5133781139831405
0.0865422534073966
0.1528799689296743
0.1830395497056956
-0.0856325380563934
0.0095996741745033
-0.1210887953730391
0.4096248775034358
-0.1749295505604563
0.1188819327097528
0.4797315513564668
-0.6851715802676303
-0.0376674582168715
0.2631448447315518
-0.1470966408479907
0.3334354538810462
-0.2918664128627617
0.2909379426732023
0.2682932373784953
-0.4911854150835573
-0.3631376650873296
0.2420139661051982
0.0494823704135275
0.3295553379387774
-0.1156198730267646
0.2457413872572944
-0.2082775749299211
0.2837507244369552
-0.0469346483818910
0.0652498872434283
-0.0151367885671543
0.3807965798667335
-0.3828251450400796
-0.3896666455741484
-0.1562709510482762
0.5786972847654789
0.0794684733519967
0.0082818783260240
-0.3782516234882750
0.5092637600595596
-0.0468520583506076
0.0224876484139183
-0.0655801853926886
-0.2512557656517934
-0.1180571831891011
-0.1343687841649169
-0.6471780233381176
-0.1730539908842253
0.2158633039779989
0.4356048978522033
0.2495002301690232
-0.0649898677224429
0.0211496489781186
0.1995251002370252
-0.4907975592919286
0.2429215436875501
0.3036244949342563
0.1494674786652372
0.2220847976123153
0.0376466714725632
0.4882175140540894
0.7759791153575663
0.2024530882525823
0.0336336329319826
0.0699927917989736
0.0093332769407331
-0.1381096390682661
-0.3353720695248161
0.0030727036115385
0.1395122693027664
0.0236017835392798
-0.3416810086891021
-0.2871011481341668
0.1872291573542247
-0.1825108053008502
-0.2910636368047906
-0.0127474512453027
-0.6329522785978382
0.0403588667163743
0.2693695813676915
0.1438413194797179
0.0713009239986269
0.1016998475548367
0.4429897090695724
0.3736043704824706
-0.3800214959282425
-0.2346960276657570
0.2291063207049979
0.1958648846507016
0.2989065837187042
-0.3596635248755711
-0.2340748414305135
0.4543218889683629
-0.2156963200600119
0.1758221293073078
-0.1850335596089934
0.3436139244532894
0.0293970113504884
0.0153349509506670
-0.1721510942560391
0.3999635011464986
0.4637292032183561
-0.3471154858919763
-0.3906566319198626
0.1028762548371958
0.4018189867283824
0.1729724872915803
0.2855500046880717
-0.1940283652758344
-0.3864596428472803
-0.4381093142029752
-0.4552599071045123
0.1520154104167491
0.3175943321423790
-0.1509474227677466
-0.0209110125812295
0.0505156302196253
0.1035832595515052
-0.4769549247016677
-0.2264906576893034
-0.1103857407825015
0.4190812309561425
0.3371032794440722
0.2411124446421832
-0.0350224148580605
0.3886596651018636
0.3333877683373818
0.1891862219362383
-0.3090676590351684
0.0200332039809363
-0.2387404040441831
-0.2146768460609189
0.3928970329983062
0.3752317738881240
-0.5597061820154804
0.0123483432189384
0.1073890173968884
0.5270000879315980
-0.2489809748944240
0.0106712410770574
-0.3073698522268475
-0.0638748744458554
0.1630681306701446
-0.2210104345221338
0.1428904337733768
-0.4405507983128858
0.5910675780097286
0.2570414638642645
0.1510936589834385
0.2501040639103463
-0.0148685383972900
-0.0002934331289141
-0.0783991957785376
0.3274066017342244
0.2862365147193957
0.0261974031655420
0.3300335422807231
0.3480970902949194
-0.1046663323679452
0.1419690208123476
0.0254648218304201
-0.1089316740148907
0.2593524716535457
0.0307128097798202
0.5263656783024923
0.3328240966476416
0.0949873500686702
0.4060074882734962
-0.4530995916166093
-0.2126783569481721
-0.1196230880588507
0.0880417840010001
-0.2857721110562795
-0.2445975870062134
0.5883857573324527
0.0872488516399381
-0.0384244617153285
0.5226974067110867
0.3871093406932755
-0.0485338826437667
0.1024931184565388
