-0.3680930893669321
-0.8053610596390263
0.1512602267078036
-0.3968485192970731
0.1377882785603612
0.1286352518433783
0.6421371010670576
-0.3778825934625996
-0.0334794502929978
0.5672694263610000
-0.3479879265775456
-0.0292167121965592
-0.9647970302971884
-0.1760146360053778
-0.0231281065784876
-0.0038287988507385
-0.1844089156504623
0.0602438466210104
0.4872269569573872
-0.3738369058004435
0.1980368354390783
0.1733803718439565
0.2145645791684745
-0.7124174058165458
-0.6006047422120613
0.1300714993421236
-0.2361454402061259
0.3075635293935515
0.6870117044108556
0.0032051755964043
-0.1158910021498428
-0.2136289165572484
0.4604371863661663
-0.2434135843088239
-0.5127588737669829
0.6377756058282851
-0.5431474294498320
-0.0945886744031785
0.5956194535542697
-0.0452494133416374
0.3437668199225346
0.4701682499031468
-0.4569813984626928
-0.6194135542021344
0.0499914035528455
0.3345935573496636
0.1290987058749275
-0.5257151181220626
0.0434692350870626
-0.6653050580292039
0.5829818141401563
0.1463505114751241
-0.4166498689870674
-0.1435138467451308
0.1645867745070488
-0.3461436161478132
0.2531132116840404
-0.7519024674573797
-0.0756128916974339
-0.4668563620313296
-0.6210007624435159
0.7076593517407206
-0.1674348598424623
0.2307219987273275
-0.1215373901301166
-0.1324306790424227
0.0794753851356652
0.1139393731933898
-0.8599975641322729
0.0976180421818635
-0.2932435756026228
0.3815554943763244
0.0126453343283114
-0.5763630722735152
0.2691656503664743
0.3030427659699345
0.6988577974570463
0.1223046116413052
-0.4203875543906179
-0.2259745499959704
-0.6947385735255835
-0.3757326259354649
0.3198273523070597
0.2146708639921298
0.3335913892377857
0.3277195304025391
0.1222824517189984
-0.7087540172145054
0.5109721667138122
-0.0542114779989161
-0.5722463167327552
0.1537678961628127
0.2163496646941565
-0.1964233636075866
-0.0874965019784757
-0.7455498870315764
0.3938626270741808
0.4722628444343138
0.2002089913968768
-0.2695306384766882
-0.0939604752973633
-0.7073054930715043
-0.1340953982356946
0.6747733102655827
0.5458153549807937
0.2093977839369609
-0.0886528486837837
0.4208066571419330
-0.1024332989066333
0.2067677981452325
-0.5286643541997007
-0.6179876750130485
0.0332628711102870
-0.5331541169880971
0.2350799337160016
0.2744385655253277
0.0020292992139934
0.3650479287542225
-0.7221020502306051
0.4633847421162999
-0.5072203701610674
0.1440460419052277
0.4984562449095510
0.6551699701289084
0.1242708665909567
-0.1697900697149123
-0.3857229454454848
-0.1398164729220473
-0.1712341720153149
-0.7713255705243564
-0.4353330906410425
0.1337534524373922
-0.1246199439882696
0.6752697508181901
0.3231637992220818
0.0699001090522382
0.5606553429484130
-0.3237674369675441
0.1143411170895214
0.3278035261458894
0.1380708867384749
0.1586274309474444
0.7279152325232418
0.5526157252883251
0.0752663817673384
-0.4263527816462263
-0.5634529926893309
0.6419657481023312
0.2878351104527356
0.0104847432820919
0.0172581489748615
-0.1523582299776166
0.0147063866616072
-0.5824129699804677
0.3064269423053586
0.7370010241996464
0.4263603901899796
-0.2127955195083898
-0.4442681732326487
-0.1466104076229992
0.7358632899117745
0.1121217273482970
0.4738050367574539
0.0703048259667615
0.7239157925043084
-0.2227103052719712
0.1698010143511494
0.4099752180350620
