-0.2637072936329719
0.3330578439517134
0.1598417604634946
0.0617415264490338
-0.0015790115873545
-0.3491245812434358
-0.0044159573840505
0.4768029354586163
-0.3104356974622912
0.2746371886073807
0.1850381430141780
0.3786852848665450
0.2324973506388341
-0.0442897218394146
0.1669606986900672
0.0871119139480548
0.0639077363984625
-0.4350025201794258
0.0411813056434358
-0.3425828454512794
-0.1743857193617780
-0.0946553512481249
0.2007019370248428
-0.0206118073051546
0.0972487409431813
0.1843563822924476
-0.3243094251805395
-0.0415924393447000
-0.2632737706603683
0.2021688454755370
0.2190185350863384
0.5468528204940223
-0.4199908589349240
-0.1704196390492878
0.1548579503249131
-0.5889196626253435
-0.2228774331162431
0.3511530492348140
-0.2810175182607487
-0.0053376561819253
0.0787042890018710
-0.1710110232420954
0.2685064917421921
-0.2024937517309024
-0.1255252343457138
0.0315131377540196
0.0722040069029196
0.0356882223240712
-0.3510330248613586
-0.0972453402501604
-0.0739965049120739
0.2608151969377100
-0.0878969645040156
0.3508648644445994
0.1720179789469972
-0.2937054909197181
-0.1944095820339310
-0.0388717816620895
0.1000648673373302
-0.5099071824053339
0.3831601765615977
0.0983744125325035
0.2827034023011440
-0.0374046341895963
0.1353804936303863
0.0886489381209014
-0.0061775746063080
0.3391009928567782
-0.3729874222640600
-0.0857028209673995
0.1527435400210992
-0.0799560263209299
0.5201688746600058
-0.1338280555428023
0.0123117421470199
-0.0498847491496731
0.0573658187255568
-0.0450625412292554
-0.2918950041256760
0.5485871480962041
0.2426711924948904
0.3098984828154960
0.0297239752082866
-0.2859387252820586
-0.1481092503640883
-0.0207154131303527
-0.1699644995563218
-0.0198870914327839
0.3003219209425184
-0.3115299159344656
0.4361559389616264
0.3343367821094665
0.3658973929083785
-0.0285002515807394
0.2761303969263369
0.1028681349905294
-0.1486664729555942
0.1233186156345863
-0.1491300250051952
0.0523771504683158
-0.3864750334522219
0.3719041081942234
-0.0172187680635623
-0.1782471349341617
0.0414913856188290
-0.4106955839880431
-0.3163580843318111
0.3157002586690694
-0.2517711295175440
-0.1303792193794213
0.3507263303173700
0.2107738940953184
0.0982412561609113
-0.3204805015330254
-0.0422413527812535
0.1370086350395248
0.3005431691365246
-0.0654363394038657
0.0901024678531804
0.0394589070383116
0.0734962479702782
-0.7625640786861444
-0.0225537301223714
0.3604517498341662
0.0488420257918584
0.0070196224191435
0.0125162197064333
-0.2070515710410967
0.0419830464328250
-0.0517055258676251
0.2466659214752472
0.2209023681904863
0.1876850227795924
0.1641757841657172
-0.3481245359781826
-0.0386067380525002
0.0678313425781441
0.4912161324795542
-0.3885099950273534
0.3576154279377670
-0.1596186758356754
-0.0693846759379385
0.3771320934578445
0.0617846213588436
0.0149545693237891
0.4834265527060392
0.1600316334494700
-0.0835330855843704
0.3606777052200992
-0.2942370528329040
-0.2511954468006766
-0.4102327374850667
-0.1382621848736342
0.0785742294643816
-0.1842597524966527
-0.1563903777904273
0.3762992594591112
0.0290716635752520
0.2371847932296737
0.0550496032084440
-0.0346346690426804
-0.1614344511646649
-0.4884755833900344
0.0465881390854014
0.3980017220320448
-0.1231780143114142
0.0725553250669708
0.0985644024114432
0.5128121636269125
0.2946859712757190
0.0865452622971798
-0.1424959534695663
-0.3014546421241221
-0.2140926278063325
-0.0130841633756666
0.1700295002496792
0.0699886337111527
0.3158155714488493
-0.4060723032008494
0.1561674773179592
0.0792338125156728
0.0667229770849726
-0.3764604527231929
-0.1929598567553998
-0.1833093564600211
0.1561219638923923
0.1575264419983861
0.3290698892950970
-0.0087810895930032
-0.3034929056087678
-0.1632553517251651
0.4543983573711021
-0.5978370826562774
0.1500374731680140
0.2296287459189069
0.2344120529371531
-0.1742516850302636
-0.3176781639447669
-0.2330174023846818
-0.2213644922817396
-0.2173250398417883
-0.1726159965627737
0.1123524424083269
-0.2008417488480459
-0.0962722351774114
-0.1696433404061370
-0.2646185009899941
0.1994033650868902
-0.1975548338854216
-0.0000597273808601
-0.0824729514918260
-0.2461554156156859
0.1204990007164842
-0.5083908845885711
-0.2024251967744487
-0.3620764539914739
0.3128486399818846
-0.1411574368878284
0.2185950378788697
-0.0011582775742883
-0.2331896909537335
0.1694779877749122
0.0001454633276218
-0.4470303356143001
0.3625900102119480
-0.4726984137562846
0.3770342214588350
0.2632869670465833
0.0644724470678801
-0.1057915195503085
-0.3345123214116401
-0.1697494614804095
-0.2064412077878756
-0.0617419149431599
-0.0971991270419170
0.0552875440559459
0.0452268666013220
-0.0998483291443917
-0.3770227844050273
0.2538743599797375
-0.1209675599801092
-0.4162733116730140
0.0518457452527506
0.1771970425191907
0.1640290048575572
-0.6139097848114946
-0.0677157438333492
0.0562594019900618
-0.1048166738671905
-0.0220800702712565
-0.1303377502844219
-0.1500716671309977
0.0189406943426463
-0.2973959928938308
0.4758767857185669
-0.0144908564298524
0.1310194242656188
0.3317796016177605
-0.4552149180549253
-0.1072795014630898
-0.1491666224464203
-0.4514153425124290
-0.0345262810637326
-0.0501531935690147
-0.1834254726588709
-0.1027334270767512
-0.3128392419609990
-0.3135225416047696
-0.4049234228337210
-0.0545672468995411
0.0488349748789924
0.1208451062951254
0.0561134209656734
-0.2230359842653866
-0.5217305977976046
-0.0775135542288542
0.0644006191268964
0.0672751816544762
-0.0659313891087675
0.2118616373725466
-0.2905583821887410
-0.2284279796111939
0.3763482930717089
-0.0557911854753435
-0.0951711177338792
0.1522620104076905
0.4633309650422334
0.2876079286756663
-0.3192960898471886
0.2219560936103654
-0.0176950136577887
0.1987613340474644
-0.1232075737331962
-0.2296713884194328
0.2002190688877623
0.1447898922387184
0.0635585373131396
-0.2199319505218645
-0.3012172763235904
0.2695179821005166
-0.2274817045011883
0.6038196906961565
-0.2187081726872623
-0.0049524195994674
0.1214701186959520
0.0518265557010785
-0.3062035836537297
-0.1306462698745693
-0.5037635726119134
-0.2414203934846491
0.0767546661052395
0.1003100580969397
-0.1475458028494081
0.3096197301848648
-0.0505040803904919
0.1990538554972677
0.1386499507288742
0.1141047491958060
-0.2602355864724705
-0.5328616162127091
-0.1944641040979563
-0.4043402745128473
0.1847388281207943
0.1892941716124824
-0.2798482434917180
-0.1665732855355831
-0.2811537212311337
0.0195752189784144
-0.2065784488345983
0.3027351698293984
0.2792010985451029
0.0348736089263658
-0.1633264129144829
0.5254685994571525
0.1437059475946211
-0.0793902226646478
-0.1788909062179324
-0.1453023754362077
-0.4553924013591774
0.3157453050393059
0.1440733915839160
0.2819432668985963
0.1173247448979363
-0.3943624454081073
0.0005845862097444
0.1609777451588282
0.0783017275674214
0.4085645288586005
-0.1393498173375832
0.2245942321087099
0.0212497072473581
-0.3177878895803597
0.0983857423411580
-0.3768497060732882
-0.0866693366922531
-0.2323833084809082
-0.0517271728900571
-0.2362696520636609
0.1603381644966384
-0.2723686335165569
0.2545368375558608
-0.0229661894208230
-0.2114045911200541
0.0075661716576099
0.7131617540815318
-0.0444677310217904
-0.0872331480284816
0.0121093353436499
-0.0997130783130691
0.1337236499706621
0.2225872228584843
0.3151911236454352
-0.0633287188716622
-0.0776729269772424
0.5588249379881320
0.1884915537969573
0.0539765474982760
0.1529394068115595
0.2710808799931705
-0.3063042668084159
-0.1012630998087825
-0.5039699883809281
0.0217348078332080
-0.0842813159368158
-0.1968199263529422
-0.2902110036649263
-0.1940818969096773
-0.3686458348635593
-0.1565120436911215
-0.1380911596578314
-0.0341210249932894
0.1906835248630045
-0.5013733356765142
-0.2324076281737609
-0.2366467258838627
0.2460089018826479
0.0752419641618751
-0.3472036713441120
-0.2105215233827932
0.1730337598971237
0.3863887406475420
-0.0236177719447320
0.3976101399261313
0.0810796218456135
0.0643658362258024
-0.1034512624528016
0.4242887893918928
0.1967731400689588
-0.1311543810447096
-0.1490572931130310
0.4021979447244884
0.1439657120676538
-0.1358959446122920
0.3576447906281145
0.0105051990887358
0.2889562578376931
0.3745238489577476
-0.0726580754692610
-0.2268576254371686
-0.2104437748405475
0.0744267375138214
0.0669833031004733
0.2648637678164610
-0.4266090722506277
-0.5936859937561991
0.2039777756612144
0.0098755598174357
-0.1021507905696711
0.1049648090839418
0.1904684371788774
-0.1577873216382482
0.1404725220258750
-0.1290255100516887
-0.1310697581646182
0.1155622300089529
-0.2062696405607908
0.4112318186695069
0.1467561848973142
0.1549368840725588
-0.2416345951534700
-0.1448387718337566
-0.0574152349372228
0.3403820896047099
0.1236615388152854
-0.3565745906310935
-0.3291529819704302
-0.4908438619349249
-0.0734022980425000
-0.3168962986650312
0.0490418067264678
0.0843986287825040
-0.3843674899857965
0.3907193188584859
0.2019275454923991
-0.0136346116378137
0.4762321118528902
0.1715631615629019
0.2281805761460259
-0.3807561487542110
0.0256021305111987
0.1293736059000012
0.1546764141323558
-0.1984895153382235
0.1212413960106019
0.2947971256684896
0.1865405435181454
-0.0708552043568064
0.1512743129108882
0.3800089873602399
0.1666776824402758
-0.0624505859241432
0.2680250500687335
-0.2335707141754571
-0.3251145721709901
-0.2075584226610801
-0.4469669365544869
0.0604553753721674
0.4318251091799812
-0.0665056788030551
-0.0692938074725922
0.4033441232821010
-0.0533698708406262
0.1065571842486236
0.1723226344631177
-0.1916947597040405
0.0967713011501219
-0.1455551284181263
0.2722613141083418
-0.1447168515283604
-0.1772180706927299
-0.3906900214953708
-0.0853167138785687
-0.2103315383478645
-0.4213161814790420
0.0848828167231340
-0.4591001496511505
0.3236754220505008
0.0297098002495735
-0.2598197359608620
0.0275071192669632
-0.2539594445298968
0.0072774457647104
-0.6252224860568323
0.2520379377936840
0.2332926861895906
0.0166316187522041
0.3001159149695725
-0.3129801384503427
-0.1139354467410006
0.0719740762695507
-0.2041975802596428
-0.0672870653702339
0.3146300700257155
0.3049435445947618
0.3605073409532766
-0.4749475052412789
-0.0954463505796367
0.0657005791241915
0.2102342248379757
-0.3437145504904362
-0.0031822558370008
0.0354010049015522
-0.0103320598437808
-0.0209174167367967
-0.4018454596852030
-0.1184889740931387
0.2766915288781963
-0.1510851557670990
