-0.0219773481180265
-0.2498119182126347
0.1594952346942538
-0.5592539826345249
0.0254095135462895
0.4327086671729336
0.0849242221800096
-0.6321373346056504
-0.0649237041874491
0.0126596023018881
0.2634938081653479
0.2428478953181167
0.6972466699604831
-0.2246877543759999
0.3328052785012126
0.2130549292946264
-0.3644102636318182
-0.2141297386980853
-0.4693762006701994
-0.1748173354616930
0.3871619576599734
0.1399373336792340
-0.1040695549981876
-0.1790271305526636
0.0662237317939514
0.7147529352045525
-0.1466612282181111
-0.7285155733360706
0.3178164896396878
-0.4168447818609594
0.1093499903822432
0.0349674341229701
-0.2103163477816388
-0.2802096331251869
-0.1885228160163793
0.1517457330878411
-0.4339473402195160
-0.1670645196207082
-0.4773562847342535
-0.6599714090357230
-0.2709909981035213
0.1669474848672307
0.0160100061738439
-0.1157010558289046
0.0734658458480928
0.0485575329649834
0.4851523148125418
-0.5551464510907351
-0.0792973190985283
-0.5116714033945925
-0.1063831750943848
-0.1629070567145043
-0.2002407511188712
0.3286847698305300
0.2090800466174034
-0.1549891018506725
0.0127863021199185
-0.6725400237718132
-0.3665933219227949
0.3385051050092443
0.0863210409640233
0.4724970911589711
-0.0104473084850785
0.4155443081601721
-0.1286257436121775
0.0100108759738211
0.1516157217693528
-0.0696263819439244
-0.3988995256495198
0.0982574476481358
0.3272312710221336
0.7120304108192240
-0.2405551006949037
-0.0490713761602529
0.3945120087844012
-0.4334933741589997
-0.2452445789237676
-0.3797036361845885
0.2798983615445834
0.2429141245547833
0.5044788335794598
-0.0198140775066004
-0.4054200245891948
-0.2131042091564986
0.1787112649951159
0.5271957096124443
0.0579312271152120
-0.3615593946779206
-0.4361931112884582
0.3944742276424094
-0.2121070926005548
0.0089918591904464
0.0822274972553092
-0.0830422909778785
0.3817182041790738
-0.2307333559607090
0.4139879573081262
-0.6603223072301695
-0.3673065438630178
0.5410804188479875
-0.3688715506067472
-0.0695455937699673
0.2412713310393835
0.3242518194502625
-0.0896589829932006
-0.3236741047935536
0.3815425740219774
-0.3802626423204392
0.0474085383946663
-0.2596297279106940
0.3259921189118143
-0.7255291576138064
0.1320381460476527
-0.3226841675212871
0.3258792837815949
-0.0790319226627345
-0.2523468215641038
0.1964440330844822
0.4440331462613326
-0.0637464892594106
0.1711456145463116
-0.3322228090615819
-0.3774457568454198
0.3883685562542227
-0.5658168898456685
-0.0841052202448540
-0.3176692986672259
-0.2318029658691938
-0.0987666392131271
0.0820487218175147
0.1894192713547724
-0.6870198955560358
0.3727388662409672
0.1548124007833564
-0.3976048551412152
0.5226922665729052
0.3293153580140357
-0.4350555694580260
0.3537326627603108
0.1753164820630456
-0.4601849580566253
-0.1653097131079772
-0.1294276067758894
-0.1317542146305138
0.0027892557768144
0.2724231515171214
-0.0198607290027152
0.2541031447128479
0.7077964820898061
-0.1870189840311119
0.0557791207890430
0.0965162064555436
-0.5589600531244707
0.1339420183852518
-0.4000472031517600
-0.0322711152243123
-0.2263472469725094
0.2097737936509513
-0.1290473583358834
0.5176984614506503
0.6621026641088290
-0.0519362095933400
-0.0644661296226841
-0.1564959362575065
0.0507887971374956
0.1575773809151299
-0.4922942617868459
0.3025035052159028
0.5204814359712596
0.5262838863020149
0.2494099880670229
-0.2972411738460485
-0.2117409798137018
0.2578828585114816
0.2550238743749942
-0.0774094967794170
0.4991547326802515
-0.0046004519131022
-0.5317125274347063
0.4442810411049825
0.3103660060970394
-0.3967177653634977
-0.2770459927408183
-0.5258735378172789
0.1662494190629039
0.3097086687761093
-0.4066521087771557
-0.0197886169654441
-0.3219854674453850
-0.2393584732532801
-0.0755294504192957
0.7277932708107478
-0.2189186649773565
0.3572728908478942
-0.0441595976072911
0.1683524966425815
-0.3548179650985688
0.2748855332865202
-0.3231721001462297
-0.4546549662915085
-0.5013094190654738
0.6178055533516910
-0.0581331700991627
-0.1119791763082523
-0.1234946473533288
-0.0587228384391778
-0.1457248051838164
0.0200147782713325
-0.7550005018849631
-0.3191501664058274
-0.0533705139857178
-0.3618568382242376
0.0047237343887505
-0.1061508325665972
0.4247894874014563
-0.0468147137836510
-0.0303859598005848
-0.0765699813837465
0.7309085376406889
0.1187542121188412
-0.1947377670610132
-0.4032060495101695
0.4104849985012931
-0.0149659766265805
-0.2750709860624564
-0.1433688786658794
0.0422501163052664
0.0127820093494047
-0.2005481850889107
-0.1461459820387565
-0.1724166032352342
0.9411881990425961
-0.0137177357548431
-0.0129538630640404
-0.1885367462339699
0.1119548267158126
-0.2464481097932323
0.2203819314835900
-0.2884835636047343
-0.5231864071729464
-0.3192047150310823
-0.3555857526710908
-0.5072824507393114
-0.6104608952031272
-0.0187782498264132
-0.0659135225365785
-0.1676527319832202
0.4919627329927532
-0.0895162654056987
0.1785340837804736
0.4148204941451974
0.3748891674969477
0.2058681850571545
0.4620305493743539
0.0160172606737801
-0.2181858567976928
0.5450325998832268
0.4731285353370785
-0.3763840035033023
0.0125657617542160
-0.1831678976588270
-0.3394811889478874
-0.2236608266918595
-0.0750502175422115
0.1003265731108809
-0.4948382351799876
0.0923739972957564
0.2514886523423821
-0.6628268484642850
-0.2510908059929947
-0.0593789220086216
0.6565906270035234
0.2114612718755005
0.0627177665059224
-0.1274932781280535
0.5689962396625327
0.3145677953992679
0.2224270658634969
0.1681533531172631
-0.0971798989072639
-0.1691294482020362
0.2755760427388783
-0.2077935182404271
0.1464464815779301
-0.3240108263539038
-0.3414201097144395
0.0920255804152596
-0.7690026067027432
0.1810408303636129
0.0331578567482489
-0.2654428550677167
-0.0693334296318926
-0.2720950632798924
-0.5863745566005373
-0.6390757537612481
0.2224054389880721
0.1229019856607088
0.0431578095290904
0.1573513879789720
-0.3457421838693222
-0.4023667200667413
0.6072810913117850
-0.3284810626316800
0.4620793211526624
0.0365683184711028
-0.0199157156177431
0.0615957350363574
0.6452081185355159
-0.4363893098276587
0.2479056608728619
0.4750651163453924
0.1188794597006000
0.1398617363429618
0.1782650644788467
0.1919913372083142
0.2259361358876255
0.1183615510612353
-0.0316391199422423
-0.7027046025255380
-0.2286097430011532
-0.0612260646228253
-0.4961160825399135
-0.2948399891945309
0.2259995160216502
-0.0848669805683086
0.0023155230949436
-0.3498287065212876
-0.4570405708977129
-0.2098209486808778
-0.7198862209107746
0.1617321928779807
-0.2662014428821362
0.0473763088574775
-0.4990793110330065
0.2727596098358345
-0.2224820554168663
0.4179101213150440
-0.6114440526068564
0.0305959414622428
0.0963260993635514
0.1150677600364263
-0.2346394130155885
0.2808647839294755
-0.1635151898729390
-0.2279864587844342
0.5547046255417831
-0.3466076506836979
-0.2618904642314739
-0.1266141242424659
-0.4468009213452063
0.3609945017615759
-0.4645260204066068
-0.4184646363991372
-0.0498232307768808
-0.4202512880345898
0.5811097185047213
-0.0106386560866547
-0.1358954145285068
-0.1586913734846510
-0.2203570361401570
-0.0021550879176251
-0.3191349143551566
-0.4753024305559095
-0.0245491155785609
-0.4866167014931789
0.1366320061267459
-0.5327954132926846
-0.3562321121511418
-0.0734630045930780
0.1843336616555531
0.6538663325432819
-0.0904758963287385
-0.1938811466186835
-0.0954097171619523
-0.4460510585208524
0.3627451885628410
0.2467965026540635
0.3035572220062065
-0.1629290848410000
-0.8219427203964760
0.1497157899102176
-0.1839240407876000
0.1766822275296495
-0.1303678954360969
0.1868514550035951
0.0070347409649051
0.3980528302491467
0.0470623202162201
0.6815306123673371
0.2268981609320893
0.1762673541806908
-0.0571976564431998
-0.1028846057581109
-0.4766082286067999
0.1542171486019713
0.4312227502516687
-0.3435970952634654
-0.2420235704510504
-0.3745559052780323
0.0586044603224948
0.1574383744985251
0.1317313694959045
0.0229566318628636
0.5022006146212347
-0.6202955414783022
0.4581698847835214
0.2713663610431247
-0.0805833026615311
0.2689979869576009
0.0904698473933493
0.2677366172140582
0.2875142969432549
0.6308096051705747
-0.2777303561185783
-0.1985440294683320
-0.1003968096612447
-0.4690645218199988
0.1397824326022863
0.5430836500320080
-0.3191228586694729
-0.4688823251926068
0.3059358067072107
-0.0267112769594238
-0.1724524838358425
0.3947809666463131
-0.1504911502781915
-0.5054597226525959
-0.0764023190007984
0.2127821641829572
-0.0955618135663799
0.3102442653914930
0.6162579682998618
0.1763176584393943
0.0799304522738868
0.0708089928704905
-0.0492586199077142
-0.2264377175273792
0.3978238017685923
-0.4611539159605821
0.4472354448765978
-0.5769424464214967
0.5496602210749756
0.0312188776860158
0.2356438727421389
-0.3554351387927639
-0.5557165550997601
-0.4375768369469425
0.1045877367846448
0.0203157363558569
0.0582335703906196
-0.0514885955227715
-0.5269690316292768
0.2725947343178075
0.6045668883438090
0.0925320566160863
-0.0806678046219912
-0.3150611890915381
0.3123196695975423
0.2607047131945586
0.1805691469515075
-0.2309106628004836
-0.3900811738921615
0.4775849352198945
0.2609154206988996
0.1343286743332465
0.4841352729196101
-0.4617393817845722
0.0106342709112331
-0.3421197024251063
-0.1887544199015620
-0.3133263194600348
0.0960342594232707
-0.3330767052075286
0.7354736429014491
-0.1527496434237196
0.2509186912660005
-0.0421390861728946
-0.3178292569955490
0.0728918894084510
-0.3867929059601806
-0.2321231985276445
-0.4463429070794643
-0.3222735496799087
0.0692861634286096
0.6068471115124161
0.1184701808188190
-0.6258824236234899
-0.0325245803884085
0.0892994089534064
0.2617072201235909
-0.2912240665053333
0.1278439355511433
-0.1564573758095782
0.2740103665339286
0.5744842641736273
0.5849096012467346
0.3657203498090231
0.0161706119210190
0.0051494727010090
0.1806622203976767
0.1894540395632426
0.6420440140435688
-0.1673271937830647
0.1228446238612424
-0.1960489715633491
0.3537200255960456
0.0374630144390039
-0.3402230172782707
-0.6827939436079202
0.3859556643837913
-0.2339710185360372
-0.1249421577748280
-0.1837646339824080
-0.1991975235663502
0.2016355905131200
-0.1816090318615346
-0.2988007227480772
0.5528139359915185
0.3863506956146111
0.1853485078061019
-0.3455086871826260
0.4345104058386436
-0.2607828571864830
0.2328945125710157
0.2804909414400192
0.0298089270948020
-0.6883451631785866
-0.4454023260595418
-0.2471990541016107
-0.1596845721266321
0.1984436353046125
-0.0167916037914144
-0.2684922231780608
-0.4855212142262644
0.3553670127672460
0.2300932131856067
0.2043136979987037
0.1326145509638338
0.5559393155796054
0.3798306059675951
0.1471978405951192
0.1066619889458577
0.7850741447711862
0.1287033064447551
-0.2393317006030403
0.1260326760817190
-0.0022361801684101
0.4039603458766404
0.3125655164343027
0.5277779207065210
-0.1017513276330274
-0.0445892079542108
0.3362937203485035
-0.1178353623478646
-0.4647732272266092
0.5633752852240861
0.1630372625497375
-0.1488061946979167
0.2493873060009920
-0.5956482972514945
-0.3242051347345196
-0.0744579244653029
-0.0151941460780900
0.5773803453256473
0.1028608253446498
-0.1712967831971126
0.3143791709311974
-0.3381337448933677
0.1230185133888766
0.4748844755595927
0.0123681387257355
0.5963774419469130
-0.1146106036120448
-0.4965706196005886
0.1675320937750657
-0.0375866136583062
-0.5454213372824143
0.3725333232074169
0.6571421473827584
0.1257345396022347
-0.1598377753756797
0.2158110114773890
-0.1435002227386743
-0.1163556466310808
-0.0991768827921420
-0.6866795960131077
-0.4208557041832219
0.3660560547961059
0.3637834851241717
0.0540797079073501
-0.1544764167430340
0.0986871968335541
-0.2077352032809960
-0.0730444640994000
0.1331730794376031
-0.1600813129935188
-0.2663673281918151
-0.4435495846936257
-0.5209200568616379
-0.1438350149520797
0.0113817261708464
-0.0382470630538308
-0.6287388311879379
0.1354950517796737
-0.1901519608464780
0.5315064339673292
0.2801030126022234
-0.0390955003270397
-0.3939165668509130
-0.5112804236768641
-0.4063660255380284
0.0358719609131769
-0.2914277697272080
0.1001729717958368
0.1784116147785255
0.6552059337282459
0.0342284364608839
-0.0008627173982359
-0.4200282807179803
0.1682950614548475
-0.4878425938927160
0.5893022061870875
0.3432635084689308
0.3435510713412401
-0.1333624597614751
0.0439460252404211
-0.2463173156795696
-0.5087493362619274
0.0822888934988053
-0.2662317918000344
-0.4365563902312127
0.4545068421206892
-0.1147820542727126
0.0910469149956749
0.0994388037212465
0.2661711004192338
-0.3170597752406168
0.6315450911660671
-0.0355858717048462
-0.4251128669676915
0.4052680439036382
0.1219343005666100
-0.6439222402983783
0.2871620564891414
-0.3134049801384530
-0.1147205923076271
-0.1467668956200658
0.1007321870677744
0.6968478993671423
-0.0044387267608173
-0.1822378865614187
0.3563932887099827
0.3547307407261950
0.2591622806135221
-0.1275127203941731
0.0212367885979587
0.3800618346469697
0.0617546481990059
0.1962557586643776
-0.3527679438517804
0.2261796531547828
-0.1226154727151833
0.0484120268187456
0.5123488701089765
-0.0672694454851443
-0.7054521680585902
0.1639681670831092
-0.1812769946363181
0.6759776164650817
-0.3165750659021137
0.0947524539004153
0.3883171151352556
-0.4575414565509507
-0.0215806229245643
-0.1162302194379494
-0.2561162019693645
0.3827289474918462
-0.5281442419690864
0.1701427055521468
-0.0921113214046832
0.5178648326850044
0.1969755004819226
-0.4033161672616107
-0.0436623892541654
-0.2066507266763269
0.3365338101837858
-0.4309783724498784
-0.4379212892916332
-0.0127529227292640
-0.0592759598627741
-0.5494751751886826
0.0877864770583840
-0.3914298768287748
-0.2219750209088492
-0.3577236458925988
-0.5760882548498155
-0.0267015214296398
-0.1333096057817404
-0.2939973930583139
-0.1522527204692901
-0.0151995768601296
0.6021232419475805
-0.2011937409243456
-0.3008333995644489
0.2974301785291880
0.2156189175209727
-0.3967248511476625
0.3674092137791256
0.2556668585928705
0.1500944026668269
-0.5948025768639161
-0.3908187067892359
-0.0729833095393797
0.1525029365903517
0.1849753772160983
0.1466764868572987
-0.7573703786372316
-0.2109801015557869
0.0968163638032544
0.3680370162373245
0.6378493102402217
-0.5170981840012289
0.0492877007515419
-0.0689092222454428
-0.2166639782025668
-0.0472733662563055
-0.4437987836670399
-0.0596509339323816
0.2624620396585851
