-0.4223583365487136
0.4215221405976541
-0.1735246378706101
-0.2890363680559675
-0.1643332337922921
-0.1123497693337416
-0.2413026378597514
0.1979631594648222
-0.1699112387509286
0.6036270467196141
0.2918393284975086
0.0917354240772025
0.0617223538564110
0.2186098008076628
0.3921057314865433
0.1713825513226688
-0.0973394430889238
0.6174328709430364
-0.1238193148851447
0.5154280752285850
0.6398063448737865
0.0239176281587726
0.2334173644631493
0.1872109130937134
-0.2491854458493643
0.2580908585378158
0.0285844721728703
-0.1329562001246125
0.4694698359857505
0.3646142733393762
0.4459149821644839
0.5143144691333796
0.0976117195790972
0.5413084459238282
0.1705054716597844
-0.2394598726345999
0.3158327971852258
-0.1015814067554949
-0.1892931419854824
-0.0422302740522717
-0.1293935620883220
0.4039847525077834
0.5559701835517900
0.1780391132277117
-0.2221301692112793
-0.3777013327552374
-0.1058947157665452
-0.0500422806726429
0.5031827456245530
-0.1426252080749572
0.0297207573175115
0.0980317863675213
0.7570333029256212
-0.4255683073866209
0.0728019237422555
0.2473757234735100
-0.2888677534328615
0.0179426319237761
-0.0481772691728429
0.2876042498163206
0.5243434924636021
0.0566025418991801
-0.3090411200996869
-0.4252808556393157
0.0607064463798258
-0.1517961762266016
0.5421250975091908
-0.3377802659688453
0.1032044263576403
-0.0107795769684678
-0.1980618894890120
0.0148435862932554
-0.1960301583737450
-0.1802844788760530
0.0431615843265091
0.4564274513400403
0.5445794336430713
0.1796928593265438
0.3734774742505806
0.4594455265333009
-0.4146579879762430
0.2045763615676041
-0.2595636358053919
-0.0976849466895398
0.4287120456687793
-0.4111111800963720
0.1326009222814373
-0.3428575912271561
0.4403402569629520
0.1656844609403296
0.4196183671576396
-0.0003150398740607
-0.1277935331090974
-0.3727470650372205
0.0139764762615248
0.4435038596271381
-0.4791532696911306
-0.4072813985749223
0.0328190986868930
-0.2742529179118117
-0.2240739691200780
-0.0112204243865297
-0.1433968157642268
0.2023141039765123
-0.8818941916874241
0.0923023809854297
0.0470741646839142
0.1711547401612988
0.2434674467875301
0.1054888639952987
-0.3366888877057359
0.0321417043016968
-0.2272428905122404
0.1175792939549735
-0.0866580807994539
0.7193155999418696
0.0920864202916803
0.0681443668439664
0.0059731892788139
-0.5310927266234311
-0.1519719196725734
-0.7466533784808117
0.4305963376266231
0.0331400917074218
0.1216520911092984
-0.1517292860909011
0.0515960059487241
-0.0588848048847051
-0.4254116086562723
0.0893094843439275
0.1400575488397777
-0.0605709270264024
-0.5673153130676922
-0.1964846050298530
0.3006169623735581
-0.3183669402878774
-0.5799898298580313
0.2743507901702834
0.1133068686228099
0.0062537460326693
0.0387177092521779
0.0263655854306063
-0.1488338096622518
-0.0234216213425400
-0.4920836508096709
-0.3403586219767498
0.2821897369337307
-0.1689315128407064
-0.7035778126334208
0.1180032483060510
0.2166995294140181
0.1603410438146494
-0.4079605468271250
0.4999367550143113
-0.2231611334112080
0.1673796490093154
-0.4814014552198368
-0.1758149287458710
-0.2709105289938203
0.3116021397442340
-0.2429546047969079
-0.1825787864526752
-0.0625100078807907
0.6524287665472132
0.5010948873946098
0.3045122385929500
0.1792233234259953
-0.2478225458788014
-0.0265476307068209
0.2000041749917003
-0.3490848799515674
0.6189738839380146
0.1612254510260612
0.0905986468862685
0.1713393637894284
0.1956839392367117
-0.2414465655255649
-0.5160768599021571
-0.2386173321575881
-0.1076565581847208
-0.0915641974635106
-0.1938845321537185
-0.0202567617705640
-0.1940107977984378
-0.0903723032304835
0.1558594254172777
0.0045940440915996
-0.7296346792611570
-0.0731023705096204
0.5880332636817600
