-0.3007066883661534
-0.0556681953061839
0.2093120760432252
-0.5183859119933584
0.0219632607146883
0.4090682002389169
0.2485540151078013
0.4065202064289201
0.2956876437235504
-0.3341450345173016
-0.0153884164560365
-0.4485187052708661
-0.1845854668242516
-0.2380429698383473
-0.4124439856702905
0.0799977359538270
0.4752523597914619
0.3393341636250494
-0.4115232516520010
0.1448598349954206
0.0591818628879999
0.4117154075769682
0.5321566563970096
0.0993880627327730
0.2129236522467188
-0.3676320399754827
0.4304114799611835
0.3123051263674189
0.2092509557438516
-0.1638747731877638
-0.3617052200586921
0.0023366757921246
-0.0147410282311254
0.5396557369080240
-0.0415271985488161
0.1581202759946173
0.0777458191796337
0.3053268163279502
0.6717157120531261
0.0228222818675795
0.1219398723294013
-0.3409444425868752
0.4098913150030185
-0.1151448691409584
0.3045603504385476
0.5398064104208532
-0.1527858490822725
-0.4373784669906661
-0.0468847170667521
-0.2943276066715434
0.2317831455889379
0.1266366965459419
0.1606421344334606
0.0862146116032106
0.6677355678995955
0.1281313618677166
0.3204031357889521
-0.2526739232621515
-0.0248299442916092
0.5172945237615810
-0.3419629553604902
-0.0425279706904441
-0.3330323754765532
-0.5484597373855508
0.5725427217106981
-0.0399984312422998
-0.0496050226555566
-0.3427664345026030
0.1245226260639740
-0.0683640858901547
0.4103256178318567
-0.4149826932188557
0.0686048416772032
-0.0631075563849436
0.0025883927556988
0.4983033586833311
-0.0618590863013716
0.3226949343332930
0.3369787998702816
0.4253314565003711
0.5970648668831627
-0.1504520752208248
0.0771634440428914
-0.1381965819846656
-0.5007083920690721
-0.0591427679555748
-0.1868390768214892
-0.4478866449730901
0.3125575511856198
-0.0917330603489433
0.3362051102323385
0.5865186142594601
0.1472462242200681
-0.0946714347171024
-0.1739388974746129
0.3271984342100105
-0.0408233002048607
-0.0004020217068940
-0.1378412284863146
-0.5952625007057902
0.1583140850773526
-0.1798782327493128
-0.0630285297964053
-0.2990352785210033
0.1423958214273013
-0.4602374278592039
-0.2505426267856291
0.3378373488465024
0.6544954839729942
-0.1087230328170744
0.6202104900449638
-0.2268506847480828
-0.1351702165365805
-0.1986375318679396
0.2786227650116571
0.0284732809210851
0.5239770543992444
0.0516675278131474
0.0970427444560381
-0.3755924709501460
0.1742139592157439
-0.3008439201634746
0.0121368512989295
0.1948628435464909
0.1669629491641547
-0.5658333279072117
-0.0721568606788964
0.4507355723048862
-0.4375587204167568
-0.3052094646298388
0.0659562186826057
0.4915058914128216
0.2900523024259061
-0.3644163430446121
-0.1270801196098660
0.2321383551726998
0.0648113603817301
0.3850891112722206
-0.2624315406880753
0.4957218013743009
0.5354341647505740
0.4193485522116187
-0.5704696520440468
-0.2424620085380512
0.1621603437571011
0.0908789366360714
-0.2223945724406954
0.0021162926872345
0.1415238140629676
0.2217787744218129
-0.2222781614336770
0.1892772468622289
-0.7353857342230186
0.0518630948591347
-0.0975964809918494
0.3085295532009880
0.3833281593632621
0.0053262400551130
0.0415483178051885
-0.3433277100031943
-0.0414287581255149
0.0550147149347689
0.0301257582562282
-0.3127383530731658
0.2895324011442820
0.1911967528227451
-0.7484213242399300
0.3785945226155351
-0.2109412674248540
-0.1679121237752669
0.3213151320903282
0.0029326588570839
-0.2268724746756763
0.6266736946078505
0.4063087687936025
0.4152487841406154
-0.1452426858763549
0.1906813172963719
-0.1377651368854062
-0.1964803865187043
