-0.3579282310423176
-0.2556523190207712
-0.7874678203264731
-0.3620002232638220
-0.2353285862563997
-0.7995242211114542
-0.4359402275031245
0.3795164441569973
-0.1479977797449683
0.0691452363191796
0.6562942722240372
0.2364339064818078
-0.1290496289498839
-0.3679106425266383
-0.6011362478633332
0.4953166409864116
-0.3609527216092755
0.6428606316352153
-0.0919651030494608
0.4501635103375986
-0.1563151794713790
0.0775928337332390
-0.2864039499172359
0.9336773285062379
0.1255561250012798
0.0607540498053280
-0.5116782121518685
-0.2035593099547569
-0.4516075655835822
-0.6993629720536633
-0.6197147114263344
0.6511621476784111
-0.0275389839056394
-0.3208930831549467
-0.2970029754419502
-0.0546228729388249
-0.1417600629487069
0.4273657091504943
0.7890580522604930
0.4143264016567855
-0.6519540515032521
0.4461798241763862
-0.3851275371571191
0.4150611591004587
0.2351180417490322
-0.1762034685625133
0.0330841714993392
-0.4545983836658531
0.4378693535207792
0.7546313762880726
0.2748979400830603
-0.2090336953712010
0.1689473839809730
-0.6798106757050599
0.6245400414552823
-0.4277312652741160
-0.8625310504951459
-0.0424730263635798
0.2111538382379156
-0.1633898719861757
0.4277198740198737
0.6771813509992779
0.1404394800373568
0.5768301398723669
0.0776200322653820
0.0945442903238361
0.6289264008307551
0.2110063582143454
-0.6299618476266169
-0.3926032944757509
0.6346635061619477
-0.1417260222254773
0.3077161544652623
0.2102660229261525
-0.6619780483175380
-0.5775258370901500
-0.4971035943219272
-0.5543007112363640
0.0830904781803979
0.3243433642980175
-0.2357620430456936
0.8604681839359477
-0.0816107279686163
0.3687762544603945
-0.2476984592594140
0.0093569374216823
0.0316008276443061
-0.9405742957056918
-0.0377930223453845
0.3358653258882565
-0.5337817765059703
-0.0607119883529554
0.0622460976516122
-0.6229480475643828
-0.5652010464456259
0.2052577003921291
-0.7447537587210086
-0.6188857190593539
-0.0973747449010550
-0.1034878790028369
-0.1386676800611881
-0.7449685592534951
0.4843181683943889
0.2130375390829439
0.3818953245783553
0.8301544160373904
-0.3540805354558008
-0.3300285039511044
0.0300447968889044
-0.2750438450586620
-0.4459891996547577
0.3030338526345785
0.6662857100335029
-0.4822167591499149
-0.1810924287452610
0.3882218058824256
0.5336813191354898
-0.0638065103372772
0.3416919150801767
-0.6660656450010106
0.6095714270420147
0.0109494876847321
-0.1176465635776099
0.7467785855054961
-0.2382935466230540
0.9290931037864018
0.0173287986058411
0.2953350394002472
0.2044502910546152
0.0863887158462630
0.7635001565162722
0.2176822835634455
0.1467780703538177
-0.5744190724651600
0.1348364256189950
-0.5286772703025481
0.3681422109413356
0.3466464646464313
0.6817630259753266
0.0026573200350172
0.2267631399758825
-0.2893264949347119
-0.3686607471368326
0.2951228678353331
-0.8011619087788894
0.1413221822645375
0.2277650678651253
0.5061154404943814
0.7046732969509447
-0.4188482065353123
0.2409058817433220
0.3051910087198061
0.7530325248432685
-0.4629029505338682
0.2597800593834548
-0.0932320149933995
0.2483457091921549
-0.2029950390530574
-0.1933073260695846
-0.9225277729769393
0.2347344782796647
0.6544930032109220
-0.4839094383621597
0.2642939005723125
0.4609978557857004
0.4579206991425049
0.3671656038099531
-0.5964309247065337
-0.5144174496602383
0.1874643758543942
-0.1650952158371697
-0.4031742565206186
0.6891612074418433
-0.5262523152097381
0.2414734343161088
-0.3545095378181157
-0.0346476035280168
0.8241420425915328
0.1461043777869995
0.4154105626850157
-0.1480439695497633
0.5397042998030805
0.4800033103567575
0.0436730328561962
-0.6741600255886664
0.7954841780085715
-0.1022689912604169
-0.3210998313256250
-0.1035300718596386
0.4928715841961244
0.1549965148693495
0.2128219613751478
-0.3509288183119537
-0.2829903023390989
0.8529058250445896
0.3341778933998231
-0.8267107800497987
0.0832394623934359
0.1320208565797748
-0.4248718713220545
0.3558150908651394
-0.4591012087545938
0.6345278600365237
0.4978070547687476
-0.1103822100369371
0.0109621545346835
0.4930891749133836
-0.0054065418433139
-0.7894426926818670
0.3653681718865181
0.5572943723938112
0.3344804305629573
0.2948391924299457
-0.0489040020171382
0.6987303294280077
