-0.2337856340552278
-0.0716953390651795
0.6881398175107930
-0.6831307687565659
-0.1643104595754574
-0.4099064999277688
0.8909643784944048
0.1056466300699998
-0.1325696082682591
0.5079993076537968
0.1254267443296034
0.8418017190489335
-0.8281399657642348
-0.3064740439271679
0.3528153473192189
0.3094821290461849
-0.2629263056542167
0.6979575340905507
0.2585917547284051
-0.6138854476103400
0.4617847234407483
0.7427780125157851
0.4607512145211747
-0.1508111787538119
-0.5501028258172360
-0.1177562861961521
-0.3322165486849541
0.7570683607634379
0.8548452986755833
-0.1312019330250533
0.0540828782500703
0.4990998000229315
-0.6662632042233219
0.3312601903141546
-0.6632423405569124
0.0804339897287880
-0.1592749411796043
0.9456752846060141
-0.2814714812396890
0.0332197899798173
-0.5713202925170223
-0.6689835880121535
0.1867700682972473
-0.4372310875462666
0.3936502023524676
0.2434337200418512
0.7085617012214789
0.5326536000972592
0.2670408155508602
-0.4616409366470030
-0.8459085439451889
-0.0039476223400604
-0.1242426992578821
-0.3299825805143782
0.4086902157142249
0.8418120668044903
0.7780864877554452
-0.5548371353967985
-0.1700820718539583
-0.2404355622426420
