-0.4205065492639975
-0.0002263335244501
-0.3096013992958416
-0.1679605704583758
-0.2488393427588714
-0.6885171663115932
0.4038978884745026
0.5484797648503484
-0.0893717700023100
-0.0316433091753478
-0.1564345548008557
-0.2266189772059404
-0.6777819944914567
0.3936559061393195
-0.6180264309784886
0.3430972998280479
-0.4228097035209749
-0.2944202142951124
-0.0058677400458590
-0.2930531514633438
-0.3859555486448875
0.4806970611784647
0.0553594038832623
0.0012910231652779
0.5464479455956162
-0.6493263453481661
-0.1904413079738841
0.0967783717758513
0.4728187727824245
-0.3480864801812929
0.5917081217742092
0.0243601531186171
0.2426309314306155
-0.4790540002406615
-0.1272941002267109
-0.0269013809864764
-0.5782345744910719
0.6539135542212138
-0.1796580822829603
-0.3505620699128227
-0.0764419920934419
0.2762317625175679
-0.1333423893312061
0.0136936091302117
-0.1950087981097225
0.2916493940164656
0.2457070759346520
-0.2548116272744231
-0.8565299523936496
0.2282766140171559
0.1735378425779369
-0.1639049997415226
0.3217027024001206
-0.0443750223465406
0.8015917769616159
0.3780190570774331
0.6924239472557098
-0.6533974049530443
-0.1931110661273968
0.0416201100932788
-0.1288359349131696
-0.1196664148017934
-0.1538767106678191
-0.0293081303583500
0.4894677461171217
-0.2341399214358747
-0.3690569252952531
0.4127860580180341
0.4057615286249012
0.4832215788656950
-0.0094560246230452
-0.0947002345078086
0.0969248030788497
-0.3664758181359203
-0.8290077360275351
-0.3947302918401874
-0.0646349500076370
0.3017907476594708
-0.3686411332792177
0.0872522113759166
0.7804261414107178
0.3094680939439651
0.0034634291504885
-0.2461008987869633
0.6242368920561491
0.0314294766289255
0.1160793575226608
-0.5537510994021915
-0.1722115547708910
-0.2839713607822801
-0.4230002835953597
0.5111650819709997
0.2311728035865292
0.4227988922859282
-0.1890968851957641
0.6298036250936477
0.0814706028830807
0.2597360068056503
0.2189324397783526
-0.4876709618107691
-0.1296656518063137
-0.7640213829767269
-0.1961651684067178
-0.0769114923421873
0.2632633927550366
0.5143039655025928
0.3336284407324206
0.6638076840938538
-0.1425558665681690
-0.3258731366611612
-0.1144792723992714
0.2095754590625150
-0.0586249530897295
0.4781546803090398
0.3800327013698399
0.4897578864692650
-0.2122756990635035
0.1224957749776969
0.5688386307242169
0.6922967045145102
0.1826116581992841
-0.4212473505723421
0.1161416740071507
-0.2753648410737015
0.3517545189545115
-0.3112603397450293
0.1485608410390977
0.4775738409798866
-0.0125929611511000
-0.0938327667271354
-0.7551305715704965
0.3611936397542200
0.2005161006502114
0.0014788848736467
-0.0867846933170375
-0.3935608454323948
-0.5222056856205406
-0.5391696308262227
0.3845409129826737
-0.3553895161519044
-0.6390960191046205
0.0099424468777712
0.2270441474066260
-0.0279941668294170
-0.5997813373200440
0.0504607086017647
0.4205244013807304
-0.4340311183486918
-0.1370212882154190
-0.1901570854930096
0.6586673574277248
0.0492708670994012
-0.5634230738340904
-0.0544662418693597
0.1310352051534671
0.4885606221466523
-0.1134103356169101
0.2101286041078533
0.2808768149332506
-0.7593265903465056
-0.1779148758106315
-0.1816919125175761
0.1325913283147878
0.5269940310175266
0.2598418905849867
-0.3444903988886266
-0.6774927653357736
0.1627789597638009
0.0359756557146880
-0.5186706313264537
-0.2570058445937536
0.2650360078030553
-0.1650525874786035
0.4378585109584203
-0.6119052267759113
-0.0425541678451356
0.0365300835704236
0.6419547968948915
-0.7253469865631850
0.1660356879717881
-0.1760480352604167
0.0077280800573973
-0.3155250997508149
0.2528155128473635
0.5838738992287672
-0.3206584465977656
-0.3545325655543665
0.4655960414893848
-0.2243315502258211
0.2934419180673157
0.0028272635064959
-0.5375496720106803
0.0590871303610539
-0.3901339189353492
-0.5378457517107652
-0.4242055882608973
-0.0294499968825920
-0.2914280899099574
0.5293589383437423
-0.2218020335013604
0.0840893416886261
0.0677141946138738
-0.7570529102298363
-0.5383944561479527
-0.3360595380950390
-0.3380384451369171
-0.3566245004601080
0.0568169180955947
0.1725982957425371
0.5680898149504034
0.0434065807329057
0.4111694597776923
-0.0913883466922170
-0.5094140166891692
0.2152996725416361
0.2509508643458175
-0.6722133504120696
0.6025259447327073
0.4260936437040643
-0.1455108481964690
0.5726681270171916
0.2458930217494210
-0.0025700474657726
0.2140432638175772
0.0826131056995252
-0.6596054590029798
-0.3197995301976044
0.2889924424881738
0.2882367224289256
0.3761865556273866
0.3843313792795124
0.2039211821394978
0.1404096866045458
-0.2110062295516372
-0.6288655910749040
0.5259493192688107
-0.4705401929708170
0.0259798228346086
-0.1211158774515616
0.4119314858996701
-0.0694176306021154
0.2118665316728407
-0.4745509083693902
0.2866404333563917
-0.6771822928895767
-0.2352465592585242
-0.8549358827473690
-0.2589324859525091
-0.0262546274287580
-0.0886024072842359
-0.3633852567499560
0.0781608828330418
-0.4361109856890131
0.2536590054488973
-0.3625791289023962
0.0490129105078824
0.6312779903452661
-0.3287693877685439
0.3240327384322433
-0.1824705182261212
0.3989116698752515
0.4889329261882754
-0.0271721610280167
0.6217660766596163
-0.1765819116660961
-0.3873061209912936
-0.0293084956916379
0.0226963419266114
0.9012544099939077
0.3963310984469856
0.0229069206309876
0.1150084367341623
-0.1246449737492554
0.2631943161203026
-0.6253121367925020
0.2536860830892519
-0.3762808049086218
0.4732567231200328
0.3284360478614376
-0.0439027007479353
-0.4593469109846151
-0.6885133941237220
0.3602534934754202
0.3047407516792469
0.1592551753257734
0.2347004021474688
-0.1088748205492023
0.7265147628237684
-0.0530044364103352
-0.3784658211644486
-0.2209354112540238
0.1773167128932947
0.1579984459666316
0.4700141165806915
