-0.0347914907835524
-0.1846578701866262
-0.3321504671189627
-0.8143968910288625
0.4310743712642779
-0.0727989056338262
0.0655531554643401
-0.5205386567151880
0.7737298817421624
-0.3047772052333758
0.0318041884132720
-0.1793981871217793
-0.3687685853202054
0.8361293497736291
-0.1589255404875799
0.3265851148568658
0.1809077155216346
-0.0159585314946074
0.1788829943747919
0.3748567752770657
0.4278401682477140
0.1025635795888969
-0.7914580358556759
0.0866657510643243
-0.3140450138658344
-0.5819077123765901
0.5158952623048475
-0.0251525609634411
0.5136034476796739
0.1794159108958761
0.3787162280458857
-0.0855562994156349
0.4218717416683668
0.4495587986778121
-0.4766774799221453
-0.4918880345090060
-0.0772924141993700
0.7508715430948577
-0.4347639784227029
-0.3195024289047980
0.2959470567129143
0.2270057908744657
0.2827357727189733
0.5964836585469193
0.2069415864310150
0.1492498877079870
-0.2711838077614721
-0.6524007366213226
0.0385353216001051
-0.2492903334893977
-0.6510635958707518
-0.3027884505984172
0.2862235523288950
-0.5821346794567439
-0.7540485292052671
-0.1542573401380191
-0.3630467681014007
-0.3157150338782441
-0.1726948317766211
0.3825088825752268
0.5301994701852472
-0.3830870249115053
-0.5061037079147387
-0.0203309527972756
-0.4884822672464520
-0.2774231730386070
-0.1957510748948203
-0.2957153341064145
-0.1264967033903377
0.2021634464908978
0.4319503694530262
-0.7942174520341059
0.3177511410112636
0.6979727290174061
0.4893274113265210
-0.4139178551813899
0.0302018934374914
0.0136682571437838
0.0352315257708167
0.1908502188235023
0.6190535798663229
-0.5657678689762244
-0.4089062299322288
0.3030016705866236
0.5847601483855543
-0.0818073980159272
-0.7490351199494826
0.1431376156079422
0.1930682438354408
-0.1804045004776881
-0.1347207526656345
0.0886279536263358
-0.5259933014356269
-0.1645978362957964
-0.1597731533619229
0.8029362012224835
-0.0724677530519607
-0.0686701339950974
0.6085418200185195
0.4513017345002076
0.4324958601612493
0.4785224823701898
0.2912088852564150
-0.3247505952903841
0.4008820797207074
-0.7103613216936924
0.0902508111409951
0.3691470952006002
-0.8269836941704023
0.2957155894322989
-0.2125917953973652
0.1108388249891554
0.3068835349719871
0.2774747540062484
0.5515565961309482
-0.4370727836279815
-0.1555748406023330
0.5853147043439112
0.3474523922301093
-0.1312733943343531
0.0525435325169100
-0.3813194704399004
-0.3349895710561605
-0.7067484463000706
-0.1098771994579860
0.4775460822050519
-0.0160090556863306
-0.4970809981356560
-0.0511537242008374
0.0870384344750473
-0.8344532635520910
-0.2148244627603526
0.0698187927807466
-0.7253916883902500
-0.4431461054322338
-0.0889704336151357
-0.4306519396268310
0.2813839595058829
0.6222150678531285
-0.3217195112307833
-0.3833873265273540
-0.5758406341263892
0.0633866442996863
-0.1635506670775263
-0.3598737722894302
0.2092984672436044
0.3802030866023040
-0.3654951514571620
0.3218604517165748
-0.6670455580002336
0.6530265065102288
0.1052644747306083
0.5957757470875290
-0.1154111022293104
-0.1822029770363987
0.4012597462720640
0.3723825596213879
-0.5293211058859205
-0.0404114397594290
0.2078064144693225
-0.1150682927549943
-0.7232517499446197
0.6079672239004684
-0.0759870791868888
-0.0427136928948751
0.0093521879603738
-0.7413536510148628
0.2703417459549529
0.1514626335210309
0.4982572641965302
-0.6828654936302906
-0.0581519665202775
0.1937111512969857
-0.4707311606260454
-0.6180347810131386
-0.0508964062832472
0.0646664171615573
-0.3257610682748011
-0.3757513890798600
-0.6032838799255258
0.3021031688539663
-0.6355713720091815
0.0093905272915859
-0.4031609196454987
0.5764101213155937
0.0995347645975165
0.5400163082464966
0.3634006518242219
0.1269136734129705
0.4548013310734166
-0.3211609058340504
0.5002266430330177
-0.2191995110505819
-0.1980508451317314
-0.1360710291352558
-0.3291627570500996
-0.7144202590733479
0.5248501547342943
0.2213320684151576
-0.3330568724388610
0.1922710104756032
-0.6036635016110473
0.1697847678155248
-0.6402191837047061
-0.3268581549617826
-0.6792269188164026
0.1353907250505796
-0.6181036744393879
0.1351694120032246
0.1147212646533478
0.4342951522843038
0.1401497986852733
0.7701215752095187
-0.1728912052886652
-0.2089976433454351
-0.3536765898918495
0.2243982845478399
0.0393211127078162
-0.4414328207081173
0.8515806441833598
-0.0421952701446103
0.1620687829866026
0.4000161839824907
0.3375824844526542
-0.3819613485653507
0.4984666995408548
0.5758300709964695
0.0090180779574447
0.0665375780695932
-0.3517048217334036
-0.3918296910823209
0.5264372627890395
0.4948819732854019
0.4430593674946636
-0.2586996221031057
0.3154152870187830
0.0593041659385892
0.6268440583821862
0.6602189892948825
0.0353288944957484
-0.2980705085001366
-0.0083109028763027
0.6542977569518389
0.3524127859020827
0.5286791677416345
-0.2815722145958102
-0.0197367649957128
-0.3705433038717476
0.0849688388886070
0.8127386552870128
0.0005156498535047
-0.4410714554227267
-0.5062929628274510
-0.2930724807766976
-0.5429025280971623
-0.1272318367556206
-0.5452786220182453
-0.2225221019902927
0.3493671574988508
0.1558548113968158
-0.5601747210407262
-0.2416164476059824
0.6699421443688128
0.1807073998965261
0.3119682504511772
-0.5825179374379229
-0.2149933220347488
0.6014576978888854
-0.3938790574071263
0.0153121043700315
0.7881714743865589
-0.5050023625901455
-0.1723815167068379
0.0489425736506010
0.0058292029127751
0.3026773832274167
0.6925431974381507
0.1874556126954329
-0.2880740971313649
-0.1500075932403266
-0.1046489211390854
-0.6072923124721256
-0.5665746790322951
0.3036502237919007
0.1445683372868616
0.0845490207743978
-0.5381197887004460
0.5188142505943441
-0.0602149138228174
-0.1873668262664913
-0.6068794586842583
0.2701770110498766
-0.2629630989200470
-0.6714312701250630
0.6589237355146371
-0.2001803595271001
0.4958850167278366
-0.3375246539604069
0.3777648795403828
-0.1523685937935325
0.3380357447356670
0.5967287762787661
0.6203239353500810
0.3639055535144554
-0.1105541754139419
-0.0139764263500692
-0.3148994360789322
0.5116246787948456
-0.5558312059400434
-0.3166704554169793
-0.4285529292411540
0.2149242034143857
-0.0222183447621776
-0.6535336131477127
-0.2758634027925470
-0.3950143335473345
-0.2893640002278101
-0.5064895816363422
-0.0061651290555363
-0.0719178388711691
0.0958755516770981
0.1871441486036260
0.1107788180906447
0.9686603198915010
-0.4235669079656915
-0.3752615596975096
-0.2886052244299633
0.3245155678425504
-0.3226158075542200
0.6221619947131714
0.4458670905978755
0.5833268346689037
0.0243263169058604
-0.2348596136395009
0.2421267602385959
0.5886902119453022
0.0665063211071792
-0.1104309994977690
0.8952307399155189
0.4102321982220857
-0.1022336540077533
-0.0565831197719225
0.1876082355794490
0.0996305166981466
-0.2784143738345659
0.5814083267974636
-0.6707095649374322
-0.2991243613608683
-0.0036726568072773
0.2545882852474414
-0.3676787797533053
0.2389544737738677
-0.7752682525651006
0.3766211990235988
0.7633139471459593
0.5139487780346987
0.1178952423025960
-0.0630533832479540
-0.3633860376564995
-0.0573065614812453
0.6308041196513919
0.3728421272169296
-0.5464382290513545
0.0837863090604968
-0.0851968405958824
0.3875584154690818
0.2946125025605957
-0.3525096954937555
0.5869564146748891
-0.1524238009331698
-0.6468082188206629
0.0531852250630712
-0.0319491633793323
0.1869653486549550
0.8359673348299246
-0.3217861541226144
0.3928492544711439
-0.0854690513313922
-0.0824361511736585
0.8830791264594852
-0.0680346975678401
-0.3056624223586151
-0.2158700377825619
-0.2621400916756116
-0.0147990887872102
-0.2622434078836108
0.2365236708453592
0.3519240075787780
-0.7353407175203970
0.4587913002322238
-0.3950210085705889
-0.1372146714165598
0.2517018536980257
-0.5724653905883658
-0.0876715421983208
0.6529730399089811
0.4845322875885369
0.4537357845384162
-0.4756848156938822
-0.5744396048898585
-0.0361206406291371
-0.0423166147787011
-0.4643256273633258
0.4450277452797118
-0.4592844397552988
-0.0114951520975825
-0.3474578403255810
-0.5045302089846632
-0.3046851292022177
0.4918643048203273
-0.1275967947421472
0.1909636225731787
0.3070252333877027
-0.7198777233496877
-0.0217958833800543
0.3448855600050778
-0.1365699567512922
-0.7708499453453409
0.0595422609693893
-0.5139772541663254
0.4824444096372007
0.7955628617219974
-0.1052181607325039
-0.0207784812334106
0.3182101793535462
-0.1468563917029313
0.3167816838989641
-0.7795129038792852
-0.4784847742238660
-0.0030852334441403
0.1786446065631807
-0.1764593555134974
0.0303242990162665
-0.3501302665730968
0.4054890451115878
-0.2086122201969393
-0.4739751599177836
-0.6662554742578346
-0.6987507378323751
-0.0187775979652191
0.1013489904017882
0.5075208862299535
0.1685121094089763
-0.4638420090513644
-0.2280101088618368
-0.4723485805513126
0.0503588426010004
0.5295617433332918
0.6512916628023101
-0.1332130835986770
-0.5697663605659279
-0.1398198415952376
-0.2095030421557093
0.7264668409648631
0.1802597674595669
0.2273269161476445
-0.6314690648524699
0.3518892443924748
-0.4298726505521533
-0.4842703086773155
0.1776499658895341
-0.1629510413453433
-0.3875920005007222
-0.1385014212747095
-0.2675088703682101
-0.8131171573050681
-0.2905687666798870
-0.1159270548806995
0.4148569853737220
0.3001666364980042
0.0804444099591840
-0.6665022663907011
0.5340708846262359
0.0431901379603033
-0.3822815080712264
-0.1189849376517765
0.0077084545337900
0.1296667583649190
0.7781053537888334
0.4662430729863776
0.9151021109468821
0.1421919849831820
-0.1331689433714662
-0.1283504818274690
0.3284375103837153
0.0170456462486389
-0.3041475978608901
0.1446359381790398
0.1076931331952995
0.3859818879211204
-0.4567788854704543
-0.7192690075001953
-0.0824217233409521
-0.8396575816077864
0.1648248983276384
-0.1016996915427515
0.2829535113832867
-0.4130484731812145
-0.3400026626911973
0.1835532791841953
-0.0279663204115818
-0.1847388446417623
-0.8938515171123463
-0.1297123456832279
0.8193126396225325
0.0171165065065424
-0.2183058558046331
0.4628078696162969
-0.2469399703756179
-0.0748725846574723
0.2844943824903181
-0.3695333013768075
-0.7230595262993442
-0.1006956649090151
0.1755560157345334
0.4676895074092701
