0.7829695493121590
0.2331496540215530
-0.5759635497376077
-0.0275622810076759
0.0103069742821534
-0.0951868029959981
-0.5652303317039139
-0.1279452078574774
0.1333730889769540
-0.7983080781129157
-0.4110286991932254
-0.6281904707971780
-0.4395789646056514
0.3923837650378206
0.2987263892763961
0.7130705009332196
-0.4266499210412926
-0.2572774637534979
0.4928456135824232
-0.0202931858375815
0.3240219677519148
0.4742738408586568
0.1572541212330845
-0.7692529508744921
0.2315062142091468
-0.3258803565816989
0.4173881436403502
0.4984740281858883
-0.4213871165280585
0.5417985529612920
0.3971492163553678
-0.5549975713023891
0.6632633150389302
-0.0092623769568473
-0.3069954056552720
0.7584254506933438
-0.2197916966555574
-0.3508079100507855
-0.3171078028917598
0.3909717348003953
0.8225349722617082
-0.0659817393368321
-0.2392645531778397
0.1444810016072674
-0.4908771162395808
0.2422338234606014
0.1396141017787597
-0.9196506903123147
-0.1018328163823618
0.2563266717918518
-0.5500873420000599
0.0647651850471055
0.6033671570356701
-0.3710536050565531
-0.4375804874104327
0.8318287767705878
0.3635180703436834
0.0066103723634133
-0.4181928846524642
-0.0314088024798840
0.3038843876749187
-0.2131303717329874
-0.6891713947438064
-0.6188810028814883
0.0652596085774228
0.0873304157375589
-0.7390071745786531
0.2885461775684779
0.4431830374303046
-0.4081319555646815
-0.4930673005646673
-0.2125408577986346
0.5214049482340209
0.5179649870520886
0.4141982291431244
-0.3916266690545174
-0.0915049514911987
-0.0903347887307047
0.8112737219681849
0.4146443897205456
0.2428456519289425
0.1431666539823132
-0.1293209234031855
-0.5976873851091568
0.7393072344960799
0.3362061271413908
0.5057453746381811
0.6317931223684733
-0.2851876546266869
0.3881913294769703
0.0156023166520722
0.0500363085930801
0.0759417548006402
-0.0689578499990093
-0.9933431432988201
-0.1047625851428172
-0.3952644951166811
0.5299393540379823
-0.0092141525870808
-0.7428796403780745
-0.4567124965901414
0.1669308429671060
0.0670407366912596
0.8450873750370657
-0.2118505541686088
0.3665848724760576
-0.4665189125788908
0.0655614954143570
-0.3530815962362773
0.7204239808586314
0.8318194846661316
-0.0680017326974316
0.4505609140531054
-0.1894635852682290
-0.2540679473386143
-0.1504943638806477
-0.7404589734238233
-0.1989678909669146
-0.1041873725730635
0.6153281440636343
0.1433616898550399
0.1262334632298036
0.6798567009602683
-0.3461323106785005
-0.6176567236796662
0.2424202353951121
0.7517333021115608
-0.2074775703066434
-0.5281976544458565
-0.2325720697439285
-0.4536725405144876
0.5555839830713373
-0.3533071571548315
0.5930662417967677
0.0946263667375417
-0.4635485865026225
-0.4047902301183713
0.4895066154305628
0.5639054062639841
-0.2523123932511105
-0.5832254824168772
0.0063024544297603
-0.0935315518967741
-0.7487138851911646
-0.3008117063039513
-0.6062727392867613
-0.5360717288596029
0.2902897606335962
-0.4403654118334434
-0.2585935537619887
0.5115076462743404
0.2643744237414218
0.5390114052751006
0.2098867380368409
-0.5778238088326678
0.0826390478823160
0.3995763328780549
-0.7256046668576586
0.4935416701278273
0.2518412778927465
-0.6575193458608209
0.0515713081394806
-0.5828463019625388
-0.2627648021813964
-0.3952892068077568
0.7165964604222389
-0.2734934837780051
0.3964353328200893
0.4618170166950026
-0.2031130158902705
0.1504962213109587
-0.2861394948881652
-0.3958210169969930
0.8422582275600988
0.1714697566542154
-0.2292152626299205
-0.0137701125479657
-0.5284988847620755
0.0837257497635306
-0.8129881149252369
-0.3175382643377682
0.1714304472374598
0.0312737720061249
-0.8482383147696451
0.3863868074644681
-0.3512525376073875
0.2460471966506103
0.3981975006060957
0.1995240920165109
0.7859461298720111
-0.1416722929669056
0.8215398032119542
0.2956205892514847
-0.4645511867573120
0.0424496788791236
-0.0227634265534721
0.5938191231706622
-0.4163465298802923
-0.1221637551880900
-0.6771944029179169
0.1429300305480196
-0.3621561933608715
0.8038540859400995
0.4168591495386769
0.1687037520068938
0.2876742395961500
0.2685857330388106
-0.8257466017503149
0.0710795706039111
-0.3977379542127611
-0.7848662156923000
0.2729045720957836
0.1512111713706212
0.4703070322938592
0.2558409564978464
0.7678569069929898
-0.5526713682722972
0.1976862551859731
-0.0924087134298395
0.2394387254977230
0.3702331661700481
-0.7278929378243684
-0.2545392275348396
-0.4902908422170488
0.1671045942431748
0.1409116106423755
-0.2982777056778329
-0.8717471163505341
0.3622583927849754
0.0003876507637213
0.3644044182138748
-0.4139299908006116
0.7277295458684666
-0.2306908076233629
0.3362481851998149
0.6212464217153021
0.6984410681047741
-0.1946902491414381
0.0506361735646935
-0.2928560101936896
0.0051965018225728
0.8239346914064717
-0.2204940571745450
0.3109569094467699
0.4192765100548230
0.3555983351154703
0.3083740605866567
-0.2071406575776105
0.3585118127875006
-0.7791131438312012
0.1719196138532280
-0.9595467071200080
0.1498280721414780
-0.0119204228318447
0.1646912734348265
-0.1332486641856518
-0.3422593021844185
0.1443564864349675
-0.9184853775660685
-0.0254790027756600
-0.1809543987658778
0.4526126395042658
0.2775137074181306
0.7142160780895391
0.4186631583047437
-0.4591984866538905
0.6637997641237694
0.3607986510137125
-0.1279218594452128
-0.4494073367300200
0.1189137561277119
-0.8073840943904671
-0.4402532914151659
-0.1453796358521028
-0.3450104978207294
-0.7084865492076200
-0.0065851645725788
-0.3468488795390835
0.4019636460546324
-0.4648919521914521
0.4449594669397345
-0.3359519365947237
0.2637259960362233
-0.3526031105007561
-0.7037520973743920
-0.1877866181774046
-0.2049763412182349
0.2161294887254055
-0.6082393085068323
-0.7113746363658918
-0.3773354499892614
-0.2948384744526985
-0.6017573855663928
-0.6390280274909031
-0.0148142215857669
0.0667933869355586
0.6044055997028396
0.7439598623702940
0.1714129958050343
-0.2176552837875624
0.7447613839874966
0.4944380698132209
0.4346749034603777
0.1045905727668184
0.0313052141092400
0.0878851271575103
0.3998124761022027
0.2472352674739331
0.7158258205150002
-0.5088165736084601
0.4247437508515599
-0.2716499548694711
0.1712667459912603
0.3303257342272560
-0.7793276969008297
0.6730698883529208
0.3726732185371339
-0.1516602885619268
-0.1180973518592515
0.6092157006634888
-0.9649876184622616
-0.0267985193072079
-0.0028383870293665
-0.1733188400040483
-0.1950211753533362
-0.5734752089637151
-0.3034594782963614
-0.0414030432149994
0.2514629882161131
0.7170011738526538
0.4924351663245223
0.1187197284185251
-0.5622363534416870
0.6258149015796591
-0.1888365030406145
-0.1942249425401583
0.2521524742331679
0.5656566264935716
0.2289405064048805
-0.7254754488363840
-0.2218043814943061
-0.7391831769204396
0.6308127080747710
0.0572752507888414
-0.0566208467455560
-0.1312234214404287
-0.6884763115816350
0.4195191165642506
-0.4914776702672223
0.3020499834833129
-0.1008336407719340
0.1092165138820167
-0.4621503845258420
0.6927783579961188
-0.5332724432773120
0.0048432540436832
-0.2045601018603526
0.3601427183167641
0.9054135334270196
0.0930336688933731
-0.6117362584689848
0.4286634587016004
0.6498312698110237
0.0637646907398672
0.1252189052778793
-0.4219277924616627
-0.5037156533446585
-0.3081548308724887
-0.4005436283785355
-0.5593325312363813
0.4365331338562378
-0.6249730686176854
0.2542517064646810
0.5095551122412022
0.3075014534874583
0.5921754870891264
-0.1773905040255090
-0.0022946364466918
0.2496559104738765
0.7453371469216928
-0.3958146299786729
-0.0552635534068985
-0.9129258159890052
-0.0022403948505163
0.0826931284413165
-0.0212678512173312
-0.2670993232923317
-0.8399414803484616
-0.2492036512604386
-0.4007511444648372
-0.1374624737385848
0.1574888482432270
-0.6376344423496270
-0.5867960680127449
0.4532041741720317
0.6976646320870423
0.3226670433672353
0.0625632100165166
0.5719713082960225
-0.2794364104730527
-0.5943942864498719
0.7088278696222508
-0.0191106839782878
-0.0480306261703420
0.3762795824783696
0.1274455416022274
-0.0779753728201220
0.4281402371480210
0.5782364426761789
0.6782448148385009
0.4111395575978397
0.0704407497579922
0.6457537606419743
-0.6387128327856478
-0.0324093011875518
-0.0355972843573441
0.4718923476597010
0.1365012727907835
-0.5275037597327840
-0.6922121290188954
0.3043059608397587
0.8153429401680391
0.1871002886515037
0.4540572830684728
-0.0379372876538302
0.4012517044036026
0.8635753702423489
0.0675838058846234
-0.1583251446776378
0.2521908550462304
