-0.1157321926921025
-0.0479940516255973
-0.6197039181033474
-0.2158508897579312
-0.3881475687567678
0.1430077098785470
-0.0919591756179148
0.2458902239954453
-0.0683334715741057
-0.2219214413620281
0.0572877125160980
-0.3775345049384724
-0.2704164780128093
-0.0008484416857593
-0.1958402565759573
0.0493748314431265
0.4340932602943089
0.4164353296973158
0.0821696341796884
0.1903726428228383
-0.1395607330066475
0.2113720553935135
-0.3158946668066162
-0.4845146331520396
0.1026270751640334
-0.1353879027723092
-0.0229101786481893
-0.1095766834346220
0.1172877749004176
-0.1550198634497306
0.2903643787043587
0.1815452344154357
-0.0785224888792961
0.0845780775816322
0.2798147231074921
-0.2304179017224602
-0.3658823371429840
-0.1012755210589533
-0.1177369819836669
0.2121262651025396
-0.2555714577905643
-0.0142498246490638
-0.3151581158151715
-0.1810994002860253
0.0653819484875912
0.5054481142342876
-0.2059195903180687
0.3905239844405194
0.3015678361551193
0.0117592577655777
0.1027510833311042
0.2287079453167165
0.1747989329119127
-0.2256966286836905
-0.2517409044196097
0.4677874068105843
-0.0517760045697619
-0.0943359646518822
-0.0701933451152528
-0.2349148339332082
0.3454051718989553
0.1757391432207401
0.4914720845981633
0.1376058561682433
0.0444645507413595
0.4766470747413569
0.0549335575833858
-0.3478811060733088
0.4645640421176518
-0.0241544387030659
0.1815271750061712
0.3185923970601582
0.0514147820983344
0.1402146219289529
-0.3997629109128654
-0.0683937358220121
0.2144664502964188
0.1508515005185482
-0.1159864070057519
-0.1641295375751889
0.3637449375502058
0.0644950867583693
0.4537304045113338
-0.0498186785355565
0.0866032319028694
0.4974557580365703
-0.1121566874861330
-0.0739322142397045
-0.1208250524800424
0.3375669857579877
-0.1852195865399125
-0.1057102795088233
-0.3467274712097570
0.1142838208421924
-0.2558748485838760
-0.0968792387643417
-0.3526843873658077
-0.0803251444317069
0.1868092838658740
-0.1391427778146085
-0.3222706336210526
-0.3409779581259252
0.2430766844565871
-0.2500499430376897
0.2140818905963462
0.2659444585245669
0.3320077784226513
-0.4492153401932393
0.0291994489322890
0.2059133712300355
0.0113847393955706
-0.0346981397557451
0.4877901513280218
-0.3411595844278906
0.3841523237358413
0.0623097767332341
-0.3021282536661098
-0.0959169798780049
0.1738616369265259
-0.1374805138297725
-0.2095579770166588
-0.0257872757638602
-0.0335364074404703
-0.3117735385589082
0.3994914894923211
-0.1433892916859021
-0.1409600133471156
-0.0409201312348003
0.1295365488873280
0.2504573969136201
-0.0092180637622946
-0.0847982478330556
-0.0822171100722939
0.3963289464477204
0.5611604748478564
-0.2407985069893950
-0.0581977377099169
-0.2980249588426944
0.0105262206078234
-0.3481079945996147
0.0560475081620855
0.3985193024407528
-0.0281077259276829
-0.0157968661347214
0.4094246740243869
0.1172511675380437
-0.3195850754103964
-0.0187627516815529
-0.0643051150435157
-0.3977128398841288
-0.1386070624533077
0.1172530002677612
0.4569628362868776
-0.0384063125387565
-0.2827817697514537
0.1907472150665281
-0.1614948292535447
0.2080314677570176
-0.1092312424361886
0.3360607985849819
-0.2176917422680557
-0.1071478819671198
-0.1047379179382638
0.0046734334389476
-0.0798734328690626
-0.2494871006461298
-0.1963891987091997
-0.1247527380870046
-0.2695642268661039
0.3469107024771915
-0.2604069975465707
0.0105227772924830
0.5872314065127084
0.2480102862584277
0.0326401626597224
-0.3728707207485201
0.1029014554265537
-0.4243713977113074
-0.1201431414895977
-0.0173863961003448
0.3747972368770121
-0.1501702351526277
-0.2598662822635460
0.0235931275844283
-0.1118437753152664
-0.0033934814544756
-0.5405663414774721
-0.4229518166145219
-0.0664048971784071
-0.0101899729336958
-0.2681308954005604
0.0586854321035724
0.0289924075143663
-0.0434508331133093
-0.1540274569871026
-0.1788421176927293
-0.3218241250696905
0.3032261337180712
-0.2526542102981728
0.1814417737604119
-0.3257113220248586
0.1860146346704873
0.1551192948704427
0.0934787986288358
0.4872887629734445
-0.2632377833814921
0.1366335266273895
0.3877984027674031
0.0506759326083604
-0.0834472848632989
-0.1291424806409955
-0.0462637228693398
0.0384609814183347
0.0573487199295898
-0.1069279043328286
-0.2859594172958657
0.0293748950007265
-0.5095555746696754
0.0901636499227117
0.0050425395309756
0.2958027024157446
-0.0211146256644345
-0.5386812825596696
0.4763282805480468
0.0460504405358016
0.0479992447507474
0.1589128421710834
-0.1125402870601419
-0.1589356551534081
-0.4318190705215758
0.3812223087086301
-0.4852192019743984
-0.1823496238667969
-0.2332132843996516
-0.1986937663342991
0.1202788263996225
-0.2090764263208090
-0.0709752579223331
0.1592352985978871
0.3866110412799659
0.0305947263359126
0.0869344357039700
-0.3344565077661693
0.4598720495051846
-0.0119511016396340
-0.1183365274674880
0.0613712138650652
-0.1631293464105269
-0.4997191355293094
-0.2778830880198443
-0.2130515349497389
-0.2482436481468563
-0.1298260387785417
-0.0473203995559067
0.2838308214908669
-0.3000514802370049
-0.2159326850630960
0.0455972220406068
0.0318348278654668
0.1912408048399566
0.1312256305405596
-0.2036047037829717
-0.1205398355312514
-0.0050060441964654
-0.6665343321110909
-0.0926232557465706
0.2825850311023937
0.4548049979842219
0.0300543443825688
0.2391661995590560
-0.0616265701276135
0.1975524615511600
-0.1432592944230015
-0.1753420772670360
0.4816735529152036
0.2546689013419886
-0.3968932008688327
-0.2493753945263984
0.2064441977532728
0.3739215137507056
0.3748187170878859
-0.1874046328859055
-0.1720447092911251
0.1262113790466074
-0.0541311480616732
-0.0914614213471913
0.1184842917414099
0.0569675575436336
-0.0259063528180032
0.1434878576491005
-0.3507128420919585
0.5033759999115854
-0.4452441769020150
0.0784848128868261
-0.0427952513540505
-0.0042770680882548
0.1967491119663320
0.0810149744066931
-0.2474810590832479
0.1636870023346337
0.2378372550568699
-0.3368812646838256
-0.2829859816688745
-0.1124751983409401
0.0298674780446419
-0.2296882208438694
0.1974076741130109
0.0249497336675275
0.0838092203761554
-0.1622659748223279
-0.2976818981052837
0.3069621047343281
-0.1641946836931772
-0.6495418877202136
0.2450157303144729
-0.1037403767850572
-0.1168611681841650
-0.1499250076147266
-0.1692549066522724
-0.3257666371003251
-0.0775822280364040
0.1395308069960355
0.1068504920757813
-0.5243035510051788
0.1807949098832428
-0.3616751128141862
-0.2898469444804230
-0.4424809312332584
0.2430436324112868
-0.1816920109969929
0.0026009794274901
0.0009161954846517
0.1652682276164060
-0.2321483170072222
-0.0341223314691412
-0.2654129572239016
-0.0201902513859954
0.2973498946996937
0.0407961674063558
0.2498798976237807
0.1369875844020427
-0.2815302274734290
-0.2122652793363459
-0.0306805245975500
-0.2057921188616987
0.3646053361455943
0.0764475554125393
-0.3774755270671021
-0.4477401312876438
-0.0044002628469414
0.0765353850420726
0.4160296749751892
-0.0214041806567819
0.0652563165188068
-0.2785959370997256
-0.2421671863115312
-0.0354779828115589
-0.3264140737531532
0.2800715079789652
0.0024754029702947
-0.2574778857423486
0.3648438128529768
-0.1204048973542379
-0.2436264012150894
0.0541941010924138
-0.6204518096683039
-0.0736481257474149
-0.0786974755692008
-0.1295663349304939
0.0640911505338855
0.0755312544212353
0.4072093204607604
0.3227078903593692
-0.0641271533352870
0.3809193710367265
0.2536567669701148
0.1742921754667372
-0.1057708575687335
0.1733024338362106
-0.4797712833372565
0.2465957797306376
-0.2274423387559102
-0.2633637641201499
0.0787849499326820
-0.1661098732042472
0.5245367141441842
0.4768150820484611
-0.0059265281509419
-0.0676895553805016
-0.0055141238280008
-0.1404944705984134
0.1055046816640375
-0.1769191874038575
-0.0760599340281735
-0.0351755296137812
0.1083815246564275
0.0404266391144866
-0.4864120269346684
-0.3480908880867923
0.1578960388066064
-0.3729591338957223
-0.2414750531843199
-0.0059700688946578
0.0870158170218363
0.3900111955355428
0.1541926473561151
-0.3294072030539414
-0.2757360682722327
0.2679660310256255
0.1212380092976130
0.1436115508495280
-0.2361810517314976
0.2618231520217775
-0.0300574832536121
0.2846407855364397
0.3481018409109014
-0.0225841530206484
0.6212781455936952
-0.1548904488987532
0.1757727911118676
-0.0977836329989799
-0.2865089549384142
-0.2379818803496935
0.0016815577707364
0.0252974989124158
-0.1871151158556090
0.2536498694740815
-0.1987501802099000
0.1573785831265977
0.3468403860012061
-0.2936623955511073
-0.1988297729999411
-0.1972691009678549
0.2587882601257867
0.0643931337466325
-0.3737736831353050
-0.1302697142669510
0.2012043932681829
0.0337051384721761
0.1859269291421610
-0.0737021920114269
-0.4475521087954509
-0.2604946027858115
-0.0681425370291851
-0.0287164996384027
-0.2302121433515897
0.5700962370998867
-0.0058562957203928
-0.5551816311595471
-0.0251916398049894
0.0703840464339829
0.2693193410263097
0.1792635888805799
0.1989055655307155
0.2465869711849229
-0.0948619195714115
-0.0963321619294535
-0.2135541059479071
-0.5710172259723845
0.1550487722577257
0.1662269245564809
0.1067621911192887
-0.0710445109649898
0.1519415205266078
-0.4655808132843826
0.0592966204949854
0.1929285482424638
0.1440732438420154
-0.2759427525124102
0.0916660638603558
-0.5526191723987455
-0.1381538305945705
0.1007222049056839
-0.0322100336577100
-0.2804137868519351
-0.2827427829329387
-0.2600970476350749
0.0103137262682619
0.0043481055532600
-0.2741984994420966
