-0.3851514424425538
-0.2617078368956099
-0.0056147779095743
0.5819692507922632
-0.3834426141276748
-0.2320837709511152
-0.4757519557191262
-0.0406293190389993
-0.0741868780817715
0.1003103534513691
0.3740393321854433
0.1904068965218945
-0.2603608052708170
0.7429134078563587
-0.0209745113800901
0.1926335694782424
-0.1829930838165830
-0.2768866645003806
0.2049108828127399
0.1201787228491115
0.0094370535830090
-0.0142657267657786
0.4487483755307438
0.4897211192097208
-0.0935213553020187
0.3006686716102874
-0.0764735519675586
-0.3852872197594757
-0.4329723085428898
-0.3429259280181519
0.1180531322506139
0.4466949353251257
0.4533939023266245
0.3497582622433572
0.5200634753355188
0.3523751342960524
0.1394912248457903
0.1140656037166581
0.0320369723471664
0.1746448826637263
-0.3222891451591438
-0.1244065294378107
-0.2495335035976744
0.4366438885097118
0.5850806778739203
0.2366014458531330
-0.2549786825305279
-0.1115628857380055
-0.3705569502652110
0.1210593422457235
0.7968239521225404
-0.3812601144648889
-0.3607801940256868
-0.0518343532552456
-0.0275646814254402
-0.1227833536007812
0.1150025989428562
-0.0504831569815115
0.2350276009970705
-0.0039347359534443
-0.2456151784432433
-0.1108487863786021
0.2719852886105367
-0.2390625155423736
0.0415889474637682
-0.4095763770968743
-0.3891101771086816
-0.5666980116659796
-0.3926064779775663
-0.0091205803577376
-0.0568527697410556
-0.1487764655542445
-0.7638385161190587
0.3496539738507082
-0.0776593575051638
-0.1758855927279077
0.3318378860214522
0.0702581528293496
-0.1663723963294216
0.2987089943364027
0.3473468969288667
0.0321603346634027
-0.0213624436272987
0.1535309642841234
-0.1848146159730044
-0.4628228702592257
-0.2056579489083696
0.0113049400863153
-0.0025010036008707
0.7506643956693840
0.2577286962627887
-0.1501284108511816
0.5406531966875255
0.4568483906662497
-0.1478335306089629
-0.1111374527334345
-0.1197422617041310
0.3060598992389351
0.5132664185632743
0.0660414602948331
0.1300775923479143
-0.6997552079783347
-0.0590502572941624
-0.0654986121861499
0.2463490230854512
-0.3268101203453912
-0.0530768491310787
0.1768871569244979
-0.4857152171095060
0.2193793097030214
-0.1986851073523887
0.0195854765759383
0.1349183194451862
-0.3480515610783491
0.5193105919693026
-0.0313552574405066
0.1057026301510795
-0.1629463377922494
-0.1341053625989199
0.7031517252581100
-0.1038353398137498
0.2850664050412778
-0.0247189354539242
-0.6165822184719811
-0.4252493277883940
0.0870199635757638
-0.4144101902145494
-0.0347812771816157
-0.1013719729317136
0.3943848682181919
0.4202950325919200
0.0951544937536529
-0.4261856965411252
-0.1568732490005454
0.2368726113057650
0.3319265186799286
-0.2058320850795994
0.3324164918968586
-0.3361738917243977
0.4193923450763809
-0.6268667324490602
0.1200310896862214
-0.3443015129992241
-0.0513020624354197
-0.1196515674537745
-0.1422245039784240
-0.0230542092318054
-0.4621991771804644
0.3396028052985684
0.3277518197529662
0.4839075608378050
0.1109443072983155
-0.0675625455734444
0.1950265231295230
0.3301063738222374
-0.1102598023555661
0.3540507921817662
-0.3970148986402169
-0.5261223014318415
0.1732624588577069
0.1244137829691935
-0.4216222657519608
-0.2742101763840962
-0.0111687736085429
-0.1514605339882189
0.2914313264614564
-0.1866857781470486
-0.5866344948669614
-0.2008393829604033
0.4519284609490551
-0.0794124513022884
-0.3554584844959944
0.0977901407883621
-0.1889516166120070
0.6409524823583425
0.2964114380451586
-0.1080868639403297
0.5152478600471372
0.2150216136865070
-0.0002372445882803
0.5448299592922232
0.2835821779157696
-0.1526484076144356
-0.2333515435892167
-0.1323434878628207
0.3573241150119904
-0.3302550197322627
-0.3990890628393540
-0.1616067408991279
-0.3245527165104350
-0.2194134481827320
0.2117991719746836
-0.3473671660001900
0.2410546796711760
-0.4846597155539839
0.6017965215410621
-0.1133578740268807
0.0604265364924374
-0.3355626734547641
0.0454947024252289
0.1877334507938326
0.6014509124688454
0.2619577710410957
0.2805897324545628
-0.2529872458725083
-0.0630149372521046
-0.5268241097604089
0.2493261838685829
-0.2181209786248837
-0.0200773698738768
0.1692926101699177
0.1539319239883331
-0.0414258713136738
-0.0176167447263127
-0.1720996001194894
-0.4186876672001514
-0.5881290804421521
-0.3117420039590098
0.5272366610681818
-0.1401552650278577
-0.0836498745589645
0.7528681993086379
-0.1615307708731383
-0.0795366991636858
-0.0631468755869039
-0.0985564359665595
0.3762757341160313
0.2336967842124027
-0.2169448795918359
0.3698787662459183
0.0444028766288256
0.2526206538682259
-0.5065558688405690
-0.0809671975073728
0.0652894692263873
-0.3972716520656418
0.3728072483900476
-0.2289869605820074
0.2939927079287616
-0.4807464916631170
-0.4088568060177265
-0.2595310313805709
0.1604602503577576
0.4311229595080368
-0.0127225304852776
0.5930423005972540
0.1378140518670025
-0.1425986227610367
0.3841689728010656
0.1228468351878630
-0.0555462302318308
-0.1485428170293061
-0.7502077705383917
-0.0501664975548233
0.1314296943292827
0.3794918865709592
-0.2960171098828878
-0.0588116721367239
0.3483111351484846
-0.1892823970867149
0.1256031730809579
-0.5893003685135978
0.1487829705116137
0.3123255570438895
-0.5441436561559420
-0.0038324057130679
0.4496508863016449
-0.0596331977828226
-0.1125764041304309
0.0523717693017292
-0.2124198000098038
0.0706009378907191
0.3655877574928735
-0.3654831945923590
-0.2551007247588403
0.3710087701377447
0.4188259659988107
-0.5299691695869836
-0.1074542501959531
0.1100370323586828
-0.0141307767271257
0.0902112045555936
0.0754778596914153
0.0576618026001080
0.5126964892338007
0.1405908202374376
0.0003446884016187
-0.7724827456238447
0.2669285281241929
-0.1789872897949191
-0.1442807070855202
-0.1558750809784337
-0.1110184113729912
-0.2313574353949921
0.0104685683115389
0.1489390749506486
-0.6532919230483165
0.2846414827149736
-0.4709089804731126
-0.3703726081317539
-0.3385889768403127
-0.0500422281376837
-0.0849878256165628
0.2056785726460659
-0.1257862435472332
-0.4201511186550204
0.2236484262185534
0.1260298042642690
-0.6121725079030095
-0.4475714728381572
-0.2012219963116383
0.4320974739969762
0.0526124839259461
0.4848755608647093
0.3274908130323869
-0.6166911722215448
-0.0403763380910747
-0.2030829138134600
-0.0053740234412613
0.0668510656004321
