0.7517529462589498
0.0375366336502557
0.5188935840292528
-0.4052258103557472
0.4807926870800008
-0.4879856663186586
-0.3001479020217533
-0.6637918487220730
0.0505224100063786
0.5896768877717533
-0.4447257704947956
0.6722705133893476
-0.2850456341080364
0.7726614522909644
-0.0914648984729955
0.5598012495224444
0.3399123172357622
-0.4292418149041891
-0.8046058877349843
0.2298269922166895
0.6434061594842698
0.5342432518390492
-0.0803038516060376
0.5423688350369847
0.5663813291272645
0.5243226149897777
0.5875843288999093
-0.2429869170501940
-0.5863217552782548
0.2277133915961224
-0.7007371595115454
-0.3366613192139966
0.2895714619683219
-0.8218104904725224
-0.4854260113539181
0.0716761722182969
0.3687836660446457
0.2006458263356262
0.8852788145527009
0.2000531942682485
0.1913445928139799
-0.8904719974156078
0.3139067288722558
0.2681593447714070
0.6337840857033229
-0.6401324120869879
0.2033461694691897
0.3836646492278191
0.7900894653395885
0.1858297074927422
0.5752378082853333
0.1016239169273229
-0.1062921375984171
0.2689604527814606
-0.9179259199273450
-0.2716141782931970
-0.8911350220976804
0.1755292676445918
-0.2675235071176984
-0.3217126384377321
0.7696061609023424
0.2660869461132473
-0.4723171042585588
0.3373731572518682
0.2348674466599706
-0.5388550716395260
0.5843320258793674
0.5594895689818548
0.3799635241080851
0.2955079244537317
0.5476532725558105
-0.6843819693645672
0.7701514046310162
0.0248246895602678
-0.0983597530710480
0.6297427313664776
-0.9721403217184127
0.0951288843759393
-0.1079402598916401
0.1850475358958762
0.1273758953589518
-0.9839284468157063
-0.0435803903902449
-0.1173070432743539
-0.3598482642123668
-0.6076518438473685
-0.5458736026875887
-0.4508774482063974
0.1939085099032139
0.6844562485541773
0.1090117102250185
0.6942878226183101
-0.1868186920227561
0.1532497724853805
-0.7542726767970561
0.6104801492116588
0.3367474481529666
0.8844568685052483
-0.2157623410666562
-0.2403826451593186
0.0506966047955428
0.0571884537339090
0.3133198802659261
-0.9465674765445276
0.2653199340437789
0.0276264819453961
-0.9635543879960800
0.0201258904852788
-0.2362049633780606
-0.8808190028571561
-0.4090202698365274
-0.0326728992308450
0.1273183377427276
-0.7851723397378795
-0.4263760076370260
-0.4306947154266971
0.9287306459741901
-0.1936089725993231
-0.2481916356612627
0.1958975879003757
-0.5588304036281239
-0.3792594949085322
0.7283596641659736
0.1155985082887467
-0.0290120963037837
-0.5923390111090993
-0.7965201836345900
-0.1176791878331662
0.4663009039011062
-0.5037046704974127
-0.6764861942538136
-0.2668548311799802
-0.6236900199838729
0.2271711857935216
0.5317345762428358
-0.5259870262140822
0.0051167168615879
0.4370944452341687
-0.8721671116968124
0.2196515295381135
-0.7215991597258534
-0.6429707792926153
0.2543340077607525
-0.0346040771462379
-0.3635745562023064
0.6247264599946830
-0.6883628004393391
-0.0607210608942120
-0.1347364166898532
0.2596329412615782
0.6788421068010865
-0.6735059226638638
-0.7721161943182430
0.3927111965670947
-0.4908001313387365
0.0934330222150210
0.3243678834662435
0.2061164721925957
0.1587898482583909
0.9094433793021892
-0.9412018742822038
-0.2726720933202453
-0.0123689404728176
-0.1990878466496682
0.1135081655342090
0.6860156228584225
-0.2297179691822976
-0.6809758558025315
0.3682175510752173
0.1700929501431406
-0.7742822132484267
0.4857687491377876
0.1379896118572479
0.2292028406285816
0.9219392751157376
-0.2800944445474482
-0.8317776835040681
0.3148518001166780
0.3405723084898082
0.3049995604551208
-0.5205110333135385
0.1375918902938351
-0.2927037150517909
0.7902286195267303
-0.4163695951796920
-0.3110175914546741
-0.0330754836204383
0.8537039477470555
0.2681093835590435
0.3814900783080819
-0.6333087097931680
-0.6176590942422820
-0.6870145818224250
-0.6608842864543620
-0.2670422023794247
-0.1411785622161297
0.6323870921489920
0.5249537116222581
-0.2973078459305585
-0.4859199636622153
-0.1165544778812002
0.1947237686971302
0.8731940107794148
0.4313118675960432
-0.0020668556460519
0.9095675376419514
0.1709761066061080
-0.3787476647393521
-0.8955629007630086
-0.1951812945207597
0.3629346093229847
0.1677790880941922
0.4473953439257298
-0.6756236517633145
-0.2814155468640538
0.5139799387084940
-0.7321239410322288
0.4720241489609806
-0.1288637772682396
0.4739006907288291
0.5562742000958300
-0.2547832274859135
0.3158537638410133
0.7251764758781626
0.0080654580285143
-0.3959933159060507
-0.5013153745008779
-0.7692900216651490
-0.4035753164403040
0.2805093390729632
0.1774112058393076
-0.8526234448427986
0.4217700275192802
-0.5572462926902003
0.5528554704870772
-0.4538033075264281
-0.8524045323364481
-0.4118245459858602
-0.1371727308070428
0.2915316423628144
0.7861377793742430
0.0593884267803441
-0.1134073496549766
-0.6046479799431431
0.3504900349515408
-0.0154369754184692
-0.3823976569539011
-0.8548043443652845
-0.7060373604446389
0.1088546659330946
0.6985457016174735
-0.0411802150639492
0.0259911608489156
0.5696431601721075
0.2738544246462516
-0.7744900798128607
-0.0737496630526886
0.2572831346573026
-0.2317119337946455
-0.9352411216139254
-0.5397853721441671
0.7990197426860919
-0.2379483585804506
0.1165323194049770
-0.1525561144665051
0.3693610099269107
-0.0126028747238540
0.9165916450815762
-0.6798988811727508
-0.2387382485143322
-0.3783519088588841
-0.5810261552969792
0.0557220279516678
-0.8578965727207408
0.4585990514636035
-0.2249342928760387
0.3444373356968831
0.8882312274181344
-0.1133181623137418
0.2820765897892690
-0.7169489159225610
0.6615378455161277
0.2114464715638434
-0.0603516409929795
-0.1432871244829376
-0.6946004255239628
0.6737698769227241
0.2074444546640821
0.4650331186190884
0.6954555679856549
0.1774634550087865
-0.5182590796903604
-0.4564681747543208
0.1777441972252892
-0.8564250725350898
0.1630334349833274
0.3931041452493044
0.2179585936065763
-0.3609616375010786
0.8171106893887738
-0.5777559999535130
0.0233453402156717
0.6685771866296765
0.4676083244835123
-0.2408670789119078
0.0320000032410013
-0.6808796501386722
-0.6909138528905467
-0.4034110034916335
-0.6336293002736630
0.5868420971555426
-0.3023075009037428
0.0768936761112441
0.6595509268347310
0.6340993634977319
-0.3962296489377314
