0.7547726067643837
0.4761209795303160
-0.3621479132856086
0.2692136954764162
-0.9702605264276534
0.0212120908435865
0.0648720007147854
-0.2322416448047971
0.8103973795064724
0.4878609919544197
0.1067534605393862
-0.3063518214098911
-0.0570979060250186
-0.6866212150415616
0.7243081912866307
0.0258607853225193
0.4825250594910871
0.0411154864658026
0.0708778295085725
0.8720409491646348
0.1608822997418212
-0.7006458822061721
-0.4034278661585276
0.5660902668162516
-0.5430753443786682
-0.3038524364511770
-0.7720244303200660
-0.1293102709750936
-0.0879775867927593
-0.0181744170348756
-0.9922505264777109
0.0858401275177907
0.3663143196073430
0.4207753689922626
0.5625037804868460
-0.6102060349079161
0.7463932663792768
-0.0816833862269485
0.4527321836212658
0.4808934250243952
-0.3532372539999132
-0.0804314479272707
0.8517431843149753
0.3785337138801636
0.0956471305735924
-0.3578821530791752
0.1343696144527662
-0.9190847608530276
-0.0698867353403321
-0.5981784434262425
-0.7847072052302162
0.1467412556284403
0.1093225639971961
0.1095006433955959
-0.2704919317182939
-0.9502064517631605
0.4133238694122210
0.2607710225182365
-0.4918726665205176
0.7205713932143701
0.2913573027431507
0.7534683165569487
0.4907286898090191
0.3264686372094530
0.2607616496954106
-0.1255868374504762
0.8343241871302760
0.4691848879458075
0.5112577002057626
-0.2963896836333169
-0.3526261138729303
-0.7255505104614925
-0.6915186573625308
0.6398257478816646
0.2037237941767883
0.2663110485004423
0.0759570221710715
-0.2067757819877950
-0.3220550736036220
0.9207360296699619
-0.2245745441870860
0.2172631779790512
0.7840965809279161
-0.5362420511063617
-0.8464741511914456
0.4260958606290942
-0.3191990631641449
0.0059822232159421
0.6588302635146194
-0.2778376089070965
-0.3520360568266077
0.6040029483769247
-0.0055434166607883
-0.6906489453472836
0.4800426622021160
-0.5408625955714770
-0.4560092136043806
0.4131820322626586
-0.7653865349758712
0.1884665949202763
-0.5979809395441505
0.4735646180426009
-0.3034693961794701
0.5710181030952771
-0.2137140131114058
0.9136453798698472
0.3456530694774966
0.0101190910207201
-0.1964190550568310
-0.3231697249855242
-0.5286332852904220
-0.7599524546617491
0.0496253628548341
-0.9191694684034524
0.1560263294506079
0.3582186430584137
-0.3505432730313789
-0.8511064799915045
-0.2992966372748840
0.2513139398538525
0.2194427704215095
-0.1660707754252677
0.6645287015936907
-0.6947423787401965
-0.9181517282957602
0.0988263678809059
0.0417937829953476
0.3814236916368913
0.4272766278753180
0.2640977390609611
-0.8392732271627970
0.2081045834721810
-0.5539144393460800
-0.0677149314312648
-0.1378045066140293
0.8182929792574546
-0.2218683430225513
0.5123040473767831
0.7304869843225466
0.3933290825010857
-0.1124676524524954
-0.5250809812053491
0.5807963946521849
0.6118141370443118
0.8165837715524747
-0.0008858046429431
-0.5700612911930405
-0.0906657800418332
-0.5012899550233804
-0.7631471522412671
0.3451708548858426
0.2171908974982111
0.2863065716969722
-0.5354302262187635
0.1385088450616877
0.7824054701330557
-0.1953501193912181
-0.9559962438776858
0.0738746051507455
-0.2060389653910513
-0.3840740071970503
0.8712285834657452
-0.2670511287445624
0.1487669552828406
-0.7728170357282893
-0.0474900585613875
-0.5398917147309045
0.3301748930353419
0.5519707470563439
-0.5124808638718265
-0.6460392802544097
0.1237938081149963
0.3129173543645360
0.6104191120398775
-0.0127638714464741
-0.7275357864597761
0.3910977925088163
0.6197222687733321
0.0106780025026288
0.6803475630467993
0.1786161348086431
-0.7689660746606365
-0.1781068532839746
-0.5874226768012230
0.7900204558849950
0.4732251338548832
0.2556201959677092
0.2942515376080851
-0.6026808053192624
0.7302006076111396
0.0449051248381746
-0.3186949157224132
0.4365150805803845
-0.6283676436658999
0.5422208109746348
0.3472827104329766
-0.6517522808580688
-0.2880341514438082
0.3921298128023717
0.5817985062802477
