0.0356965236529497
-0.0835847539043907
-0.0763839768947732
-0.2890955946684221
-0.1387253283860776
-0.3110981680791945
0.7084390947017981
-0.2198090892460990
0.1366521587974463
-0.4662895948782539
0.5180646605473437
-0.5901373496140400
0.0064189206224929
-0.2779885989276847
-0.1512095105009023
0.3190201566401012
0.1997353786556592
-0.3555009999794264
-0.0550782473253983
-0.1099139672499373
-0.3890286249688025
-0.5345684057292861
0.1643161657596556
0.2789704956209721
-0.0253744687003703
0.1563756495960250
0.2725073215621683
0.3080250991753399
-0.4663537046107935
-0.2152819581720345
-0.0831676291474811
-0.2804170493661005
0.1263601875133703
-0.2104510051948554
0.1598850646842420
-0.3403390420403139
0.0261225757818176
-0.7539086704209205
0.3462992244279921
0.1543216728917539
-0.3879096905905896
0.2001122312676412
-0.1824568802671693
0.0381365862026436
-0.5297873941863318
0.1706136935981412
-0.2903531329045908
-0.0009514408409246
0.5210510745604702
0.3303823083478137
0.1717871657017748
-0.0244773741808212
0.7119102413392904
-0.0493812697614491
0.1539551040008049
0.2739223259610515
0.3343562703927291
0.4645149667488253
-0.0952582481163105
0.1589254790766597
0.2242322855003568
0.2335604127668949
-0.0906856599804031
0.2045915915550596
0.5219780659402813
0.1379526437364759
-0.1853270653037966
-0.6638310581363726
-0.0525222790044025
-0.2753532087288994
-0.1487903638162834
-0.5042753354052348
-0.5068338980701360
0.0832090255014590
0.2675443381922511
0.3951964821304875
-0.1504102184053683
-0.2054249140755156
-0.3260684030487457
0.2466982095638301
-0.2061234872879364
0.4778873412888247
0.3032176803385905
0.1382265623892783
-0.5268637758914084
0.1229345194691323
-0.0330875214545984
0.0078397394536887
-0.4318976026703730
0.3710783388955782
-0.5097345876217593
0.1110412879915786
-0.0837825462936296
-0.0286255608358462
0.0751717759351617
0.6126839139977127
0.3305494914187412
0.2750850849388600
-0.0133016093011726
0.3922466919361124
-0.0769284194229831
0.2263755280738851
-0.6300426036928910
-0.2697851706535394
-0.2073828259141911
-0.0032321350370886
-0.1333193678246248
0.2474781424361397
-0.3130089066847791
0.5030768073920922
-0.1440858776521309
0.1339491948919921
0.5030294067698003
-0.2104026296952081
0.0324744491503676
-0.2799100789957451
-0.1568914824304584
0.0677341646693528
0.2679695662749065
0.6953950225935608
0.6124693347963546
0.2941580956035628
0.0486986918405578
-0.1174746460277624
0.2215525213126012
0.3564128680645648
0.3496089045282837
0.0690654225809569
0.2740444130845143
-0.3794312353933166
-0.0236774129606586
0.3213715223926826
-0.6487436054287580
0.1784617585011443
0.4326047738791662
0.3249312600805416
-0.1593590560641922
0.1553616175488829
0.3146465993263390
0.0466971336721729
-0.3847184920061168
-0.4689573519216583
0.3212750767976643
-0.5373137863430902
0.1053103405312653
0.2355353438238720
0.2532409245727089
0.0274193977983924
0.3137224921849880
-0.1013663980400053
-0.1093190378340933
0.6079913042532757
-0.1569664668566999
-0.2465560800059080
-0.1023618200466491
0.1677520693471371
-0.5723643142712761
-0.0342788987720285
-0.2719173735138263
-0.3027108215271725
-0.2299842732008555
0.2860631609996677
-0.2428123089749270
0.3079445553801542
0.1594163909507718
0.0002878503547413
0.0657561417646439
-0.4669868719476336
0.0148414854994236
0.6807737424552324
-0.5837105618968998
0.1418268963839706
-0.1113618416134627
0.5552400248041267
-0.0935794928294002
0.3885188573116672
-0.2127174094868784
-0.2366584840287357
-0.1555769761404582
-0.1825103083348968
-0.3242067304397827
-0.2006715583956009
0.2688055760397937
-0.1348325802550736
0.3553577848700936
-0.7503342878853889
0.1330572666315727
0.1835004579598620
0.0853694374405025
-0.1274337679431765
-0.2888213754413431
0.0363734017407335
-0.3989580823390632
-0.3466672449345999
0.1496549630230636
-0.2537959692006703
0.3834801554395766
0.0771954468499970
0.5160648369014729
0.3602296130294552
-0.4893283827897179
0.0591199374246845
-0.3367192531792191
0.1543538323121216
0.5594996201388296
-0.0729495127541674
0.4648605923044912
-0.1398464911340804
-0.2016803463246681
-0.1586467017743872
-0.4383772708539535
0.3534157463635292
0.0091459052276705
-0.2495231975745478
0.2574255335755873
-0.0882520537196585
-0.0490519833511452
-0.2343418622618471
0.4950450057705411
-0.4940942332904614
0.2513143638233331
-0.1325933252842342
0.0503808702088996
-0.2391169733912734
0.5553314044014590
0.4082129973818265
0.0962885339700006
-0.1570505879076680
0.3147854038612258
0.5014856949236648
0.0990968224566223
0.1463901907005702
0.2133951702908545
-0.1776274003341911
0.0519220564601872
-0.4508018285399135
-0.3691230001530010
0.4011368909754725
-0.6104230409968441
0.1263474087880952
0.4172698270330253
0.2591341328567091
-0.0366340168907558
0.2765704421895421
-0.0984924857425516
0.0321810989226957
0.1882163682295013
0.4698658703595459
0.4413999639264813
0.4681158761693570
-0.2220705273240457
0.0215844182751399
-0.0524684586317489
-0.7775414029044080
-0.3924819969246637
-0.3370072936524962
-0.2243587091852034
-0.1106699824765109
0.1085666819970289
-0.0301295148749591
0.6239042720864283
0.2037907338550502
0.4288219416091620
0.2125831693711058
0.0600808516881392
-0.1317475361546106
0.2600057474951086
-0.3872765547695418
-0.0624162033715372
0.3125442552526799
-0.3664345517876226
-0.2193012983094421
-0.3457374102752903
-0.1104647329751308
-0.6530064577113898
0.2138017419491720
0.3121499335674202
-0.2559829491349267
-0.2253713128621313
0.0031854532532648
0.1306601869549162
-0.5497876869958654
-0.0133465262961996
0.1414776157392236
-0.0389165718787754
0.5796078280970005
-0.1099305394867090
0.4661156741034322
0.3002206868052302
0.0593854304737624
-0.1868580069490867
-0.0205673658950551
0.1960274131585873
-0.0508951143393996
0.5874963528857564
0.5645266174037600
-0.1771029052606119
0.1976602973004122
-0.1177377779751423
-0.4189326036146254
0.1439043620488344
-0.7151072650699040
0.3167664893733128
-0.1422354571863280
0.3019727249811947
-0.1495328465866069
-0.4124497196536040
0.0249441888075651
-0.0908161554747803
0.2341133127845956
0.0226918265067230
0.2378110273511422
0.0705777044834302
0.3307177468593773
-0.0456285064447454
-0.4145913898279255
0.6327371924255235
0.3338823505369481
-0.3539418245128925
0.1322837136012367
0.1415251303353657
0.2373212819611210
0.2103607052989930
-0.4497680978116567
-0.4288481260211647
0.2949823783121935
0.4546656563239806
-0.1395806009395187
0.2753125517961185
0.3227698179611220
-0.1691265694570871
-0.2018039398153859
0.0347550274324867
-0.4259189284553288
0.1752606737022065
-0.1023918997636853
0.4311096275065334
-0.1760235209837014
-0.4594024625161225
0.5281720453718941
0.0664236374601167
-0.1275831745838656
-0.2932063463783759
-0.0528779743133830
-0.0268582373613365
-0.5254595777846639
-0.5262411944734192
0.4058367267671754
0.3609054476866412
0.2045220616511358
-0.2546699298155342
0.0119004498127476
0.0320703081557198
0.1956059286288021
0.1442179954158564
0.0424363698716465
0.4777498957692234
0.5742720351192194
0.4395297987480787
-0.3491303041235677
0.4928171553748282
-0.0201819781865400
-0.6162656618303357
0.0448584186299481
0.2115635627105837
-0.0646412569366173
0.4911431313475202
-0.1532668724480266
-0.1130778745797683
0.2202084169760853
-0.4693978756069566
0.3432641228193187
0.2341152440815647
-0.4345558931057606
0.0190742750047780
-0.0163229367359945
0.3031250413307973
0.3218328083873639
-0.3534275685529936
-0.3117437167550018
0.0024079965739146
-0.2487910095160309
-0.2379682748719188
-0.0205289912506565
0.5573140221800169
-0.0801491842050736
0.1357206230862913
0.6531186108774767
-0.1503563174166506
0.3105367211288353
0.5086121071580666
0.2926329513737475
-0.0935674563422851
-0.3189468597230188
-0.4233298123603410
-0.0219185871092535
0.2186474273321113
-0.0081024189787739
-0.5295983459796078
-0.1927755243242215
0.3054531020815959
-0.1072025395551518
0.1968535175522621
0.4034315345400960
-0.6135842055989570
0.2007387575657288
0.4360661019017028
0.1291098240143466
0.0826115743779747
-0.2515321396006399
-0.3360660982718629
0.0834205028263097
0.5711897274747384
0.2899524269281935
0.4698682023287971
-0.0909041349057077
-0.0952437555826559
-0.2326196384892295
-0.3897128282970880
0.1602230807842699
-0.1072435776748610
-0.2312897261063465
0.1419715862697742
-0.4935406362083237
-0.2406966874993345
0.5093205953114233
-0.2706435819983931
0.2061419151974849
-0.4802860872764502
0.0866375164533807
0.1721450475085289
0.2537795708638165
0.5938260713383526
-0.5912869934082765
0.2269184817071786
0.1094456496486321
-0.1386808257021300
-0.3123803705689597
-0.0642513906105483
-0.1389238797277320
-0.1753108699766520
-0.6441730576543864
0.0080065323454369
0.1075525611986451
-0.4716753726577366
-0.2056386011401137
-0.1572505532463586
-0.0857826914867615
0.4187753640334175
-0.2654268431275249
0.0726202305467110
-0.1409777830715521
0.4487099102939025
0.6732687529803378
-0.1814809795586100
-0.4112747274383600
-0.2096570255276467
0.2174721648499532
0.0777099931037559
0.1443913717056899
0.0728786862810458
-0.5718254724458619
-0.4503864126391184
-0.2571710332589193
-0.1282949206965218
-0.4414622827518228
0.0354692554253631
0.1429829548137139
-0.3839857691953782
-0.1349950626852245
-0.0005233462330126
-0.3032255349947662
-0.0880872238161046
0.5567563941582171
-0.0900714163478356
-0.2730452301630543
0.2160107299706193
-0.5638707511482591
-0.3754651510528524
-0.0454473621279205
-0.6427589888456531
0.1076050755830109
0.3382825381512242
0.2234986610488627
-0.2413547158105831
-0.1920440215923925
0.4474521333515479
-0.2310193774788895
0.2356502688948253
0.0815345579680436
-0.1936219851269466
-0.3750762898299720
0.4114222870480079
0.1589055316449079
-0.2402171703173807
0.4500226466913117
-0.0842624385528314
-0.3991254925543419
0.0494375187768446
0.4452403624391546
