0.3290263858821127
0.7853998925534632
0.3373048510990848
0.0255645569325247
0.2246740221991249
0.3316355239914727
-0.2965592041569822
0.0418863249209252
0.4646667825541761
-0.7554014925023409
0.2694712706451500
-0.2261344176087974
0.4563469331152785
0.6904815461565225
-0.1019720264002069
0.3393250221967880
-0.1404757593181814
-0.4119581377282684
0.6206704125086957
-0.3553957325549689
0.2585194525941528
0.0527892846506141
0.6337237546611966
0.1312908951626659
0.1720758861410092
-0.0979030395671675
0.6987726204693474
0.4353955877956137
-0.4750759924277512
0.2392805731387259
0.1667740908839162
-0.3629088636525037
-0.7330033677936224
-0.1046035622173409
0.0518092583974897
-0.5381110643828507
-0.1012498652831273
-0.5183394853424674
0.0693165182473937
0.2389874365366074
0.6936709031687369
0.4218691103741105
-0.3747411751763713
0.4046639853533806
0.5387004099890703
-0.0243831350781228
-0.6014319632905120
-0.2080938132651734
0.3096486003985844
-0.3832474095309752
-0.6428922659763351
0.1306063818668016
-0.5693391093764105
-0.0521886314914185
-0.2533634598011573
-0.1266894612831305
0.6242963532399252
0.5432756241969752
0.4842987896094136
0.0178067263962906
0.5640678522143368
0.6472765639015685
0.1737120214983106
-0.4192951209576131
-0.1111267110766163
-0.2110144476937283
-0.5060393558178061
0.0665702864334154
0.1077936845053860
-0.1784219825165998
0.6004369194914209
0.5792358679975932
-0.6128642651715417
0.0901415041687025
0.3242507675864912
-0.5684044629914922
-0.0862335722119417
0.4249864455443759
-0.4306052481810339
-0.1118583397470972
-0.2648913407839237
-0.2136921076194519
-0.0843538679649302
0.8240870814095924
-0.2600526297690671
-0.2520929300806691
-0.1985559099862231
-0.7748136051568826
-0.4209725657537182
0.2276912626993056
0.1440135942891126
-0.9534023227897106
0.0337050729406821
-0.0493919529577174
0.2581936726765952
-0.0066727797785137
0.3402491394638203
-0.1961796728758028
-0.0488295074104208
-0.4446419714682311
-0.4131577278958132
0.6891690266831081
0.1408144220375673
0.3408814511470680
-0.4302101241924717
-0.0014632731889068
0.2791371434602408
-0.7752229987718531
-0.2901073861657602
0.4890736598555987
0.0002312375874526
0.3961529442922234
-0.3669029126227656
-0.6205559633862467
-0.1351733400712334
0.6155730199662010
-0.0355716809323081
-0.5286604721956333
0.5154351108407678
0.2374393235961215
0.2424318614776300
0.1532432404205622
0.1580745338455276
0.8040838374030702
-0.4102928741666531
-0.2790424401245017
0.8257866681084556
0.3204787241200340
0.1135818444461423
0.3120168110213928
-0.2566892538916953
0.1980531932322936
-0.2166706335828747
-0.7221010801421286
0.5592714826595550
0.3070055662898932
-0.0505581552667456
0.1484275260428321
-0.7778388305034892
0.5750604133723261
0.2427909273247939
-0.0202884278690892
0.0180411196815625
0.0677328431192478
-0.2631994579521667
0.4624523537942246
-0.2084659594026866
0.6343256547930615
-0.4985685126846487
0.1498873290340305
0.4542925642236499
0.5458421789204815
-0.2542338968138588
-0.2407734845348063
-0.1565458558115627
0.5903907449193925
-0.3820835034345051
-0.4196335815646911
0.4523552221311746
-0.1826313445389473
0.6522485807226601
-0.1204665413060076
-0.1406791045372821
0.6916154025645440
0.1594392516494752
-0.2781184545006523
0.0365479753684656
-0.6306909070837808
-0.0749511657997651
-0.1884780208565623
0.2020421415567720
-0.3442349569528205
0.3400354981363994
-0.8269918293751295
0.1066858065855523
0.0481352218693555
-0.3945752005232154
0.3761366633930194
0.7754021171555067
-0.2964528923508200
0.5013589578573376
-0.2039007918864892
-0.5023987965500775
-0.6289475713036544
0.2293584887102664
-0.0804906695032289
-0.3354883945467268
-0.0278917989080949
0.2413076941881117
0.5247405872857543
0.2271770218736769
0.7081511831461949
0.1089498284677722
0.0290367383744455
-0.2995853696628316
0.1200685134189825
0.4472849181199223
0.8264715137820612
0.4376735273963728
0.3621407066050950
0.5532823251721246
0.1273639627910206
-0.5046599171578969
-0.3166566747827347
-0.2784812718459124
0.4177474463005618
-0.5212061354237658
0.1012258028424514
0.6314798076062814
0.2593569088370320
0.2598622056574905
-0.4975675534289763
0.7367252346362988
-0.0456991749713763
0.2484738114201105
-0.2798328839520408
0.0685479163291280
0.7466909155885182
-0.0528490088571945
0.1071350633715277
0.6016908599588445
-0.2478931811197968
-0.1797578483865594
-0.4457619753220198
-0.2948231869848131
-0.7132877571497986
0.0713936022719407
-0.4101051021036065
0.1320698701150389
-0.6581138077160713
-0.5228245600221784
0.5082570795829329
0.0942272220576811
-0.0943091544654444
-0.2398149808128221
-0.7169687431102489
0.3945098079659780
-0.4126079579921478
-0.1473144007232195
-0.2843584852618463
0.2573480902365892
0.3206731033894726
-0.0721670362337331
-0.6399923147273624
0.4778129993995557
-0.4334019090752798
0.2029200256898481
0.5418137824911032
0.2977984755712170
0.0899117505360333
-0.6288664102688886
0.4159570547246944
-0.4020000439834187
0.5656119171038030
0.0318141393138491
0.6155396636521510
0.3564371760836529
0.1073799161096579
0.1536636405744790
0.1167244620694110
0.4232825100975861
-0.7063570022105888
-0.4269438786500148
-0.3199586099432903
0.2626231854614446
0.1606586727385367
-0.9119926807871448
0.1909497229831145
0.1924057228835533
-0.0023333703053376
0.2616734625641356
-0.3606000148086203
0.2932665924122674
0.7788322443644072
0.1152003619684931
0.3092548234470152
0.5289935781031092
-0.6189659979354117
0.4435714827585976
-0.0839773123417404
-0.1404540535169231
0.3369149703877106
0.0595112591478138
-0.3505269260062090
0.4864474621997209
-0.7232417844723499
-0.0843986886212178
0.3267358768960039
-0.0458042213689360
0.6871806638733374
0.5553614330404927
0.3782890628306400
0.0505227845687817
-0.2675877806939765
0.5001737789999670
0.3824461043378026
-0.3866744720619110
-0.1845148041272705
0.5884542611038164
0.2715140703168249
-0.4205090480017421
-0.2373549446560286
-0.4602879623079923
0.4647401834714011
-0.5599138488923275
-0.1596333493851049
-0.6998334789649480
0.3046387896761252
-0.4105107628511268
-0.4149754253727474
0.1450442507591730
0.2359380952417113
0.7682218597289479
0.3644717247249717
0.1571835218337267
0.1068482729149297
0.4433628127488401
-0.2104797838774103
-0.1991064570476007
-0.2924932803254736
-0.7737064336429664
0.2584109748568610
-0.1541244191405125
0.4308736308524856
-0.3085109295583247
0.6541929193237367
-0.0675588089609619
0.0382941637343519
0.1159143213257202
0.6763030867273979
-0.0091905771011553
0.0486204998134811
0.0759865759140676
0.2709812842616272
-0.9557151875733439
-0.0703934968080008
-0.1503769365070061
-0.0530390155399525
-0.4186560578389073
-0.1098762595270137
-0.7744492421959011
0.4329622661233345
0.2465854029367055
-0.5389419321259796
0.1625822266601408
0.5237946702904411
0.4468492343774998
-0.3850573431849591
0.8159274776282052
0.2192279334905819
-0.4441267969673661
-0.1155212213879033
-0.1407370131644612
-0.2362219151112474
-0.5566190399142356
0.2552775317494456
0.1690362769171533
0.1042532066764632
-0.5253705294251073
0.5563743694528982
-0.6341824895707996
-0.0595143316313128
0.2030378916615632
-0.5316909672975422
-0.4036787859548763
-0.3277108204897867
-0.6445685384742711
-0.0915300210680856
-0.0577703606471015
0.3277559882533147
0.6815125932393074
-0.0305423853595199
-0.1038177299380673
-0.2846519157910629
-0.2366499750621341
-0.3303180487778067
-0.7750266017031231
-0.3773800582889970
0.3016089931390736
0.2307439634273334
-0.0364010639787507
-0.8916599652026928
-0.0775734370122387
0.2310607484310904
-0.4914747372651833
-0.2048819905162051
-0.6849750417193371
0.3349477577669858
0.2246660597787778
-0.2908956960220906
0.4376415390879423
0.1835109779519242
0.7721105291803909
0.3269512229404925
0.2467871975462655
0.1041052924188732
-0.0755592136176143
-0.2328211996921018
-0.2763930065378818
0.4588837131848766
-0.1663257708255329
-0.7908561663673874
-0.4863274361491636
0.2954456597227033
-0.0002256534569632
-0.2942643227665779
0.6439295688107455
-0.4182829841603051
-0.5005707828263682
0.0084944462486469
-0.3357204033618966
-0.2161723667535593
-0.0803106107666249
-0.7638509410745710
0.7444580873472201
-0.1390869099887926
0.3498504965612996
-0.3775980912360223
-0.0127031881582021
-0.4016216231908218
-0.5827591895943441
0.1554224235326963
0.5677633132942685
-0.0678826873141784
0.1079668930162102
-0.5455414815200699
0.0527917706782433
-0.2638394987992299
0.7170212851438212
-0.1035780957513227
0.4153156259604011
0.4798611605312312
-0.8683301526213622
0.0150563912735921
-0.0213046471676421
0.3419692666357439
-0.1111150925142058
-0.3406356118077083
0.0579787557495546
0.1060066910381369
-0.7142181323779614
-0.4587343923919491
0.1393959789022437
0.4954038988765529
