0.1863662437902407
-0.1871213188498367
0.6084932387603617
-0.3001394249662444
-0.6854965639383412
0.2398203150958215
0.4198390910954251
-0.2374058467841442
0.5714966743714777
-0.6190729917792838
-0.3443364195928354
-0.5724318901545782
-0.2181180277249604
0.6992607178362640
-0.1311988404999461
0.5986226673626194
0.5099615155803863
0.4229963276454373
-0.1030335747054029
-0.4382332073548492
-0.8623844008270912
0.1742026238423509
0.1722556828975445
-0.1199542542573884
-0.4264804188372471
0.6671956570905792
0.2290836883750922
0.5649868617157395
-0.0943633319779707
0.4174398478182806
0.8374003745331039
0.1049775225260258
-0.3580429568029815
0.0521409639275007
-0.3960137541305916
0.2416518239810152
-0.4041141687408894
-0.4743563772895363
-0.3476091631732059
0.6576093305240422
-0.0919028315173717
0.4832583207131169
0.4315462764435825
0.7470372016586400
0.1171259819439544
0.2304426991827357
0.0828962800476876
0.9186720773718382
0.2731535355284340
-0.1464688684781124
-0.2476961743073120
0.3303187673974296
-0.4374858687118648
-0.7623182760928419
-0.2387741144907197
0.2346766390433673
-0.5022610907618508
0.7596010320687017
-0.3011570262215551
0.1580233825469443
0.4878640217249316
-0.3867791352967794
-0.1521939421963568
0.6712871523608402
-0.3722917670852489
-0.1795677066754904
0.5356957038859487
0.3207195793400144
-0.5106388483971387
-0.5631806721586343
-0.5041592550899305
-0.2138245137174134
0.6170431875585907
0.5499313513977111
-0.1301373746396445
0.1039672280776029
0.0128087522868563
-0.7353656568140449
-0.1311884623471304
-0.6565467915359557
0.8213793802870510
-0.3100498467911061
0.4115206380381047
0.0625571615675269
-0.2365213989249119
0.2714404602072977
0.7584714076151806
-0.3569347437882531
-0.2164576667314373
-0.4204579260552634
0.4501279772978430
-0.8712854582612821
0.0132412282062505
-0.0771515960569593
0.1792170621833592
-0.0679200039795396
-0.1246509442756409
0.4036149388398834
-0.8963665680971042
-0.1160645160835433
0.4376459882338872
-0.4750289961701681
-0.7573415313611911
0.0909751114860005
-0.0311572743663928
0.5235216063890796
0.5112641523303718
-0.5654144861662403
0.2754228694974936
0.2626457613913410
-0.3130287311190208
-0.2298053474111975
-0.0939498066625004
-0.4959009702689866
-0.7710111395496120
0.0958783041259212
-0.7419659771843604
0.4565879597276223
0.2973723976429020
-0.3786699508155799
0.1724361084765923
0.2772437433348587
0.0519089356692033
-0.3743908241106187
0.8663363483627973
-0.6549876977949550
0.2482511395781539
-0.1124379641671323
0.6680119158703387
-0.2246781518185582
-0.7191552718091333
-0.3119307007685779
-0.1761412628091113
-0.5953702689644403
0.0048405904988331
-0.4230200023446512
0.5956966886222294
0.1715903640173297
0.1459803773577219
0.6445510136395252
0.4606058656789179
0.0965898767272626
-0.0752512365060058
-0.6857877952583493
-0.5500408925661771
-0.3073059880618227
-0.8935790989743571
-0.1915793107086821
-0.1218080044458544
-0.2356684139608618
