0.1231463110644025
-0.0827319066486624
-0.2364207095476278
0.1351721306030500
0.7722127827117895
-0.5300953587817807
0.1628204216714366
0.1359418404425053
-0.0800335963291609
0.5240952633525147
-0.1991177125555670
-0.4513753558606317
-0.6653314226457655
-0.1199379719508051
-0.7789788693855909
0.0207508379388879
0.4936940182798358
-0.0310165448077277
0.2451420699011818
0.2588052937088220
0.1448816743116066
0.0299981537584654
-0.7804730308187279
0.2407862691483514
-0.4197829060439396
0.3143339767390569
0.0300313457500904
-0.2367667896020975
-0.2836257943379923
-0.1292233402504211
-0.6554222141250694
-0.6484620567427635
-0.2274328130978196
0.0099456923436041
-0.0308515485384773
0.0804645445068527
-0.6965004588641273
-0.1260805917257249
0.5510264043514812
-0.3046581363449293
0.2176135071056285
0.2207123364494090
-0.6324973247678208
-0.1122434219611231
-0.2547710776201415
0.3945599030925173
-0.1445402295454874
-0.4934900187614549
-0.3199038178791541
0.1205527967004674
0.0750220113736325
-0.0138505747057185
0.1671747762001045
0.1359051998839788
0.2456036152581279
-0.9342955194244217
