0.0829242743233121
0.0250098540890365
0.2732671252956414
0.0637633903016193
0.3261372359866199
0.2362245606467385
-0.1320601054213312
0.2400766178570682
-0.0960101381939038
-0.2622090634247281
-0.2535726311036995
0.2332895085222187
0.3693423419450748
-0.5860075148136147
0.0060151171126235
-0.0824635838465324
0.4255726004619974
-0.0329279766524381
0.5309244367950227
-0.3124383406884616
-0.0182715179315631
-0.2703027769363808
0.1822301928706141
0.2180376234660258
-0.2996764594179547
0.0354839274029486
-0.1710667530906894
0.3962249361196242
0.1517650378247768
0.2538034153915772
0.3655448183177447
-0.6531553118527517
-0.1357752000048096
0.0874988603695457
-0.0016328410866723
0.3537900734137036
0.0088809089734760
-0.2548250993272526
0.2636161147228491
0.0423271209471332
-0.1101372772034972
-0.2294021002092404
-0.0736326623665263
-0.2460974931252845
0.2050016632372948
0.0715945738017224
-0.1913145889982701
-0.0786874904873796
-0.6628319667236193
-0.5702470563793691
-0.1563630063950013
0.0288990231652268
0.1179913388534539
-0.0027231639672672
-0.0637464582137474
0.1904320076288060
0.3768301949850286
0.1855485315401258
-0.1946348832078380
-0.1427124551841810
-0.0448384443160141
-0.0307865608146281
0.2328554583820200
-0.1773032288340645
-0.0544022576788893
0.7315199642816367
-0.3381849937245976
0.0648626012942014
0.0922704280122005
0.1073947084366163
0.2884709177004237
0.4021046417199016
-0.0983761469521714
0.4455140572947976
-0.2855919538506568
-0.0948705489086547
-0.1793664218858319
-0.3456476419860128
-0.2108926059016642
-0.2722805165452397
-0.1687735129056172
0.2712472922548696
0.2667599379254501
-0.1135567115438235
-0.1374200833349025
-0.1949699063599868
0.0691567654597801
0.1077926227535984
-0.0907431672829717
0.3068605754122715
0.0000442840259282
-0.0078445805937509
-0.5082501747876765
-0.0560400210489346
0.2324197472998473
-0.6830926866954596
-0.0597375517727313
0.1964164383399990
-0.1347795299103274
0.1983645708104445
0.2519742357451843
-0.3873063077154850
-0.1285578407182232
0.1023061870088039
0.5226179973037683
-0.4279150891506490
0.4441330247479465
0.1003329263492648
-0.0644793959533663
-0.0030260559865486
-0.1782584355271005
-0.0499054687811311
-0.0811993427678375
-0.4920311904615177
0.5168699759783455
-0.0350588882248664
-0.2911980647350082
-0.1538609695956778
0.2880359314908527
-0.0964738170553268
-0.1932202742347914
-0.1612569542390350
-0.0123151012946348
0.0522249656190327
-0.4435727428707286
0.1386113412417043
-0.5385807228404002
0.3168468337743764
0.0042673675860912
0.1692986072393946
0.0839371214990215
0.0194541083365967
-0.1126877958206222
-0.0221128102498878
0.2761378959467646
0.6541426847939118
0.0395891357610966
0.0188195324883387
-0.2239344651765549
-0.0634376296624252
0.2384334261121966
-0.0301160359915317
-0.1686781348630086
0.0161140580064495
0.2705348157602849
-0.2290107805935559
0.1840167875445912
-0.6900304167732855
-0.0021012720967982
0.1323285338265887
0.4146716720031792
0.2905369681995397
-0.0419910611949319
-0.0474187771173315
-0.1851602172400419
-0.0945882327706013
0.0417192953832408
-0.2230185199836313
0.2445169120902674
-0.0110462053766196
0.0220155672140234
0.4564455049981595
-0.3048935498870854
-0.2465386839410881
-0.2062193690883711
0.5894948972622737
-0.2164222809386755
0.2143422774711370
-0.3717405623222084
0.0587219042988898
-0.2586531735383282
0.1699246054918451
0.4591360084151436
0.2534848127005097
-0.2100483870225980
0.0212254782148490
-0.2495255231415870
-0.1488261774213376
-0.3302811413501291
-0.1821269487031665
-0.4052919355102718
-0.2280876096752368
0.4355387046563540
-0.4356011932330676
0.3038346046063632
-0.2910319198582204
0.1403494439004540
0.3555560435771300
-0.1712527334196814
-0.1100540984363361
0.1009471037512194
0.1216625389508402
0.0600646048621750
0.4668126970610744
-0.0952260379599635
0.0200793852951313
0.3057546635710591
0.0392861966412222
-0.2711111009738899
-0.1976050536609238
0.1805622112023605
0.1049631010936517
-0.0505922020806877
0.0609001912206047
0.1930059427612988
0.3179425048640718
0.1191905184855230
-0.0227580866449888
-0.4553408339376222
-0.6181706962084400
-0.7451519189085776
0.0437180154794660
-0.0199040086616679
-0.4705545650718654
-0.3312430083771136
0.0338290944740654
-0.1048419136071573
-0.0835974502442004
-0.2585535020793346
-0.0598669612355889
0.0142597320568606
-0.0068317087229715
-0.1416837941206143
0.0376112965335434
0.1665571575696711
0.1329899180753812
0.2544970649430490
0.3533223722734894
-0.2686066641172639
-0.1010414393956845
0.1701397913514758
0.4475841878312319
0.1422323625304970
0.1482017146141209
0.3442895719265835
-0.3319029449601046
-0.4192364537924529
-0.0817373983765980
0.0108235203432031
0.4066684564784732
0.0058151346092410
0.4630149920603875
0.3887065719177199
-0.0049441855271079
-0.2583053661817416
-0.1441116070512390
-0.0015211918664244
-0.1085424030946870
0.3922865263417440
-0.1806778837977689
-0.2026328578934332
0.3769652489376566
0.0756134074805618
0.2256524650261156
-0.0232527153546940
0.0613667738551452
0.1487959420633097
0.3886297529874601
0.2231883344469807
-0.0039806331876454
0.1415752069655904
-0.3964717588887585
0.3734317975303504
0.5167187180746301
0.3122308273702407
0.1867720192567099
0.3073577526223454
0.2355646223864594
0.6145182126616162
0.0266524826322788
-0.1234760558759195
-0.1503640445608343
0.2910180415026682
-0.0219365677934434
-0.1439627856616552
-0.0143662154387130
-0.4071397441041792
-0.3400597719832873
0.2017823818886214
-0.0749527525106422
-0.3215547170358779
-0.1374915595622948
0.0614176032639270
0.2719429606715475
-0.1375858675642571
0.6837592870788879
-0.1897965476930218
0.0205513181852137
-0.3187089634505498
0.1883825846631903
-0.0781575903888300
0.3302821282805044
0.1421469382667100
0.0678805752232514
-0.2393215866295285
0.2481145051706644
0.1289504461221576
-0.4480521212930656
0.1475899831985165
-0.4545454973638297
-0.0055418001882047
0.3432855888031507
-0.0538626416346693
0.2588812712212739
-0.1577318383441774
0.0068942360270543
0.4548876775599010
0.1254789661119425
-0.3377662891302698
0.2634287656177478
0.2145890234802270
-0.1293155592862776
0.0495088383327782
-0.1579315628629696
-0.4220971207466564
-0.2314265970684815
0.4340221810869619
-0.2182162011393698
-0.3706585941580479
-0.2339609273919249
0.1290528463647594
-0.2232863485896590
-0.1746893758164608
-0.2442135601564981
-0.3779078719006914
0.0466138373805253
-0.3889861620544426
-0.2515342724035255
0.1910033221088379
-0.3568624193597337
0.3934906211692974
-0.4434909728402129
0.0045027028380817
0.0913481988478884
0.1597361408390165
-0.0323087490733378
-0.1577491050387816
-0.2437381770376244
-0.1457391138365542
-0.0817180185184782
-0.2280984064933309
0.1733028546640998
-0.2236785331393301
-0.1212983250236652
0.3146663567344301
0.0146652601031721
-0.5892074269957245
0.2124398544093564
-0.4276850301346603
0.2579544728374903
0.3847596402577730
0.0781940718729213
0.3089867713134276
0.1121033540737485
0.0746572656116506
-0.2207292468207292
-0.4472296766565064
0.0969321648775688
-0.0365801344892088
-0.3093326262993621
-0.2297058565345313
0.1020635798419002
-0.5372079380341955
-0.1590643896499230
0.2405381427340543
-0.3121938026086000
-0.6412825110962319
0.0173882579291318
0.0020551385626313
0.1132043028508654
-0.0078129625965516
0.2360331844693611
0.2365395695969818
-0.1117351823430564
-0.1535794268490639
-0.5044705400470784
-0.0837863078635352
0.1049077983133212
-0.2434259955049220
0.1074692460322414
0.1566600493787800
-0.2752075441316769
0.3553111704364034
0.5125465431367149
-0.2201705554310688
-0.3598930235259163
0.0406156781225757
0.0358596780013188
0.4207115981211075
-0.1405578923663122
0.0639382397708346
-0.2412179836803857
-0.0635063566980876
-0.2983684320791842
0.3128990003543273
0.3087887995920977
0.2394566064148173
0.2446187101813640
0.4731157833385695
-0.1464793324605269
-0.0780335970608487
0.4057612592677894
0.0256977672754067
-0.1008788124075988
-0.0192230922693372
-0.4114322740229467
0.0753036773541305
-0.0777895005731917
0.2491832299193828
-0.0386243444006550
0.2265172567427469
-0.2876774337509818
-0.5534454469858898
0.2371898417644119
0.3953741462579871
0.1921897418898072
0.4595861736451876
0.0206411299528202
0.0881703397706519
-0.1240469343551269
-0.1228214136898463
-0.2049777045216110
-0.0140262362790167
0.1019149785472001
-0.1041586564010387
0.4893823452376467
0.0014887216300193
0.1746645699032666
0.7415724803016318
0.0557046704802765
0.0312825680267419
0.0468210639115873
0.1520696106433392
-0.2685756459608475
0.2953694744595282
0.2422492852879836
-0.2586420452915028
-0.4814773305881924
0.4444411270080902
0.2756157489607921
0.1422215698387071
-0.1193325597188936
-0.0325819444901248
-0.1014331266759546
-0.0153069667938923
-0.0292162653731716
-0.3207130126242664
0.3634581771384915
0.2675478831119729
-0.0601135551039527
0.3898249397890223
-0.1046111522513274
-0.1275442318171989
0.2440197023553219
-0.1538271506832750
-0.0504212113973735
0.4440027498387871
-0.2950933936882053
0.0346780609007577
-0.3935890581312746
-0.1347105564861669
0.4487748604194851
0.0244391077386855
-0.7139863763961645
-0.1254480762028291
0.0561957849660318
0.4127518782809166
-0.3544967246586272
-0.0197599902283127
0.0041117810784762
0.0663452611495066
-0.1605419191814780
-0.1117807635481678
0.1150377989965322
-0.1234437554424869
-0.3211684868421899
-0.0873665289637793
-0.0371043031268826
-0.0065067157691764
0.1310465332842940
0.5250617226433653
0.1003940689754641
0.3802087267515036
-0.2680543572447932
0.1885593231047671
-0.4373690695782646
-0.0969885351462040
-0.4068039359451733
0.2575360907263420
0.0593873339474628
-0.0580743320125504
-0.0018442998876238
0.0722786866405597
-0.1147210366655318
-0.0939369836547100
-0.1530594283803771
0.1153131561191693
-0.4362903260865321
-0.3107177377212825
-0.3406177239722675
0.0092525329756709
-0.2068920812776226
-0.1333320196611063
-0.6849144552793079
0.3782375355141791
0.0876763137219101
-0.0479952731080844
-0.2341005391296465
-0.1674991804999175
0.5028775430950433
-0.3904131939094577
-0.2019257842823582
-0.2010249243081630
-0.0059808593710809
-0.3989076743782307
-0.2867998172723000
0.0059169439740895
-0.1901080481240110
0.1015566235490424
-0.5276620777605046
0.2100028813836104
-0.0172491864647027
0.1682229717680691
0.1098069217002743
-0.2091188864774073
0.0547510561058310
0.0688536351907211
0.2348530403162216
-0.2190933960643056
-0.3479096338439321
0.5849774114084483
0.0929351880094894
-0.1859332026125081
0.2463299871336465
0.3251054407005906
0.6264361486673872
0.0759505113600429
0.1578239831655961
0.2356302499379196
0.1068583184108408
0.2376033914271354
-0.1835689648096804
-0.3540660386240422
0.2313299414994423
-0.1919673391119727
0.0560061036974673
