0.8320104923803506
-0.5519899409519624
-0.0553682730167359
0.9556243858569712
0.2067184729380118
0.2098797419992297
-0.5858600606641196
-0.7738996137165880
0.2405148170237132
-0.2142562290224889
0.8396222454692684
0.4991279928417225
0.6293284609177576
-0.1884264531185018
-0.7539503697486112
-0.2097123046923466
0.9275598727782691
-0.3092788897939620
0.6211405921981878
-0.3468845821640774
0.7027484979567996
0.4324568440172910
0.4395854486824683
0.7872392973989787
-0.1657182014611116
-0.4700351596534744
0.8669512249221565
