-0.3327093126207455
-0.1976378764166086
0.2750341226262377
-0.1197883577129331
-0.8603275671041200
0.1417294645771465
-0.6620837949463116
-0.0582271411572915
-0.2209629130423782
-0.4196325796934230
0.4427358820779077
-0.3705718234600491
0.1623838863796296
-0.5885435734974575
-0.6847203945187348
0.3878439998031909
0.0594695554632575
-0.0666807367900476
-0.2864919840630750
0.5235149376673595
-0.1362258979519965
-0.7277773227873419
-0.0307176757958325
-0.3077231721273316
-0.0558738870263416
-0.4840883258196574
-0.0427270292516613
-0.2525578417807231
0.8239631115070171
-0.1342025706003980
0.6575825855095937
0.5418621541367072
-0.1589206886982024
0.2746452528918857
-0.3256332473125555
-0.2593216866387507
-0.2747496409371111
0.6096350881585149
-0.5011919336483188
-0.0541970878526955
0.4345758408600608
-0.3314677268540724
-0.2147589976577019
-0.6143957861972997
-0.1573534981263148
-0.3229317413074331
-0.3825100997301216
0.5486687356830847
0.2794810445056689
-0.0722433435525986
-0.4053462399078040
0.6610692107810994
-0.5537563476844491
-0.0933117185748964
-0.7718331997984398
-0.0063430597756570
0.1331428711756085
0.0017681434020762
-0.2561715821578570
0.5664620440067891
-0.4198437596905591
-0.2932409231789855
0.5635411965042209
-0.1917589552087075
0.3461603312909964
-0.5133846768285905
-0.0248299837635409
0.1910905830528236
0.6879414082873482
0.2055607814584752
-0.3321056756766135
0.5805644366028766
-0.2297424537482771
-0.3575382369826021
-0.1141299831632983
0.8233597670057593
0.0108234057590938
-0.3582188003835564
0.2826004279631303
0.5307288609370747
0.6530595900533452
0.3168001209776460
-0.2792078203168362
-0.1834604113843580
-0.0934264890041315
0.3988191757618537
0.0118463860726054
0.5416685033948121
-0.4251070793262840
-0.5982922553992458
0.5516615683669482
-0.1047137176270004
0.0149809168903334
-0.3916609971118869
-0.5014104375185793
-0.5288377444410771
0.0652851226278467
0.2330784416221557
0.1106081513976653
-0.4507718448554258
0.5652653130227859
-0.6375405865023289
-0.4693727129513100
-0.4447091124392786
0.4979958300591105
0.4750915280735979
-0.2891941235272613
0.1567737661853106
0.5444412911885246
-0.0405461073966972
-0.7436463852869452
-0.0664592017032691
-0.2877910469418680
-0.2483731770595927
0.4570154461845799
0.7138778878248125
0.2380234703659336
-0.0517502922037408
-0.1144139583674046
0.4572651573933668
-0.1172163890081013
0.5293016329379352
-0.7034247390769987
0.2698889324858355
-0.3405879172479923
-0.1498451558039974
0.4807605562018746
0.2690428657738628
-0.2920758910562703
-0.1762329615089317
0.4169467977527242
0.6373964299883376
-0.2710922199959243
0.0873326058425981
0.6108941768379983
0.5822625197980864
0.1631709773705341
-0.4243063976682122
0.7271027555927758
-0.5755633655457618
-0.0882313275906893
0.2117552908926159
-0.2492870512537744
-0.1589946248739066
0.1012727503466364
0.7412186215833471
0.1405624001865090
-0.2785174291030378
0.5797311126434912
0.0831917990434922
-0.1252858015812802
0.6950471332026724
-0.4704073268155480
-0.3433366820488097
0.0357142730035328
0.4009667204278638
-0.4072256095752956
0.2458587125084653
0.2252969093416863
0.1344745131602463
0.8091798825770444
-0.2238450847655765
0.3142110949611296
-0.6723016296343395
-0.0228626962378828
-0.3432030853653886
0.1518402373338586
-0.5549012418774615
0.9211614177354348
0.0917019398576944
-0.1023876288828804
-0.2909945124885470
-0.1425350555859210
0.1660575857478135
0.0536413430568144
-0.2017709690642505
-0.2621735035397609
-0.8791417779733364
0.2977518332747331
-0.1616468880091348
-0.2642726737601708
-0.7363435131991541
0.3521961427174129
-0.3870364392942509
-0.2840390227888987
-0.1828679570611225
-0.7242346728391803
0.1695254810619895
-0.6369373580714991
0.0861478857280800
0.0755685010768737
0.1671047433518921
-0.5911467715283958
0.0150336927942261
-0.2607832145566283
0.5230891078097065
-0.5548612049311831
-0.0286081483356771
-0.2443571979428196
-0.1567766026011957
0.5567006449891657
-0.5703015759253952
-0.2248572285184567
0.4795731308559901
-0.3138380520051121
-0.5037523843433021
0.3285159719845362
0.4648932199480919
0.5684416798473396
0.0237659250137635
0.5848167810733944
-0.4101344437448776
-0.4908175304109080
-0.2558257969738094
0.4253136837777500
0.0503850619180540
0.1599911485101548
-0.3482358691644383
-0.3055142786561681
0.2386067629718330
-0.3087151998835682
-0.7794596688654540
0.5492623322736733
-0.4000714178127155
0.2866437034291632
0.2767225226895631
0.6078707005292662
-0.1000349696526465
-0.0293304719415667
0.2667004041064814
-0.0208723434006527
-0.2784550730909124
-0.5145048321752786
0.7650637313873354
0.1522683425431844
-0.3674596235399526
-0.2435486699406067
0.2866906604148515
0.6670936968555541
0.5052388416815118
0.0226248638268439
-0.0423125726835412
0.4769473839108956
-0.7671985512357165
-0.1036832411296679
-0.4133704430664277
0.7649952860200790
-0.0043537158514149
-0.3105713941742153
0.4722509999575270
0.2468994279710335
0.1852790656083931
0.5138690069862736
-0.0133210409233235
0.2381000484393476
0.7156829641659773
0.0006501547381169
-0.4084936138573742
-0.1806167037966314
-0.2317800580156903
-0.2749293530343905
-0.6923081442114785
-0.5561304188874882
-0.2224811284187054
-0.0775716138106302
0.9604796519006285
0.0171828546753368
-0.0150490041690704
-0.1961467120874879
-0.1801838708976357
-0.2013018701687080
-0.0748301037305965
-0.4956372648424001
0.0036088047114145
0.0798620797375750
0.8377533879909633
0.3625830487562500
0.2028464663700567
0.4904005743268188
-0.3864027528833888
-0.6412068967250288
0.1626061151744537
-0.5353926556249503
0.4453097935497836
0.1876625350844383
-0.0233782254730890
0.0868414879535206
-0.6868396316032896
0.4114773480929200
-0.4580252664767092
0.1396348442686237
-0.7090095874787891
-0.2625487471621962
0.1725541009890907
-0.2764147935801524
0.1727808097390271
-0.3655132783934939
-0.3216487881706586
0.7409492358455526
0.3281432369594817
-0.2169488253970020
-0.2440255736791191
-0.7833670205776418
-0.0273421183260782
-0.5122817934017406
0.1286103041567265
-0.5469595244549924
0.0094056813591547
-0.5104594667316211
-0.0824109890689712
-0.2970837666465481
-0.5874756242313217
-0.1656512712764796
-0.4322938349938943
0.3115041085266206
0.1689584539955077
0.1249060461392725
0.8028065815519297
-0.0979952040463424
-0.1384299742199675
0.9182903194597681
-0.0652325740329979
-0.3059315759921222
-0.1735729054428079
-0.5482818127746472
-0.5628534651022036
-0.3146804368373639
0.4105100714093585
0.0137370235830483
0.3388982571943933
