0.6021633428576079
0.1046959148873126
0.1368123067007241
-0.2710485456982334
-0.1503386464393677
0.2277248671448221
-0.0095210556089939
-0.2538103554046277
-0.5684355523269441
0.2686326574440276
-0.4290906744783187
0.3314526897984355
0.4489755647049997
0.2495746621820698
-0.0217241767143508
-0.2608695177939265
-0.2252482364023321
-0.1186381410449033
-0.2207097996515618
-0.5100042161124945
0.3623993402084119
0.4452253246706127
0.1325410121742961
0.3555563131323753
-0.3456521257945455
-0.1512336057658734
-0.1842393963940430
0.5047706345478217
-0.3033585533178652
-0.0578166121126518
0.2618200550404385
0.0211150171356782
-0.6131355264586407
0.0249970393566186
0.2893827114143642
0.1803172161812509
0.0415077844415823
-0.0975138856752239
0.3738023685626620
-0.5359362575148283
-0.1855279388745780
-0.2220831936123827
0.0202664702518056
0.2545289662459538
-0.0700696908122917
0.1728009077073848
0.3876429813899112
0.7787867353757187
-0.1030673118806414
0.2211200313536026
-0.2790947220373573
0.2200223967283665
-0.1858567763703425
-0.1434684297737615
-0.0577381539146911
-0.1510030341850921
0.7159009021757121
-0.1343967777493698
-0.0993090909252664
0.5019918799222511
0.2297758031973001
0.5274502138711202
0.1595766242084915
0.3481719295254178
-0.0934260867245934
0.5797925317384574
-0.0133282216112535
-0.2928735019325304
0.0468881655637967
-0.2987843995480228
0.3561045131122005
0.0865618333839463
-0.2141369807686483
0.2701329530218102
0.5411704608487709
0.4587859945239258
-0.1679464268067332
0.3295051332474040
-0.3124164216558794
0.0955847990056729
0.2906546370720396
0.0773236724085801
0.3721237614000809
0.3169967643825043
0.4080572043680059
-0.0706446435680175
0.3220866655989922
0.3699481686234495
0.1995386017884175
-0.4676103295229563
-0.3567522532945951
-0.1429076802825218
0.3304224594536722
0.3566187673298220
-0.1349777981732117
0.1911754082378080
-0.4438540642309277
-0.4305882303683523
0.3756764389473065
0.1940020458692912
-0.1791046201082359
0.2135322519965278
0.2636466720559618
0.1742098362846519
0.5566139480673462
0.1233297907170494
0.0412210382937824
-0.5205386727173117
-0.3536182316508017
0.3158037613124317
-0.0575220643083743
-0.1517973417970291
0.0235719255622423
-0.5290491321576569
0.4498738758600511
0.2610976079443288
-0.1161961672227152
0.5372594574741781
0.3205317952110730
-0.1332358379342876
0.0867769080970704
0.0517773449217945
0.1872725589421982
-0.1342160907019381
-0.4139746759459558
0.6479850643019324
-0.3579164305866909
0.3417249564833986
0.1072812137978822
0.2984205967313729
-0.0011029104226582
0.1791602943733942
0.1410737019723311
-0.6692040749671005
-0.2053679186970933
-0.2600411283175860
-0.4752859189637409
0.2105959007119238
-0.2999133462362754
-0.1737002167779716
0.5921639295957279
0.5389470316076417
-0.1801503475900218
0.1608460430001656
0.2747775642121111
-0.2261863727697746
0.1977306894571186
-0.1709664230022964
0.1779419739839844
0.2718438997800909
0.0894378680328015
0.5245216031378386
0.3346506952401222
-0.1434779836662499
-0.0927028830597757
-0.1197517486187483
-0.2755988934092792
0.1435017691989389
0.6731863185154995
-0.1078856010266926
0.0821626142977621
0.3314079002815553
-0.1473789532981162
-0.6938439627817915
-0.2861745362115816
0.3634736732920091
0.2745580481419009
-0.1712528266279882
0.2013020698419663
-0.1450412209553321
0.5011148436450776
-0.1901503964188269
-0.5661963723092254
0.0833010943477201
-0.0942558050157150
-0.3982718015277909
-0.3935811343588610
-0.0493677857188656
-0.2451302637803758
0.0165111296493399
-0.2092530522672642
0.6330566394171406
-0.5390868100421825
-0.0424424109351511
-0.2658239945584259
-0.3811718867224001
-0.0563647036375315
-0.0308637638780020
0.0339577224244890
-0.2044490705276769
-0.0506009478495922
0.0959472323379368
-0.1896987259880115
0.3276759198567760
-0.3622141417231689
-0.3280037474508822
-0.1040630257856751
0.2199586302373499
0.3929299240327158
0.6264871724384808
-0.4360756247059318
-0.0456020517452109
-0.3898550791281724
-0.0848887199556782
0.4916113422266101
-0.0739228069124706
-0.5433914096410003
-0.0716914778184105
-0.2610886291343168
-0.1812124924001826
0.2247131184851359
0.0413007683993723
0.5009564496505531
-0.5891527761898236
0.3261289325691984
-0.3222028622877494
0.3167334264454708
-0.1371201248646547
0.0776883561861034
0.1200319327879638
-0.2233752551713402
0.0334363287561847
-0.1250892774453488
0.2114410778653753
-0.3588345275424018
0.0953143489343620
0.6295032074181683
0.0159910574586925
-0.1096274123327902
-0.5850090902569152
-0.3040292729816144
0.4597620062490794
-0.3666954503108326
-0.0067389061615293
0.2751668812416362
0.4273408095549543
-0.1273137548829985
-0.0657122224413273
0.3907645417583005
0.3607122636474679
-0.2834910969021978
0.5000424115923098
0.1161618085827006
-0.0204802057342931
0.4818188813901795
-0.3789721440186848
0.0042021933894019
0.4677024934321485
-0.0815507938769426
0.2334400282854676
0.3882572364515786
-0.4630728912177142
0.0774534290529293
0.1048386692577593
0.1060560337775565
-0.3991527853978842
-0.0482020164961986
-0.1675343081399308
0.6456110038788030
-0.0073525505315332
