0.3928815330977413
0.0377460437982179
-0.4251514237147033
-0.5743667111434556
-0.1620303694063092
0.2506904141144550
-0.2145961691450780
-0.0209670989997911
0.4173715466331302
0.1542038191550375
-0.7617220736237208
-0.0693188868418212
-0.0557066398424972
-0.3526680494403012
0.1631557716989569
-0.0232426592500996
0.2896103913432193
-0.0037395962829470
0.2865626278359871
-0.3071319937559819
-0.1194553125193957
0.2641398953242589
0.5141264279343519
0.6150341089662893
-0.1712588148852122
0.0941695613534131
-0.2548867552411219
-0.0641686179929169
0.3213390943671515
0.2506520174543549
0.0723929526372151
-0.3623063483500032
-0.1780292197134644
-0.1630201507313202
-0.4347214320634522
0.2706021841447013
0.3224457207995918
-0.0053702948181759
0.3727751320848719
-0.5477716222560524
-0.5778792520454668
-0.1530057428196424
-0.1179542537943790
0.0669616948188743
-0.4535502263693245
0.4782261370289290
-0.2654473937164757
0.2258767600868523
0.2556080441206480
0.0549689947489775
-0.5088544607412702
0.4233580695039137
-0.2282132124024601
0.4484728522246389
0.2133658965872262
0.1191937863719988
0.0578222000467872
-0.4705134633020843
0.1026093066833061
-0.1167850716106796
-0.3582067528068256
-0.0559941787108177
-0.0190613172405136
0.0257429269713201
-0.0192729298176311
0.6737764007435968
0.2765872800649906
-0.1201075661541458
-0.4180343179682975
-0.3840591310291993
-0.0977873514212805
-0.0003971688596840
0.2886133414796630
-0.0115064632073088
0.3017924922020332
0.5424400566302320
-0.2152826850156846
0.1753168994217663
0.4487541944361353
-0.4931779764773950
-0.1917646963871615
-0.2022437432403279
-0.0875015590796151
0.0570466893890660
0.0693468509543850
0.0789023668264092
-0.0333981187185590
-0.3966439792984298
0.8003384727346986
0.3184255032390201
-0.1021960881392173
-0.1979983661332690
0.6762390983037129
-0.0060002314213371
-0.1203842858719377
0.3269149336572717
-0.3068543934201302
0.1298117004548951
-0.4649420696780344
0.2108784272990311
-0.2994876797821034
-0.2433194498005753
-0.2658457243503374
-0.3389890900228527
-0.5515120889041459
-0.4644304630873721
-0.1971140267057201
-0.1777053363357591
0.2740504479973050
-0.0108263249887886
-0.1769242778688934
-0.3552739120561638
-0.6318895784597279
0.0208545107098673
0.2412556382145366
0.3204894430768917
-0.3248571104157589
-0.2404771695764903
0.1465523951975616
-0.3114516261356501
0.0162098286241278
-0.2326726371553634
-0.0453543659933840
0.0498896420081849
-0.1385558489502121
-0.6306056409267176
0.5214665466957926
0.4363199311098757
-0.0342066115879565
-0.2464162311029389
0.4136251066656185
0.3613046996824055
-0.3407742262725089
-0.1607892334875549
0.1403183494915648
-0.0987977150171765
0.3213025623601889
0.5834668865576940
-0.0582937851564404
0.2826227111416397
-0.2607890746034449
-0.1457123741280505
0.2737460848659267
-0.3238170618000126
0.4917326477091963
-0.0752475757891676
0.3623404743641374
0.4367574831907562
-0.3337919405806378
0.2236841110446759
-0.2267055622951341
0.4918064672494468
-0.0784251189565078
-0.4934211770248305
0.0894224417851012
-0.6441344001425141
0.0077600611602614
0.1175982260039862
-0.1304385474847464
-0.0575043916232668
-0.3220816885129834
-0.3806990758845155
-0.1343106725786970
-0.0510409122785998
0.4734074874973418
-0.6236625970341207
-0.0356404106323204
-0.2982473550159414
-0.0009537281488458
0.1655135965750567
-0.4033591387627679
0.0111664525391792
-0.5926318503770095
0.2897299667268989
0.3008949167087686
-0.0542263594355351
0.1772085035450835
0.4087231705918321
-0.3192502863851961
-0.0903563699483013
0.2387110256675187
0.5087662891489653
-0.6391082128087699
-0.0815564283609071
0.0623467113203947
0.0130054370200820
-0.2727708697161390
-0.2153330306970870
-0.3797604878973018
-0.0040751829780983
-0.2524610888403120
0.4023314007675667
-0.3905675802860174
-0.3260341783964401
-0.5293041138163288
0.1165797168957007
0.4658947293572688
-0.0207520443633003
-0.0458173197138569
0.0470114247453072
0.0572214402266946
-0.0985499431241967
0.4250622157353817
0.1652378967797709
-0.6709537887169716
-0.2474413763260613
-0.2371297439981816
0.1975941153044305
-0.0374408684762553
-0.4134612144746977
-0.1808093372337797
0.1436146226483702
-0.1387409262509591
0.2852492653082827
0.0839134461813165
0.4276301007352787
0.6069658907002213
0.2733888337214257
0.4585128111014578
0.0526746754013134
-0.1617968204461463
0.0705621597986034
0.2208025051817251
-0.7561181780599890
-0.3281961335991406
0.2248228366604824
-0.1926319403779440
0.0500742301039936
-0.1487356146058555
-0.3583009056517147
0.0774977702585288
-0.1482737665372521
0.1388469209384948
0.5017665361830224
-0.0984616437262328
0.0753240233150533
-0.0509449250894457
0.8130488979280946
-0.0654337045567440
0.1329172381389545
0.2465438827930685
-0.1522979955212476
-0.0242591273814913
0.1538133062227855
-0.6989407646061948
0.0046830853518021
0.2434548493007333
0.1115916462178489
0.3664591475030248
0.4440934657547119
-0.5512624568708245
0.6215254313025117
0.3075835744344103
-0.0104377288002703
0.0669950377813891
0.2352382063659422
-0.0566343848137227
0.3629841538065042
-0.1347391078514467
-0.0464145987870301
0.0084033832483498
-0.6195866730159285
0.1994021245081606
-0.5139065708809595
0.3397854276145661
0.3446710604924121
-0.0764478956580649
-0.2415174572501513
0.0393454111313074
0.1104774450901435
-0.0184724755584522
0.3927452692686317
-0.0417826033410440
-0.2232379064225783
-0.5328565545633175
-0.0685649825219408
-0.4782404180891296
0.2709129483979508
-0.1370934266846714
0.4292893860727940
0.4468016096499540
0.0249483106790675
-0.2971034409247531
0.3435499985980998
-0.1962780202770572
0.1283880147727672
0.6458889963779161
-0.0846790173614760
-0.2953767514476893
-0.1638589233519138
-0.3338759347579725
-0.6364129050286881
-0.2829135955310947
0.0060017833045058
-0.1330178654239948
0.1183431420441230
0.5309899247003658
-0.0516869979785868
-0.0951505897400636
0.2793832818033648
-0.3533490412204732
-0.1534228750522692
-0.0567984357264187
0.4969075738219118
0.0645166619372793
-0.3686247282936436
-0.2035602112568817
0.1624011809633911
0.4829727397265200
-0.4004279170780161
-0.0556032977551820
-0.4912916213588659
-0.2238750306771533
0.1616189176547055
-0.0249535418744082
0.0030487052414952
-0.4817254062970751
0.0527911089025658
-0.0198709279890011
0.6659031583275713
-0.0852421829350100
0.2355072666303548
0.1062976682203372
-0.2993229965346641
-0.2822041541998659
-0.1143006079647522
0.0313278220923867
0.6098044362217847
0.5955232398739808
-0.1272085742299016
-0.1569052845478769
-0.0389741368953557
-0.3398040497437374
0.1688276014337076
-0.1809174147009277
-0.3588065373534775
0.0188241060393307
-0.3190148028480604
-0.3480556250913792
-0.6671967066422999
-0.2121936088913775
0.0684837313468912
-0.1133645780783589
0.5148106091873437
-0.0353201527350005
0.1088845256610929
-0.6972921166540846
0.0786983208791804
-0.3707767400399649
-0.1715047937005468
0.1439201131903303
-0.3429433134893339
-0.3876127377378840
-0.0636749774885536
-0.6068681402249956
0.2631386252422291
-0.1927533393987259
-0.0440176658996273
-0.4789793111643062
-0.0365415727473994
-0.3994298609979472
-0.6732123747398957
0.0041083277455119
-0.1214676052153095
-0.0096177697077275
-0.1356166215113408
-0.2699485417460473
0.3474626575820182
-0.2746672982028714
-0.2914457399508208
-0.6189279856360060
-0.0094574607741870
-0.2657776567240526
-0.3689021130314351
0.0120766818336892
0.0708234143063484
-0.1935514734116651
-0.1793664229386956
-0.4985935875906812
0.2944831384598409
0.0728970793492060
-0.5150229546960867
-0.2882730173177672
-0.0762557492579013
0.4303836277435664
-0.0683534612082073
0.0783087005013884
0.4845221318348408
0.4491674106465947
0.0892946015293113
0.3931608046637168
-0.0508715277725444
-0.4603817569332191
0.0330003554298762
-0.1155187285432062
-0.1443014552763391
-0.3648086534327009
0.4756058231320303
0.0549511351152391
-0.4830351097558149
-0.1023670782906750
0.4028118254149104
-0.4264238490151772
0.2191861127950499
0.2284460102674996
0.1267600595168708
-0.4178242834876761
0.3215955130436524
0.4394780535944503
0.2408034587961523
0.5982206604329647
-0.0646966548841747
-0.0025934845672022
-0.1897064433785278
0.1024787444501052
0.3681601512633020
-0.1585686684296659
-0.3150458196134983
-0.2006214653044504
-0.5396855288125896
-0.1741319488977403
0.2412516451338080
-0.1793086524131809
0.4478528775443721
-0.2164697116895666
0.4252549287843569
0.1239502098349259
0.0422842432088964
-0.3693266798737705
0.5454330541830907
-0.0130892264029801
0.0708862268210002
0.2367533351180023
0.2866710738328692
-0.2205313253751451
-0.5837385983909136
0.3268415621516012
-0.5284737763770664
0.2799400012000842
-0.0520596645621126
