0.4225619710541312
0.1155186669920290
-0.5184940914859544
0.2659806344519237
0.0326937217840231
0.1783873325387802
-0.2841681208053652
-0.2787193557490713
0.0983925540770813
-0.3469045248646760
-0.3836199073443908
0.2287246473126363
-0.0101438910914666
-0.2644784025281254
0.0975360376764988
-0.1742930445104083
-0.2244915864735786
-0.2113305031103339
0.1828282880633559
0.7273625205223123
-0.2609029607157151
0.3348613739173289
-0.0197177888705408
0.0275636236559396
0.4293333005009780
-0.1136297505478230
0.0911017152373004
-0.0224792860634079
-0.5302167698201182
-0.2672995867726468
0.1479307643507077
-0.0333173144092344
0.6459375859439920
0.2808609415200347
-0.1407103599982565
0.5235578636348639
-0.2896101631302777
-0.0138609316200583
-0.1712998473826449
0.2214169721800062
0.1865915982960572
0.0717839894109645
-0.6142086442025136
0.2180549929348473
-0.1207666298081310
-0.6237867457464968
-0.0942355926245496
-0.2227128195048184
0.1680017456970120
-0.3517899330621004
-0.0151864237237312
-0.3691539012598428
-0.1235555738858830
0.4833774160251575
-0.0204570296795046
-0.4116100364687910
0.3465646683377676
-0.0863256344437313
-0.2418621075391285
0.1862852170117399
-0.1347297447417358
-0.4706211478153923
0.5748209169669883
0.0510530086447530
-0.0299658980980793
0.1904172051655928
-0.0469266113423936
-0.0906934399841306
0.1409742064259856
0.1044645112528324
-0.3818716365671889
-0.2933815872153225
-0.2829285755983692
-0.2741784087293778
-0.1144030450956734
0.1159027513313774
-0.7383383007637547
-0.1933155296346811
0.3112451253583057
0.1311509250643507
-0.3020715656792366
-0.1881403079910495
0.7257592163230685
-0.1610874288671489
0.0627833065593197
-0.0566408995456048
0.3421064134943642
0.2122467277955329
0.1005835555267347
-0.1476404465563942
0.4091166512325252
-0.0739378566255499
-0.5985779424874966
0.0281026128676544
-0.4024370184689418
0.5023613875570191
0.1284957093763469
0.0723842461079864
-0.0091406729753127
0.5932722817468123
0.0554912712868819
-0.0577191777311761
-0.3608226861226764
0.0591080823817344
0.2201535964444789
-0.0925878523374330
-0.0883979846436039
-0.0561039145713765
0.5196817258862824
-0.4121399922999212
-0.4027427190847003
0.2433355098624793
0.2925679948415129
0.3200392435032939
0.4156666786256251
-0.5120629486811299
-0.2065938644437307
-0.1953602332756787
-0.1159725232052169
0.2417888214960926
-0.0531001490999532
-0.5190297283272184
0.2186338101526213
0.5960507247346685
-0.1484212897416449
-0.0832744071649203
0.1174592387914979
-0.1082844612313642
-0.0980185241417282
0.3893080046042119
-0.2038693193787391
-0.2651682019913486
-0.2324797708422479
-0.3984321257948137
-0.1925858828644779
-0.3488398800093656
-0.0862787905249673
-0.0840233044170210
-0.3620423781289229
0.1130987227976965
0.1446082687039394
-0.5944569917998499
-0.3094604927991982
-0.4884843205666654
-0.3314597236587106
-0.0557634983364573
0.2173151625014314
-0.0427789412066627
-0.2923127998460131
-0.0172118847429740
0.3732404527471919
0.4753512263602685
0.2643651815044566
-0.2800943406262659
0.0458414477432475
0.2507743473719287
0.0011969870689432
-0.2362074646738713
-0.3187939167030778
-0.3277495052123711
-0.3676427575055828
-0.0437950270777288
-0.5340539906610950
0.4544557102118680
0.2033303486968439
-0.0955329817418419
-0.0397720034165833
0.0981130890603489
0.1575742444681206
0.2380089661973845
0.4844970038737431
-0.3860567949318949
0.4018626713230271
-0.0342481359285815
0.0187389645900516
-0.5927838244264461
-0.7071604094941355
0.1806241539547697
-0.2784041426356279
-0.3680434244521279
-0.1827551310420388
-0.3305724909677328
0.1817070285823179
-0.1649954981926717
-0.1415921056134469
0.0201755546974195
-0.1759553795336085
-0.2053006609789759
0.2171180852843580
-0.3784927178270444
0.1497358334871538
-0.5549568804401430
-0.0169213524826758
0.2453070520542010
0.4481251633000841
0.0118929597890001
0.2434642786196792
0.3411192428192280
-0.2069568218177228
0.1294231160541385
0.2092508824508060
0.5926772510272883
0.1366781037717309
0.5218428662491618
-0.1449532367693948
-0.4484422337976133
-0.0997589902299968
-0.1371828254608698
0.0590129858591316
0.1599714109475179
-0.1768434291543342
0.1279811707641331
0.0158247057114239
0.7392358992621937
-0.1288888194567427
0.3009668187906480
0.3818511462217662
0.0147842626097653
0.3201295079490465
-0.1559843106212782
-0.3655250575269205
-0.3770198232250116
0.1173911831142906
-0.3916845988138981
0.0163206515334428
0.3758154561173265
0.2321693961951554
-0.4511036285442332
-0.0715042529951320
-0.2830514768238930
0.2700337770117285
-0.1681040296236293
-0.5706487329897978
-0.0415215064708672
0.3226911942044479
0.0048440852744307
0.5239370906864669
0.2592258529929177
0.2233366378066682
-0.1294255756252559
0.3333885209108287
0.1440058823029711
-0.1375792288026764
-0.3956459789692238
-0.3276764753285936
0.3248034612641428
0.5815986939029633
0.0161457357316835
-0.4605599208057952
0.0281581649458866
0.1065947548894227
-0.0779149523564413
0.2069005176075082
-0.1250099603713603
-0.0292476022513763
-0.1985169651327368
-0.3226190526630864
0.0013298656520136
0.1865276113715287
0.5763617847037490
-0.1180046387649683
0.4946034539975020
0.4627613927385383
0.0182221207499106
-0.0909366676675235
-0.4967660811280459
0.0032180543592685
-0.0416969548265965
-0.5284721730895601
-0.2278761165118924
0.2209191833219182
0.1037810715134455
-0.5612055216129549
-0.1922081832262759
0.0228737718769688
0.0497761253365386
-0.2989786531121291
0.0329704380179994
0.6700356999348233
-0.3662848570329699
-0.2820298290831973
-0.2437923491877238
-0.1711419313351481
0.0157650776156015
0.2702331891164906
0.2870453065619468
0.3208239052486780
-0.0571624187275995
0.5345363103873789
-0.0235684172925198
-0.0274832881566125
-0.4277031935161848
0.0663358917153059
-0.1513852477007502
0.5226367545866257
0.3436105822833653
-0.0727958526640954
0.0088077093862353
-0.4308444298677608
0.0157777758700294
-0.0052908134572929
-0.1695957587935474
0.4123294930912160
-0.3912612709730559
-0.3402832665593566
0.5390065124389041
0.1944077554619766
-0.1343121692779835
0.0310462514009456
0.0525615318386099
-0.6045092420889792
-0.5809762515118920
0.0956638389535657
0.0800043022597554
-0.3247661099643570
-0.2775779994906646
0.1181937020703010
0.0634264279534113
0.2779228195648753
0.1619630946189517
-0.4313169569612079
0.1152153235908257
-0.4838312050940268
0.2435801869420226
0.2207389525841110
-0.3178990499160249
0.3193804327812367
-0.4336088593424477
0.0196422509468811
0.2020972846034752
