-0.0738163950589370
-0.3377372365738793
0.0075354443440225
0.2265383098120925
-0.4842429576967205
0.0312428837387703
0.1585551584577899
-0.3041494610866196
0.1801330088504538
-0.5730938547417157
-0.2783692118134308
0.0572338911344391
-0.1735556983780424
0.0649856388918122
0.1796634419998049
0.5548083603054488
0.0323499617157918
0.0647475932345036
0.0266856330312496
0.0283725652865497
-0.1675082344106906
-0.5466952078041626
0.0083916504666041
0.2971004427635942
0.0360024326003531
0.2163171316167289
0.2567089329114458
0.3519805819646933
0.3874277365392490
-0.0129030189163349
0.3051390008940364
0.0977954710811064
0.3088572376690740
-0.0121142733220439
0.2339124823926927
-0.1902243186156301
0.4645604119085547
0.2803020757608893
0.0462904680817126
0.1392825242702903
0.3643842617629003
-0.3345379771123406
-0.3844320802990508
0.4453781717686776
0.0650842275127266
-0.4338090111645835
-0.2028921326557967
0.1410913013461302
-0.0585727250648573
-0.2480517347208037
0.1227913892517478
-0.4547557153628036
-0.1992623301686882
0.0399580934121791
0.2655370809082837
0.0412200456275035
-0.0344813841601252
0.1771848596424099
0.2884880309952139
0.2292726980227575
-0.0609333659128270
-0.0431558155258402
0.0016410925455255
-0.1528711167732311
0.6355693828490383
-0.0897285910808269
-0.1396201343146952
-0.4537116242976905
0.1725406938660783
0.3681843330578031
0.2240749319064975
-0.4554793977903830
-0.0955970285791133
-0.0431982359471352
0.4526974900081904
-0.0574480826760656
0.0403757382450536
0.1561283327528151
0.4267676695138558
-0.0411492744985012
-0.4881765550519498
0.0335036183368372
-0.0354985598516753
0.2693689139414504
-0.3642445749676203
-0.1541382758907245
0.1550925058878938
0.5699565177844631
-0.2209310207952807
0.3412920630688108
-0.2875843262245326
-0.2376888805229452
-0.0758563685207952
0.1153376363539919
0.1835672814614730
0.0052325193808756
0.0055943974889145
0.3706198115541812
0.1557459646006323
-0.0246571476188113
0.0302898711672439
0.1501906712424059
-0.2271578400872127
-0.3943926526094882
-0.1125887873994980
0.1935807333419812
0.1088293250044047
0.2556328224411822
-0.1544835677272206
-0.5773571689706097
0.2010386168448508
-0.4685611601819633
0.2927226343127000
0.0396922070537059
-0.1353435800910850
-0.0445382345110400
-0.1264080651393761
-0.2841893508660054
0.0788598058293215
-0.3571087495781075
0.1869615890456110
0.3303057845561636
-0.1535736564202094
0.4778048688473980
-0.4804653261572174
-0.1875166595446152
-0.0131567801020807
-0.0840923122057751
0.3376510009261398
0.3030064235738072
0.2449874460003436
0.2018730003719748
0.2842334642757171
0.1050853830867675
-0.1503281609198112
-0.2146616209547404
-0.1510464702279761
-0.3027688384724740
-0.5165575103794462
0.3799174901975860
0.1752127767707680
-0.1325071970812529
-0.1407265381194646
0.1969409213124690
-0.1822876034489212
-0.1061477948486480
0.4329208087663095
-0.4723722196132525
-0.5656307402874882
0.0713426200999631
0.0946710997986621
0.0416106433449907
-0.1208591701031717
0.2962628389390858
-0.1377634038700741
0.3513976449895882
-0.4844870524002704
0.0472009153936180
-0.4490212371883458
-0.0853213942649706
0.1149030212503639
0.2407123845040779
0.3528869336127068
-0.1599988532450487
-0.0059667922747005
-0.0184324686908861
-0.2736006569957624
-0.3393800851639946
0.2115542007963681
0.0624952928270079
-0.5600985206252059
0.0571121086155965
-0.0272658657086355
-0.0695514173222530
0.2802313261008870
-0.4709912465005026
0.2247989998000263
0.0199894083744859
-0.3924640413624927
-0.2249768962452389
0.2555127440089079
-0.0869498621858667
-0.4207042967579629
-0.3197307794643782
-0.2676987678162038
0.1458278293894546
-0.1357298777531878
-0.0818184706573991
-0.2536316574244538
0.3575837623330194
0.1711462445503713
0.3496577491977253
-0.1918976156425007
0.4345741140417694
-0.1754847179661555
0.0501387108746335
0.2741648852539217
0.0877107099018544
0.0740783663320095
-0.0967014137667695
-0.1842806229327259
0.2448807619189493
-0.0826836814818142
0.4304560985413086
-0.0307573902904496
-0.2539348512765129
-0.4671345260393531
0.4047620813463607
-0.4108171585360815
-0.0001684227516276
0.0815337286920351
-0.2592173052286197
0.3080215623173945
0.0100304129742747
-0.0715472421159577
-0.2272543824811288
-0.4250725865104593
-0.1931473076679108
0.4405318259326788
-0.1313717414105064
0.1415187254426552
0.4965318853324792
0.1110779973353826
0.2572702681029854
-0.6991387137462822
-0.1109460647055535
-0.3539577343803639
0.0695470618951805
0.2205903035213961
0.2561192838281929
0.2164185099591402
-0.1045861951882653
0.3047970392881895
-0.1280819651829994
-0.0954262472452986
-0.2269865279007856
-0.1296055277164791
0.1000393652417151
-0.2570940952789174
0.0272110930142464
0.2020460898426648
-0.1087073660959046
-0.2267574487470289
-0.5709506242434524
-0.3232400513715076
0.0277632668800021
-0.1418159400421394
-0.2793379351730494
-0.2116497357324335
0.2338399185633766
-0.1763116021747323
-0.4112904581353380
-0.0094850528045836
-0.3178945301492154
0.0400674563078829
-0.0957554445085603
0.1589039869739406
0.4381930368983975
-0.2117749135484057
-0.2069714388508036
-0.2646139842788362
0.0317767381355978
0.4294993733791267
-0.4134467342845872
-0.3298917585410448
-0.2187747292449761
0.3357352778274965
-0.3370186167488943
0.2467883590558237
-0.3901377525387479
0.0719041192022494
-0.1450017974179950
-0.0291125816406459
0.2619332214518058
0.3076114478389981
0.0515381883892615
0.4444266628670005
-0.3591458701569198
0.1034592794343898
0.1745004630930680
0.4973989965868287
-0.1388186973498718
-0.3911465333533358
-0.1389283009728288
0.4921093128868277
-0.1032309005406934
-0.1902516880705227
-0.3355785806242788
0.0167981221163256
-0.1055419769701508
0.3502817763475982
0.1551683403137470
0.0166654359480697
0.0302734472665488
0.4654354536464810
0.0344729131300295
0.1837226733693383
0.2893422985587012
0.1156299198662190
-0.2657927014226774
-0.1115362306488765
0.1021708074592751
0.3696193659745171
-0.4410995755400810
0.1065275952189910
-0.1028361851798103
-0.3742521427899583
-0.2542397294062166
-0.1302785754029040
0.0720594186263987
0.1782581451895923
0.1665301821684936
0.4707015825297633
-0.4293923142297637
0.2344964397508675
-0.5443687364195772
0.0980421040729813
-0.2950146177446241
-0.1656741022183195
0.1505751121148714
-0.0731369152341404
0.0945905098724650
-0.0182314569851048
0.3105676791964865
0.0323802050334184
-0.4983938194965225
-0.2663597640629749
0.1162701608005569
0.2025771762535398
-0.2242508173512943
0.3176612216483779
0.4911446682157292
0.0854936291111816
-0.3346597723428098
-0.0662965731424812
-0.1102040910722519
-0.0332197867732669
-0.1967187497162684
-0.4776610878556908
-0.4483229444879211
-0.2312797347588258
0.1590836756033383
0.3645507617807690
-0.0804728654680893
-0.0668388606913949
-0.3118580070932958
0.4109727978253384
-0.1242578322632055
0.1632619154148716
-0.0125530069323740
-0.1042729969241603
0.0976572083282730
0.3370504432067490
0.0097066359598397
-0.1351204297643714
0.5286766735349347
0.3480483209084896
0.0594933166132749
0.4209565056461131
-0.2813558350735795
0.3694862289666020
0.0077089155766714
-0.1404489764301134
-0.1754663680213068
-0.1977345456542975
-0.0332642730086665
-0.0469450613761193
-0.2019939016377055
0.2513563521486403
-0.3963177284516978
-0.2487899644522035
0.0966487076470468
0.1662251316643387
0.2534717891774944
-0.0090966494646294
-0.3619919947714891
-0.6342212603473485
0.0082269717839898
0.1624327183055634
0.4653886839074954
-0.0991215264439754
-0.0854794636153733
0.5108969995937612
0.3750594277309603
-0.0117211272382175
-0.1971884456320030
0.2602440222637155
-0.0102198320752390
-0.2505076680910829
-0.0595176477151563
-0.3858666473643125
-0.1271623960535543
0.1874586174909763
-0.0947256107579601
0.1904244991814873
-0.0975443067345521
-0.3648863045691879
-0.0646325392830955
-0.0595589160485715
0.0917004539503096
0.0130989337148456
0.4495672427858825
-0.1838421476332072
-0.0321621961195373
-0.2138691312584889
0.6913607526730869
0.0702335401128262
-0.4093580388443516
-0.4368448889156345
0.3856394722303938
-0.0954609310398780
0.0747067040202021
-0.2214906032805344
0.1254198108215518
0.4643277909018734
-0.1594004652147128
0.2491785218689409
-0.1517376862654248
0.2833251220406742
-0.0454279364092983
0.0062349661613549
-0.2360865863580055
0.6933624354585789
0.1010186969279245
-0.2519015169678811
-0.2587142614180821
0.1306865853108440
-0.3563396834790355
0.0430312202607452
0.1756624135961907
0.1680749412322617
-0.1745733789034373
-0.2691470706869470
-0.1222679122739418
-0.3191485106981624
0.3028663948393701
-0.1563784528230697
-0.0677094650700791
-0.1880516164100652
-0.0264539411699614
-0.0301911409871221
0.2666465829254460
0.3122973235234579
0.0974740611380807
0.5392021523848359
0.1122721003739918
0.2004484553311492
0.4677049031524200
-0.1579096077935347
-0.2047549895039581
0.0551370149320744
-0.2127510163189578
0.0489700545661956
-0.1585750352263968
0.7884598987379643
0.1440521207877098
0.1878324492558469
0.2247688939528628
0.0847698277988269
0.1993655177759517
-0.1994736574674903
0.2057872035087520
0.1841300257682831
0.2968405031157556
-0.1194934530321668
0.4241124984517343
0.0600944916377500
0.2643115004395014
-0.2458838986013316
0.1700954267799726
0.1441688057810692
0.1176510058029083
0.3635221781965453
0.5428161388354237
-0.0633939793306205
-0.2356386103852616
0.4427378347009384
0.2829606484448195
0.0855214887829161
0.4426359030393417
-0.4552065955863365
0.3476257014438420
0.0770572959039221
-0.1643527939033856
0.0268520984634124
0.1598786391724244
-0.1616511864658414
-0.2124272211583552
-0.2306946238063619
-0.0943981911048304
0.0000185270055874
0.4055966934549255
-0.4151515950948447
0.6096186463640780
0.2044824555793328
-0.2103377188547251
-0.0983820570718240
-0.0003386672964632
-0.0316310693415126
-0.0172112874806504
0.1395245777715688
-0.2954420306611603
-0.1671300175474258
0.2445181169878332
0.0393306675241045
-0.2328503746934298
-0.3640852138293742
-0.4059770465820466
-0.1925246570664309
0.3688021234147376
-0.4479068785335599
-0.3238849523407876
0.2393592829100428
0.0313089132140949
-0.2152494820145265
0.0489202600330735
-0.1938805230347350
0.1538418323767376
0.2224948076591176
0.1128071360360888
-0.1848908339288292
-0.1539753091542023
-0.4590999257178699
-0.5088536012265050
-0.2465893876178733
-0.3698017253435047
0.0859874547853355
-0.1582827092726890
0.2307173254700135
-0.2789522895848126
-0.1065129306572729
0.1943607365876692
0.5340787730448299
-0.0742653397283109
-0.2399872579499773
0.1296060600046278
-0.2334598789099813
-0.1369459704605270
0.2449942568858456
0.3901629763199632
-0.1379791576263648
-0.3190608083093369
-0.1489694424694404
-0.3148520054747146
0.1168800788295810
0.3058155989140414
-0.3939708784751771
-0.3206276625492390
0.1342000427926750
0.1948823083935860
0.0599792699810186
-0.0648571255566189
-0.1889798546854894
-0.1928067033879569
0.1270466889679557
-0.0416658365197264
-0.4693998832377892
0.0115043197894715
0.5779029422565983
-0.1816232360223391
-0.3134667303534511
-0.2415009724459678
-0.1872648423635201
0.2374607786850746
-0.0353197659804547
-0.2885764028682318
0.0546817367786068
-0.1462763290156429
0.0292823149092491
-0.1918209033366103
0.6076335991004765
0.2254274119144718
-0.4241796885866951
-0.0737036892579638
0.2113523916028253
0.3442601551248577
0.1565797269302012
-0.2491576334690763
0.3261045368861192
-0.2068421941125763
-0.3799434408925533
0.1674939677244557
-0.0286973591063931
-0.3432088156206606
-0.0841857216268105
-0.0656558628744351
-0.0701710124571945
0.5419792769350688
