0.2416605787831802
0.2473791779829364
-0.4149648368841213
0.2371220237430586
0.5409732061504592
-0.3273535622369870
-0.1490078441220437
0.0976056671592022
0.1851075167104793
-0.0926341072497380
0.4214113994395436
0.0022428706339892
-0.3527466910992098
0.1985412710852880
0.2964514503310475
0.0609873100085111
0.3166539375136845
-0.2634864297364279
0.2454043787560661
-0.1178007694626909
0.2035864334430829
-0.2222036461600649
0.2158435625621123
0.6027791770322791
-0.3190931602382171
-0.3658468608319258
0.0073270956533037
0.1654758506371040
-0.2798302881708001
0.3179079054863981
-0.1243348668468277
0.0799517907436243
0.5268979828351137
-0.4004494798052961
0.0010468016206263
0.3125627065769654
-0.0460054728789302
-0.2796477547779673
-0.0826346354813524
-0.0575424414258667
0.5248304039076265
0.0935636289075447
-0.1241423003636757
-0.4748400595595390
0.0098578657182615
-0.0461013679115259
0.1287001003414920
-0.6047059502571616
0.2789452028728251
0.2648426727068529
0.0729610922382946
-0.1210442055569315
0.1734736597286016
0.6209245790571591
0.3174187041900631
0.3243014432190606
-0.0832680929575185
0.3269521534578031
-0.3039750238841320
0.0653781873928237
0.2437541577343387
-0.1314788404856586
0.4783407899003850
-0.1285513160822700
0.0494111076402541
-0.4293090411031152
0.2920051917322123
-0.5654027155898180
0.0909323965972360
-0.0721811414162462
-0.2604192248703297
-0.0704975829912615
0.1341623872115824
-0.3453458396486191
-0.0295155924510197
0.0533127396220074
-0.1645029551422278
0.1305573133596432
-0.5162650812556990
-0.6150940506031891
0.1534765550254960
0.2682822919840769
-0.2035352581588287
0.1819051525087468
-0.0480194367842946
0.0988954608514576
0.0834531516457842
0.6439970963402355
-0.0414920056044524
0.1665276328925018
0.2977702292191745
-0.2761743459426627
0.1157377245380555
0.0449821649593921
-0.5219481964341954
0.2897864373656590
0.3572202220839251
0.0199341678862265
-0.1633163734487095
-0.0399933368397041
0.0466736261133216
-0.1331579891301185
0.3606037583077544
-0.2350436444353221
0.2054390825729319
0.5875202697051437
0.1419322485830091
0.4806293032759057
0.1614086519907951
-0.0758886740136642
0.4043208216882287
0.6171895731806828
0.1129663635605705
0.0112936724798837
0.2001950862292224
-0.0820844006133663
0.0666365684821190
-0.4121074592757930
0.3711151556846946
-0.2282225742298616
0.2210562513771185
0.2049205107443636
0.1114974072132872
-0.1428741191851811
0.0036787311270896
0.0777773574048954
-0.0829343859827532
-0.6271907331844422
-0.2647470615610901
-0.1123664466966526
0.5982399925213108
0.1714046093207787
0.2411201727945450
0.1731357589524297
0.3216641408236363
0.4346711144327260
0.3849859109268757
0.0779271957229731
-0.4800846419364599
0.1103771954428578
0.0753568585181102
0.2438057553918753
-0.2855192236179450
-0.2754740574784693
0.3945168756400104
0.4258067394037767
0.3651220240455543
-0.3724046959160303
-0.3841923817182787
0.0356235025452392
-0.2298924877960463
-0.0898296105754303
0.2585358855616751
0.3231845252780614
0.0024805518345441
-0.0997886561950959
-0.1856199071239394
-0.4164136126040365
-0.2001868991009546
0.1633203428522559
0.2059848500378815
-0.2953841520392647
-0.2678166074646734
0.1428095884480403
-0.1054447848201078
0.6746015849883533
0.1686856817887540
-0.0945198100588334
0.1764401780578408
0.0493750998380150
0.7731468894712947
-0.2408390211643359
0.2045818690580699
0.0404475011852075
-0.1023090518012623
0.2213139729117661
-0.3960855101417122
-0.1521059277360607
0.0543756017317481
0.1573467744255599
0.0235904227207134
0.1805339778544408
-0.0449938878510597
-0.2967742109239705
0.7066468694911343
-0.1100935496210008
0.0038888119739729
0.0420678233023566
-0.0063199753484144
-0.2905884537369123
-0.5258481256762113
0.0499853711186946
0.6542596535232800
-0.3005125853628227
-0.1790180904484851
0.1073397096509753
0.2068019650031507
0.2134585059079937
0.1342190576447932
-0.0664586197839959
0.4870217848306311
-0.1966560195599608
-0.2200344517523024
-0.0550012990334535
-0.5259754312296795
0.0375023240198446
-0.0255503637091666
-0.1686293987305654
0.2661552189437356
-0.0165125557846743
0.6193708609512883
-0.1865320177072099
0.0311717821988883
0.3679271249733430
-0.2083140648386709
-0.1535975430557175
0.2027607093242879
-0.1366192405821577
0.3209062693343198
0.0507633479407451
0.1201394859149257
0.0757762104696721
0.0042625222177348
0.5870063389423479
0.4948658665431351
0.2490686913537477
0.3917662182543556
0.0974021396795990
0.1799536908304736
-0.6078538880863191
0.0464245038755592
-0.2529940097675072
0.1098136752104404
-0.3984897281055272
-0.0961494755988935
0.2022762427048555
0.0585438712565760
-0.0870537375265442
-0.1451675538391061
0.5280873534750172
-0.2757099378313531
0.6125321120817440
-0.1658186761373213
0.1033788344315019
-0.0784372778102757
-0.1075630887445062
-0.5307103683926045
-0.0773557411888724
0.2948425882510080
-0.1971829945076605
-0.2159740492622846
0.1810737958297983
-0.4660456718896915
-0.1531199629681816
0.4661755283876561
-0.3638822749347284
0.1908229916904902
-0.1558005513260246
-0.3750722805049907
-0.0163367944842332
0.3950856519455098
0.1514557558274095
-0.1470502309447405
-0.0856571899990102
0.1125013413828593
-0.3663780559342555
-0.1761265086534958
-0.3912560680938823
0.1468320616980678
0.6009703433075098
-0.1822847967661907
-0.0776677791811060
-0.3145232871811183
-0.3370472118361916
-0.0411015634226204
0.1811314765906804
-0.3832032851296775
-0.1753677249003530
0.3561113405710604
0.2425653446218324
0.2752743320587901
0.5918389392538531
-0.0544572849478595
-0.1396352231992788
-0.0816256483867230
0.2900071455481973
0.2723362718948466
0.1526478127972278
-0.0660787373959645
-0.1441828419428794
0.1298805179869241
-0.2211014986109298
-0.3129284723205077
0.0031069181569235
0.3346916851145247
0.0480160807434749
0.5106683784563192
-0.1610600928908052
0.0964717934025169
-0.6330898703101604
0.1302544053150655
-0.2619176200884172
0.2135924244194516
0.4441743203194612
-0.2676318480434484
-0.4276866532663354
-0.0409012611095163
0.1435034839937806
-0.5516184421347853
-0.0132867176546911
-0.2904882283713601
-0.0766074646690344
