0.2268902320591358
-0.0411748172138720
-0.0615124690002949
0.0244373917612068
-0.1827036968544552
-0.2123234633368738
-0.5094338792333695
-0.2663465337760407
0.0348021471636848
0.1269189557046430
-0.2806554529057181
-0.2540318264334734
-0.0542394067951748
0.6082417806031909
-0.0035424158791203
0.0119101681362475
-0.3511354742408606
-0.0885086279606255
0.2077970229542456
0.1208447435897816
-0.1621362779798549
0.1433762183630971
0.4803258296804144
0.0319549928286451
0.2450439597605716
-0.2009347222440159
-0.5538498293723434
0.3538117730102225
0.3041982640799452
-0.3113146533047911
0.5373549707176440
0.1543024593506645
-0.1918215511627452
0.1302028106558516
0.2135876483904867
-0.0067267518878571
0.4004195197303658
-0.0243034806916130
0.2166953647716752
0.3142110588031016
0.3028054180909071
0.0164540072629502
-0.0952611635168468
-0.1252798649133828
-0.0073110119781094
-0.2694874954425655
0.0828954523169048
0.1130277699033960
-0.2799430861013487
-0.3728283393227504
-0.4181368913161418
-0.4213579927921542
0.2715114377423067
0.1051377492615858
-0.3101309327553529
0.3635968229627871
0.2541364396816489
-0.2925383638036484
-0.3797075685416275
0.5142861001634292
-0.1296012255889822
0.1435156880380768
0.0851750152477626
-0.0659942310468531
-0.1676891270804214
0.0413825635144480
-0.0323142430799209
0.2397345049065605
0.4487925767968209
0.3200014267440264
-0.5022438824864498
-0.1582827177166303
0.6281813213862261
-0.1716760959599536
-0.1007278485343943
0.0217410502690548
-0.0004854983316292
-0.2308921219256810
0.1182017236615776
-0.0279147979989642
-0.1605450437122595
-0.0556785500637787
0.0434999174340867
0.4349311332417999
-0.1961028172728402
-0.3279434611722471
-0.2122097274131201
0.0425391003079692
0.1395863943900495
-0.2978365128111151
0.1701093737023522
-0.0581967447894998
0.3721660614336649
-0.3905661422527949
-0.1506091025360253
0.1915735211766981
0.5230954905441392
-0.2063427273078042
0.4560917172685071
0.4373144287380134
0.2693799155453554
0.1936585648507801
0.1617332759402818
0.0576679501134554
0.3137388298153695
0.2845666558430941
0.2862385658785579
-0.1840763689737651
0.0196665396262260
0.0819899074685919
-0.3963999461130668
-0.0414139596298187
-0.4735695281910330
0.0908773015859633
-0.1840406698979218
-0.1601866217428794
0.1383536295686298
-0.5018058145390362
-0.1291307559927635
0.0296542377318473
0.3537290360611713
0.3759999816589394
-0.1943958992014662
0.2566099546127765
-0.0206102288931694
0.2210749525766103
-0.0938757821784455
0.2534547572683212
-0.1274332673880317
-0.2942224380867577
-0.1990696844542499
0.2556237875549926
0.1947478793883226
-0.1561355856930281
0.7212439961293089
-0.0394923548173264
-0.0814129555854314
0.3017201269764691
-0.0666448596599605
-0.1816794854362148
0.0956104205817808
-0.1009241758092762
-0.0527752924759402
-0.4280068960887735
-0.4372618642730165
-0.2261914157707957
0.0701103375480205
-0.1508184362093004
-0.0212767540393129
-0.1397034109490953
-0.1370108409914029
0.5440039568184346
0.2260463116968294
0.3726884960151214
-0.5050896414413565
0.3033316696085975
-0.2704263651572077
0.1687490759041553
0.0212663980656392
0.0056502098282304
-0.1370949715481984
0.0240272215496630
-0.2805526108163047
-0.2574221340808324
0.0762223854000041
0.5716258866710314
0.2292016770870979
0.0365488973136927
-0.2585630686470083
-0.3795548182857976
-0.1079111891764153
0.1866215280277326
-0.2753193693293953
-0.2936257219181975
-0.2947392195346683
0.4168253965277401
0.1044974712228106
-0.2942304842413184
0.2302421322389477
0.0722661969703626
0.0324185312881245
0.4039843045842916
-0.3123944403983611
0.3943279125148990
0.1926761367044276
-0.0137374125935882
-0.2682845858222672
0.3762129261868455
0.0697579671514942
0.0717058519547687
0.1174277676144926
-0.2849105942528662
0.5905735080929889
-0.0968289195584026
-0.0114226050046682
0.1812043087250419
0.5792354323138378
-0.2507530146678282
0.0008034637872940
0.0611332250514903
0.4503031335460261
-0.0938061141693962
-0.2636042203736606
0.1258326956826941
0.1910234072224012
-0.4206363470318584
0.1146920279413432
-0.0742775540971750
0.1494154758501618
0.2157695346863983
-0.1285380311307651
0.1717323749595327
0.2140114227927417
0.1640584477092509
0.2205589032293244
-0.0145696292144693
-0.4953571444760128
0.3711628811452439
0.4720192483529283
-0.0463308323286422
0.2205591789979345
0.3083888403009905
0.0715404684825227
-0.2746889696503033
0.2725262696245827
-0.1512003264891956
-0.2790616141542457
-0.2499504362748778
-0.1909598169119053
-0.0970882410070230
0.5659892628587526
0.2827191148959639
0.2292741150150960
-0.2835727985253215
0.3770214862017079
-0.1280868571012717
0.0670189901096126
0.1425777885762750
0.4589748530663873
0.3754122888917983
-0.0664685199559681
0.0011291755913509
0.1383356136371142
0.0932903868689271
-0.1207253646739649
0.0205630996147052
-0.4943362350326607
-0.2344499019308101
-0.4305194444644249
0.2566434715421928
0.0234696461764740
0.2237237309152789
-0.0890653686225355
0.1125694312209067
0.0419785062470081
-0.3211300361654042
-0.4039961075321021
-0.0846834863021688
0.0612936399448952
0.4883287828841478
-0.5759338221832713
-0.3017671346054585
0.0819004419629189
0.0535541948238824
-0.1458151039813931
-0.0911141049428761
0.0620325481499364
-0.6187028602972290
0.0183116585944268
-0.1705887471549544
0.2769524605389327
-0.1533883862126531
0.1763306525738636
-0.0711905753907398
-0.0052539976436514
0.3261349144741773
0.2686757521179484
0.1405162145778789
-0.0440947677568833
0.4972567091948623
0.1651315167117308
-0.3235551904212668
0.0837989079201182
0.4801304033353628
-0.2723115742586471
-0.1377786730976711
-0.4714793411264885
-0.1204379244640756
0.1368804070147425
-0.0697573988883988
0.0071201941635045
-0.2870357482590856
0.2663810118668364
-0.3515112214699885
0.1074402142850292
-0.2532814718774322
0.1433514532300396
0.1313881358595428
-0.0276348734102877
0.0573211343855712
-0.3714229543404243
0.2220288400731461
-0.1017579721031929
-0.3516580472094652
-0.3771971920801457
-0.1776742677709825
-0.6186377480050748
-0.0679323340369790
-0.1249794311952690
-0.2700476305446283
0.1774634189215853
0.2027971362346020
0.0520711705474551
0.5116314601116287
0.4371014512786934
-0.2610029646404849
0.1085278491214193
0.0758355937440312
0.0315803745969964
0.0579444270045273
-0.5395761733579537
0.0463620168481707
-0.0551684292206309
-0.1900843429146890
0.4413892396417395
-0.0041709858790767
0.3339254654565637
-0.3559542116483462
0.1036449309676373
0.3202874356168662
-0.1431363983102872
-0.2756156775514613
-0.1864751903526803
0.5169750689508611
-0.0895034549695945
0.0891486476773921
0.1201195995530825
-0.2176378902027929
-0.0356373996068595
0.0276959501373225
0.0551189637488505
0.1182421865850231
0.2950882710840134
0.2371694557306311
0.4176931974995253
-0.1006649167886824
-0.5876791269825616
0.0434386649545901
-0.0161166157150574
0.4936676365885111
0.3448122830901357
-0.1026537161861059
0.0754816349082710
0.0401686590515807
-0.5613555701063437
0.4082644892728592
-0.1217384542148549
-0.1007983141866958
0.0215142972023741
0.2520601350886391
-0.5010923224444401
0.1592611597339899
-0.0459411219746907
-0.1179397683179322
-0.0393430541299775
0.2209504399898103
-0.1565676141958594
0.6951537442886200
0.2357556978956854
-0.4373092588809213
-0.0922127007600699
0.0600848510768506
0.0858187954175293
-0.2345459470044662
-0.3106581382894196
-0.0365118911743418
-0.0559335479196935
0.1400019531089131
-0.0538889176193712
-0.5216716923301709
0.4058580713785498
-0.1349771689956460
0.4534916744687973
0.0422786883515146
-0.0669401158894698
-0.3699778900414225
-0.0783952522317102
-0.1352520028660551
0.0642303196848900
-0.0848870242108540
0.0330331458120805
-0.3954070886690882
-0.1758650841776297
0.0425062167929623
0.3451929948655253
0.6484553916898410
-0.2449144145329552
0.2688572852479829
0.0407618710530756
0.4598336305476678
-0.2081249267432858
0.0496536049716500
-0.0540067998705304
0.1733692205535654
-0.0581151656734395
0.0101895842172674
0.1777865735049706
0.1915109341797207
0.3221773392846883
0.3025520089888096
-0.0651605692637143
-0.2537377048810249
0.3191301782737329
-0.2471244622546006
-0.0795593801750488
0.4640410357502444
-0.2416772755957150
0.3157563595534952
-0.0848703525758673
0.3433067263633821
-0.0130279044273632
0.1181840391967932
-0.1467602011929347
0.0756282356499202
0.3622264167675551
-0.2356219382253217
-0.0434168166468198
-0.3917474519450621
0.0965305397069065
-0.0840297503349072
0.0710207509451487
0.4690526055231947
-0.5321892656537769
-0.3030990048246109
-0.1268490716879881
0.5899551878455070
0.1267871204803259
-0.0801463886104446
0.4073160998335564
0.1637822117186896
-0.1857651447317205
0.1090000501069292
0.2195423383781974
-0.0219963011821823
-0.2098130350892865
-0.3155155616752700
0.2214901402501755
0.3645969235368530
0.1514279363620562
0.1399038482113710
0.2651033331432572
0.2795987260267490
0.5583220728091476
0.3230034767132851
-0.0056889572335377
-0.1028198769924739
-0.2403028857495995
0.1088402812043382
0.4104109230693609
0.3506732536131438
0.0737898331493548
0.1262407004444309
-0.3681441919575428
-0.2676588604226035
-0.5375960806312026
0.3674833424245040
-0.0436878278903794
0.2373757958332707
-0.1693765557311811
0.0704630785202851
0.2317594198669810
0.1155420997775187
-0.2793553392610010
0.1390953691989099
-0.1903341098647469
-0.2760240414786738
-0.5337184463392352
-0.1898876018874448
0.0422227345967618
0.3321622976224647
-0.1854681159757808
-0.0708184960008739
0.1904548319119083
-0.1825357601750078
-0.2631912736241202
-0.5206464178635063
0.0207314704193654
-0.2873408251172714
-0.0850601268939239
-0.1655132365380217
0.4983742117372721
0.1424479984949907
0.0120952504698205
-0.2775413609524581
-0.4712048473912844
-0.0804022246415623
-0.3915291819464474
-0.0231198663013536
0.2116963408378217
-0.2444721804606342
0.2997823436708559
0.0089080429306058
-0.2565926525327207
-0.1070395829972656
-0.2760723815970493
0.0370246378811762
0.0251435267305895
-0.4384862796979627
0.0897887494363930
0.2492863762973194
-0.1370524547964453
0.4158712965522608
-0.0106186236821631
0.0641281540339856
-0.5298751242246043
0.2461212765896182
0.2623842665643684
-0.2305618476316592
0.1189143081286809
0.0511374735129584
0.0453226753701276
-0.1599503098500943
0.3353866383351598
-0.1559493176751955
0.3676372151994522
0.2744758112324470
-0.1659490906721610
-0.3984702115164198
-0.3977974154976018
-0.4536831120559101
0.0989608950510487
-0.2193754793527203
0.0186520258448921
0.2182171875074989
-0.4950308794776184
0.1383586140744990
0.3120034254686831
0.3425164581925859
0.2967030299043046
-0.3166990109818789
0.0852093815756134
-0.5080353708915867
-0.0120439446820260
-0.0708788116821075
0.0137839581797299
0.1188302709640733
0.1438722678589949
-0.3117213371302133
-0.2019186541148458
-0.1440253217607492
0.3841626553218455
0.6323624204242396
-0.2295823809767329
-0.0510542768876609
-0.1844412481793653
0.1556316294989646
-0.2542303739238213
-0.2380608769717383
-0.0195590561870373
0.1947047970632211
0.2828965037065540
0.0426913739996045
0.2891957315029050
0.0498006979107739
-0.1375206292584030
-0.1931997644851027
0.1238807216624514
-0.5713480866620024
0.2043340216650623
-0.4728345760426936
-0.3989000623478728
-0.0372428648302984
-0.0783511457411015
-0.0451383525610574
0.2057287463471816
-0.2049262925942784
-0.1699131316981795
-0.0769547124047532
-0.0381962463543738
0.5071377596078819
-0.0752192292265837
0.3735219714996748
0.0402694911872859
-0.2697413304451399
0.1108732882439089
0.5837341130422868
-0.2057245630447803
0.0855635872614287
0.1489679523445061
0.1323058444156905
0.0549745858683952
-0.1540299949258999
-0.0154577951711592
0.4172081476448850
-0.4383581951165947
-0.4128001753530042
0.0938801822471628
-0.2472499819933701
0.0303232301507349
0.1840508427566310
0.5395075481388456
-0.0297346039121253
