0.7507333653105543
-0.3641725200639748
-0.3775276612476470
0.2645806536268691
0.2176065372084885
-0.2095116405432769
-0.0013051648047274
-0.7027721957457581
0.1807504338167766
0.5836400576881379
-0.3582542922500301
0.0667604917056696
-0.3879513433075734
0.2035285220659411
-0.4007731306258447
0.6756239378723055
-0.1788150676719401
0.3987583978391694
-0.3538378346956869
0.5304887796512830
-0.7296343190001063
0.1203578093350463
-0.2092402778539359
0.0524090239833546
0.1801511134750138
-0.1402467169430457
0.1469317305085882
-0.8203468818863288
-0.3876796475124568
0.3209719388889886
0.0430929523824779
0.6358093384664255
0.2740129617732490
0.0842130885332204
0.4557713388903111
-0.5513501806655450
-0.4586197947256628
0.7312312064991849
-0.1917291474474664
-0.2734241614603067
-0.2095765029953570
-0.3154768737460329
-0.3118307551410375
0.1174466181248660
-0.3390289594609858
-0.5637254530369594
-0.5602067688878120
-0.3773714700087383
-0.3845737225609713
-0.3512049863175124
0.3289582498376560
0.6326347248364402
-0.1087558386008763
-0.4566071088653802
-0.2082948811107823
-0.2640403741210690
0.2097509873143026
-0.0735729435484055
-0.1305679772011717
0.9057811391086391
0.4239206398621503
0.0669770436088074
-0.2549783178031679
-0.2757877900258669
-0.5244780557713725
0.6321829545831531
-0.6210778386703827
-0.2327112961604523
0.1352696643957423
-0.6298836964119424
-0.3806892575708127
0.0114937813935600
0.5890208031687922
0.6054869686558945
0.0398627872432021
0.0656301480642694
-0.2311131042731326
0.4765819962123919
0.0726578188143828
0.3928180016111458
-0.6644231794063976
0.5682057560127239
0.2653979957196697
0.0752517132352964
0.1980701320359501
0.8550588107582663
-0.0827981476293758
0.2933213050943062
0.3146461411655858
0.1942872551570078
-0.8618978758764068
0.1124101518978193
0.0201097694192330
-0.2591111375605509
-0.0373732055931205
-0.4189943536370437
0.4435004506660462
-0.4350192121202270
-0.0975611715291190
-0.2337200471633992
0.0591624384860548
0.7392037598534650
0.7823230914862093
-0.1801502518165450
-0.4303611954600916
-0.3613906363745180
-0.0730629187271053
0.1853761758909541
-0.1189671462077816
-0.4675621985709705
-0.5580690364887249
0.5549870551985211
-0.3354106657636895
0.1878308093930157
0.5525591948839186
-0.5973309101330286
-0.2715675613988942
0.2745465409927102
-0.3982766139489474
0.1735658813103562
0.3587682882131690
0.1435524372636333
0.2672783285282005
0.1228429801232819
0.1837951369065730
0.8546164391768739
0.3335936412902071
-0.0084488985893927
-0.2733645670494216
0.2666185705698195
0.7057299677418060
-0.4947478777556352
0.3412076641944311
0.6640873781406431
0.0826398343191484
-0.3848117590704360
-0.0774428046284769
-0.5307150496880250
0.3518289120639628
0.0224341051251872
-0.0681884469492086
-0.4185901005316258
-0.5014306180869004
-0.6666431776052972
0.6265109364866541
0.3788757240637681
-0.0548673410565838
-0.4623542445617664
-0.4969599933860304
-0.0136427479866219
0.7903563020435103
0.2193867534053146
-0.3198386914197072
-0.1357733442426499
-0.0396442443441794
-0.4526626918632224
-0.2886439614131193
-0.1336369596608707
0.2790810503414244
0.8702794363481031
0.0638129697640827
0.2438876820427475
-0.5413443175127455
-0.0231357512667340
-0.5135235639184104
0.1158639701765697
0.4070921406449614
-0.5133771962704851
0.0365741198533354
0.2075310270514188
-0.7809716399789883
-0.4740622978663719
-0.3075050623536781
0.1624256090799181
-0.1978583970295359
0.2567827379729255
-0.5786504636622322
0.4497740915029447
-0.1539542920563036
-0.5779962488439325
0.3950143675208601
-0.1833641639714337
-0.4755283791607681
-0.2734575428646058
-0.7103224999330962
-0.0698348893829871
-0.4373477332934184
-0.0188696016244911
0.6037556347060006
-0.4530013787375239
0.1960825190640321
-0.4474275678339484
0.8802230361793149
-0.2148813399827622
0.2548861110741619
-0.1593381916605696
-0.2809022007513773
-0.0988523190387746
0.3093643659418506
-0.1190182130100407
-0.4432164883524233
0.7842188810207091
-0.0969295649455331
-0.2632354546787654
-0.2603172350273139
0.3257680377804745
-0.0343242161224707
-0.5224881926789313
0.2233327317278217
-0.7085623122535267
-0.7793352942554408
-0.4155024259187231
0.1655751214961194
0.1054003848857025
-0.3930970286805609
-0.1641480954304591
0.2828985148634593
-0.3499600311626453
0.7212219595625088
0.2395534068893668
-0.4688435900964341
0.0116251965440961
-0.0674914934049475
0.2493064554179182
0.3604197700888598
-0.7442482828672636
-0.3268094837284473
-0.3777285185530638
-0.5669697877958572
-0.1541770316115096
-0.5635522481652262
-0.5322424453294189
0.0887471910608617
-0.2145355022057449
-0.3061904728901945
0.8505128727623947
0.0444384354089945
-0.1953892483528759
0.0177012423631495
0.3773727344178930
-0.2399778252639064
-0.5937996118717652
-0.2529048055313511
0.2996947119302714
-0.4705961048781691
-0.4632215553881570
-0.0969575881782563
-0.4810809670768636
-0.4423552686648003
-0.6607987426489689
-0.3495377709811613
0.0681946762335648
0.1312598581093080
-0.1580163691111724
-0.8538665396783184
0.2247417289379426
0.2538661372991780
-0.3372784439696677
-0.3652949797014769
-0.3199011838660930
0.7828078012694727
-0.1505023292951962
0.3078935238053019
0.1843512503703132
0.6106353053004689
0.3108403527126529
0.2935571888028357
0.1494084050688509
-0.3990677630415745
-0.5125905041492955
0.7257183217794465
0.1366698410723577
-0.1680108088360080
0.2696879154995408
-0.5921331012033493
0.0554387840953197
-0.2867153842685921
-0.5551573286353755
0.0758003268534927
-0.6307091896505893
0.0930132444214736
0.4443010170903721
0.4379270377096563
0.1297223938959234
0.8138424164325475
-0.2398825848856669
-0.1683214719985061
-0.2077901800201715
-0.1730756131568207
-0.5977504404473565
0.3130577774945275
-0.5095408363780157
0.4669646129652429
-0.1924740432551413
0.5169674373660017
-0.5767218168130482
0.0600211704467883
-0.2214770809837720
0.5377204026516395
-0.2415341486919609
-0.2314573326668255
-0.0052163972026190
-0.4335931103625954
0.3525817220163269
0.7944430413063261
0.0542557869819409
-0.0666104768940998
-0.2151083417706381
-0.6460238559195015
-0.5590010431896862
0.3092975428793998
0.3518486705007347
-0.3822079793766457
0.6747880712327015
-0.2971225947571571
0.2911969207598730
0.3854414933766164
-0.2773724781430531
-0.0765853731318611
-0.5629661481395007
0.4997291431973321
-0.0894391947896280
0.0173207821136958
-0.6474374109154031
-0.1513337743329982
-0.7129151206449234
-0.4619348443339678
0.3679803662841847
0.3353142976681320
-0.0872988596764091
0.6441806195648386
-0.3069313203143409
0.2041935238478709
0.5599149218835117
-0.2089950306109850
-0.3032257512775582
0.1907205414886198
0.3600363275468452
0.0341796380272862
0.7408792504344655
0.0690331047634542
0.5283593823976015
-0.2253608352224818
0.2293017285536411
-0.1021016438815445
-0.1793082101508456
0.8449515129260520
-0.3743180093494036
-0.4816426202323407
-0.2650518828058084
-0.0056866886505802
0.3964364170853233
-0.5871293977023568
0.4425525787194465
0.5817126165344060
-0.1609971392939974
0.2088345479879639
-0.1666016812097091
0.6316940362081095
0.4065525905804971
-0.0463384969769502
0.0331929501045703
-0.0765526663769921
-0.3979983849590839
0.4338679216023413
0.8026497201184779
0.0055434188744083
-0.2141016522556815
0.7169816000752942
0.3585733671880656
0.0031892363528792
0.5581058208592160
-0.3169816638162262
-0.6101756004201467
0.5194939733682794
0.0018853378099223
-0.3860045511927652
0.3291372131042954
0.5778741585227688
0.6553983877286320
0.4517938910365227
0.0612902712433923
0.1456021765253170
-0.0862565889563940
0.5793625256706424
-0.2873247949650250
0.1624018314662809
-0.0497787561178162
0.0355199435874958
-0.7427446265239100
-0.2649430177586115
-0.4497298587871228
-0.3829305020430364
-0.2700994028783381
0.7010847684002603
-0.1282144381232532
-0.2223121190444624
-0.1795602166060939
0.3065734600018901
0.3999285207735403
-0.7891498585230451
-0.2040780317078472
0.1623154744610822
-0.8769089537834275
-0.2660720264525060
-0.2674326739823854
0.1742337601625051
0.1789201273491919
0.3065834234385769
0.3341178702204594
0.2067787602301564
0.1402191540080383
0.8555421350152963
-0.0008010321120883
-0.3367073289219765
0.4236706055916833
0.4385344002230727
-0.0744473424244525
-0.6672405593610543
-0.2531138115122872
-0.0464570661097614
-0.3578702228061657
-0.2729634237514282
0.4567803972766333
0.1889355235543498
-0.7422375970900973
0.2195642102948824
0.8488141742268035
-0.3720783697574408
-0.1854838778646003
-0.2404687371084737
0.0251845086047989
0.3613689535129760
-0.4937508250068613
0.1132583771581327
0.0374704233249563
-0.6891396773314308
-0.3694287681662959
-0.2181194934123500
0.4548599679657562
0.8250377056711673
0.0862533796928393
0.1489360053470690
-0.1876632653435623
0.3075269955008352
0.1574981032548310
0.8019556140902629
0.0123229052199827
0.4221049379204326
0.2432370344511626
-0.0754978075880275
0.0197078641342515
0.4120941876723982
-0.4157879474370126
0.7806488878569964
0.2044450006261930
-0.2708699482723482
-0.2565904409386957
0.2854635122625911
-0.2863156602435604
-0.6205516051700691
-0.5587847957207419
-0.6763433161989142
-0.1918933082106098
-0.3548009942171536
0.5690154168828483
-0.1060099074307735
-0.2117458058043188
0.3874676229946877
-0.3539741173225966
-0.0590185988150689
-0.7623078685960074
0.3084799041450094
0.2116951407230204
0.0016608312185198
0.3843814157542490
-0.1799775242009817
-0.2067714114581330
-0.8732720345522809
0.1204067968074869
0.3933104162818872
-0.2826767930116637
-0.5044800917569842
0.1412669818642493
-0.3277081423943867
-0.6193154264194142
0.0705523193046739
0.1911838422496906
0.5097417313062899
-0.1271322534769697
-0.0741305461306073
-0.8227858338136896
0.0879119285673586
0.5513715228132845
-0.2211148940252045
0.0663669912278322
-0.5856127842300011
-0.5403908120130291
0.4822154156821552
-0.5970384086535870
-0.1375344286167131
-0.5075678627244387
-0.1970333973081780
-0.3092740168370050
-0.0123505467136419
0.3185720449334640
0.1032568175136565
0.2600937283248939
-0.4775407581318459
0.7694175866385269
0.2089812869860630
0.0033843716460033
0.0995787271325433
0.8253117850226165
-0.5009795109734007
0.1194965769740202
-0.1502892332168547
0.5089954088873283
-0.1253990522229382
-0.7464428210607326
-0.3314817006613189
0.1885600562841327
-0.1656401070191650
0.0391537433895354
-0.5960076262232670
0.1012456000264219
-0.5996582078288359
0.4959481939353857
-0.4006599679888325
-0.1751698573973665
0.8070045402058511
0.0822052193684137
-0.2938317286794013
-0.2538424714810005
-0.7817142583217542
0.0543951619986725
-0.4037566446253051
-0.1829086253960561
-0.3891169075799639
0.1951333482510203
0.3975981748777391
-0.2140845934372306
-0.5846742316114560
-0.4541980608533853
0.4170966248915025
-0.2719817054461604
-0.2744716067675431
-0.0346929401491532
-0.3221892206365402
-0.5361926706548144
-0.2816859198572426
0.6729088389805161
-0.0664315793055515
-0.6344811637573474
-0.5708341791991656
-0.2393293500011743
0.0194604325399146
-0.4577243622088320
