-0.0288790714983417
0.5305875254707400
0.0673279968963950
-0.1518902823594567
0.2916267339944636
0.2563724965661153
-0.4040509527462313
0.2839347598483570
0.1902863191127869
0.0305510106654580
-0.5081808568488565
-0.5864296691647710
0.0454755720791789
-0.2100063092058290
0.4680444162884099
-0.0633941040780296
0.2378562487668154
0.0653576124248660
-0.1582602399802408
-0.1527326660152431
-0.0115081077277845
0.5267750540420441
-0.5951269745820184
0.2774653782049532
-0.3724258364491494
-0.0108165739955752
0.1416196745902209
0.0231368670621588
0.0728258761239780
0.3352369040482736
-0.0808014559097650
-0.5299897606955730
-0.0657418242651440
0.3181954550917997
0.1223164099701610
-0.7272043129394083
0.3704134631749982
0.1199624566626976
0.1292501040291370
-0.1881249380387744
0.0716257086950567
0.1095358641150178
-0.0761179449020650
-0.3582572257891944
0.0643847768663654
0.7314425769125195
-0.0126728943311482
0.5048590251578560
-0.1077781398695328
-0.0442304397977070
0.2904794050959794
0.1486355313905622
-0.1613799189672716
0.1627324009698612
-0.1823034335029636
-0.0708309788235503
0.0427997951752341
-0.5856600757114753
0.1853129197958347
-0.3154685236353874
-0.4740327953088051
-0.4479626296247655
-0.1364512477796957
0.1177321632857381
0.0026063019285522
0.2417187443509582
0.0671038805648724
0.1857826114008713
0.0070751582382568
0.4645589148697395
-0.5965369436859395
0.0228675236706056
0.0571065163090355
-0.1626967883477883
0.3255102307219736
0.3777355252253539
0.3322125253186415
0.4550133716061359
0.4060960165648629
0.6105060511195586
0.1380383467958512
0.0790632047310456
-0.1307847497255587
0.0094410452768775
0.3142704729969258
-0.0233204409680498
-0.3356108557431072
0.0297899186591994
0.3756337318800225
0.3455248353851679
0.1108820393870882
0.0927196486949635
-0.4572715805002897
-0.2001925700433114
-0.1650169157644250
-0.2700691029436317
0.4519239515832557
-0.3038324081176700
-0.2696821669466026
-0.3120510706449695
-0.1532709336311393
-0.1423203388603961
-0.0059832666971601
-0.0670107153583038
-0.0771490801416918
-0.5909066496324606
0.1165011167085153
-0.4932327926866273
0.0336079974307049
-0.4911696156044029
-0.1815611715358095
-0.2225529533670721
-0.4195634132868204
-0.1186013102141725
-0.0181732406414839
-0.6150871699158175
0.3029854002354744
0.3269099395125163
-0.3868355375091516
0.0001487498402537
-0.0207722314601252
-0.1153096309894303
-0.4734417474188295
0.2161934440469328
-0.3767178948347458
0.0193860541426056
-0.1622961800816867
0.1331660894221946
-0.1422108334030232
-0.3498682058445114
0.4805928020931246
-0.3947789542343940
0.0282432377260605
-0.1248904002012786
-0.3149217962017442
0.3168118723923354
-0.3931175440435200
0.0180959272660850
0.0368773687871351
-0.0038623336998564
-0.6005752402833976
0.5156547080874241
0.0350012294892138
-0.7806488393965817
0.0113812269085594
0.2911827468872646
-0.1440789679919285
0.3690284279991993
0.2923700681023850
-0.1226121614680531
-0.0858692458478099
0.1200740393552303
0.0630601470080147
-0.1498260729530985
-0.3612201219209281
-0.5228634836934617
0.1044672680505788
0.1403584146118329
0.1401495639593550
0.0978013985197721
0.3225474002270017
0.2788135484130924
0.5046808214326838
-0.1854127470197254
0.2558484981612771
-0.1549870234369677
-0.2779457125802365
-0.1628472173827553
-0.1773024670833077
0.0003632505123900
0.6837070644012360
-0.1734116188672535
0.0466929440867463
0.1728019806188432
-0.3404958474211399
-0.4418875120612762
0.2999276688644477
0.0247581100734184
0.0127556229003511
-0.3058327922012286
-0.3609660227079725
0.0703401403674476
-0.4109754611922314
-0.5553084243726852
-0.0427262786611788
-0.1586362272788663
0.4197982354208790
-0.3697972536262792
-0.0126073837327327
-0.0140187539487214
-0.4340273580216660
-0.5501395892694074
-0.0889279956382949
-0.3206270955648768
0.0554482204367582
0.1885936990529331
-0.4557909962753677
-0.1215062173489306
0.2642821845086255
-0.3198577180777079
-0.5758229943425263
-0.0618739054489507
0.4375530295369783
0.0903053947377759
0.4593880418302058
0.0061862528894635
-0.0821176310828878
-0.2368381658452307
0.1375735560914117
-0.2492021709648548
0.3140515789972238
0.0744386705382343
0.4054755519634869
0.1067806786642455
-0.5684211699302923
-0.2893320333203479
0.1970241800346154
0.2158777485587406
-0.2339261828322267
-0.3331026728838934
0.1267713525829590
0.2221260011856823
0.5258859048374575
0.0313426139663383
0.5073837034944459
-0.3340442350499225
-0.2704003183388613
-0.1990451978136231
-0.0954350121553340
0.3218574615209697
-0.2501830446903434
0.2988540707295136
-0.2765405857413789
0.1354513608102993
0.7193745995858541
0.0758849352774989
-0.1842575434024394
0.1388738997102203
-0.1831073757256043
0.3984871324937511
-0.0474041623483178
-0.2116645389097857
0.0431452116189448
-0.3457438345182531
0.4450656035006479
-0.2935153730847378
-0.3810831443358730
0.1959943679899747
0.2090482905494623
-0.1384177480827346
0.5314702383944198
-0.0457182496497437
-0.2516255896243300
-0.0829224674402898
0.2102014475869145
-0.4346539922586500
-0.2517065701151543
0.5325119227276287
-0.1646729474973809
0.0683310093309413
-0.0864197090163775
-0.0972658547524988
0.4587217329003627
-0.3923633905417330
-0.2035272971180309
0.1056616731074661
-0.5490241945802536
0.3866340298526347
0.0220630839487912
-0.2913311422102529
0.5309158721485602
-0.1240276340233578
0.3036086558933111
0.1409087869491865
0.0430136876003577
-0.0919546681689213
-0.0007318680862388
-0.2485601493690625
0.1347244707331351
0.0004135293729321
-0.0297419781204448
-0.2222970482784819
0.0768413904018683
0.9089220986520794
0.1205206333313747
-0.1214126632785086
-0.2168075716916885
0.3817964080844579
0.3117401410566188
-0.3148402777723274
-0.1640917906172852
-0.2539210729268513
0.1411605246325194
0.2212072242681994
-0.3521581815231862
-0.1524229615792822
-0.5508271623110157
-0.3562545408477903
-0.1867457829525185
0.0219565720427154
0.2703342993683091
-0.0160155011974757
0.2158640313652956
-0.7674448374466559
0.0263759903229703
0.2165464225782158
-0.2298469127990748
0.1685318546873133
-0.0219638305001437
0.1366736508320404
0.1411415808706032
-0.1599986452278294
0.0810806893720430
-0.2826405103787199
-0.2030925364549013
0.6349412702689546
-0.3255650473116998
0.5443608328941099
-0.0462530347300841
0.5592594763016431
-0.1336936341755615
-0.0951522795227991
-0.2682525266881187
-0.2095703657445486
0.3494285745795075
-0.2492495192733353
0.2778762903647065
0.4631575560419202
-0.1926248238910640
0.1770920916958206
-0.2470239960655879
0.1917474742451516
-0.2929841644266556
-0.0369954266343733
-0.0240766006475669
0.4773654069702609
0.4310699063061247
-0.0034168003798275
-0.4607247883575210
0.0647892066188239
-0.4292415919644058
0.2420963409264699
-0.6006695423009467
-0.2257412087592756
0.0590333370873284
-0.2402953822561357
-0.0276837536385194
0.4552762790198183
0.3053111487574203
0.1608375990775374
0.3134535950999799
-0.2074123818416926
0.2282476578666996
-0.2542771794534770
-0.4787469967851056
-0.5351948391304736
-0.3318710023592382
0.0157857591014981
-0.0066687525471186
-0.0995165649625063
-0.3374017305088788
-0.1448287586508349
-0.3353551125036919
0.0428002909660410
-0.1628614400415693
-0.1832949337753222
0.6718093055395419
-0.0837112321367879
-0.1972500661464586
0.0642567340634501
0.5572758532282824
0.0057853152152961
0.0479479986920875
0.3518331519178060
-0.3606859886841275
-0.1916421757255088
-0.3439595799507358
0.1895105001508905
0.6991836160969634
-0.2412462836039615
-0.1785282202927558
-0.1124891187582247
0.2453567165562643
-0.1397072556311484
0.0874917736505076
0.2537363711766856
-0.0304731599379857
-0.0189403471355007
0.2167665258777889
-0.4541815428517992
-0.0420869188095497
-0.2512897693493295
0.6243320792415362
0.0326718920000116
-0.1650306676648529
-0.4450291307612939
0.2383249644108474
0.5064669002243043
-0.2244102909142058
0.2533275395572125
0.2653299553806901
-0.1275801782447654
-0.1758475238958747
-0.5249973898746092
0.3234583836928484
0.2434396437712940
0.1226710441384243
-0.0602203707001839
-0.4976820484464262
0.4957929697770916
0.2863513950235710
0.3917832234470227
0.2536517936155900
-0.2081536935999468
-0.3012396357236665
-0.1841368288122714
0.0705850716772076
0.1734447069145633
-0.0256926089799603
-0.0539156919773731
-0.1378663814396981
0.2611517276005751
-0.6331799072994995
-0.2483938286398982
0.4298949943048705
-0.1339648339139282
-0.1775719312825151
-0.2064514236948132
-0.4119454708443636
0.0481736252320459
-0.3972601916675003
0.3097136914936719
-0.0500053295318170
0.4985442610527395
-0.5124077223893950
0.4419073513134875
-0.1490307236655705
0.0520712486760581
-0.1001593888576315
-0.0098438924703286
-0.3349483218589784
-0.0719822040438427
0.0832640970380657
-0.0756105894458120
0.0038612575315245
-0.1870638601972792
-0.5268799524209213
-0.2196235107283478
-0.3595736721171412
0.4294079573949727
0.4420962853380023
-0.1841438519016209
-0.3837076283660500
-0.2779724786077246
-0.0721571327303076
0.0858690309697833
-0.3231577874321290
0.0319429714132703
-0.0589849483283835
0.2551687069290791
-0.1384012229373447
-0.7319932758961748
0.4121062059803424
0.0095155329783371
0.0725795451764925
0.2467841046049936
0.3768848017978179
-0.1769778065985290
-0.0075130970138137
-0.3319569055300671
-0.2053997051487328
-0.4181738760618375
0.5130635280885789
0.1664634126342423
0.3760922495954788
0.5248585168328772
0.1353037498141990
-0.1196681236476902
-0.0383435687188449
0.3225234897566920
-0.6300038999848591
-0.1404628170429324
-0.0158121884232488
0.0190827631068394
0.0209886777547722
-0.0768880571545122
-0.1113929576111687
-0.6921864634730677
0.2171405661120484
0.1515070811581162
0.3633521042737188
0.3691007160554561
0.3680023037427290
0.1675543420549585
0.0158917080789458
0.3006362119383871
0.0523092226620976
0.1246446658176805
-0.5967439345076222
-0.2227659733270607
-0.1490631291389936
0.2995121436598626
0.0949867710384626
-0.0772641458400122
-0.5225017115983457
0.2927280378417784
0.1894033458871773
-0.1930095294446531
0.2472073430926807
-0.1689595487538327
-0.3618578135802215
-0.6816694188617294
-0.2441469254450461
-0.1650377127897247
-0.3457414748038730
-0.1578566263074343
-0.1014868018022736
-0.3891377925338891
-0.0025775038889421
0.0091109489053685
-0.3390943733194399
-0.2517127841575010
0.3562002836356304
-0.0724792596497833
-0.1388409771650234
0.4832938241955206
0.1564300782362855
0.5105740042503238
-0.2782121660537739
-0.2466241590600834
0.2024150054256912
0.0274204745671394
-0.0279577573745600
-0.2176769845072228
-0.2873503330564025
-0.6996334698971589
0.3790675869624136
0.2115217821870460
-0.1067473009774793
-0.4061251398023603
0.3967380282754784
-0.3646421354367091
0.1111369821921557
-0.1852710444498800
0.0064562442385332
-0.1817687200028606
-0.4926470632593706
0.0354914073171907
-0.1321393544009397
-0.4511291428275795
-0.2442987149939278
-0.2799867865247395
0.1518398602092819
0.3183491045943669
-0.0633797144216313
0.3519631944485408
0.5654422240814975
-0.3897516203717912
0.0927893082882161
0.3510257341799377
-0.0785417537812232
-0.3531667621456072
-0.2100543445893295
-0.2939299535345765
-0.1104203168318950
0.0389155843275240
-0.2018394964454489
-0.1820140016629731
-0.4517245192266841
-0.4448431400498663
-0.4800460786023606
0.1574660171238851
0.2667464239646367
-0.3633169436305406
-0.2593705552849155
0.1066622244807858
-0.1132546823433462
0.2313931736057078
-0.3989363483981120
0.1909141761377822
-0.4834530339219721
-0.2469460516191061
0.4018957373334769
-0.5545375916823265
0.5849960354985257
-0.2245152441464449
0.0151508699162532
0.0306319870131845
-0.1392836378176681
-0.1861956005485933
0.1543126358409317
0.2018982832327730
0.3964023736409577
0.1513732271980854
0.0994960448015107
-0.3116751091818438
-0.2340511590160867
0.1766059580179625
-0.0685491722602071
-0.4342266204527446
0.0390040851400493
0.1380799853281139
0.1899760027793954
-0.7427528629193411
0.0733328643993657
-0.2564139898577707
-0.2029221838375302
0.3461069469488934
0.1428046795211851
0.2894442262728218
-0.4160688621760151
-0.2318443842330743
0.3501955642314346
-0.3791039361803078
-0.3011816336913191
0.2918579741742836
-0.4134992779199463
0.2804005637040037
0.1508207439257209
0.0831711391587284
-0.2290679227598942
-0.4282116475227104
0.1508443817103321
-0.3118740409382467
0.3519888009484411
-0.3237617222269632
0.3689918615064982
0.1525910198368865
-0.0769034949523396
-0.2164795930715380
-0.4138611417194780
-0.0601672429278340
0.0648968778077685
-0.6559074448853738
-0.1226211440503882
0.1985465014594066
0.4752936618951943
-0.1850685627354182
0.1344001952448353
0.0127369213560417
0.3099991989268857
0.1830274433835448
-0.1672354154644646
0.2573532211320386
-0.0544390484070608
-0.2247639308624303
-0.0798963934664307
0.1449733188398638
-0.8228574080000128
0.4233154867022570
0.1619454640066046
-0.2242848836116048
0.0902444881882846
0.4695929933906407
-0.4699722419061756
0.1317960141361141
0.3692551564707318
0.3725291331451305
0.0243710953023638
0.0405824578640895
0.2447154856429971
0.5629594882848499
0.2332344562929050
-0.5343262935201764
-0.0798919883290388
-0.1770011329202890
-0.1222448396710912
-0.0077981822086516
0.3233876933907288
0.2470030928999473
0.2549140534030958
-0.3251223663014828
0.1590858069691704
0.0359288983747371
-0.0266159866116604
-0.2790581731297611
0.1140097270938950
0.6103590264272855
0.3955483526865490
-0.0190538231049167
0.3608392763479654
0.3413964010101318
0.6320616760958103
0.4211437130389252
-0.0622484238571235
-0.2734737755699039
0.4180398580947499
0.3634150972327396
0.1034327919525688
-0.1051719619964012
-0.0140485931351243
-0.1252450871540339
0.0014844737971324
-0.1977717338262338
0.6479279212276914
0.1824169017049067
-0.2559865912082007
-0.1965696886472416
0.4183892806692150
0.3369322296431457
-0.0124687917295522
0.1611885897223281
-0.2978016754784167
0.0153316371995233
0.3333648912943507
0.2399936816234105
-0.5282787382516789
-0.1282459070209309
0.0312809742567607
0.1322193937383824
0.0155468955672338
0.2569034718272869
0.0380653810093387
0.5709649776186126
0.3515592381784915
-0.1958376203088951
0.5116388045420485
0.2055605260408650
-0.2483481930555864
0.5628732377797308
-0.1763407805649887
0.3337310969015055
0.2732098092923343
-0.1419287008343523
-0.0085316054938941
0.2044075909891508
0.0068559134730327
0.0545908376056078
-0.3316031324691985
0.0822471435274004
0.3019781276979049
0.5886185672618794
-0.3320752625806334
-0.4693524889672479
-0.3294408863805110
0.0526009627221915
0.0268533362653862
-0.5016465209086812
-0.1903180482198737
-0.0617209912450497
-0.4136934182706426
-0.0798714711152724
-0.0502397591691087
0.6224569116410421
-0.2302126236855409
0.0350528813670681
-0.2751128541241943
-0.1044430574591112
0.3964088279313494
0.0335589420863971
-0.0894949834744665
0.5426519761496432
-0.2221621189596557
0.6334735463806442
0.2217662625418489
-0.0422473686045899
-0.1572894282701243
-0.1011018030581885
0.0517872958384738
-0.1279194496167076
-0.4117863147430791
0.1577869969504364
0.2373336821881601
-0.2614887575361804
0.5585037820504912
-0.1422837886866941
0.3506764793674081
0.0339777256916443
0.4124524426991436
0.1950682300470779
0.2201701027213469
0.1112010636874273
-0.1517073731016288
0.1924493111356098
-0.2706536947215809
-0.5127133023492969
-0.0587498511670786
-0.0017969706461960
0.1484706071749311
0.5580102411667907
-0.4539884441949539
-0.2515877789386312
0.3484811761299469
-0.0209889479291222
0.1124014993597474
-0.5651079156257998
-0.2682322342033341
-0.0543856992934241
0.2802704843603601
-0.4423139698960972
-0.2005798401393188
0.3057957973597589
0.0312217696748326
-0.1737875916873403
0.6343957907482959
0.4719611746856745
-0.1664775956171703
-0.1466649925017479
0.2229561223821671
0.2128643051829179
-0.3021834230837328
0.3078685320097710
-0.1152119584022644
0.2460017977811975
-0.2244928217200995
-0.2935349505102599
-0.3931422910280578
-0.1913143368467990
-0.4722808537396057
0.2102506304406064
-0.3208770168458225
0.4826800006683032
0.0652284652180745
0.0656502609756357
0.2809528275184661
-0.2561673908610010
0.0467111815345028
0.3350044268170871
0.5300487745164311
0.2746067954529620
-0.1920254400781441
0.3958639355901467
0.1398840045519245
-0.4130196196651119
-0.0306351845141425
-0.4241265831948984
0.1207294681113990
0.1147814028391109
0.5661610565129545
-0.3184304388060640
0.3250984823345609
0.0959514092425377
0.1473414140975362
0.3331613700228106
-0.2085960989759652
-0.2816308946219609
0.1826945428321756
0.2644276539556637
-0.0349724577167024
0.0199182513580486
-0.2293181912434027
0.2236417899937558
-0.1464126498026974
-0.0265022251620332
-0.3680797164167705
-0.7595410396700434
-0.2407366334791890
0.2746367971701872
-0.2131615590070514
-0.2994952349631889
0.1318526241194302
0.0853505415433406
-0.1741855383039773
0.2083398062053008
-0.7346003505405437
-0.2388886275315607
0.1511145895353738
-0.2673619401759576
-0.1392184889450206
-0.4395243071462734
0.4772224674912391
0.0212875693101991
0.1668336874194051
-0.1002655591556570
-0.3560098224831222
0.4008204239007658
0.3018684388405150
0.1570573659919969
-0.3437497833691399
-0.0717642414921666
0.3231898774673181
0.1092910482622441
0.3873374173871472
0.5873507088300587
0.1960030156140962
0.1723552251206636
-0.2982784025585865
0.0256366165919619
-0.2847274949417374
-0.3802920453663734
