-0.1138667603175433
-0.0777217962681282
0.0171592153052989
-0.5535949512391118
0.1223148694840493
0.5849378375060472
-0.0671026676538192
-0.5487898808243274
-0.1069839811734698
0.5193552703941829
-0.3532403149856271
-0.0421466732894004
0.4282414075088329
-0.5172337280155113
0.1806704845623071
0.3194409993899101
-0.1338819992882853
0.0135956829425649
-0.1442880698511616
0.0459329811658114
-0.4545924133156797
-0.1224484799289299
0.3578111114395226
0.0931415275845824
-0.5376885555296232
-0.3108250691101107
-0.4826985391458671
-0.5119442186130119
-0.4758847552820726
0.2115658453866771
0.0562906076608778
0.0789985571585756
0.4209822590506019
-0.0280509851976749
0.4784708040452020
-0.2243436531554145
0.3801646737646716
0.0907133320089985
0.0343668320944755
-0.5816129006674541
-0.0963235087443480
-0.1693565354138894
0.1549302567068799
-0.4036137957534096
-0.5319059426780766
-0.3672107649368780
-0.2289530942942263
0.1831211595807728
0.2053963609843304
0.4480323294762531
-0.0566830316241143
0.6171000127412138
-0.0052902860395437
0.3901658152044530
-0.0986363787274646
0.1032414504365943
0.1970390456266237
0.5369600336142094
-0.2656757376655254
-0.2252705668553248
-0.7277657827439904
0.0114898311543797
0.0368256415353131
-0.0579142591402616
-0.6425350676400433
0.1143679178803132
0.0317640527088486
0.1808921474819812
0.2375384252147258
-0.6773268009277050
-0.1461567928415589
-0.0206342902336649
-0.2645629471673895
-0.3932156127393464
0.7170278635222935
0.3182234385619682
0.0642872813278671
-0.2930222521339105
-0.1025995806573071
0.1795775904871691
0.1649943490674391
0.0875685862365050
0.1848049599485231
-0.3340721786864671
-0.1503511946001932
-0.4876915559470738
0.1089593758486905
-0.0018149035208105
0.4811562404942222
0.5854394471029426
-0.5356602083089425
0.2043556408568939
-0.3586110889996517
0.1528530697454873
-0.1468709972626889
0.1534919381969050
0.0581893457459568
-0.6856811954952140
-0.0257948145522702
0.2325110910214388
-0.1851073111486975
0.3120910697464208
-0.0988956382876258
0.2804487498232340
-0.1178082233994135
-0.4302855095824988
0.0539625797544771
0.7238127066273203
0.5667345768986680
-0.3287234810874854
-0.4378609086007076
-0.2184319398218748
0.0195557654261430
0.2979703800187765
-0.0817253925370368
-0.0858155480085082
0.4776044192833221
0.0608066527339815
0.2760313672742754
0.1819310203071268
-0.0759212086402400
0.0177869821759548
0.4578152780535015
0.3986565747808187
-0.4045354343742923
0.5905583132579642
-0.2343689350618620
-0.5089371143913934
0.0413604839135652
0.5048502360699072
0.0877511504259235
0.4640094515490887
0.2066233956268796
-0.3986855003147587
-0.0694361150551691
0.0480119432553854
0.0421970434644698
0.4536961225491359
-0.2023454108375745
0.0177993572054309
-0.8337307971122715
-0.0529520672892777
-0.1866421242961307
-0.1267571014270253
0.2616252784674700
-0.3947687147249333
-0.1635922034576994
0.3049271496318371
-0.3587306684261772
0.2237994895179565
-0.4296698838605097
0.5406119607695676
0.0177621711705122
0.1752735007612437
-0.0528696544559659
-0.2282502291478907
-0.4144728876403819
-0.6967380545534868
0.0277685127895783
0.2039561527076208
-0.4025541329023812
0.2296412610224459
0.0142597595633187
0.1005072811683383
0.6161517788792963
-0.2019426471332781
0.1041905319551067
-0.0699202183625469
-0.5932555186226156
0.2044991021106040
-0.3996931339375772
-0.1055390278298322
0.6169533298368404
-0.3602728429792960
0.2710897706002665
0.0518807626939296
-0.4956019743082711
-0.2659926374442557
0.0051905094556257
-0.2930050550017166
-0.1351073598696337
-0.1680400002536166
0.2968593525351506
-0.2638369127776152
-0.7741817021946860
0.3195259477851037
-0.0488434258936706
0.2933048493213849
-0.0768479907525843
-0.0850643605735662
-0.2260749409379995
0.0633226858853864
0.1217711552699154
-0.4675719736205207
0.4005167965609744
-0.3493907670472317
-0.2287031248731337
0.6077827873254871
0.1409828819493237
-0.2059717943512014
0.3693818448082672
0.5475013270700625
0.1272258128664611
-0.0678876063503399
0.5424693159011149
0.2053222305909906
-0.3798334962677423
-0.3978707312030754
-0.5288406768677173
0.3054019148652394
-0.4248554289305829
0.2539171652432164
-0.2226148671899131
0.0061949196331415
-0.3947285169665011
0.1355495098180444
0.5287296995094939
-0.2190725214459121
-0.1879898138994980
-0.3424555893041114
0.2575650332426670
-0.4404892333968408
-0.4887388349986151
-0.1339584435542379
-0.0515277585891944
0.4552061312128414
-0.3221142076707535
-0.0582465727698432
-0.1258395503503415
-0.1101674062470827
-0.5516379661070060
0.5819793547596670
0.0853598199692994
-0.0858719300442116
0.0606618730049793
-0.2579877634628003
-0.2420397219617883
0.0263606014499784
-0.3008020157527465
0.2032445633253959
0.5489698283667814
0.6456824979431733
-0.1428998843295888
-0.3693409505899847
-0.3901175857986836
0.0602828926278678
0.5225642884063693
-0.5614899429936973
-0.1465503245192910
0.0432133311210025
0.0861711680513596
-0.2977368853819952
-0.0835624425564243
0.3583218006636193
-0.1134591961013711
0.5070053030516372
-0.6534035080348167
-0.1388066592369585
0.1106483994481551
-0.1757313240523282
0.3246035109889928
0.0318678243042819
0.7505495892601131
0.1503892398811937
-0.1120605770421135
0.2886020452459755
0.2564736770389584
-0.1088562635384585
-0.1316695565807786
-0.4714115120155162
0.1911360358893830
0.3549787168968954
0.1353184083978549
0.1499303291105153
0.4385410621770121
0.4544916194469759
0.4704605068923660
0.4160220293766759
0.0581260549256878
0.6609117549928505
0.3317695644942666
0.2456892574445889
0.3467119020565279
0.2869166199080839
-0.2471317505318612
-0.2572837547076018
0.0283571931846411
-0.2493149498005522
-0.1209338491525151
0.0291843435088767
-0.4338191957912605
0.2475200917888997
0.0203501532178003
-0.5258569929777837
-0.3212055753545147
-0.1149837961660623
0.5845716268582859
-0.2337313981100730
-0.4121985636834222
-0.7614853774048287
-0.1001257698705967
0.1335595818586896
0.0300379805248912
-0.2674234501757237
0.2928670629406728
0.0977239346404705
-0.0069464199012775
-0.5271129127728593
-0.4046541501897997
-0.0985504031255594
-0.4249096354265811
0.3950369053654171
-0.1265895768517638
-0.1971557534544754
-0.3964200981911514
-0.2993769892430268
-0.2204663804181250
-0.2804542499091589
0.0049507271109271
0.4736749920220372
0.2860777255860467
-0.1540476427026473
-0.3816316302554618
0.5545331882302710
0.3841965746614422
0.1393631622922526
-0.5864938839648295
-0.0634557181530021
0.3203244713957954
-0.1960412872285963
0.2736306383027083
0.4835165361965359
0.1877958376886179
0.2618545717344605
-0.0749891615091439
-0.7133658753227645
0.1638714845196827
-0.4807511487079784
-0.3743106119303877
-0.0167070753306400
0.0547948415714737
-0.1247091463667792
0.2288716691070510
0.1278705331325109
0.0518234472627026
0.3911095716216292
-0.3865209703434666
-0.2640720128365346
-0.0855447318900593
-0.5407367706842391
-0.5067226799082120
0.2953051578268001
0.6438975036311189
0.2755128374097880
0.0431509169304462
-0.2227916207113290
0.1790783030105252
-0.3824060578050509
-0.0054490941213160
0.4386938714273524
-0.5266343099465822
0.0966358022915279
-0.1701415651550105
0.0031622224652406
0.5735514532579123
0.4242957645547238
0.2738631166849458
-0.0895265265086944
-0.3039004812036314
0.5362854325938278
-0.2338484813205863
0.4474980917864474
-0.0211322095072292
0.5364431608166286
-0.0756060694397178
0.3117047141762757
-0.2120557445126200
0.1462761087702411
0.1924045843980408
-0.4199649473769958
-0.3649487489957390
-0.0805530416597202
0.1520796361230933
-0.1047555954436419
0.1067124675351129
-0.7738243737094000
-0.0513797079478317
0.5216560885697968
0.1439245988863126
-0.0590364715801730
0.5540942367063464
0.1676132622217560
0.0187873887755213
0.1477600880215946
0.0176586126283427
0.5882710813085411
-0.2408535331714555
0.6100351137175203
0.1554406319309059
-0.3002493108428327
-0.4804019720681504
-0.2317281731264256
-0.1608597090554640
-0.3627228785351435
-0.1166514606685055
-0.7537884571557544
-0.2612848493709307
-0.1224804624981843
0.3010100389924505
0.2457661009659863
-0.2647446287949081
-0.3269942228176850
-0.1208393295742101
-0.0768545502367203
-0.2950187475599041
-0.1430217954874789
0.4904882898266211
-0.4451214862972968
0.1122336173848173
-0.2238710620245545
0.4433805116319924
0.4260758206116246
-0.1138212822584834
-0.4086739764428580
-0.2598865940774269
0.1104193092086500
-0.2780131598758953
-0.1821447262542528
-0.1997149468418598
-0.5736306152708615
0.4677466054900395
0.2346466860391513
0.6237283688966448
-0.1710826201037050
0.3119190395107159
-0.0827744130172371
-0.1576161378491699
0.2288832548487308
-0.3201645973495595
-0.5457111048243395
-0.0034925187332502
0.2948220209773218
-0.0024842331332054
0.1608952637225860
-0.3927129345342500
0.0192500733468193
0.6622523016166905
-0.4401571298500169
0.3060955763945062
0.0811270147803641
-0.3093347817243713
-0.0067912548771922
-0.0382177478258403
-0.2259394078994117
-0.6141324039919362
-0.5964343664797092
0.2206831841761684
0.2449484803840754
0.1008130468260198
-0.0940772906269422
0.2100808494261068
-0.3577988156571394
-0.2262035052074073
0.1716828951500300
0.3298084690197097
-0.1299238777469424
0.6113569291666161
-0.4888162540933680
0.1866940338616795
-0.3953929142531926
-0.2260597142621105
-0.7592954690509570
-0.2308574128438208
-0.0878940375072496
0.0016466633837259
0.3432398721996644
-0.0483771545570063
0.2374056417213653
-0.0547140173762826
0.5769892231227605
0.4924467706140600
-0.0957970842241289
0.5426466943866217
-0.0793900416623937
0.1799155762577108
0.1513593159455945
0.2613060301254334
-0.5199868154666339
-0.0140097389759973
0.5841860784735641
0.1804217302697982
-0.4513234763570650
-0.2050401324369977
-0.1884811382086776
-0.0777929743464284
-0.2061092584272420
0.6707872102628110
-0.4384780569732118
0.1783808972013699
0.2485424066667719
0.1677663086683247
0.0558323819815867
0.0263309614632841
0.4356045277081192
0.6851425147197094
-0.2088104784144663
-0.3316205451266255
0.0262591984296185
0.0823131606478477
0.1216855172320312
0.0811959322874332
0.1725234462442949
-0.5642483909872754
0.0214395758194422
0.0104537033882658
-0.0770161636701763
-0.4552981810848785
0.0649797768690401
-0.4041766706161566
0.3645250249242293
-0.0859229774276891
0.6916362752127175
0.2091752691178861
0.2734828776802683
-0.3145816103719897
0.0998875503056918
0.3230416145582962
0.0168298362837949
-0.6948410586397094
0.3904187269619459
0.1806756841829150
0.1163853369022388
0.3708529572068956
0.0494709330599886
0.0926480883699551
-0.5178097112947434
0.6402294877223351
0.0204700543674653
-0.3485444112656081
-0.1948552595594345
0.1441954275125429
0.0551290658464378
0.5741475708489483
-0.7313559454020931
-0.1897036873252050
-0.0248817887830232
-0.0912363679123351
-0.1038467621595544
0.2364882567020119
