0.1408393580659861
0.1404005080713224
-0.5660521813489009
-0.3107415288062298
0.2673736447622183
-0.4988036895344393
-0.4723816949138427
-0.0061927798214208
0.2351501553086784
-0.1245322148152221
-0.0371828152743075
-0.7573556157353972
-0.1297681073169152
-0.2372126328147222
-0.2293656538434970
0.4780249402356453
0.0381986231246231
0.2483893204766807
0.3157249512816409
-0.2692561421641181
-0.2655952872254070
-0.7460109406605612
0.2785729290535882
0.2449212908803977
0.2522412225252410
-0.3346925906320442
-0.1936400065425027
0.0314646757614085
-0.0083614599268352
-0.8178686183531019
0.0760475320959002
-0.3333264757615800
-0.4648328368143845
0.2750208325666912
-0.5562375277845449
0.2331418857689292
-0.3455938774175878
0.3636343619960758
-0.3022681614273846
-0.0388269302437616
-0.0813388269776509
-0.5177109749837238
0.7223765883945144
-0.0490607506447122
-0.0496174992248003
-0.1677710163229083
-0.2959833823392915
-0.2879397091834158
-0.1510716437854521
0.0291232382569553
-0.5703724791812573
-0.5439244886283998
0.1690703219505873
0.4864761774621127
-0.2370311874726256
0.1836381013380472
-0.0011969533818751
-0.0250287189710982
-0.2053680022513374
0.7576538963603772
-0.4880346712343779
-0.2422256683348535
-0.2721288733867472
-0.1106862640649098
0.0959673880747324
0.5052455408094360
-0.0801336949663723
-0.1504406702216749
0.6397227232410460
0.1828332313425093
-0.2121671951819525
0.4677342490850160
-0.3912864391701273
-0.3860752398327710
-0.1329126371418416
-0.0061998413859829
0.6815143577052871
0.2476562718739774
-0.1264837485426061
0.3719449383471483
0.3253405119942327
0.5122246723681489
0.4738384522593350
-0.3164781757178525
-0.1428639975318574
0.1260871704991719
0.0574684781739951
0.5171918400250977
-0.0148784778515607
-0.2100285748047052
0.3406424811126314
0.1853202660657851
0.2602475514205012
0.3013493678861360
-0.7821087656708652
0.1872201293240606
0.0933964118879473
0.5128480699934558
0.0570091281337574
0.5260084210443233
-0.2565600041304395
-0.2794829476939845
0.1758970767147720
0.5229297584593929
-0.2915312348192931
0.3521453742237265
-0.4960879720665798
0.3162967568089819
0.6036057249773845
-0.0405175322911212
-0.1846399561128113
-0.2116194818507522
0.2917962050178567
0.3981024141544491
-0.1308126738085101
-0.7051238577826624
-0.3081817018981501
0.3126360348927205
0.1372649806640127
-0.1746393584601310
-0.1417460786523423
-0.9061441518180616
-0.0336848626259496
0.0718843046785245
-0.0204730481778361
0.2938546713788101
0.2479722056268739
0.0651833853606015
-0.5404149942266634
-0.2753387705370787
0.5895181123872097
-0.0404490672365778
0.3379618528628003
-0.1091800169484788
0.3575626642048350
0.1702436919731556
-0.3189777846884812
0.2643550029919686
-0.2102678389322480
0.3244190742227496
0.0598774527506894
-0.2844676957460255
-0.6255983778431672
0.4505871678472381
-0.1821462047047439
0.5109601749482422
0.2270468653627928
0.0227446725544562
-0.3332853912771883
0.4256779679887936
-0.2152661878258976
-0.5612971088798590
-0.6153153487436350
-0.1066703360470703
0.0664353811230989
-0.1796893959488686
0.0157741191334970
0.0239289597822574
0.4346731267175637
-0.6193095971204883
0.1859453602885057
0.5379383525727796
-0.0531427523401459
0.5795355541028991
0.0956322402308854
0.3892943192503165
-0.4200162592325158
0.0158679182944818
0.0313546602983756
0.2813146007045585
0.1267247600203967
-0.0486538984734163
0.3810312792867027
-0.1589570896197230
0.6897167640572668
0.5052635028500065
0.0254372800217978
0.3185461947549290
0.6823094177318384
0.4335693005625265
0.3934013959701904
0.0899640785929894
0.0172043416213209
0.2849536866183791
0.3689474306463190
-0.4860452759440069
-0.1709067498757497
-0.2010226339661253
-0.3240588953361961
0.5045139601170814
-0.3633200747016469
0.2578150235177869
0.3079927581271555
-0.4613179625581487
0.3968995315285890
0.4313158653637915
0.4664084330287956
0.2710861196886165
0.0570311247780715
-0.2334234877612725
0.4869946262919378
-0.1362480615684042
0.0495223339016501
0.4149181063579507
-0.3915097901730311
0.4765856152832902
0.0292499469120374
-0.4340436374977221
0.3989982629885249
-0.1666122118731601
-0.2219895462832022
0.4636914573502374
0.3427193663643258
-0.1756657470926946
-0.5622798640541635
-0.2903066764728228
-0.7750924829998065
-0.3102168717831515
-0.4126172783012809
-0.1841659969137948
-0.1339576849671890
0.0306878508610328
0.1620042468072009
0.2317222927351962
-0.6500086179116804
-0.1970301818109296
0.1689302978914031
0.0380406086100825
-0.1808739260974643
-0.6714109082391346
-0.0911935982585220
-0.1298426487686085
-0.2080912918303185
-0.0627865694274601
-0.1546606948493668
0.0192704847357113
0.3830513500228302
0.6159169471383846
0.6343221367759375
0.0042406509064164
0.2738499063415985
-0.2668297758962738
-0.3889316014616592
-0.4413458436197841
-0.1238384645215873
0.2576361248400626
0.5309066675196836
0.3797103204566973
0.3152843173256852
-0.0597429844204689
0.5658988464889242
-0.3434740047554029
-0.0206870100041713
0.5994840286255086
-0.2391830359102945
-0.2044336103324385
0.2773793765339022
0.2157014005736944
0.1340598757487380
0.2564510293532143
0.4548957862993542
-0.7076990721245069
-0.1569771426603623
0.2457324360468367
-0.0744254756646756
-0.2502698258680205
0.5155480681113214
0.0124507655257356
-0.0245744824951104
-0.3681519161584401
-0.2828569577417769
0.6706215278624884
-0.0818293516603616
-0.2234129209429536
-0.5540470478214991
0.4623312786043551
-0.3613635442415659
0.2407973799528771
0.4821655836471129
-0.0402696192453928
0.1740080081863852
0.6987235421465519
0.1523380306372163
0.2180765359378107
-0.0494927450269893
0.3237865357033539
0.5409881097566706
-0.1038604170073500
0.0390221033893221
0.2535859321279709
0.0100160776124279
-0.6435679060505042
0.1962380641226392
-0.4724808691170621
0.1387583908113086
-0.4887637859458628
0.2522839930420948
-0.3332482919943778
0.3852942651429555
-0.0490175678476638
0.2542620962997524
0.4157010930961909
0.2164082876817399
0.6246237352473573
-0.1656495779665044
-0.1619255721593830
-0.6111588071743187
-0.3537377132686143
0.5228666909293119
-0.1674732577337449
0.3657960763274480
-0.1115850842597389
0.4804301114365826
-0.6708703065140931
0.1526174383454403
0.3656516582378619
-0.2242723389225965
-0.2375697791788200
-0.1798203406148096
0.1518350595869941
0.2542591344203627
0.3545448948195386
-0.1285630955210525
-0.2718065924078732
0.3937186629947470
0.2659260421357689
-0.5136118948834268
-0.4792856067865644
0.0593650118794608
-0.3249256511276523
-0.7947619677669620
0.2554723100830525
0.0613404294561344
0.0545158810651145
-0.2975195135646228
0.3142195720351290
0.3888759603889425
-0.1090332757239702
-0.4166756692620978
-0.0080042167380135
-0.5579165680575248
-0.4402545423695478
0.1116673762022898
0.3816280774233756
-0.6636174667504271
0.2782218061358501
-0.0349071558126485
0.4477786410752522
0.2356500310686665
0.1330760860339956
0.2404390569913370
0.3865606570002295
0.2169341921178227
0.2833992003501742
-0.1352114048417891
0.0824697112073601
-0.7249942180716222
0.4394758522853958
0.1541006022878843
0.3240963370055382
-0.3087824426431955
-0.2482888317528550
-0.0350051675442669
0.0097098428081806
-0.7592140323215028
-0.0423616045520398
-0.3643360419670680
0.3615870745057325
0.4158023348680741
0.4076029162587455
-0.3367311689514475
0.5084434275965225
0.0792535933387911
-0.3504699826372267
0.2370558766008501
-0.3221177616156391
-0.5312385120313753
0.3520010216400880
0.0516820413895285
0.3189503505359305
-0.5884318145431440
-0.1021347517730364
0.3320516211781116
-0.1501292029438446
-0.2902900126392334
-0.0159870344597693
0.2638109209847793
-0.5998036623154810
-0.5561828300309648
-0.1239595826496172
-0.2098340759389944
-0.3426073991555098
-0.0398098549379817
-0.3633867792206887
-0.0292056245574958
0.3560214784531420
0.3327379165775455
-0.2714906898185087
0.7237036228396987
-0.1749065836779070
0.6457793778811515
-0.0874679983403157
0.1218919529080923
0.3045258410281700
-0.1901102002059188
0.0203372773831105
0.6149996175554440
0.2300971222442261
-0.7292007684474625
-0.3032158278281948
0.2294848618112015
0.3404632503331900
-0.1861835308001449
0.2981362179325932
-0.2487350128997807
-0.1494297701113570
-0.1880222910545603
0.0865340681735437
-0.2058950106135563
-0.1072510499968371
-0.1176654950804432
0.1365569535104505
0.0077879169745351
0.9331185927070401
