-0.3366601611170164
-0.0252982308489053
0.5612332757997377
-0.1375034753610687
-0.3682479181349585
0.0166089157909705
-0.5121481287960246
-0.0168532241336058
0.1624384888457760
-0.3332476837277914
0.1273873469988952
0.0564515315318084
-0.5387916040278528
-0.0220317562611346
0.1999610834794744
-0.1302659640247832
0.6476833481809796
-0.0336304921036334
0.2001150295542663
0.2275791646048891
-0.2409945018220924
0.2802434598861608
0.4583727571229256
0.0269629949076431
0.2080271940018067
-0.1085335751161274
0.5685750035815847
0.2003391584945769
-0.0478045211680132
-0.0763728797475339
-0.5346850849113526
0.2655108714907994
0.0787210075251319
0.1497490687074646
-0.1455489560900259
-0.0411493214873047
-0.0317581600580741
-0.3872650925439912
-0.1266121739319039
0.4307840813553448
-0.1896850904403437
-0.6118272003541901
0.2419926099109682
-0.3650146179169327
0.4599715765093365
0.1381268517238793
0.2296659955499666
-0.4186244973307579
0.1377444647253925
0.3535282949556412
-0.4357453605659464
0.1890808236846962
0.2888920523368647
0.2656957929043559
-0.1331162651659843
-0.1108490464898624
-0.0918244291194893
-0.0825291945609921
0.1926679659525506
0.7552771325638128
-0.0033830273059200
0.2684641379230284
0.3912756420393196
-0.1103856783262174
-0.3465120594251840
-0.0864206658835914
-0.1436271728772321
-0.3125383921126862
0.3788047513668634
-0.5571603954212750
-0.1504081365076364
-0.2205401829026468
-0.1656387109100372
-0.0451680964880178
0.1359720035015568
0.3521825226021891
-0.4295490758055668
-0.1922103911681685
-0.1654122155034947
-0.2483848636248981
-0.1022188179972730
0.1571665390140266
0.2971847230155695
0.3427538981688646
0.2529693975311366
-0.6287043973036316
0.0304707464470362
0.4157628173656434
-0.6889783247744685
0.0601364487860770
-0.2546353741979025
0.2324111696455457
0.0277042473368480
0.4374547595976231
-0.2347650374776818
0.0401902500791978
-0.0719867439479541
-0.3842708651345348
0.0335870483302208
-0.5114681133235864
0.6269484176749374
-0.4157626045083012
0.0415791795635908
0.0409168057053277
-0.0857352703934695
0.3133555086411227
0.2088139133925204
0.1104211716451592
0.0748774750498861
0.0461471659959223
0.2122665560650637
-0.3141698609301762
0.1102686498477557
0.2108654179953336
-0.0336854847257228
-0.2334776327339516
0.1698404201394473
-0.0838238698468846
0.1667433894166122
-0.7701528294767832
-0.2952276122097214
-0.1558340623526611
0.1002597047625307
0.0967708385962826
0.4587878693126790
-0.0907104174640512
-0.2091679445363155
-0.2251231177302263
0.6295023634151817
0.0259780439813876
-0.4923037400379249
0.0619818410193473
0.1344053083259805
-0.4054469490776384
-0.2907771104300591
0.4160108817378212
-0.3989050610114656
-0.3247851979491738
-0.3770060658617782
0.0716561593858932
-0.0197783332565338
-0.0211514333599577
0.3836850087266304
0.1947234177658985
-0.1561416325542416
0.2794058546652479
0.0226336784092545
-0.5755465775444171
0.3212501946694590
-0.1465125378481869
0.2838118574020791
0.1333822237066324
-0.1096755611889262
-0.5411399774247776
-0.4219033168637127
-0.0426293866760633
-0.2717898317262094
-0.0097183707455068
0.3284572558487137
-0.4484552743989833
-0.3798507040226771
0.0549557932033272
0.2047595133460203
-0.3471247072967510
-0.3570590258216322
0.4937048189663196
0.1780126235449442
0.1499123149837296
-0.5621209299165634
-0.2181275711729455
0.2027454180404164
0.0396179487134204
-0.3022271785915364
-0.1882873063995071
-0.3522239180980277
-0.2121401096932817
0.0159034200577924
-0.3339166902928392
0.1344779396911414
0.2563125354870631
0.0655895634216839
0.2898603908266494
-0.3575141747450654
-0.3082342331154421
0.3693443301287732
0.5585262181995064
0.2120230125257883
0.0849757780511279
0.4040061194536084
-0.3542942302022904
0.0133959862688689
0.1994740238615023
0.2855646064598530
0.0492999827409924
0.1265266611336343
0.3831110396487633
-0.5206567443050851
-0.3823876169030690
0.2510104951916891
-0.3390301439815182
0.0823485452631424
0.0371924622219257
-0.1538038180260934
0.0324284230757079
-0.2622542334504032
0.6711233484454580
-0.4992713413547709
0.1439028975821460
0.0040945741898809
-0.3017612152408141
-0.0971744206513320
0.1089150176342732
-0.2617664885650040
0.1043135545133023
0.2933028626263447
0.5052792326867254
-0.0500312644246897
0.0813364130578086
-0.6311038903735621
0.2439001343323865
-0.2155829888063707
0.3132450759226176
0.2267051191191985
-0.0585375766012542
-0.2541498063744550
0.7169770193231699
-0.0234834661661970
-0.1280564590614932
0.4413537712843840
0.0868780302639265
0.0513867167719754
0.1487511608365931
0.0270213491669732
0.7376029453972646
0.2496153562137740
-0.1519938197482812
-0.0266604083771803
-0.0953722230805843
0.3746048247554015
0.2562538808182340
0.3438159021638535
0.1168933164278193
-0.2448529578596912
-0.2431407413666647
-0.1702813798116896
-0.2450978165905693
0.2111726593304919
-0.3405615080430603
0.6269989780823623
-0.0661003777053308
0.1994371729142744
-0.0909311360363299
-0.4309805705686822
-0.3902869796908054
0.4280665364856362
-0.0486073694966747
-0.0520459419524828
-0.2233542623475489
0.2885750904314954
0.1997899919697416
-0.5096683915418326
-0.4490626801669861
0.0419250396587640
0.1520132828350718
-0.0422248374597319
0.1924697246783192
-0.2529840293702819
-0.1541975856555413
0.4821203645131910
-0.1533964311578187
-0.0184258211459247
0.0621292042625632
0.5908955343621404
0.4519002363787099
-0.2446492133639263
-0.2995664294565493
-0.1934939016282685
-0.5671242422322315
-0.1147457310616709
-0.1633681441107713
-0.4310523717150098
0.0723494940183178
-0.1770657736681372
-0.0601436330238997
0.5334343952640300
-0.0277854214690699
-0.3557269156290500
-0.1185436393678053
-0.2791224443506706
-0.4790618018842733
-0.3334249352687874
0.4760598326336882
0.3347082257744319
0.0748051432520999
-0.0861996781481621
0.0978605434317134
-0.2820613232255290
-0.5113120180288862
0.2311670399652901
0.3075266911720041
0.2252942067337229
-0.2506156362369548
-0.1535515540019827
0.1662528348365359
-0.2046758951386614
0.2413445872299088
0.5077770900444988
-0.2603620316363879
-0.4946268308675473
0.2875013269297781
0.5373101632257132
0.1325668027912750
0.2993225252799666
-0.3687836037545342
0.1515511110669064
-0.0534481901896574
0.0287728216337591
-0.3374045409461612
0.0179345514976283
0.2872741208922135
-0.5443641369697109
-0.2170885078511090
-0.1525902120193380
-0.0225080477480218
-0.1687532521109913
0.4827054732292907
-0.2581632138579115
-0.0413776874915153
-0.0558164969276414
0.4661173535321970
0.3937482352423661
-0.1624752975638125
-0.2847209590724965
-0.2025423401840407
0.1783958005857976
-0.1051043466986529
-0.1839069328285413
-0.1020402530457633
-0.0082764125353154
-0.0050748942118614
-0.7805603555916246
0.0406173596695115
0.3308321763263550
0.5606083117035433
-0.3545326525077501
0.1556840951380041
-0.1519800410844078
-0.1649690562701800
-0.3681895980763851
0.1370717118161294
0.2618816473433859
0.3891538628031285
0.1903855592900866
-0.5878787114114611
-0.0918730364072690
0.3090502373374715
-0.3360042169720714
-0.1732183262568788
0.2219633626829737
-0.1808475322625993
0.3354081609413290
0.2409020299668367
-0.3446590290773193
-0.1738486211202709
0.1143840563428118
0.2640191210039209
-0.0919652540919230
0.2534667240529297
-0.2435198415683309
0.6312618460078643
0.2946650166819654
-0.1107213109865469
0.4802886663255260
0.1634825524174048
0.7926860960401899
0.0960905326457941
-0.0658578377998191
0.3989016523244642
-0.2907466155202917
-0.0611160374719299
-0.0453582014420099
0.0796690557087089
-0.2246039520641498
-0.1852709748428427
-0.1323254355865015
-0.3360010369866901
-0.4516973948055460
0.2757118585104874
0.4065103649964291
-0.1176774384175664
-0.2019507054764537
-0.4163612969218926
-0.0148797141781469
-0.2158133323084838
0.0644690636906149
-0.4035631349593483
-0.4131436208855481
0.1197011300400204
0.1633361038467881
-0.1459947930857866
-0.2690687348995919
-0.0360166748908394
0.0198527011934963
-0.3462254980078177
-0.0933096738893698
-0.3612626955190124
-0.6586440502726858
0.1994372944258743
0.0038065652480105
-0.3413345625817883
0.1516356338983043
-0.5560023317629816
0.3198450008061156
0.4054954254000984
-0.3838167679201259
0.0961846695159022
-0.2970297382587805
-0.0069427436147673
0.0590664068033560
-0.1595510028488349
0.6629336955729044
-0.0960745442269329
-0.3141042296122570
0.0494459018244394
0.3887465450390087
-0.4070280389017164
0.2958044509823792
-0.1088478211439946
-0.0713655933531249
0.0984353000058796
0.8376665024581514
0.2258432574381712
0.2013144103072234
-0.2986013149783516
-0.0671897844729845
0.0105399034687761
-0.1191968993520850
0.1257193592651092
-0.2128838084798465
0.1672470556187119
-0.3916856943617373
-0.5682274886161099
0.3890184757241168
-0.0633023727475961
-0.2927645101522005
-0.0699561240418607
0.2839442616151370
0.4336461317302172
0.0275347025698816
-0.0849880625106820
0.0331347790683125
0.1153229039030195
-0.4596372289666997
-0.2697215413958753
-0.4460304208557215
-0.5370196540376670
-0.2809300832456995
-0.0381543401935174
0.1081118618340233
-0.1064773291426593
-0.2933654816879431
-0.1608879207838300
-0.2094809014404703
0.0539090516544079
-0.5823744688008600
-0.0310299730363720
-0.2126628534493862
0.2260253742840740
-0.1615893795433647
-0.2386852981557201
0.3295123801083131
0.0943008143271103
0.5623369759511656
0.2533549106080178
0.4896277888693448
-0.1616035986906558
-0.1786584352843110
-0.3747630017055812
0.0167288761229671
0.3350091769872007
0.0215764088070679
0.2732954023410085
0.2776635665857802
-0.4825246854343050
0.0226435223945034
0.0601100826958104
0.0491277227905525
0.3432307713196457
0.1401214201981986
-0.2282568089989741
0.5658533668870765
0.1881086237879160
0.5850626662143145
-0.2005686141835136
0.2565482225971020
0.4324811710591363
0.5842595986144278
0.0410006446330600
0.0751143798899344
0.3346503927099515
-0.1708612481900860
0.0623617217470846
0.5487893089880281
0.0148776894566101
0.1034688991629778
-0.0843044184445116
-0.3834656977408765
-0.0990403555408082
0.6384354186768305
0.0104817783416076
0.0969582267164502
0.5006746404113014
-0.0291639650966846
0.0191171700165498
-0.3919970161597521
0.1406290468222759
0.0265561540007812
-0.1650204122221879
-0.0882501778840310
0.3293301857782375
-0.1541304718791958
0.4732502399760953
0.2207838585769977
-0.4860861818800443
-0.4584934583039437
0.1300847529880892
-0.1054669564950626
-0.2924259646250846
-0.3224908531753589
-0.1280561070630490
-0.0718262138333605
0.4049196300244173
-0.5999231069026703
0.3697475530921722
-0.0428991744769115
0.1813878994908641
-0.2166062707899331
0.3590698543458042
0.0571842458898503
0.2893409379699420
0.2848660184529311
0.2195562963178314
0.1288633215203583
0.2042231529874220
-0.1432886125635397
0.6505883169843363
-0.3807894890864450
-0.2927762830967111
-0.2031472833078826
0.1132747266531777
-0.2117872451889964
-0.2657731655438791
0.2686042464530042
-0.4907798039572591
0.2650643551877083
-0.2023188458764172
0.1634457841411686
-0.3551633333780954
-0.5272968856272147
-0.1668704135391638
-0.0395277629348771
0.0079321517360061
0.2988578561504666
-0.1708180568500085
0.7029055888898238
0.1526706613800024
-0.3320365124593191
0.1421324990299517
-0.0163730350899059
0.0973063307444392
-0.0371419907108818
-0.4716901926684490
-0.0183755186538743
0.2663644994471050
0.3221321337667829
-0.4623190800107181
-0.0983928655343386
-0.1493163390336537
0.1093442534370622
0.4585936444156300
0.5260755533817716
-0.2555646974137554
-0.1220435431421361
-0.2738970106820505
0.1556390180637785
0.0342764161615237
-0.5526227235576515
-0.3872816241219887
-0.3900476592474458
0.4146415091313064
-0.1807600516458333
0.0535408030888473
-0.0170925841654559
0.2903539082514731
0.6122354858009473
0.0457602880611608
0.0812262155719170
0.2373424326826432
0.2010860713120558
0.3512082790924752
0.2720534644741308
-0.2632499174106486
0.4672891596694023
0.0774257331781133
-0.1693936382635934
-0.2721787140305420
0.1128217738853209
0.0749181177677119
-0.0018682749539691
0.1240829131947615
0.4514680411559102
0.0924040709621595
0.7970229642716118
0.1183391559189399
0.1520774322464115
0.0862438373675505
0.1089842494173073
-0.1624940266150674
0.1726060415318799
0.0777296152697256
0.0797024927688756
0.3703928263108369
0.1962797941728942
0.1824429126887075
-0.0177313127919218
0.6984834820973270
-0.4715244476026199
-0.2359985857641255
0.0372971398491999
-0.0892307502205741
0.0031961414969461
-0.1435464679114787
-0.4341404725512877
0.0661944040475897
0.6443504990946678
0.0226828516747940
0.2658163297495478
-0.4848872164552356
0.2093025343472282
0.4360821319288880
-0.2356259667380064
0.0712889416406946
-0.0415534127719962
0.6023941629767092
0.0730862416019172
0.2147073220142850
-0.4602157447624120
0.0607414277417594
-0.2718249705526231
0.4253544988513855
-0.2566423171508248
0.0400642046185577
-0.2375677039286532
0.0074169148434721
0.2556197135645735
0.5999581379311222
0.4641713411949014
0.0467358073006318
-0.1423936250366978
-0.1786149124022848
-0.2204664549320790
0.2526116075298946
0.3097047653582586
0.3915099778788615
-0.2564642943028889
0.2548144091251269
0.5848469929760824
0.2304908501184164
-0.0834385885395158
-0.2081210272607940
-0.2494636224972020
-0.2186211213991847
0.0488722559748734
-0.4978335241512615
0.2539003727374877
-0.0895273634972111
0.3636034156908298
-0.1170190623824247
-0.3491843700309706
0.2345715346868740
0.2797852929846800
-0.4778737258120844
-0.1529188663626124
-0.0334714357420661
0.2486454632204459
0.7527265145996803
-0.2217120287467353
0.1482846193775318
-0.0874192159824155
-0.3408935024155264
0.2599535140687728
-0.2691000256120977
0.1099454707119530
-0.2377128709841720
-0.2212257660129041
0.1520861123407525
-0.4524839706993121
0.1654148964875659
0.2528750661353820
-0.2435236285096490
0.4063622902741474
-0.1830725466450876
-0.4450219478411877
-0.3455108899382501
-0.3585891631928985
-0.2469219620325867
0.2167566806061622
0.2788126507314280
0.2083819961509595
0.2337840252489203
0.0756296912204905
0.1636836546291760
0.5682855459212063
-0.0764265331159297
-0.4757559368793074
-0.0143275336671513
0.4275936721668730
0.4277017850533656
-0.3796540505016859
-0.4371336321348645
-0.0129093577149981
0.0135125715876372
0.3102825031715943
-0.3939140787315856
0.1984025228452837
-0.0874654822315179
0.5524161165436554
-0.0468482133824103
0.1723658679834170
-0.0669123031453472
-0.3303464150674310
-0.0361870904216602
-0.1004597971403830
0.0017818537428025
0.5119564969012095
-0.2515126904972181
0.4610452654804811
-0.0892093082706536
0.3488398358571018
-0.0363375101598890
-0.0679279926108464
-0.2015869356739276
-0.5475298512525004
-0.2764987744170179
0.3279857624385509
0.2905656304732110
0.2641322367024688
0.4310117795038311
-0.0857824449982598
0.3937490458167509
-0.4925737678628740
0.1764038235529247
-0.5575761667174881
-0.2092831578432512
-0.2078354464017948
-0.0597918289743688
-0.3105890706412992
-0.0787974550074741
-0.2443766931173535
0.0046731494130479
0.1912671590447444
0.0219856780144787
0.2859323781271613
0.3177170772730884
-0.0933310723300062
-0.2719219823718207
-0.2476868706327096
-0.5557140324946273
-0.5279550152685755
-0.2205778228960386
-0.2422188234317398
-0.2845298025184907
-0.4500386407898920
-0.3013493787256756
0.1249306363097238
-0.1970257983472532
0.1327586122501131
0.4997543371420292
0.2544663089987619
-0.2046284000231017
0.3722830194332407
-0.0105969579756515
-0.2645462606460921
0.2308141195461674
0.2463479438368665
0.5275089951166164
-0.3563078120945713
0.1383010940939864
-0.3995164027410658
-0.0221570646123198
0.4240859265347300
-0.2272425115882480
-0.2396839349938806
0.4502012057703445
-0.2876052449211777
-0.6369694661573216
-0.1197020091517842
-0.0017628654300387
-0.3683034436993804
-0.1590857209374809
0.2263479646117293
-0.0226985544174140
-0.1561653307006119
-0.3190699595492564
-0.2259761917825019
-0.1001887976133983
0.2704338692826304
0.0866925881799270
0.4229241728370472
0.6224286442180101
-0.2340860071068340
0.1577936945968126
0.2865653477669370
0.1683572498037937
-0.0559877423561180
-0.0353966937052780
-0.3635275831429622
-0.2165184510525354
0.5549998014340281
0.6902109426753734
-0.0787602907845443
-0.0276401332388943
0.0870674991380439
0.1063725032162731
0.0793785816919787
0.1039260349259240
-0.3687712947714749
-0.1170600261709924
-0.5078992981493781
0.0147449224898202
0.2480439894343358
0.0090804137921543
-0.2161771310144347
0.6223022004843825
-0.2331244526527078
-0.1771357845129888
