0.0342169780476187
0.2401304349574269
0.1640507854164779
0.0917805663002052
-0.1207408833102081
0.4446124909435941
0.0203325241440085
0.1642836247873806
-0.1498116850533820
0.4462624348809732
-0.1434676545649789
0.1841015823644799
0.5898302296865651
0.1241515422436856
-0.1636634460221647
0.1061861627279023
-0.3771470411556226
0.1072730264423147
-0.0256714977965663
0.3026645393256511
-0.0526432010436183
0.0201011529745820
-0.0957760004497242
-0.0509898459189612
0.5550686801121054
-0.3368360527161771
-0.3920853300711954
0.0490507875973780
0.0288690033650919
-0.3863079289675334
0.2223875929549247
0.0869253523395120
0.3049581799122272
-0.2136024256209039
0.1137573958619686
-0.5964285805292854
0.1776051545929168
0.0192531720021334
-0.1754813501260025
-0.2930903284913361
-0.0029781204289192
-0.0279105390281856
0.3608809833171539
-0.0531953820700606
0.3914483828774738
-0.3655562453531976
-0.5233704341264737
0.2028663649777953
0.1911690209780612
-0.0848781086936452
-0.2233619740077339
0.2668400922628060
-0.1099202025306346
0.0462687969002624
0.1319301859981657
0.3019149775466383
-0.2527333335841778
0.2018826099391285
-0.3617453021669056
0.1678728508781512
0.1183897791024659
0.1321007369780882
-0.2210721584300632
0.3622096350557843
-0.6402470387040784
-0.0168478506576136
-0.4403888636377113
0.0439703050504406
0.0753793768495251
-0.1788809377611543
-0.2022978343717114
-0.1462993088543375
0.2384235093937351
0.0143869392355339
-0.1591464143071159
0.0765295336035423
-0.0920105252020669
-0.2428956315988014
0.2257893458637536
0.2870851257318714
-0.1596872481341657
0.0512202546010618
0.0430710400540354
-0.2896323762536859
0.0590534595716659
-0.0870666152031584
0.7406154104596985
0.1860105941846493
0.1929986881040205
0.2190598563483506
0.1181024969463354
0.0156634799935649
-0.1901547593697134
0.6677880664739501
0.0137064830026146
0.0308707168232700
0.4300851029022363
0.0352363001487862
-0.0261788908614267
0.0860153429740301
-0.2717382984212000
0.0490213025314242
0.0653683207776855
-0.4153756549453763
-0.2349730694919743
0.6099121490847710
0.2585474390486465
0.2253363101851911
0.0871685665132412
0.1179784370650070
0.1614634570181246
0.5138581075576288
0.0036113001944835
0.2109287735386751
0.0795595486723916
0.0379824638252775
-0.2809114261101280
0.0242829918807497
0.2532097778100358
0.0534191284630115
-0.1387044306015495
-0.1318613680644022
-0.3746589850144099
-0.4567604926063533
-0.1890385823520007
-0.2143753024040109
0.2227197166097648
0.1083152736680915
-0.3875748364498496
0.4691915531309687
-0.0132542564063604
-0.0613647985423672
0.1854722299205456
0.0589830783491601
0.2432494573803060
-0.3444535165695755
0.2344751977310230
0.3703674737566092
-0.0572737285151331
-0.3417260893321335
-0.0109633639134299
-0.0010443944780446
0.0877140629571197
-0.0805344203592640
0.5010787330969531
0.3569707971081025
0.2620893887329699
-0.3038563414331760
-0.1029290381531555
0.0687116982384782
-0.1046475687643574
0.1663537938187537
0.0355615370730534
0.1109072389449148
0.2920813160266642
0.4183457733285091
-0.1535786155437798
0.1310050473442384
0.3277957298862650
0.1661136517916477
0.5938152634068754
-0.1849047473785429
0.1853992899894481
-0.0678440695671857
0.2931058430727261
0.3931906276880470
0.1034184346241317
-0.1389842688894782
-0.0868926080762852
-0.4585249825209223
0.0054866067132398
0.0171146041479880
-0.2376704266845140
-0.4446547840962740
-0.0326904954329145
0.4018567833093198
-0.1638091363680058
-0.3444807508371566
0.1764528713076213
-0.0622249551692819
-0.1595872906052124
-0.0154743639586504
-0.4204585629820028
-0.0607111903314613
-0.0417645321487648
-0.1832927978870663
-0.2619816776335526
-0.6214211283796484
0.3489353751600682
0.2803295427832169
0.1293315413587873
-0.2508473672296192
0.1338092154686183
0.0615169792433226
0.0447347973600197
-0.4266511093434339
-0.4466202841180372
0.1482724060164827
-0.0635104380736854
-0.0544120299418678
0.0980237590007504
0.2752770867183479
-0.0201070547272134
0.1575312672870058
-0.4654075751605534
0.0479429815783527
0.2595965775340683
-0.0294857001474652
0.4016531625626978
-0.1744301661910403
0.2301896883237124
-0.0168821378120736
0.2067060071102390
-0.0542713136060016
-0.3059320447456789
-0.0268455729093792
-0.0718720323337784
-0.1939266755867918
0.6042293510917630
0.1012074916580605
-0.1699927910708288
0.4741403491878555
0.1447705342224975
0.2805923834333568
0.1877056967193840
-0.3577800134923032
0.4902449197325598
-0.1258628925436293
-0.0711347620443404
0.1863534453375336
0.1412829718844409
0.1108316432880410
-0.4838861345885628
-0.0159540380918901
-0.1386250264741847
-0.2309438888011668
0.1006203083803713
-0.2996310198937169
-0.3664540761441057
-0.0513374703496455
-0.3514754096140775
0.3440062624676323
-0.1703272846593732
0.1259304790041423
0.1537042155606061
0.0626400118889260
-0.2719494277167775
-0.0531188587732918
-0.2833174729309514
-0.0881014240457865
-0.2486871363660917
-0.2208203436093683
0.3105167931372502
0.2535984787328229
0.4995573665217712
-0.0032844727102960
0.0406049008314935
0.1201453542303573
-0.2998490445742455
-0.4568225147576208
0.0691264912860157
0.1111192506486608
0.1034056531581961
0.0802974717123852
-0.0119572874219839
-0.2825396126925221
0.1613050892136786
0.2150030519042352
-0.6955952994598000
0.1223635633846864
-0.1054296798577006
-0.1511366074647211
-0.2348050463751815
0.1499920700662290
-0.3181014725277203
-0.0123093739450369
0.3729130514557557
0.3187554084147825
0.3337681782171744
-0.1244713393505124
-0.3168934550685809
-0.2340977887408025
-0.0672644467660824
0.1232603607394717
0.4945370418432612
0.0067205981910434
0.0049380292539811
0.1577410802912881
0.4051092776659572
0.0502019894552303
-0.7619166434009652
-0.2675937304111526
0.0299738937790452
0.1930122562123247
0.2342301779813789
0.0253628499535508
0.1437096268678593
-0.0421005293865627
-0.0412127638741338
-0.1962356727148614
-0.2703978362481315
0.4812023576188902
0.2418279871675511
0.3391855058554106
-0.1630763440584453
-0.1857474405128726
0.2651608709602278
-0.2298755920851043
-0.1506046405570057
-0.1568297053017548
0.2859432958064614
-0.1996529192131701
0.2742236065698600
0.1407904712895250
-0.2713483433625215
-0.0109183934397157
-0.1873522958673081
-0.5217027969755470
0.0392735806451972
-0.1283320405405816
0.1472053241976382
0.1202525825651441
-0.0135793143267514
-0.0873478962210550
-0.1248531877290456
0.5121971667668159
0.1539590870148943
0.4597841371084975
-0.0897765323442352
-0.3309856369110377
0.0255053694805042
-0.4042954272051251
0.5315192936432516
0.0011383626211492
-0.1172821595296597
0.2295445321450272
-0.3293088342441373
-0.2265679565806651
-0.3217071787184033
-0.2327681449232509
-0.2725877276333132
-0.0963867389743391
0.2821248606386274
-0.0221729684620414
0.0761604588029033
-0.0341908733899290
0.2204328698767935
-0.0220917978342811
-0.6264293024213295
0.0842197129879966
-0.1094807695021460
0.3021827554486362
-0.1491551598540702
0.2631311730523740
-0.0292401293414335
-0.1256477659057511
0.0066958798118644
0.3651860549191477
0.0985303798273707
-0.4423840543093568
0.4535633433398281
-0.1653672404524339
-0.0234422682476864
0.0643031475407598
0.1223612362703932
0.1724839459393884
0.0790590272670008
-0.5632364772151038
0.0272163394045205
-0.1247020411146407
0.2337219637829382
0.2037463948621346
0.0550871876009051
-0.4023016395639488
0.3416574401890664
0.1546181627923322
0.1233057323784035
-0.0892306088416132
-0.2685149774544479
0.1659173157494178
-0.2036370763869545
-0.3829678325843669
0.5506515282679368
0.2058622828261343
-0.3175079691061239
0.1983072801098829
-0.0472858095097228
0.1087823183324195
-0.3310705145231410
-0.2361246515559022
