0.0640994490525154
0.6538086319549568
0.1812336837843230
0.5848296206835316
0.4399479515186685
-0.7914815403379944
-0.1042733295050084
0.2712405463282986
-0.5367065487694851
-0.0325375259294608
0.3916563403528468
-0.4625348422519538
0.5738525367486402
0.2780664164588558
0.4754357631365733
0.8820472902091954
-0.2914003177512037
-0.3380125120514460
-0.0731163243600979
-0.1322118657982444
-0.1607390658511485
-0.3625645301414551
0.3750617520138106
-0.8297423673648934
-0.1164740321644242
-0.3847122020485212
0.8160499055757141
0.2771227751546362
0.0198548760193302
0.3299512457829127
0.4026716602075718
0.2899359491718024
0.5833418311457128
0.2206752496474960
0.6039928986934416
0.0335135181449589
0.6163428225039711
0.7387303070068574
0.2664285867804540
0.0478718174410622
0.4614977296234309
0.3647107310940556
0.3325380874794264
-0.4701127778166972
-0.5678189189224434
-0.5633787653369445
0.2777663678464304
-0.6328049138703163
-0.3061253740808863
0.3336096641079818
0.6622853096825247
-0.5953528656869311
0.0219362418781693
0.4508221841221459
0.0566682758929709
0.2283851320097643
0.2479934770979980
0.3638393466256857
-0.8635961414118926
0.0903443477989186
-0.4329783741900706
-0.8154402534325488
0.2057337915601612
-0.3243867219524007
-0.0058122454215306
0.1453988373551198
-0.9498412777407119
0.1598086587639259
0.0843602147651507
0.2097743357623233
0.4534112944363151
-0.0749877764648621
-0.8254568209106518
-0.2883048577004598
0.1558729524222825
-0.4029332788034848
-0.6210261832156054
0.3179035574571494
0.1944783640322142
0.5595415504435512
0.2663676693214641
-0.5998867976619188
0.0400867163124390
-0.3964408747595324
0.6406338913344831
-0.5507219265524592
-0.5861792309511027
-0.1601234636333615
0.4052498754203927
-0.4040201525688212
-0.0579218496439430
0.6051867530298427
-0.6603557119199794
0.3488788062747467
-0.2694586527799498
0.5839313819495072
0.3946370572329647
0.3880059648322887
0.5934915025761968
-0.0224709113624162
-0.9034109113810801
0.0558172189797361
-0.2775476760246788
-0.1349596756341191
-0.2923804657445634
-0.0073526170909732
0.6003345669249893
-0.1587684523377472
-0.7347905110283545
-0.2727999820781986
0.3526780143210336
-0.2636774863048547
-0.5712754961722035
-0.3347915585357769
-0.6063425774567659
-0.0012518267652033
0.4953961399962373
0.0901083788168443
-0.0074536536076609
0.8639479269733076
-0.0671113079114889
-0.0011701362274644
-0.6967940829948421
-0.6907278731533713
-0.1812945511702330
-0.4036267497026297
-0.2561656705055884
0.3575556986887779
0.7723365349003865
-0.2170594282037919
-0.2102849852302888
-0.3217484469295524
0.5678643808510825
0.2198345341139086
-0.6938738966531713
-0.3270354074827217
-0.7186897671364884
-0.3225590505716543
-0.1770888467396365
0.4910479203913291
-0.3985844273931829
-0.3802328580455061
0.1855289538334967
-0.6109873091557283
0.5374262212083492
-0.6205814063503147
-0.4171278635154438
0.1417271369577097
-0.2292058488573920
-0.6068452529851741
-0.0201582532139312
-0.1808809507070006
0.3723734858999160
-0.5052552244261805
-0.7569219719941348
0.1380242713205984
0.5985907623401771
-0.7228458377039010
-0.3157608591368353
0.0206730384495561
-0.8631430427729008
-0.2417401686321473
-0.1138091450400991
-0.0967988028777858
0.4174005855878842
-0.6878086455152782
0.6111822902797673
-0.2859743893831524
0.2616742649149849
-0.0558632517935745
-0.0974952847834168
-0.7907462727882166
-0.4493723854238690
0.3954552221728251
0.0830338966401494
-0.0383329493099006
-0.2413689880419897
-0.5152553641906594
-0.6457576973494901
0.5077208904461444
0.7912827269634797
0.4247767093917699
-0.4014367671238076
-0.1726024984343384
0.0499328819812052
-0.1095415527606549
-0.1421210500321964
-0.0747845110182714
0.6508888933407763
-0.7338618267725256
-0.5242538113231060
0.0625361367003369
-0.5611669571030115
0.4218460882429085
-0.4778961152904438
0.1735723563379722
-0.4592522838719196
-0.0658376262519712
0.3102986803741628
0.8113816073841387
-0.3036233645605994
0.2235340877264067
0.7307564554109097
-0.5517550381574219
-0.1393080933054849
-0.0687293951755983
0.4205751132589038
0.6635498781640278
-0.3398141959166771
0.5124653313035555
0.1028960585852313
-0.7283122303599155
0.1742586140326489
0.4982188763928594
-0.4247182393976590
-0.6365188377191188
0.3191416866277984
-0.1266838491163340
0.3105109836239579
0.6168682878111166
0.0957895486459697
0.2374457204860700
0.8156745901146607
-0.0431477310920886
-0.5169691756148888
0.1328392233784035
-0.0265984269794102
0.9763230009043184
-0.0055870291807046
0.1685480567214105
-0.4691947698491027
0.5248558519353820
0.3313166825449103
0.6248119771560225
-0.0649757778348912
0.1410171287014226
-0.7569171729321073
0.4384853418622527
-0.2061518568334153
-0.4152379795121726
0.3058871664601805
-0.0596456783821216
-0.1056219369530287
-0.8522312847740067
-0.4067201471921878
-0.5143783503733624
-0.1549738535700651
0.7349490998790307
-0.1958435212805353
0.3645451318235726
0.4748325978538895
-0.6268510997458667
-0.4918576216823874
0.0368794008521871
0.3718974220782570
0.4279202854372321
-0.0211401547022446
0.1226930137489290
0.7381739180574172
0.5064415210539611
0.7271884868434910
-0.0888348182047287
-0.2423786435422202
-0.3076688684947895
0.5566845966888038
-0.5936558855715564
0.3082811343951439
0.1468350766949354
-0.3905410570500131
0.6151849922686228
0.0144680016673528
0.1586148029774452
-0.4524261352970240
0.1023686718399401
-0.8714718976135177
-0.3405085031088168
0.1601990608299713
-0.1078647594377982
-0.8954121303082144
0.2121144285241328
-0.2971396945223229
-0.1008231709393281
-0.2427288315415019
-0.1183107054880822
0.9102900534699526
-0.4073456167899615
0.1943940733813684
-0.7106331353603053
0.4849548808384469
0.2368539701908222
0.8256135657388232
0.0480237227584183
0.1260614168800260
-0.5469230703906403
-0.0322433926428929
0.6363117194503578
0.3836818233621605
0.6602208982837197
-0.1074215157744431
-0.0215554524372958
