-0.5312108700133135
-0.8415632404752541
-0.0843598843599445
-0.0496964160806913
-0.4763137139922620
-0.4891468121909638
0.1603101142556979
0.7128543394366348
0.8592815980852750
-0.4421585254970419
0.1034676445199485
0.2354260394684312
0.5094353343908022
0.3361765753810472
0.6490495551572921
0.4540876844721997
0.5643408540913469
-0.1302307952041933
-0.5399637101675322
0.6107360576272257
-0.2805923503115996
-0.5338026271833405
0.0813953214936706
-0.7935348069226191
0.2763811892576376
-0.2656640432262914
-0.5148133146715415
-0.7668137357912241
0.4393305567028422
-0.3706421323714890
0.8182980677982760
0.0011592652390871
0.3322826391572388
-0.2599760358053763
0.2327666164527682
0.8762536224100599
-0.3592034980629304
-0.5810229675196870
0.7009024405949765
-0.2052338348371842
0.4007960931356334
-0.8087805930345603
-0.4131286410164363
-0.1206696731983238
0.8603478270818252
0.0403596101571375
-0.4769669304367452
-0.1751435570419155
-0.8569986370210040
-0.1852430539155402
-0.3951159749381634
0.2740834060443108
-0.1547930751791060
0.8940293369510190
-0.2824403995706720
-0.3114130203409554
0.5416538561948580
-0.5425980086300550
0.2352070479888660
-0.5973911161678773
-0.2003731496346452
0.1833842500307260
0.9615123302266062
0.0414108267046450
0.1314982198888411
0.6205003507034410
0.5868384339708460
-0.5032973130840437
