-0.0748507163074616
-0.3003532136832339
-0.9508865953931697
0.5029373658029376
-0.3131806363064543
-0.8055879189274666
0.1825426104554326
-0.9441268250089725
0.2744134356524719
0.6308694068159448
-0.4975773809105858
-0.5953322950670994
-0.9082651419982055
0.1123826554673334
-0.4030193178758188
0.7282090771916335
-0.1559302807766444
-0.6673809162934062
0.1819170403912111
0.7691147444692342
-0.6126734042337132
-0.8064238195643292
0.4008207804705144
-0.4347681280663131
-0.4056524733868332
-0.8181807339639326
0.4074633203190015
0.3241607951797020
-0.6498652435711795
0.6874554124207874
-0.7868545536989116
-0.5647526300092658
0.2488259998892887
-0.5201756155817095
0.0835001564437931
-0.8499676775195936
0.5927930319283139
0.7882141649139770
-0.1652720530706838
-0.7138381627674296
0.6451124001607691
-0.2725161803189538
0.2419975087739205
0.9569494088589172
0.1602655129208563
-0.8829685536422259
-0.2963246980656429
0.3640854385927308
-0.9189686418885179
-0.3931508528450000
0.0304801924669467
0.5660376010338750
0.0542755791449763
-0.8225907826643168
-0.9730446662370152
-0.1615906402325938
-0.1645373589702842
0.5245955260852571
-0.3783465383020581
0.7626620686556935
0.7049191578702358
0.1116623649837698
0.7004430720006795
0.4321174051259685
-0.7623643111687310
-0.4817418450201581
0.3198855365374693
0.2123555236368428
-0.9233517071490461
0.1135856555251349
-0.8271702257004205
0.5503523567439690
0.0237760017064166
0.2881402557372889
-0.9572930036130559
0.8590083170250874
0.4354805365389565
0.2691865776324477
0.7584129017907061
0.1887112293586987
-0.6238573092553532
-0.7620906096739751
-0.6456693975694794
-0.0482590062994906
-0.8634452658208711
0.4777194060531127
0.1620075368980922
-0.9843976919269182
0.1401750448758195
-0.1063585488948513
-0.3655681164936164
0.5849812278979691
0.7239868197766407
0.2207380257212573
-0.9200940185732133
-0.3235764530779044
-0.0259853574368216
0.5991659587216990
0.8002030461751493
-0.7381804325013652
0.1894397659518354
-0.6474582798514600
-0.9622007821994830
0.1885286532378113
0.1965365147829793
0.2656740674063362
0.5040610097790856
0.8217905988317598
-0.1129451696913879
-0.9269114022593026
0.3578807636700765
0.4506815805497305
0.6221868302316620
-0.6401325341204539
-0.3469232899695066
-0.1594904963052094
-0.9242332024251519
-0.3248202637589403
-0.9360670981541084
0.1351672445710105
-0.7070762854098970
0.7065529818441624
0.0287403976671303
-0.8710963037852070
-0.1887077851956809
-0.4534099704883994
0.4829926869063630
0.6274067763101424
0.6108017693450855
0.8358482265782317
-0.3305692664228614
-0.4382712655681141
-0.1992872546506373
-0.7426012022061541
-0.6393966254335306
-0.2445175315829645
-0.4968099672652686
0.8327010466995084
-0.3244828247294314
0.0946272233648274
0.9411464206242683
0.8946851074842602
-0.0220657257462308
-0.4461520617381140
-0.5292924792909675
-0.3540409369007715
-0.7710411703433513
0.9838633182756097
0.1127774655484065
-0.1389036148420346
-0.0326846312222491
-0.9975810275178982
0.0613498852337979
-0.4987245437615163
0.8547896113905717
-0.1435567821756353
-0.2412895574618142
0.4203907686507038
-0.8746719105431204
-0.4901048413728134
0.8500859936746573
0.1927460708318072
0.6653914688211354
0.6647925329812649
0.3395660190778896
0.2176528606664609
-0.3799189126611869
-0.8990488596544948
0.6791511080906869
-0.6533081777514735
-0.3345776401109932
0.6995699141986518
0.4784021753634330
-0.5307855440341477
-0.2615112449928221
0.9649479109778513
0.0220770886165964
-0.7163180420914884
-0.4391665786620765
-0.5422371978760429
0.0319725442644962
-0.6248736325640759
0.7800709581438289
0.3817633500252450
0.8312839652555135
0.4040095465290053
0.5922434372543637
-0.5893789663421320
0.5494362065450518
-0.0328161238866826
0.0163856717572153
0.9993270794760437
0.5252165456386930
0.8409694203463037
0.1300692670455275
-0.2374156593933777
0.1259057043164004
-0.9632141809044336
0.8912029268267144
-0.4312252399907315
0.1407200611513298
0.5402423496722174
0.3548784992103478
-0.7630199567631589
-0.0733426838853516
-0.9079064209801924
-0.4127066530399420
0.1469406326549159
-0.7916288692557618
-0.5930701339941316
-0.4051086081196739
0.8045427987100606
-0.4342785979888066
