0.0343408309240405
0.8863506429323202
-0.4617393692386530
0.5805012247691433
-0.8088783059208086
0.0934570182073418
-0.2615111843847566
0.8169427566341508
0.5140198759043044
-0.5919002583814345
0.0773115348037822
-0.8022948402640234
0.2489048003648218
0.6866923804503667
-0.6830080343500778
-0.4477933064134716
-0.7860084336152319
-0.4262298640604861
-0.5490062490057106
-0.6902142997847576
0.4713770878238743
0.4848823463683760
-0.4264639402245711
0.7635559035646519
-0.2735115992619549
-0.0124178434430339
-0.9617885434093049
-0.8102576088582132
0.1947285760935672
0.5527778839099325
-0.1678928061075251
0.3374984126199809
-0.9262325988305175
-0.7258244409812187
-0.6713108028720162
0.1500689402295848
-0.0856160916687876
-0.0568998269783867
0.9947021134677414
-0.4958339008264405
-0.2765167190568661
-0.8232176181747217
0.7458152535501217
0.6307189274488805
0.2143670733338068
-0.7986950176515456
-0.4247339335808011
0.4262479964100441
-0.2189680783664691
0.9593226100951521
0.1781940246380917
-0.7999946856841478
0.5908539067508581
0.1044038493273602
0.7111032687163180
-0.5349063064205544
-0.4562974737739493
0.1856230716776020
0.9547877515873864
0.2322163316385718
-0.9104316382702179
-0.3082559174790285
-0.2758487291538054
-0.2834477705863565
0.9171132063270436
-0.2802868675663449
0.7784661226213082
0.1694388136981797
0.6043847982399128
-0.5362527892590099
0.7993772392117762
0.2709778135606142
0.1512776552750652
0.3564186268934670
0.9219982827629638
-0.9382069069721731
0.2697310707080354
0.2168246969429566
0.1023718529536182
0.8197925731611058
0.5634360129710703
0.5199609090617558
0.4358303960826904
-0.7346376786539592
0.6586815860399609
0.5124493092873349
0.5509394464211246
-0.2085032984669762
0.2841210625809858
0.9358427198660267
0.9997915364922683
0.0204155319414560
-0.0002993559371772
0.4403640795035577
-0.5580348317178025
-0.7033324989453198
-0.9251900588815716
-0.3696508889525650
0.0859160942041292
0.9263199480080536
-0.3491455735549334
0.1415228687857679
-0.7329349843413865
0.5872349039968352
-0.3434552026921700
-0.3397637242401289
-0.9042544001245655
0.2586205551495085
0.4336292536574183
0.1162213860392611
-0.8935649163880727
-0.0870326828678081
0.6038984769204314
0.7922953626558815
0.7362957014347532
0.1485829853810406
-0.6601452389466748
-0.0238357851026118
-0.9951944079781442
0.0949733945774986
0.1291249000909873
-0.6616321782896085
0.7386268481636992
0.7675795460369373
-0.2982175131240115
0.5673517034184875
0.4483277240676383
-0.7138914159441211
0.5379231339825696
-0.9338864877982481
0.0497796868574389
-0.3540875748797579
0.3459540911606802
0.5967593224766088
0.7240124845929432
0.1938412042134924
0.3943225387080718
-0.8982957881543721
-0.5468556747982726
0.2222734786567530
0.8071823657803434
-0.5012008147082573
-0.8626086008207503
-0.0685867707786772
-0.9308254739680042
-0.0897377678861184
0.3542754154990966
