-0.1942413695663799
0.2829239751181077
-0.0903069765073162
0.3374977345251892
0.1169655792349258
-0.1910096341066895
-0.2645797289735528
-0.0769702929197403
-0.0221868959720394
-0.0445830599391251
-0.2737175331452030
0.4532653216282023
-0.3478015556351786
0.4235626215419375
-0.1911086678511056
-0.1196969969875579
0.3123579814400487
0.2652535614451466
0.6326862711762717
0.1926871328921024
-0.1202495310433216
-0.1952470366447795
0.0467569464938151
0.1640896244514010
-0.2504068123399838
-0.2917901153563645
-0.0209927856148709
-0.1270678559364332
0.1483334745548794
-0.1991811778366882
0.1033795544148821
0.2759792474561399
0.2094571198381101
0.1785789994067312
-0.2812991055057192
0.0567868699373995
-0.0966880387864927
-0.0228926996889038
0.5456678395323020
0.2703449702699886
0.1224565200000323
0.0236510466403905
0.4746475963474761
0.0508648103644029
0.1196887747866547
0.2000531021441069
0.1507477727428858
-0.3750557232558310
0.2056156339162259
-0.0974146048299763
-0.2215169234737646
0.4361915117875015
0.2074605767858138
-0.1061451279201676
0.0207786664258553
-0.2179538337380611
0.1977722276561154
-0.4247224148803541
0.1373560903130539
0.1408404075836406
-0.3434462979493935
-0.0539488468550679
0.4770561085039536
0.0018573615445927
0.1866618721915764
0.1692663305245681
0.4317426907547246
-0.0681335216957116
0.1039161789086665
0.0082539951269559
0.0386213262498224
-0.3646298684859741
0.4614969498402989
0.2243410310984480
-0.1140507370968619
-0.3025832337884704
-0.2842507848150800
-0.1882876853859256
0.3320618348792084
0.0758995273121069
0.0953693804059361
0.4623158324973703
-0.2742964633369496
0.0822999696120736
-0.0134413376031990
-0.1901575126209785
0.0169132373772392
-0.4028257088399425
0.2357031122367392
0.3665813603132104
0.0944088477970426
0.0998926518891151
0.4052030894945365
0.1527724558967013
-0.3122327732245961
0.0491331258834621
-0.4574696396657865
0.5959893460199636
-0.1381716740502631
-0.0196961518230809
-0.2672501774279011
-0.2589528655853094
-0.0846655657683272
0.1207671751092110
-0.1109393585155185
-0.0164711870306525
-0.2910394328762946
-0.1027271957879779
0.1300709706829254
-0.0225629829178548
0.2031167966022881
0.2988093331532145
-0.2721009847346762
-0.1266599260090534
0.5094424246796746
0.1882533770101821
-0.1413305857035509
-0.3167634352289089
0.2936333879052801
0.1236778280289873
0.4415838976986203
-0.1008176005767771
0.2495376569602996
0.3144647575459545
-0.1302967613539775
0.0384316626528027
-0.0601050272027315
-0.0687947160576814
0.0128126259015150
0.0829955697015259
0.1910835341680314
0.1943609441880234
-0.0882549553303816
0.2803571034759205
-0.1023450307646891
0.0774260648790824
0.5628605784498224
0.0954555352779730
-0.2307497152971865
-0.1807997965318421
0.0627294048698369
0.2623104504590760
-0.3112569487706896
-0.4840658101743945
-0.1540991984739421
0.1734430671248920
0.4264660103820448
-0.0116250902891356
0.2897317073897212
0.0168718360389486
-0.2673587432265415
0.4706936415487261
0.1395321152135129
0.1633579288570843
0.0736154320973108
-0.1895043437358122
-0.2626872742074257
0.3664851730850742
-0.0340432624338095
0.3081219463058681
0.4689037641084826
0.2645577685865423
0.1249578289573153
0.3685642052995283
-0.1720963325535625
0.1974721401860411
-0.4923216497668268
-0.1572942945290308
-0.0619196189317551
0.1650928057632084
0.2974351283753912
-0.0751262305346168
-0.1254519598058806
0.2608557477636129
0.1122821299421703
-0.0368435475599467
-0.5180871231258486
-0.1275157329638982
-0.0718676661665866
0.0432084958038654
-0.1995101586136480
-0.4992389131977343
-0.0245957681343486
-0.3875808122165230
-0.2840720791632919
0.1220778143929024
0.1254693260715213
-0.1409462981196797
-0.0992979238857094
-0.0176988364373001
-0.3395210651450154
-0.1084881175821664
0.0978937010434681
0.2376496883668032
-0.1807312585557786
0.1222116237278233
-0.0991194174833549
-0.1845928456375640
0.1047990810014576
-0.2692341039151122
0.0113730236897570
-0.3948537500870224
0.1853986265080370
-0.7196193968960949
0.1112843008875302
0.1916264711204745
0.0120445761690672
0.0381762210058399
-0.2731133418259079
0.2472838249070428
-0.0183985852798837
-0.0119989358024708
0.5362055706916096
0.2275261529399419
-0.2914783480628219
-0.2678079834937287
0.0098280899710999
0.1480305334479812
0.0794235968992060
0.2586027474979423
0.1606842476629292
0.0926826382714107
0.4548500888614795
0.1769768379366328
0.0603724104698101
-0.0063850620104018
0.1741953563969042
-0.5325626242245434
-0.1446796398168080
-0.0314517796323240
-0.0404038118863095
-0.1796640185878111
0.1032845176148112
0.3785799287108130
0.5952419296448156
0.2343590976651680
-0.0715417515536728
0.1864712883210363
0.1165030504486413
0.0991164572699575
0.3106610506104597
0.0936862141074975
0.1034420164388268
-0.5404214926687727
-0.1953738468622671
0.2713675642162512
-0.1725204119025085
-0.0074809791090561
-0.1976156385803643
-0.3462203632475226
0.0500860958743878
0.2544215003148997
-0.1067840854536079
-0.3641088603152270
-0.2796936459488621
0.0442761322508286
-0.2025327953006189
-0.1119281392268874
-0.1001483033407730
0.2169184799779541
0.3710330920993264
0.1253649073470624
-0.0351079923061729
0.3797336710940015
0.4709679708457051
0.1205387425428496
0.1669691743766083
-0.1355282346545939
-0.1414959916512426
-0.5275888654465301
0.0264522485266409
-0.0943357180507487
0.2414683263812768
0.1787875902088019
0.1434976301982053
0.0492343265568374
0.3319204579568909
-0.1265778097288468
-0.0638886946975072
-0.1077959009559851
-0.3692064607988514
-0.0789267095841841
-0.0266321790890563
-0.3126908253409844
-0.6056392289831620
-0.1397525719974870
-0.2926273576522620
-0.1784082771403456
0.1421881390373711
0.2113150112521494
0.0956416437047293
0.0211040559656382
-0.0915070707160267
-0.0952673011556415
-0.5418841176142672
0.0434365271445808
-0.0978813461169071
-0.0699857176143153
-0.3151596201920890
0.2842523864094766
0.5366254717925493
-0.1032438539048127
0.0404649523894530
-0.3430654395156119
-0.1575641318419749
0.1100780346754791
0.1332193308388047
0.2857699347228938
-0.0902056571315763
0.2228518258366131
0.6292779532219596
0.0172301494058983
-0.2358222989350048
-0.0491375346850246
-0.2590762508437877
0.3355916058327352
-0.0618769452814328
0.0941054127432559
0.3778209339414692
0.1278858115087800
0.1110874220818282
0.5251581598542594
0.0288320118408287
-0.1721274464571492
0.2865948411599574
0.0023789884702290
0.2921979953828779
0.0373107983026390
-0.1867288879943463
0.2643276155996454
-0.1047352154253362
0.1076653622828496
0.1407439821026841
-0.5731306888162349
0.0976029124116308
-0.1654789330502387
-0.1824795659647180
-0.0324854819441723
0.0721765790535823
-0.1760665070016365
0.3679293142002273
0.5770216561056272
0.1447328024233436
-0.0502781565467593
-0.1766913800489672
-0.2787820055620081
-0.2418704618281424
0.0068279011107919
-0.1076853420090684
0.3664258963324501
-0.3518098015603134
0.0226755644446676
-0.0242735106494060
0.2538985549633692
0.3927039797183290
0.0946089462955034
-0.2191127679138233
0.3424354354960752
0.3833779023476409
-0.4150637045897032
-0.1316909632985823
0.0187103325614337
0.3482655787434200
-0.0899764661517866
0.0105326879973588
-0.0931307927620873
-0.3037899225246603
-0.1977378602540576
0.0778547114911523
-0.1818321543551049
0.2262608390390796
0.0285909642635180
0.2360411017697129
-0.5176976165169545
-0.2242341369235015
0.1142153214138981
-0.3187657811256749
-0.1188547904112146
0.3438104976722660
0.0688682602363955
0.0078910094293724
0.3476700970104381
0.2281011704791052
-0.3319013422457451
0.1030397167971088
0.1801326272338092
0.0850111155225383
-0.2364030937384858
0.0191929302662340
0.2841062085497804
-0.0093000709003831
-0.2179965772833028
-0.0972913144898660
-0.0782664973930607
-0.0896689708477506
0.2014374565322850
-0.2889167757557778
0.1385313925084271
0.3716404320743327
-0.6783352836538217
0.0222395030961401
-0.1132545164352012
0.4378669746949753
-0.0464861506451171
0.4939975196809164
-0.2688306281890391
0.3247164903475521
-0.2750297104335812
-0.1825051694602755
0.3382436791255217
-0.0641203047269209
0.1338611889284829
0.0755160671448299
0.1450490916134836
-0.1982224381082986
0.2441793754154561
0.2910820678400763
0.2163439809431672
-0.2467478978779906
-0.1809207854433108
0.1378228868964303
-0.1482052831141603
0.4358213378798713
0.0370003682736140
0.1318072074326709
0.1770364280043599
-0.5536036074399963
-0.1433504866899030
-0.2198474396489116
0.3377775585553416
-0.0410896058537846
-0.0521934058116301
0.4110201532455616
0.1275076109958129
-0.0747539846895482
0.0324115657858858
0.3867223833114846
-0.4244795763293009
0.1065173604345937
0.2139260105957606
0.1822566189645394
-0.3510668036917851
0.0119212763150238
0.3076640308921613
0.1005310292040004
-0.1051074179641764
-0.3842853147893169
-0.0349895345940743
0.1276351927397629
0.3439145989999564
-0.4465052744821406
-0.1077082678341419
-0.0990225395845157
-0.0953723735959904
-0.0819792471571822
0.3940949018999903
-0.0258402621310186
0.3310974720281749
0.1838830998647897
0.1597414634274330
-0.4136894529125932
-0.1196491881487752
-0.2697715397179332
0.2137196139988617
-0.0342031137049754
0.4085072923111585
-0.0315676732069599
0.0854391321064660
-0.0814286410209988
0.1710627271672124
0.0692067788006170
0.0121612766143700
0.0984555608408893
-0.4299108232281326
0.4200072107499266
0.2922826079108611
0.0102178174619588
0.2821174026259116
-0.0895792787140787
0.4886245466389506
-0.0425639344028421
-0.1145013494241574
-0.2637318827628530
0.6044364472635643
0.2067380683920792
0.2408720039783276
0.0291757574259343
-0.2486113318666720
-0.3128437006105693
0.3363659639276720
0.1121820273041887
0.1732934804137932
-0.1397797658398793
-0.2319290347156513
-0.1906253715023445
0.1531825207963850
-0.2400957901769292
0.2294888731308201
0.2239835397815785
0.4208096905191789
-0.2325788661934804
0.0018541785562402
-0.0351069401342081
0.4722367879534914
-0.3173668291451165
0.2546618584039707
0.0717593381263401
-0.0130647732526637
-0.1415750217534556
-0.1144098637293969
-0.0057497449511167
-0.4243140090244623
0.3697791543489801
-0.3416674500208784
-0.0070953416209503
0.0745328302325557
-0.1060170012952851
0.0459989543775106
0.1515269017330244
0.4018199127096108
-0.3956266694250318
0.4767953188879138
0.0154046900159974
-0.0620419462675765
0.0023801218562403
0.3085829703306094
0.1485135092209560
0.1947305039268101
0.1168230796302485
0.1247465058066513
0.1227321804133367
0.2856840310359333
0.4904791859868702
0.2134431622588009
-0.0358909849236245
0.1955648548435356
-0.1650494592543473
0.0522006878820854
0.2687806238248410
-0.2750310878319519
0.5573153356620949
0.0634468581339114
-0.1988427009335799
-0.1281985463554522
0.4696512426779411
-0.2406216453145288
0.1426176151021325
0.4238177057613111
-0.2230953138533642
-0.0978467597851289
0.0301458625105694
-0.2006470545182031
0.2573275712841858
0.1110278211902758
-0.4301534393029449
0.3054079030107730
0.0961968453285079
0.0442390221536155
-0.0688727682644043
0.2196569468474460
