0.7859488006313722
-0.1734154915657405
0.1131284561459073
-0.5259889829666656
-0.1025188034040026
-0.1895217860642519
-0.1277516333926266
-0.5118662250252509
-0.0769767809093386
0.5713917010387048
0.0601291540600647
-0.3559351274741585
0.2818339188065218
0.4425419516107652
-0.0551042523301018
0.0163682279360128
-0.5276814082608116
-0.2792371085732706
-0.1411830884986868
-0.3665975730449177
0.6970997963135908
0.3341169670049661
0.2729938895906890
-0.6098501704886767
-0.2679524750466222
-0.5900426662048006
-0.1431544260553217
0.0384823548600137
-0.0444826743550006
-0.0662858911698577
0.5052878961329861
-0.2443143350458487
0.3844262172222583
0.4526290851125404
0.5709338970923168
0.3217402910625121
-0.3156566824094073
0.1588477385859399
-0.5240155415463295
0.2909277542266749
-0.2585828548658036
0.5878053258617270
0.0272802428137367
-0.2050805192593368
-0.4072189786580405
0.0521315078833255
0.1274382656398589
0.3196493532571264
-0.8186797650436117
-0.3674758684810405
0.8675799777697446
-0.1540446521539840
0.0551355344576975
0.1644748871949670
0.2407001453555562
-0.0225441289029671
0.2464661977716213
0.2207220029334006
-0.2643175882022292
-0.6162098607439345
-0.1765355360953243
0.0220799463428550
-0.6397698893594468
-0.2822620783044860
0.4380230205692095
-0.2295971502063842
0.3812626708655773
0.2990661322564110
-0.4055282781541438
0.5258271019819519
-0.4497592969271678
-0.2845088154954455
-0.2346608945567449
-0.6649311513796614
0.0071970673187196
0.2756934649476045
-0.3788316945965560
-0.2229297184064226
0.4437536336423426
-0.4212785076197385
-0.6416184947285074
-0.1889167081920854
0.3292407735503359
0.1419372041372656
-0.2565662616106799
0.2343899790537982
-0.6407732323550378
0.4360872378075167
0.4291546479897922
-0.0864125679563176
-0.2946724165050399
0.3604522870455327
0.1299862004654856
-0.1900618284319906
0.5571803667018347
-0.7114316253937603
-0.0215330972864908
-0.0023758994364774
0.3349384648255871
0.7202747480529008
0.2914361969392832
0.3273308741288181
-0.1294013180625875
0.3652837049631804
-0.1635942169677082
-0.2321816129983196
0.1264915816602751
0.6134970760998002
-0.0311532726273168
0.3141818246065148
-0.4712214844972726
-0.4816455991819010
0.4026411350857233
0.0925839918396573
-0.6932602778804596
0.4088235247509917
-0.0258051202978669
-0.3244195213172803
0.2750416395200503
-0.0946590440850166
0.7002314159370493
0.0021567400973372
-0.1155914010043391
-0.5861665087340393
-0.1635138078690734
-0.3420842946824888
0.0806272143399545
0.2471597487122465
-0.1505350169127444
0.1414192797038340
-0.4668759677946768
-0.7909153829739675
0.2150134754063875
-0.5614404901656344
-0.2792612123665594
-0.0761798878711864
0.3376641138955681
0.5170816181553797
-0.4683604272468853
0.0155702439324190
-0.2835412900758861
-0.7280011088293947
0.1963342223801686
-0.0581234133607906
0.2074776501287640
0.0281298781658863
-0.5512304408850781
-0.2318988738576604
-0.4122391667536893
-0.1366962621349245
0.6437649671759982
0.3351098307093783
0.4109836195218001
-0.2489105190619530
-0.4332658012179893
0.2616426002544192
-0.1806177660411277
-0.0411289216941367
-0.0337202572820886
0.3495364654822832
0.7656348562889573
0.0779510311993808
-0.3410898424878094
0.4616978364253518
0.3940472802436505
-0.5973017441543285
-0.2551339588479537
0.2954327238680469
-0.0981671424863197
-0.2586928516524236
-0.4191870803664315
-0.5034379946470718
0.3592433762020950
0.4015524957872429
0.4516341302664870
0.4020130157136071
-0.5098662782942517
-0.1531525820679731
0.6398584874315855
-0.1063940991385430
0.1885261708253004
0.3141424751690604
0.3788723972735828
-0.1792645554148765
-0.5917451644776296
0.2136246646250602
0.4794845745419480
0.4455083841034672
0.0117860598629648
-0.2018581758306949
-0.0854659195044498
-0.2371245603975582
0.8696406948896671
-0.1292689597469468
-0.3493748446843174
-0.0259347652658817
-0.1801843958484582
0.4481564970381054
0.2833484198500822
0.6709214219908300
0.4425511348317049
-0.0918173428797452
-0.1788449740507078
0.3360729365912014
-0.5081529171232897
-0.2411228767128872
-0.4963163437886409
0.4510384679052799
0.1739556164451816
-0.3011132399959681
0.6473100788722673
-0.1309370071248671
-0.0822005573904141
-0.0070417692013198
-0.4350592918272527
-0.2420140134820069
0.5560497043249665
-0.0009084405350473
-0.0084015063801389
-0.3859072522099230
-0.8309071234628358
0.2266866342102341
-0.3290825509868600
0.0302552277013057
0.4161138557236948
-0.0583691932790496
0.5491009046839144
-0.0295946152859224
-0.0634252589198953
-0.7135895128295503
0.0884414794241230
0.0354073778318620
-0.5051818149344381
-0.5178277476241591
0.1176733096366098
-0.5608240920655025
-0.3512594453895516
0.1537472186018500
0.1714449133546179
0.1651518047418503
-0.0619588206711435
0.3862706790884350
0.3458289093792642
-0.7959950169759731
-0.1925665819396150
0.1460187211625207
0.1542612745526722
0.4150061136223469
0.1425615417378038
0.6928706832117402
-0.3358375547941567
0.4116691363855707
0.6338542327763068
-0.4122070567240878
0.0450709643811808
-0.2197695141188193
0.0529801766570705
0.5313873090047683
0.3046387229526298
-0.0750265240248882
-0.5892945744863920
0.0194055020548941
-0.0772041718303617
-0.2266352974542416
0.1445702824900352
0.7539905456199099
0.8140788042162824
-0.2336810698494303
-0.0192444039824160
0.2160437859826172
0.4150251595295498
-0.2132172817827833
0.1338510413859562
-0.3491799629020289
-0.0256388465529017
0.1832601948067099
-0.1603851899549887
-0.3496310014971695
-0.1249955414664673
-0.8247681930720137
-0.3222319797382093
-0.1032050934202641
-0.2985293347536030
-0.2516369913636202
0.3498055218412534
-0.4835351616428540
-0.6139252113568339
0.6725229076514170
-0.3661808900858879
-0.4614405563674875
0.0691379063342435
-0.3184537206499337
0.1371829130292339
-0.2751093118089590
0.1228069265233973
-0.6440589729036043
-0.4570150698592262
0.3607297601327201
0.2447792819589887
-0.3231056535022235
-0.2584639319033343
-0.2863004772338973
0.0889360422446649
0.1036200584255448
-0.3017899547737751
0.2304509470627826
-0.8381730758306165
0.2294915679617390
0.7253466689440154
0.1726280844891143
0.0477646327215988
-0.0827582347324823
0.2612179480661325
0.3976106798486229
-0.4567409546130166
0.2891516156275273
-0.1572351079792613
0.1057718256764898
-0.1715509600612038
-0.7936803912689051
-0.3702235781772090
-0.2899258382255432
-0.0829748726704976
-0.2077433804990706
-0.9405876600912982
-0.2236280071361634
-0.0023684603694066
0.0031842183530655
-0.1233996662125804
-0.1513373225329651
0.4220656271748325
0.0962761641114051
-0.2509486903432741
-0.1319227748858509
0.6752150330938753
-0.5033828729262764
-0.7242373856606150
-0.4942147737051660
0.0413958743828644
-0.0962943611491166
0.2110124165276847
0.3656180493718840
0.2050437667978142
-0.7365700719692788
0.1544681243545249
-0.4671428880929331
-0.2854311613005427
0.3081662824290747
-0.1306415902719684
0.1479088204450245
-0.4132627182375985
-0.0099298731139017
-0.3397090237964118
-0.4437463006562196
-0.4998041906065331
-0.4948071386933142
-0.1488757525264128
-0.0590727119352357
-0.3436182128143310
0.3587099086092546
-0.6989304058342870
-0.0903771480204307
-0.3949020385651649
-0.3116805718127636
0.1816506993620752
0.4465155661875730
-0.0784860108246482
-0.0980007757470757
0.2014953703420463
0.7944143644428331
0.2831397180348882
0.1507016445478085
-0.0448777697284807
0.0051636464294209
0.2111613845729003
0.8402716007045734
0.0686323923993852
-0.4689269008049144
0.2882242131801663
0.5288620643802199
-0.6061766896087813
0.1267232565484029
-0.0600767328761140
0.3763400686766700
-0.3293655961029395
0.0585810232597620
-0.0752435630151879
-0.4983915047774491
-0.0767221270752646
0.7311104240889533
-0.3472159779434074
0.2855606863183545
0.6272792007686758
0.2486835333372714
-0.4641797582254004
-0.4412949964562050
0.2047693661516887
0.1583991300424061
0.2597160083130671
0.6816005139862128
0.3821680369968149
0.4328844409718849
-0.1946968501731431
0.1521772084689171
0.0671676732726654
0.3693279423745126
-0.0474187051658942
-0.7889250724060908
-0.3851527792327137
-0.0249006462763894
-0.0985164642273967
0.4610347336274118
-0.0642454018510479
0.0312603946613805
-0.6526522832918381
0.5205429781068056
0.1964715523213169
-0.1050728437528514
0.4996167440479489
0.0533341212014403
0.0504208612718668
-0.5356822421373356
0.0313736037418255
0.4783653306990593
-0.4584404080223780
0.0626671399850655
-0.5163233496938897
-0.4800038121264927
-0.0799218538499503
0.1736303421323600
-0.7215183991404037
-0.1209883639763006
-0.0442290225397756
0.4425812365674859
-0.4239179215187583
0.2944786217358448
-0.6875202239174709
0.2532259858692206
-0.3832667154339002
-0.1606527509876815
0.1551315486334261
0.3300083595142662
0.3563520731514825
0.6174106267976923
-0.3561900069195557
-0.1998691004453646
-0.0586913575784191
-0.4611378825601231
0.3877874145997690
0.3522427466649892
0.1789218052703487
-0.4691598889732564
0.5584797720256270
-0.3288453459569960
-0.2310476949851690
-0.4266186784851240
-0.6151105383308161
0.2039316878744030
-0.2386973285712727
-0.5786816063566662
0.0187112516431430
-0.0764752792870385
0.1527334402929660
-0.4837324830546031
0.1964688742194293
-0.1565839513071920
0.5974595570797849
-0.5490012922744855
-0.1455901351227226
