0.3924493464516378
-0.1278570676988527
0.7914249062985136
0.4200518290701687
-0.1638266135105289
-0.0374946766357275
0.7003916758786283
0.3955845304029780
-0.0554027666634024
0.5903296217671996
0.0387032669956235
0.8103968713239581
0.1768432191475172
0.3845474542702650
-0.4032476897987231
-0.4217701073839908
0.3497003999369233
-0.2495970451280447
-0.7975381746171417
-0.0381284918788968
-0.2890223192757604
0.0472615030963860
0.6001886849798317
-0.7424247953751266
-0.0530227773689063
0.2229720032543069
0.6275901823016430
-0.1618817071547513
-0.7008840967630432
-0.1974078130081695
0.4200566773456385
0.4637173991104512
0.6868947754484108
0.0685187695730643
-0.3633170891348922
-0.0061800646592805
-0.1712098023161518
-0.1774909151155759
0.7667829189737948
0.5926128083438070
0.5681236433580785
0.4085406950127016
0.0586547439442235
0.2916111265175222
-0.6495018077573772
0.3631059830672079
-0.1393919198370127
-0.2574971665087281
0.0983386544971967
-0.8790612356466446
0.0876115864386656
0.5769938603922470
-0.4322967840221441
0.6462905137043585
-0.2341588294539000
0.1275706085897023
-0.4258518197795871
0.5643478248342202
-0.5510758069535363
-0.4245031861009530
0.2173153364509876
0.4910782105302903
0.7007377471385486
0.3986625972457989
0.2482961517583139
-0.0928304026371622
-0.1087247612942694
-0.4913114982640560
-0.3326458732293998
0.7921623427837914
0.6585761266246157
0.2656682188676748
0.0220716074412937
-0.6463759643608477
0.2782244413514692
0.8125197001874962
-0.3084697658611426
-0.2718924496272728
-0.3879177918474385
0.1423110078689682
0.5785810519977318
-0.3395656251218400
0.3649082211110516
-0.6390136254309716
0.0918843250176316
-0.2811068858274778
0.5694726100238691
0.2248012476950356
0.7338736817551293
0.0870269121301350
0.0641579424946624
-0.4797836575852018
-0.8422086999930414
0.2279597037302103
-0.0664099349516587
-0.6203013007281367
-0.6785654751055569
-0.1845953561137210
-0.3473567606279332
-0.0065595470170411
0.2922927090058479
0.3096019308599006
0.3657341149318983
0.7812069827698266
-0.2732504783463136
0.3305795141791731
-0.2924796677731915
-0.1173064535133208
-0.6830034552523178
0.5700160566351336
-0.3917453977052462
0.8070576969693321
-0.3329228575097985
0.1411632145927745
-0.2538281602436201
0.0998672650698434
0.3447322565526338
-0.4144139810217137
-0.7161465313521694
0.4319506900394881
0.6014516722484330
0.0018507434249587
-0.1226032934086804
-0.6937471191303489
-0.3767437163935519
-0.4968520835410921
-0.0208905414443507
-0.3482240364064413
0.2612956951357980
0.7504439836066001
-0.4941088114844050
-0.4926932126222768
-0.0641539811865243
-0.2314603838754917
-0.6748483074317798
0.2630866705679401
-0.3575347010358992
-0.7337363536763158
-0.4345850882948268
0.2751746820661530
0.2510918309705403
0.0180455011228587
-0.2115818575237934
0.7342582505305664
-0.5939067194464631
-0.3866443660640102
0.4821334587984842
-0.2826354861110600
-0.3905513770679399
-0.6209994089844777
-0.0434791697318058
0.6449551817450837
-0.7443831667732161
-0.0545284189867091
0.1583121217313669
0.6277290652838897
-0.6007292950638989
0.2028501887943278
-0.2082973662582120
-0.4006801002868040
0.5281544685020764
0.5226714129062194
-0.5448660200495588
0.3188797143312263
0.2220454897431938
0.3878703154413863
0.2312753106324139
0.6284166188685679
-0.5972675737965973
-0.2107898183314442
-0.5382987401565016
-0.2429856487030360
0.6146467771096852
-0.2801078464130042
0.4415216581741307
0.4452316979537518
-0.8264543113453083
-0.3320658853470003
-0.0882405586197310
-0.0262270470919259
-0.7758197505594732
-0.1016014445836532
0.1078151726644353
-0.5990103612468562
0.1316941029909865
0.6297443823909827
0.3271488600954114
-0.5843765785834981
-0.3917044162083824
-0.0383053639999368
0.2367393200079597
0.0829426643315847
0.5837853142812317
0.1171947069532363
0.7632398812217924
-0.0821489212460809
-0.5324498805502855
-0.3664015656802326
0.6961374266812331
-0.3014817660834511
-0.4694056629788382
0.5277368543036373
0.3160456927416775
0.0449747331627505
-0.6318579980102109
-0.0752219481561562
0.5426920824436616
-0.3513315157670801
-0.0505597723927440
0.7575201895744789
0.6469291248848418
-0.1332712163884724
-0.7285929372361850
0.1203012113429296
0.1356519097434389
0.8916595228610152
-0.0559632479166663
-0.1549578321444054
-0.0345666430066301
-0.4202435337066390
0.1015263542745676
0.0374512534396068
-0.6078623681831143
-0.7624963601408505
-0.1933712624003057
0.1703893883630606
-0.4161320729548584
-0.0880661252017422
-0.5028582708336125
-0.7329252835301393
0.7411756316613067
0.5105828913539050
0.1550176789423902
-0.2926240488133606
-0.2833804498541482
0.7168675705910981
-0.1779444525662570
0.2512885780054211
-0.1808741133520924
0.5988115427401347
0.2910557922470976
0.3260484734042585
-0.4782370245682810
-0.3610842606716582
-0.6707357332194599
0.2645996925857482
0.2729548111301756
0.1179331439285222
-0.3997390168228803
0.8257016202945404
0.1815984892782359
-0.0314166552127016
0.7404427991611178
-0.4894559831382658
0.4221519681438322
0.7298888970952612
0.0665798788560835
0.4256066378204538
0.4191434184539448
0.3255873189153458
0.6006763728544767
-0.2807788170242286
0.2493179499204161
0.4172718015301277
-0.5692766941480626
-0.0292051721565704
-0.9008061012670656
0.1207316157123958
-0.3212575817844838
-0.2644104176328806
-0.2887303433356619
0.8371963707230913
-0.1720874787242385
-0.3622694415503378
0.2342728688314043
-0.6464694355300172
0.0768056429953949
0.2454053981250230
-0.4801946913003542
-0.5341979138368300
-0.3210418329818674
-0.8169680985718341
0.3676824206681104
-0.0110907428182380
0.3068906977197958
-0.5276209976135290
-0.1881655092754511
0.4800225148831970
0.1483782061173028
-0.6586137845133798
0.5708398079509304
-0.4463321951212715
-0.4239803479433430
0.4057609448295850
-0.3612868741950316
-0.1158597989292595
-0.0179629545352048
-0.0331510691534841
0.9910686395909456
-0.0542014528381949
-0.1257772246598927
0.1573747288484246
0.7101514255474483
-0.2940480552548417
-0.6071523519434907
0.2161959546495568
0.8967903303209590
0.3328826260550021
-0.1909317664419186
-0.0419598673745095
0.0888483762159961
0.1118881458499796
-0.9458015766044590
-0.1253611627871827
-0.2633077390036230
-0.4891273781580179
0.3355302649511875
0.6163759933204973
0.3027539663459394
0.4202315075741244
0.8250581129149250
-0.0527674488234933
0.5340509398155620
-0.0954749007549047
-0.1488920537365215
0.9350869575653931
0.2507076216014661
-0.0971273124081049
0.0107914296566346
0.2306683777468801
0.4153504664450181
0.7674777722134762
-0.2301130348486864
-0.2635522332679203
0.3406612257277957
0.6015348332774619
0.4322150081646091
0.5529831821275463
-0.1888559234069338
0.3314952059220925
-0.0481316328776918
0.4503812237059409
-0.3120052409745347
0.2463786027492816
-0.7979914867725098
-0.3193552354513903
-0.3998820789321283
0.0690203580203259
-0.8027222980291433
-0.2982945842020330
-0.8391788836734714
0.4761682792788031
-0.0579647632392679
-0.2375736831942915
-0.0961322125061326
0.3265959948808023
-0.6596801795867583
-0.3046450821555945
0.5456471827989510
0.2600339258831058
0.1583185627961440
0.6435902278594516
0.1491082665942335
-0.2487404400838240
-0.6903779903633596
-0.1631913180073040
0.0607700717050327
0.0903931538933199
-0.1842898312443800
-0.9630897818693441
