0.3042693690860849
-0.1785064624961031
0.1176940870580756
0.3574043872390931
-0.5500464343178599
-0.3507015455509288
0.0971334581535809
0.1963013530234352
0.4860007369581930
0.1557475507469841
0.1014163331322755
0.3807906053281711
0.5122177976236008
0.1644702429103606
-0.4488652297207300
0.2313973538943060
0.1907663780797960
-0.3077444468296539
0.4039195097461257
-0.0775986694936782
0.6998155528064109
-0.0791533414820753
-0.3537226119069988
0.3043331340154737
0.3329299044116267
-0.3677900738964393
0.0368614841030418
-0.0088907552940797
-0.1949391574886550
-0.0265263751357441
0.3243323174268596
-0.3264205239966230
-0.0900970231413538
0.0519270959940038
0.0661872991073757
0.2871100848155195
-0.1151469414942047
-0.5772646019677051
-0.5847601813206121
-0.0468361469867762
0.0958969851425441
0.5354177848839099
-0.0223186794903561
0.5303244849545948
-0.4007496567109515
-0.2777245510541425
0.3737826002855226
0.0775891787672337
-0.1696068534066781
-0.1007877462857606
-0.0847045598985630
-0.3900332060557005
0.2728274649120938
-0.1034919026981016
0.3988425166935821
0.2313571296976144
0.4581693330059847
-0.4036250495314931
-0.0668687134346277
0.4069995312462026
-0.3779940281982874
0.2825671625778374
0.3214157362622568
-0.0632646203282520
0.1051767021878443
0.0424148394905317
-0.0894388946961001
-0.7987444494302778
-0.0382927880700776
0.0982156773963325
-0.0049223791875067
-0.2621560687349946
0.0138997472256587
0.1959150461822569
0.1225349163018358
0.3828435965803910
0.5351053009437695
0.0192617506179592
0.6621115410888657
-0.0773927734432861
0.1096228125790402
-0.3320581133900384
-0.0078338226427365
-0.0056571904340100
0.2102100311577293
-0.5481309101811206
-0.2252758815915836
0.2399683816932212
0.0397494292238179
-0.6504437405764155
0.2055986239548944
0.4148424019556738
-0.0320406365855774
0.3830286659923975
-0.4062361003897829
0.4388558766468873
-0.3799070653931796
-0.2012268288530301
-0.2995117772020497
-0.0758040672176393
0.1797355932942054
0.5650124964563198
-0.2124694246571813
-0.2050955890723000
0.3693451448745275
-0.3806380167234225
0.2953113843091754
0.4073370942742101
-0.1284555081073809
-0.1015591592388403
0.0510165244903317
-0.1473513845102332
0.3083118883908821
0.3464375639475274
0.1377082622972500
-0.4840855842211044
0.2266624623632345
-0.2815605796478390
-0.5418228110317759
-0.2882413376124467
-0.4082957979580081
-0.2937798143759580
0.5249975712934836
0.2606426221799298
-0.0936529481538080
-0.3471305007106452
0.2962876892890617
-0.2846420649403218
0.3225044629368493
0.0366585308042312
-0.6431568900882475
0.1172168065708844
0.0858007284929427
0.1446175050486102
0.5419040677504506
-0.2719854831589441
-0.0370808485775208
0.3202401891317467
-0.1140447270399939
-0.2444634076651385
0.2454894238221048
0.5317436418716163
0.0701453169367330
-0.2597270379918299
-0.0522158761238300
0.0221700572638537
0.3461276062585187
-0.3657010319738183
-0.5705287977367628
0.0483989624067674
0.3131310289301960
-0.0238039885917429
-0.0837966344958915
0.0985865571634432
-0.0639858647126590
-0.3654616020739451
0.6996516692301271
-0.4801339062402071
0.1589710928102942
0.0408893096212014
0.1619087926561632
-0.1468687492604779
0.6193095280942124
0.1468321905366971
-0.4581365780074592
0.0150821246667555
0.3786753037770399
0.0873969319071744
-0.3626284759043513
0.2333707652175480
0.0331055086737671
-0.3175149384227048
0.3944642270991354
-0.4809963254268396
-0.2653511729649330
-0.4532512106925647
-0.3377606900281878
-0.0094131195051325
0.3352056321528669
0.0935263934756207
-0.3865494138570043
0.4294683798046524
0.5140441852548396
0.3106419830248708
-0.1600808650211339
-0.2225321748251434
-0.1592016240095644
0.0699432698602133
-0.0988801929239300
0.4361600996948478
-0.0797932616251294
0.0560629005903192
-0.4949687323588227
-0.0163264833741301
-0.0815036468946026
-0.1238524958419812
0.0376554242786538
-0.0556166276201862
-0.5689119502512404
-0.6285500409170556
-0.1528580435436557
-0.1337541334952032
0.6983214761412244
-0.2430554139465149
0.2888655693825071
0.1685970754788725
0.1067359380151038
0.5369052335555702
-0.0030751466391848
-0.0218607905460085
0.1613091949072681
-0.0471251704438185
-0.1303594528850922
-0.0107542241546432
0.7269530014133383
0.2306732137807244
0.0368144016594626
0.4704202063368478
0.2732843797672944
0.2750339995549845
0.1745872967951257
0.3002811523126744
0.1662634331681755
-0.1176572547068435
0.4022240705185287
-0.3957873956945726
-0.6140843990741969
0.2948682939789160
0.2242002323353363
0.0715484235658927
0.1432929029535629
-0.0190742483051271
0.3933531530361848
-0.0612985570222320
-0.1889921048774202
-0.2285390780108357
0.5753829187563257
0.2651818290272384
0.2276749708459710
-0.5286285813704029
-0.1484033714095638
-0.2834556082368261
-0.6056716938648035
0.1916999817080907
-0.3927139081632082
0.4493471344162523
-0.2592346552834289
0.1812247289960052
-0.0404314335103208
-0.1903299849976670
0.4977148772798210
-0.6402324193316999
0.4625505167855965
0.1270106688542816
0.2181206199971066
-0.1756317474044191
0.1225556295899087
0.0684520666394158
0.1185859460471021
0.0103125968627018
-0.0947909649362825
0.1782464202058810
0.1187053352191198
0.3461819656148899
-0.4447586330832675
0.4976881523606433
0.1834058303191155
0.5704463306259723
0.1185295300986789
0.0819162608791643
-0.5845041677506669
-0.0470909421166001
0.0691509232222393
0.3003574031690111
-0.1673668300779247
0.2130520403209549
-0.1097653383542524
-0.0419826338500268
-0.6883359805586663
-0.0109854611112752
-0.0767958536754361
0.1490341820853258
-0.2535636204090410
-0.0639127011731762
0.0202174519569358
0.7280429712442149
-0.0060488715841853
-0.4995157727772556
0.2389402223904239
-0.2577043405606614
-0.2021488903960283
0.2993183866589292
0.0473189749961690
-0.4117606572668237
-0.1507873834200424
0.1727721455541363
0.1263793549467417
0.5113620465637165
-0.5032971677603953
0.3382313304172020
0.1201944765845706
0.2104778720542107
0.2384801400663787
0.2713411581788541
0.0724798089743711
0.0016784681239813
-0.0560115113823096
0.5828759267755400
-0.5813282117365982
-0.3530910459064631
-0.0908739016164151
-0.0086955198663634
0.0001623844964158
-0.0680528103719062
-0.7642492601114809
0.0312937006438427
-0.4468912856282770
0.1881513493161278
-0.0492261742503877
0.4055156170097381
-0.4611587415828415
-0.5369353816659144
0.0867592307015800
-0.1532000863769349
0.0621154061554492
0.2522339347835263
0.0949122893663667
0.0567050816244328
-0.0951034535754396
-0.6158626657170961
0.1654038941603955
0.1302577112707843
-0.6141546269717880
-0.2579963654212136
0.4276379201156796
0.0445996196352400
0.3325471096825590
-0.2636008352773785
-0.0868242569067757
0.3734323247291528
0.5650683892987116
0.1052143959569923
0.4745654656825817
0.1742234994911978
-0.1717602548383863
-0.3024919177280415
-0.4115820259779666
-0.3387773142629615
-0.0414975089337697
-0.0846558672348421
0.5426134516546924
0.0441780835248314
0.3215970849860728
-0.4411973684145354
0.4133845052458059
0.0278265299857076
-0.1508816545350867
0.0595379269898519
-0.2717607052559846
-0.3656694569647752
-0.1279872332063246
-0.0984639650821193
-0.1056434569394448
0.4199536934153608
0.4769098107466835
-0.4781168994936388
-0.0374094703948469
-0.1005432915384548
0.2748671504286180
0.4932579057734119
0.4668852056216431
0.1452549133722361
0.1089536831186773
0.0217170801506979
0.5519740035627555
0.2615900596122175
-0.2252471727652080
-0.4878329636446664
0.1920270387613591
0.2233390819089413
-0.5191667717626871
0.2199925521969312
0.0127009237808249
0.4914957114156047
-0.1232456328746099
0.0714575119636196
0.0602470508402719
-0.2291405308775049
0.1720135036319336
-0.5782044575877728
0.1127620199743916
0.1226405914420768
0.1333090072341234
0.2050017130436424
0.5386143463034803
-0.0489519161854156
0.0403468296901203
0.0572688094709298
-0.6238846166826645
0.4751901894418394
0.1277870239736587
0.2303396415671146
0.4589259588277309
0.6136399970876244
0.3469807232942538
-0.1436430918683979
0.0540588403167865
0.2521548549681237
0.3198830258141035
-0.1832716694727876
0.2038179394298480
-0.3240700542075008
0.3836804626733802
-0.3971004876371919
-0.1082537113954754
0.0849265829100085
0.1877615663199054
-0.5819774822887483
0.1265427776960230
-0.3736852847421460
-0.5118929893985329
0.0062457211650987
0.1385834672358409
0.4634284710512129
0.3540130416014683
0.5257438476148651
-0.1183439610085547
0.0181393728812058
0.2013503654020734
0.2175939031032754
0.0176428701482001
-0.4815386108646148
0.1144369812207251
-0.4852052186978560
-0.4083378138850756
0.2321815920975920
0.3608198622862595
0.3236384623583402
0.2005297131432263
0.1532850720334444
-0.4708921979316697
-0.3571083570048625
-0.4339899147180206
0.2843765550971530
0.3521183917590273
0.0292508655249464
0.0860425259760012
-0.4787072669365425
-0.1243542123664134
-0.0681614212154624
-0.0806435258039907
0.3082485479499173
-0.0275822208352835
0.0774387733498227
-0.1467618649965265
-0.8232213698977898
-0.0901443530574773
-0.2529843293152948
0.3214220523939033
-0.1305765369525286
0.4342786267958452
0.2168519872278540
-0.3998617495997872
0.5286959058353443
-0.0154029337956102
0.2632773291077982
-0.1149631837927519
0.1571366108107359
0.4650788372202796
-0.0347783696702698
-0.1918256603263986
-0.4724757691779313
0.0874120674369546
0.6320641757403345
0.1214114779896124
0.0702341758401961
0.3871908565376922
0.3561813947473476
-0.1795515295742141
-0.0642595380125081
-0.0926173925311388
0.0177212496677790
0.0916213116779543
-0.1380443682194255
0.0200326494893706
0.0872448718122857
-0.6462342802059958
-0.3842843430449971
-0.0943284267974992
-0.6176190051578501
-0.4324099592872946
0.1926912970883179
-0.3219743498871660
0.0567181803389087
0.0341373450673857
-0.5561705098581758
0.3061997410704201
-0.0931478998149336
-0.4261789185687963
0.2728607327946158
-0.4870809255915806
0.3261175588480246
-0.0054929335404227
-0.4365431455212062
0.3866105975974887
-0.1274449721168857
-0.0887042086964231
-0.0004204120559040
0.1369801136102857
0.5229314290721324
-0.4553669759493571
0.1292391349350415
-0.2344262176974802
-0.4275086992986004
0.0406614024674695
-0.2013956954937736
0.4205031730544520
-0.3947061054168818
0.1311043109848689
-0.3823624972731607
-0.1495219093459674
0.6277804041142291
-0.1717360742288407
0.1907936475411278
0.2657778933823998
-0.0096874649514914
0.3037751026720694
-0.2818433882066905
0.5162672336793526
0.0930637795491457
-0.4479484798805356
0.3376210511968307
0.3485008561697029
0.0788306025362256
0.1041132691298122
0.1136084647382148
0.7139314515370924
0.0349351494941340
-0.1505465653510999
0.0189147546138763
-0.0014219236789669
0.0573672816802458
0.6037405279822196
0.2493943586605825
0.2269237653952025
0.4878962716622263
0.0552437861742669
-0.2327316817072043
-0.2578108239281999
-0.3959637636791924
0.4670556431352305
0.4974505062909251
-0.1216860129971937
0.0161451536029955
-0.0163212137164702
-0.0325394603149956
0.0781543046438971
-0.3021275278341621
0.1432779284518247
-0.6325274433387469
-0.0628012575790429
-0.7553365951533411
-0.2554163798156827
-0.0401602265909209
-0.3285610873214828
-0.4082440808507124
0.1346435997736144
-0.2250702440655909
0.0510281603699001
-0.1125488989935900
0.0797195420699760
0.2698075434965437
0.1534684199322578
-0.6813131145353368
0.2470344153104597
0.3974657206862322
0.4154816614705590
-0.0378667971628970
0.1990549515694413
0.0205374675103311
0.2156694195982256
0.3178102771316803
-0.5399153635197264
-0.2217890769032360
-0.3880639153210296
0.1514526568638547
0.5265634969945975
0.1700661784640037
0.1542282141952066
-0.0909662667016813
0.2754753673362836
-0.6209590002279114
-0.4095955167712702
0.2914154908609006
0.1064448060111379
0.2299123305771926
0.0516689324485000
-0.0559213993503740
0.1296140245900622
0.4461444979149457
0.0571085672862264
-0.2435699756389383
0.1215248203999940
-0.0175179340399676
-0.2437915687774368
-0.3608843682295660
-0.0914518531376635
-0.4972260430504699
-0.2685053384020538
0.6363748629571438
0.1217520381555826
0.0162622229914398
0.5856159450591037
-0.3792409633697393
-0.1266947537131632
0.3857567373248965
-0.3810348082465109
-0.1814734268096833
-0.2624843174331948
0.2937077974133475
-0.2537481236964719
0.0993458164370262
0.4136657554865714
-0.2298176500280435
0.3851180021978201
-0.0003302547513959
-0.1324739316196120
-0.1505836435761496
0.6344298830429551
-0.3328133883964520
-0.1606355838926865
0.3140257064571458
0.1626970142585127
-0.4364035959695141
-0.4948559378290385
-0.3225372473765864
0.3912097038903821
-0.1015974645804044
0.1215671507952867
0.3627772364939885
0.1790049839250442
-0.0207538914815826
0.2094364255062998
0.7686354747460261
0.0126818590638292
0.1313502591587754
0.1644942680298564
-0.4363058768005846
-0.0707435689444971
0.3049964382229055
0.7044263746702432
0.1908339972807688
0.2247691573450504
0.1749818702541212
0.1378874504261130
0.3376756876883567
0.4940688643788718
0.0949517655540507
-0.0062097396087163
0.0054569865550356
0.1974157517655572
-0.2786791997732466
-0.0319916222089591
-0.2590776134289917
0.1715480220849934
-0.0414499792182940
0.6518777708259837
0.2522286902794122
-0.5327554999109648
-0.1080789676856065
