0.5163334484689324
-0.0995821869018898
-0.0416338696485600
0.0698011834512286
-0.5322922936682677
-0.0547848256413833
0.2385721567447132
-0.1848508852855105
0.5826273139383952
0.2679482023431400
0.4010473020651232
-0.5558266423308341
0.0178199613321421
0.3362871223153070
-0.1654468039597824
-0.4938985390050862
-0.1096517145084691
0.2483607781415885
0.1253231814452571
0.4615923145730437
-0.0861681669035360
0.3212797172471109
-0.3588395010784761
0.1015841257821202
0.0842983816776904
-0.4373981047877534
-0.5683947433316718
0.4404732108909064
0.0113528805658207
-0.1939004561211745
0.1802261220383197
0.2381704742513953
-0.3296427549012690
0.4934787532920177
0.4976497557483346
-0.2814418956557265
0.1744134555656450
0.2950767977741750
0.6314014895196642
0.1948095974807706
0.5203734837955928
-0.0348207563919971
0.1756946981735216
-0.3073725254915098
0.2203258168897427
0.2993686526488070
0.1800828683380765
0.0512682614531484
-0.8916321896266605
0.0314066624623253
0.0946332276986519
0.1432991907357573
-0.1251768961709145
-0.1848416470909984
0.2398635049975672
-0.5199389751634140
0.1574342517260435
-0.0177156435709014
0.0219407382908200
-0.5668853828734240
-0.3354632224363817
-0.3535071758286084
-0.2961186301984657
