-0.6299806550189992
-0.5430946087229443
-0.5063954034873843
-0.2274561839228693
0.7142517442915027
-0.1742110692959623
-0.6304969951048374
0.2489347068511620
-0.0898776650103923
0.7955139833356597
-0.3206542325508266
0.5062216617223645
0.1710234314574719
-0.1352886185247332
-0.1221392981502429
0.9682613115463959
-0.9496243992219933
-0.1557952956157223
-0.1155915106339395
-0.2461299025629393
0.3670934570227730
-0.2291848919531352
0.7413440388152317
-0.5129577908801265
0.9230289602022571
0.0580391312566242
-0.3176509273053678
-0.2091575632219802
-0.6659795878543884
0.5704939510759542
-0.3234509104915798
0.3555099841765544
-0.5195767823665737
-0.8443822393737085
0.0339884360060962
-0.1261086328278086
-0.0444752088567044
0.0625859324107655
0.8380546948458207
0.5401567229131802
0.7247791365257888
0.5167093497672859
0.2802300322480892
-0.3594131051398036
-0.2630260573838940
-0.2738960301139697
0.8014287909884635
-0.4620715862284347
0.1329700611072627
-0.3042812673440605
0.9424609594065585
0.0387196744187334
-0.2147901847711849
-0.7304124835485896
-0.2250775994033010
-0.6080319519969232
0.2931584239106796
-0.7009362942966220
-0.1425257994682032
0.6343759502959386
-0.0412279930383759
-0.6250118554465366
-0.7289584735435491
-0.2761882998795642
-0.5094722208218929
-0.2336435654805201
0.8125875199210982
0.1598444962732128
0.5270328417111008
0.0884243684867146
-0.4586830957234630
-0.7099488238691491
0.5787348370903688
0.2260589669257801
0.2842140471812581
0.7301956636376876
0.3723963717291399
-0.7046655782836455
-0.5775998775332478
0.1764815757486461
0.8220260393066673
-0.0235111563040345
0.5424178133152946
-0.1717653400115838
0.3990027995032204
0.3673085741796732
0.7998300711336075
-0.2572023223711191
0.4156540020329597
-0.6461132077480470
-0.1989458063346913
-0.6084324444910486
-0.0965542141504431
-0.5460460532281840
0.6627056094350379
0.5033212360978312
-0.2734547227664970
-0.7404778392748488
0.6094562935726991
-0.0740142578438615
-0.5553570013587549
0.0250154273730293
-0.7444320124744361
-0.3698294312766598
-0.2340164856155148
-0.5305222117482640
0.1199457379858430
0.8058507847243963
-0.3483435986779920
-0.2705172797380026
-0.4490425653280818
0.7770700825194552
0.3884676899183921
-0.3731519493663501
0.3820063690375650
0.7509471423397899
0.7455836902382897
0.4249063310114514
-0.4220571918661059
0.2922794852724668
-0.7613608548860111
0.0483741689643835
-0.1125035369747351
0.6366573195938472
0.3471406686549167
-0.9345397207851136
-0.0375467565884450
-0.0686957604979186
-0.2443323037126833
0.3111518278210929
0.6430011715638022
-0.6557711176726404
0.8134904167488105
-0.5389511576590239
-0.2131951326484152
-0.0480918592993603
0.2541098621414478
-0.3148344608617139
0.2422605718015859
-0.8818260914526952
-0.0296136458942170
0.2389006938595848
0.3480773999851752
0.9060306915716605
0.1026618888550199
0.9225269282799130
-0.1800987721857962
-0.3255288549918680
-0.7996020693422494
0.4255820373003035
-0.3256426396461696
-0.2710596456044143
0.5373512356754503
-0.3686428553426270
-0.6837463109671754
-0.3284007870905314
-0.2280761638772856
-0.8512882037457745
-0.4274102843172956
0.2015194940796621
0.6260400114949589
0.5993594213110438
-0.3431976163137872
-0.3620187622894940
0.3351416274206128
-0.7583215415861950
0.5497517769012304
0.1019878077523952
0.1847659469469884
-0.2275244373788214
-0.9500049882260876
0.1076322330428241
0.3646537519690211
0.4197114168483356
-0.2807631018553206
0.7823311628579405
0.7142440269409597
-0.2237511737787371
-0.1375936698479535
0.6487363595711061
