-0.4338364499259069
0.6888760019692063
0.4965346360111950
-0.2359782572839142
0.1865452185649611
-0.0142929138959073
0.6045427257155386
-0.0853397713666194
-0.0246244473578054
-0.6063595515197280
0.3922284808855004
-0.3242279535494897
0.3762954268018820
-0.7824892898335989
0.2736696526888444
0.3924174910719326
-0.1003241015662303
-0.0846213425006091
-0.4589407709760180
0.1951109368083767
0.6556980125647913
0.2398005055773918
0.4195531728314820
0.2963714899988574
0.1307925090844191
-0.0602379859638262
0.6223845528633756
0.1081045846385898
-0.0839088545291058
-0.7570831367050858
-0.7222175894017879
0.1876040615988151
-0.2056251448813882
-0.4829001411832212
0.3281928730397660
-0.2449931859336818
-0.5651137880790962
-0.3941800079646970
0.2262431385345067
0.4318277162352328
0.2376364097862367
0.4807663989349434
0.3062163851449650
-0.5139234113127716
0.1460332119790775
-0.1476594285837925
0.3523143967412303
-0.6891007275947681
0.6801695954847151
0.4028414168456689
0.4197548886604549
0.2835870352985030
0.1248246820980121
0.3207664880365748
-0.2447865551594132
-0.5206528275655592
0.6939269551656427
0.2178549424821024
-0.2385588708809983
0.2882610719743804
0.0540659387645394
0.2417775868079450
-0.1793069855285840
-0.2198298250890612
-0.9202202364304490
0.1064849387880236
0.0544457543612145
0.1231071534489679
-0.2485334263969848
0.7744337413589479
-0.2820090930327889
-0.4907490970513458
-0.0606708316548890
-0.0576893315853088
-0.9396802193275685
0.2079705408256115
-0.2583367715122521
0.0015630884064301
0.4762745800028197
-0.6673989154184976
0.0028062444930114
-0.2393617131748269
-0.3909495107784233
-0.3429253379692433
-0.1902784099285707
0.0646443023140134
0.1218960706854151
-0.9137695767293417
-0.3263731989711779
0.0571164116698997
-0.5818762296656892
-0.1572865411206380
-0.6976643158858495
-0.0804467229162043
0.3355207893745412
0.1757828897856832
0.3314874629025405
0.6304458567900227
0.2209341617289367
0.1901689412271971
-0.6384793271196872
-0.0047013199403345
-0.1684060368632802
0.4746218745838477
-0.3241323602087553
-0.5715665452449809
-0.4581286619874267
-0.3236379294865593
0.3968599650343161
0.2937475070696755
-0.0734107592364739
-0.1742584275697990
0.1296683334698689
0.8388358327990554
-0.2188801699854607
-0.7038025327381023
0.0208939409498824
0.4472326975246637
0.2996213410586070
-0.4080770461287986
-0.0428766377144928
0.1323177241510915
-0.2530991397779427
-0.8862130488834455
0.3465134971122161
-0.1055900921735150
0.0258150655476627
0.1223441360758596
0.2476578279055148
0.3624596407742142
-0.7354228076530519
0.5008067469885702
-0.1796035813938353
-0.2061855706502556
-0.3407049933160032
0.5801876884390400
-0.0404387783187746
0.6862194422540993
-0.4766004846779673
0.1161081792159659
-0.4705885083419629
-0.6524612480452548
-0.0630689241312088
0.3289892933645812
-0.1728620483815996
0.2909371431915900
-0.2618673524536563
-0.4602366422186308
0.6017733152627164
0.4929004877830675
-0.9100841700266283
-0.1180287627940232
0.1372978304242189
0.2817713034223370
0.1792611100629410
-0.1656372765042254
0.4548929578885282
-0.3724769176066856
-0.2378754242941312
-0.2150968709141217
-0.6712999926783437
0.3175504388023178
0.1638851031080013
-0.6077883804195288
0.1942175637528152
-0.2322996650643339
0.0782666276624400
0.7112845395069082
0.2095974182030037
0.4608057347289876
-0.6237342103545982
0.5603620325261592
0.1552375217756148
-0.1287568883320668
0.2651180735985306
-0.2951807776872403
0.0281578261427326
-0.4126175361014990
0.7910468740299127
0.2139613618186869
-0.2949590263624758
-0.5540839568953755
-0.1228041756366732
-0.7633805643555943
0.0893872859483995
0.0130116486109458
-0.1013340554887276
-0.0377242869590975
0.6867975689098992
-0.2078470504289806
-0.0103171719666397
0.6879756872896534
-0.0554632370920930
0.3816405279968012
0.2528407221147226
-0.1170416858242362
-0.5871483924814632
-0.6549075621398406
0.6817644038420249
-0.1325373697977627
-0.5561578964434056
-0.0153638330013008
0.3096032261479612
-0.3350064663240819
-0.2679883217987699
0.2205468290204322
0.7002712788343579
-0.4824946788669632
-0.3046530849544100
-0.2520850537438333
-0.1087690122306269
-0.1339677314825280
-0.8208589889981797
-0.4998964239315409
0.0479555677316920
-0.2102767175525473
-0.3204000516801443
0.6683609508493135
0.4441951982946800
0.4311802772320246
-0.2120421982250658
0.1498323956062526
-0.1541841304320319
0.0906166364490116
0.6950372145811322
0.2082284230043138
-0.6539489414023821
-0.1180290445641566
0.6958250852796228
0.0333811942450642
-0.4918399236179137
0.4317899738287990
-0.2825040984332999
-0.0809659741571567
0.3830209369418119
-0.6462813957066003
-0.2242167948773765
0.2504477380447844
0.5634140739786215
-0.0719906943550727
0.0142745266894748
0.2472033945048873
-0.2282859951031288
0.4601166603166632
0.7515579995055595
0.3317008537086824
0.4429813632250301
0.2972874602304590
-0.2435113284936052
0.5627172997758121
0.1242834065703528
0.5692036420338364
0.7164924232179162
0.2823920977313734
-0.0663192217858030
0.4545194620719575
0.3717202356021238
-0.2402731705239653
0.6236588434175045
0.0126554158399421
0.0037345765982881
-0.0180988214949221
-0.7252659966643693
-0.2907528282882632
0.6492386113163705
0.0165631909297039
0.3936426957273284
-0.4769314102561050
0.2908418968215941
0.3334782381911587
-0.3983189852203822
0.4266491964784945
-0.1289914490833521
0.7472355843700406
0.2152327951341076
-0.1949037725919137
0.4296870532100308
-0.4256476863110989
-0.2003954099152236
0.4868607186800419
0.0481428856266085
-0.5955532438804230
-0.6712807155297185
-0.5050298414250560
-0.3311637828122231
0.2301420198911077
-0.2402734534353777
0.2719575838918071
-0.6196146514406992
-0.7216043028193195
0.2777857673511725
-0.0985169371913362
0.0921633311883526
-0.0005610708417690
-0.2037893595994469
-0.2939276870261409
-0.4512363335113534
-0.5514339366077893
-0.6035563662630845
0.0101246892929602
-0.1151280909201261
0.0216203237127816
0.4699083459474191
-0.3811275751001341
-0.6936276075295952
0.3729433526202923
0.1139563438918543
0.5994569875004996
0.6767041611092227
0.1967508176841023
0.0989754662154096
-0.3481805896214923
0.0920492344277346
0.8203643405541510
-0.0212418807261473
0.3046883744960167
0.4242528908725418
-0.2127264645616609
-0.4462639120257994
0.3579518644967395
-0.6299860326618443
0.4232268806803736
0.0401808703136640
0.3083846418162299
0.4745389442906225
-0.3994064189098868
0.7114178493863736
0.0602630522750093
0.0592595770522502
0.3194191815118130
-0.1347375533129890
0.8588394706389543
-0.2917182422585481
0.3034188442543101
-0.2580038837233119
0.0226279355770602
0.0715587832550107
-0.4978265440367208
0.6894880655077660
0.2169107411257194
0.3780918114734252
-0.2857456781736359
-0.2200487387607022
0.1541861634327119
-0.3288882416716059
-0.4121388932301701
0.0775859050539774
-0.8023463492095234
0.3064650225322543
-0.1372320951935259
-0.0919778539425538
-0.0974795083851652
-0.2852195527746887
-0.8876565600260132
-0.1434716161335668
0.2619202456616818
0.4250298244226206
-0.3419731585875433
0.7719280788757085
0.1316993867743506
-0.2256737630426851
-0.4377102218888644
0.5132252585296111
-0.1373519652074953
0.5745714656440063
0.3808976461685034
-0.1786921640653679
-0.7634255909809502
-0.2633601108111115
0.1286084901530751
-0.3817393673151402
-0.3919526007988270
-0.3367854546596374
0.4372658932881985
-0.4901860287676694
-0.0145857636139108
0.6669722863921899
-0.1001347990567250
-0.8659677824252566
0.1575026239789784
-0.1488422125765026
0.0014026013267730
0.0094575697167438
0.4506077075252070
-0.1428719812232735
-0.4822561827730541
-0.3972953004324691
0.7452850165667770
-0.1803832901737475
-0.0344256898249852
0.3394137013925309
0.1583509230628777
-0.4436152962970543
-0.7428490663949040
-0.2997626616626381
0.1457614647037534
0.3662498552373077
0.3341665656375000
-0.0628320147922399
-0.0665895405672036
0.8558720144250507
-0.1153031477319333
0.5622728992601379
0.0675144062789335
0.3995663315083228
-0.1573067432907443
-0.3972970970254855
0.5805577866481209
-0.1159960095663185
0.5880894561040204
0.0350675912273558
-0.4244469214127771
0.5217645871751089
-0.4325187948548398
-0.1757991702440893
0.2490249653736248
0.2076955787999841
0.7717358953810872
0.2016044989779102
0.4772034143646837
-0.0494285114047781
-0.2545884648744794
0.3988727752179277
-0.6958975352835848
0.4702629938825633
-0.2611922318407504
-0.6537730288091477
0.2040652499860227
-0.3695745692047582
-0.1000731674134830
-0.6165524544686931
0.0648172075874617
0.5122334216915985
0.4709589082132865
-0.2381335886714494
-0.5356044873016772
0.3567846781137146
0.2119895022606643
0.4845731409429538
-0.3349768916185366
-0.3532294056531502
0.1477989104034076
-0.0813536368727670
0.7069267345286392
0.1093649912447375
0.6794744658671896
-0.5090381658398485
0.0511818927053427
0.3062218555346968
0.4133309614521091
0.5025804120429198
0.4043830210101938
0.1457736102844447
0.3358238086461681
-0.2443058074219017
-0.6246394146228618
-0.1300528073504981
-0.5654266777471265
-0.7049635393548324
0.1798248934822443
0.2453855622119172
-0.2717614415520530
-0.5176885374560136
-0.1220630676668410
0.7857883005029709
0.1199396366056313
0.0041780824373370
-0.2919468439444455
-0.0100685262251735
0.0163310253530637
0.1443057256075623
0.5203919779522834
0.3878800577031825
-0.7466920583925690
-0.1185825297851941
-0.8955768295705610
-0.1178615543842157
0.2363726815075073
0.1410819661027655
0.3069410598824331
0.7637395324367108
-0.5869196025205026
0.0220701932650975
-0.1353002850591780
0.1036475573249335
0.2066185617587411
0.4496536090439144
0.2615525753049873
0.3485964001125610
-0.5911575753485413
-0.5061607637433952
-0.0470790230188685
-0.4828846396953025
-0.3265761991842083
0.3038170169171784
-0.0905682609586666
0.5213614854118298
-0.5365120900225588
-0.1461742462555444
-0.1172007149409010
-0.5067429952886464
0.0946572548211958
-0.6355652249214485
0.5433281401281548
0.3869188623667744
0.3098722755852498
-0.1451143749564042
-0.0438179149928960
0.3673282842957051
-0.7722465324179069
-0.7111053389058549
0.0188982084575582
0.2628471018315192
-0.0377611642714066
-0.5283539393594934
-0.3798679573109948
-0.3319079802025764
0.2777862281847162
0.4004868031179445
0.5604641108307936
-0.2162439109993783
-0.5398155018739872
0.2890094859515516
0.0703908133511426
0.3681523492851596
0.0900061012412265
0.6415826404774504
0.5968694290369873
