-0.1029579665483931
0.1887064791740755
-0.3011574220128857
0.1184886559642061
0.2616702772776454
0.6328813288864397
-0.2118147270493677
0.2060579193741863
0.2869076426876127
-0.3670724310487865
0.1177242668439009
0.1610544584605792
0.1893753034539011
0.3543401203246098
-0.0142325889845405
-0.1053560805743250
-0.2872012410843850
-0.3992294303800897
0.3258397469023041
-0.2933339854485500
-0.1082443046026404
-0.0494957954860369
0.2629822690844104
-0.4010006451870916
-0.0800210100175561
-0.4225214001627151
0.1941141944363217
-0.4960408134233260
0.3206361280508171
0.2992156962787024
0.5575702518741643
-0.1641932950862138
-0.2132469444730840
-0.2215849080404396
0.0609063188883112
-0.0502226306609460
-0.2258106788510605
-0.1845428177325044
0.0151350629384473
-0.0371856598803147
-0.3144133915461410
0.3487191163442933
0.0794635965635011
0.0570260441519367
0.2249760935612304
0.0486022507224640
0.2457873921222017
0.3800461111571803
0.3935116310476462
-0.0510064734280326
0.4567311559920730
0.3804085537745702
-0.2808222044663308
-0.1680772616572434
0.1841452419934713
-0.2804779625111141
0.2019803796450311
0.2763426571573667
0.3034681490576899
0.0019233553188345
-0.5483482319515740
0.3431586805515617
0.3716510457770775
0.1194429004938195
-0.0147932906024237
0.5325838586621570
0.2672948221261224
0.1390689609496331
0.0139965663553896
-0.1680648012410983
-0.3217110893199397
-0.0812808221448271
0.3999283337488891
-0.0355819083928934
0.1671038375869333
0.2815610185671871
-0.0485797957269716
0.4650294794158545
-0.3329487706307576
0.1952895385177332
-0.2720282503688569
-0.2602964670122866
0.1633184730965885
-0.1412442745263268
0.3564749530609077
0.2469105631680393
0.0648920581169614
-0.1593697760274910
-0.5710632876783036
-0.2601993388354819
0.2261962118522140
0.0741931802280093
0.3323004452610083
-0.1667320501665545
0.1807974253826419
0.1813975714442259
0.0655337350181430
-0.3125973237982184
-0.5559413616885889
0.1083050402367624
0.2474509385437044
0.1859356966021087
-0.3364226425162583
0.3986008533365340
0.2388921723013628
0.2240402712641973
-0.1066762168864337
0.6027378102965167
-0.1506340310937696
0.3242441938312404
0.4124146975948552
0.0456406431075180
0.0276714352001727
-0.0610510960142934
-0.0395260795603084
0.0192097147190002
-0.4600496443285543
0.2597887206129022
0.3169428769984945
0.1653292102512993
-0.1467876460336732
0.3631132786460796
-0.0337143566254351
-0.3005852320871105
0.1950812584919612
-0.1753805450731201
-0.0794138448288211
-0.5030755819741217
0.4779343065567405
0.0566519684851909
-0.0091113048559995
0.3306308374357536
0.3710595552415898
0.1392041430415298
0.2740139552796034
-0.3782430566872196
-0.1560143648876616
0.3131653369520960
0.1938794826382902
0.0170887118723977
0.1982654547587562
-0.1045575406502991
-0.5521322584540519
-0.3616378502965616
0.3090634418853674
0.5544758615559111
-0.1302183394213052
-0.1997276533149605
0.2936838965723672
-0.3697840208453363
-0.0741373386453302
-0.2476125098213282
-0.3356276226746965
0.0483307924247404
-0.0442773320688715
-0.0516277032282772
0.5221158461662802
-0.2295162758013181
-0.0704396368156733
-0.3786166386441711
0.3216491685809650
0.0212390127276831
0.1457031657745345
-0.0515586422778041
-0.1496052888180762
-0.4918521853882649
0.3226755204424272
0.1555154885091748
0.0774800492908492
0.1734105873402201
-0.1900790422054942
0.3411722461860657
-0.3323595255240032
-0.0044980938405455
0.2687619065720190
-0.0304297899322926
0.3772606965252573
0.4045082464489973
-0.1634283551991663
-0.0095947397960226
-0.5474826278966866
0.0356024437243085
-0.0466412693025099
-0.2850233148342251
0.0264425194442073
0.5837605933081382
-0.3711064632258223
-0.1440942700847616
-0.1596206582645980
0.1981042185910986
-0.4596373753464117
-0.2950146367711249
-0.0579901386550171
-0.1398352366889331
0.1751757998453757
-0.1314144654990892
-0.0862388361336692
0.2282251951757448
-0.1982714112930054
-0.3789884996219064
-0.2289654572484107
0.1826010443724730
-0.4496903711579224
0.3588681997862460
-0.3265897760342936
0.1123771908024544
0.4478144747277731
0.0604902550643752
0.2548398387141105
0.2563084553197795
0.5432943342080985
-0.0030535959087057
0.1204559247477422
0.1711961211977429
0.5276723648988884
-0.2822665917955258
-0.0717931961363336
-0.0449749641095978
-0.1989725796911699
-0.0979521427096427
0.3404299618494644
