-0.5552526595717586
-0.2794222048828457
0.3053984809542161
-0.2062618242757794
0.0514545837485857
0.0898660969422555
0.3890242766003236
-0.2091426923334610
-0.0388267893861468
0.2474990123970040
-0.1495244076695802
-0.0014815032678029
-0.1796508621072012
0.3931972071577484
-0.4049760135946497
0.1908018843567383
0.2617105725887253
-0.2279814401414626
-0.2230493344550830
0.4780235207066075
0.1550135712825855
-0.1248717150172682
-0.1510268576381717
-0.2518756633306383
-0.0574047947316299
-0.2382808683985511
0.0948534957452155
-0.4537848985787586
-0.2237967478295183
0.4811112027563665
-0.3185143867741305
0.1552609956195984
0.2890931593340919
-0.2313121972246001
0.2994059338751183
0.0465960779203102
-0.1997108323588197
-0.2940213184167851
-0.3838634266933632
0.0629003487906773
0.1217361126260613
-0.2674586364869819
-0.2284009065307216
0.1207111537000378
-0.2210137429159820
-0.0442776304653323
-0.1242587057293479
-0.2214459742802222
0.1315197244083554
0.1120774583182053
0.6193788359848124
-0.0754164748217690
0.1174018962690820
-0.2310740525816739
-0.2747791472126102
-0.5060801618297229
0.1333818898109434
0.0872168600366053
-0.1035454800639680
-0.0947671650266004
0.4812325823670344
0.7656965435493172
-0.2336079620148520
0.0270463372940661
0.0210812191550036
0.0290573435577081
0.2710845976242401
0.0353052715897414
-0.0175594140989897
-0.0734127241278633
-0.2908931711771603
-0.3515409606033942
-0.4959305982697960
0.0460694151384334
-0.0882711355146605
0.4525689113627331
0.3294916445517699
0.2099259489295254
0.1320680701535067
-0.1883164745304159
-0.1885133173692874
0.2837627804301620
-0.0549666578290200
-0.0806319807462017
0.4074346550546881
-0.0927697575649169
-0.0782812203366844
-0.2543058672634538
-0.3659916625486424
-0.0859993313330529
0.1363279463961850
-0.2314936302093052
0.3579573115369347
0.0135927369555464
-0.0523068028256098
0.6149221421087377
0.0166567955732681
-0.1777922040528289
0.0850159634984850
0.1734747093658763
-0.2978208803308243
-0.2066737728890422
-0.1520431158360061
0.1072288259779964
0.2181414044101581
0.3718696915081303
0.3539800805102493
0.0755424913558358
0.5224092383735045
0.0459669006680907
0.3713645001427134
0.2585248351047730
-0.1681290240391885
-0.2206431910180207
-0.2243171515225555
0.1362852082943800
0.0883843657625876
0.0633692371332527
0.2917066236582155
-0.3755352924570480
0.0214187418387939
0.4345616995387508
0.5600287185631441
0.1881629654386784
0.0013539055031924
-0.2790492270671385
0.0916278459957946
-0.3613379945861121
-0.1720793064335143
-0.1642984453281585
-0.0332564135016724
0.1220975846248396
-0.1812501967222487
0.0024035462848581
-0.1258018074711906
-0.6344436622752915
0.2072289544917817
-0.3456290850281720
-0.4090965027280933
-0.0863400063940780
-0.2626150822594163
-0.3895037358237992
-0.4708090803025753
0.3178109368091170
-0.0474844827384758
-0.2212600170303470
-0.3704200827465409
-0.2020076186687418
-0.2952829362194426
-0.1441963610246411
0.0107375237339126
0.0133194921086029
0.3447528991590939
-0.0171587307009281
0.0307502786691485
0.1546444090415141
-0.1791126870863348
-0.3373390575767921
0.1767240132971022
0.0070857236809599
-0.1195070191652645
0.1787176714706449
-0.3190340802043533
-0.1114581257736946
-0.1112662605286254
0.5439812355708825
-0.5659491062794342
0.0946424860924061
-0.0560993204209549
0.0825788532056319
0.1479992435564281
-0.2388283106646413
-0.4063705129395698
-0.1540945355837462
-0.1361130499865180
0.6395397148821029
-0.3096160631253931
0.1160964371851349
0.2699134033797877
-0.1642255459207742
-0.1863935079853026
-0.2253100704878561
-0.2289467006708808
-0.4112953832366134
0.2581898122247943
-0.3724901294686033
-0.1322761564287392
-0.0439936340166300
-0.0705705546913894
0.3005789090928299
0.0324303902129945
-0.0461455468530656
-0.1525195577577455
0.2230511482083604
0.6154533646599514
-0.0571867041089256
0.0201193249289038
-0.1693816276859836
-0.0084450891339661
0.3195410476757846
-0.1923859562460908
0.1003095802605208
0.0210355903435412
0.3231189673690937
0.2177165623837402
0.4889614935264432
-0.4721233963792336
-0.3233801266731557
-0.3138088086390884
0.0661023849494251
0.5432033069465103
-0.1167883730319666
-0.1491499730862629
0.1848279076567965
0.2826053045460494
0.1797665333024617
0.5002892455013067
0.2610708784056359
-0.0894238132660459
-0.1888162765203945
-0.1146550955358075
-0.3374023168393576
0.1176606310850831
0.1406276390020601
-0.0967979813589639
-0.1115549622972994
-0.6519761819782534
-0.3678548448323677
0.0441655966793967
-0.2482836128759579
0.2348394034860958
0.0525702146279650
-0.2298856141109281
0.2735479685934752
-0.0394232782026202
-0.3548669062414647
-0.1812294264488543
0.0910070299053032
0.1202812725745998
-0.1637653509814299
-0.2440599461981153
-0.3853388368476356
-0.0890135427098068
0.1917101937984682
-0.4685830460231584
-0.2820908177811942
0.2553893767933292
0.0987851579916457
-0.4016120252053252
-0.3005441953309705
0.1455854849903643
-0.2429899839104175
0.3627743350589231
0.0116896616748728
0.0775309275403304
-0.3746149315705724
0.2543706719057392
-0.0017169972789364
0.1581262786697742
-0.0024498984500697
-0.4221603669076690
0.3048150365817495
-0.1038763140949887
0.0772258519571394
0.1785533548188007
-0.5589511873735742
-0.2716986733672094
0.2071719106065578
-0.0187701084232219
-0.4651788504450248
0.6214847432219169
-0.2244786737200829
-0.1772961828743469
0.0987483653115999
0.3700670103542890
0.0499485910491955
-0.0691046198179754
-0.0199260501414984
0.0865324242210334
0.1912903631967061
-0.2370031959904852
-0.1785189263105380
0.0202377327892151
0.3217169577099556
0.4235623767449967
-0.0916916944057115
-0.2390950171243248
0.4703411010487244
0.0269001546599980
0.1972237093218827
-0.0008822186374794
0.3177411997873881
-0.0588735685075430
-0.4447497315413279
0.1680545817595348
-0.4884733659032763
0.4390460213473350
-0.0691591269913019
0.3782510671658192
-0.3761407689254584
0.2769778694807782
-0.1042444855723045
0.2625386807925610
-0.1743227360590218
0.1619167295118504
0.0116216513045798
-0.0786606135949757
-0.1778006648074408
