-0.0623301686500205
-0.1477749554885833
-0.9394480285311478
-0.3028447032644734
-0.5059110423179173
-0.5891298072246580
-0.3285677939869527
-0.5376088654912448
0.8921229262098866
0.0692299911781347
-0.2760254197658092
0.3509043466463381
0.1025075887174662
0.7025855884277862
0.0000106955985171
-0.7041773108205892
0.1579642950023719
-0.1119184863585436
-0.3222693598257015
-0.9266412432182958
0.2946200490204245
-0.4333330453446209
-0.7240710055094361
0.4484893281986915
-0.5767700300162844
0.3031631993854275
-0.4378395436932458
-0.6194553583527198
0.4673239179218788
-0.4385184334009643
0.7362033019762670
-0.2175192806740376
0.5777111337280446
0.4031485240077398
-0.6164984532051297
-0.3516401153917465
-0.1788860854645798
-0.3583352879913918
0.4690559034070995
-0.7871354072116407
-0.5912589653340332
-0.4429403944381968
-0.5984556350352247
0.3099475694075521
0.3546803239479289
-0.7626453163519133
-0.4230082275745843
-0.3371024008441517
-0.8644515556597694
0.1692658903177987
-0.0121429920653477
0.4732072632959353
0.1301789592675838
0.9410814699237195
-0.2881577162326399
0.1199342991216843
