-0.4506467990268601
-0.1511158358003752
-0.4321625053481490
0.3980565162866954
0.4377139263943484
-0.0119796397695858
0.2325536822538633
-0.3613903648121514
0.1638189017617034
0.1496089834946974
-0.0568098667127975
0.1815844600712140
-0.0147905601487488
-0.6987852051368874
-0.2379752841711620
0.3129026110643492
-0.0445547373020591
0.0327561577304951
0.1577191500110364
0.0769300412516664
0.3402082399252349
-0.4175811081217205
0.3185682361141676
0.2390817711694475
-0.4118195750834403
-0.0293492117153085
0.4095378939434089
0.0847878116616331
0.1643121840793901
-0.2233996975510427
-0.0124184018258974
0.3483282593739793
0.5455222046041285
-0.2365765068247054
0.4888632430252625
0.1361926462634380
-0.0647926894540139
-0.0229759986046079
-0.2346419977203762
-0.4416119325598955
0.0010453730996569
-0.3491226639125675
-0.5538839501276340
-0.0549248256968652
-0.2398341796515506
-0.3169886602685066
0.0874052268005498
-0.3850652862029961
-0.0594893651136251
0.2724104255013531
-0.4115545706990958
0.1458823332831591
0.0884327049198420
-0.5797982604727893
0.2714612251570671
0.3266970401943907
0.0670311632010940
0.0475235240490405
0.4207864754823961
-0.3676944559208336
-0.4857377445453666
0.0534784495907903
0.5087936194770118
0.1859262709467105
-0.0357451874591163
-0.2018379695807226
0.1740969284296286
0.3687066474092352
0.2378564776734190
-0.2710728440582237
-0.2597846301461088
0.0762366491678922
0.0216788565584968
-0.0367081544836397
0.2790970914975286
0.7054404182125452
0.2302836612018821
-0.3973604082394556
0.1033211309847640
0.4795338487581334
0.3154968750114589
0.3983226789591353
0.2497604803071922
-0.0783394834718437
-0.2760718224709736
-0.1837285258771812
-0.1678218225029759
-0.3696270341171676
-0.4022991809750690
0.2755643090350439
-0.1627378499939408
0.1907561002758240
-0.2010296367936032
0.2158070835443113
0.3692501551680327
-0.4094310624248855
-0.3792214184897390
-0.3967267810845269
0.0847471282193163
-0.1000445505611565
-0.3116472665244325
-0.2387194422819981
0.1784930332291113
0.2220255572878178
0.0079747287751044
-0.1843041229436411
0.2094679071339473
0.5510444545578235
0.0167680760060486
0.6106434447557197
-0.1392983723253223
-0.0695188757593927
0.1821516630944288
0.3298348737968805
-0.2325389884046831
-0.0786903541332825
-0.7590423909892450
0.3921230098546679
-0.0217896560703133
0.0450676874154796
0.2027672861713778
-0.0394083089046412
-0.4980331816268060
-0.2980611572470024
0.0578204126999329
-0.1329694558404047
0.2510281872959925
-0.0283479658098306
0.7467006201678190
0.0174168289384902
-0.0367153174263446
-0.1323384706409612
0.1018083704204506
-0.0720087973920238
-0.2253857459399189
-0.4565789041818675
0.2214555334661360
0.2089058282977543
-0.2572378787842843
0.2481539396320952
-0.6742822969236898
-0.1627316925572884
-0.1536640375967067
-0.0889848149941511
-0.0295344996192344
0.0802034396517049
0.3470769942355848
0.1744688716715516
0.1433805749182948
0.0679117280044640
0.2475617270558045
0.4873952808553308
0.2310004910210734
-0.6756499165776990
-0.2087828624635824
-0.6098799437393791
-0.0238278672104101
-0.1754135022260595
0.1501945230130935
0.2116793541455503
0.1638046947347014
-0.1435600750643607
-0.2326526997424049
0.1469416171548468
-0.6021556045684731
-0.1097521952221070
0.5333723903574450
-0.3749401890915515
0.1729006413144299
0.2260500311081938
0.2181040719787278
-0.3093729363450320
-0.2769126904416538
-0.4084399424640340
0.2260285249571110
-0.2098123836739711
-0.0814558496969079
-0.2959947997432824
-0.1981275447895685
0.1019863130097131
0.5178023356167747
0.3499729157250757
-0.6402853439166144
0.0263473065056030
0.0999518790622761
0.0116741488870295
-0.2114469778533132
0.0709405678630773
-0.2505285654056410
-0.0908479000198383
-0.0837670512412582
0.1813497857772035
-0.1383100606360954
-0.3254922459985523
-0.5067573697690435
-0.0749842076484054
0.7014281247326906
-0.0674011622873688
0.0544433530313606
-0.3069301800969477
0.4656115020068870
0.0407364378505265
0.5293994609438285
-0.3799603324100017
0.3064792880210180
-0.2193402255547864
0.2049174192914071
0.2010748572498987
-0.1878315169356611
-0.0902028080063145
-0.0823470942053274
0.0815630294515940
0.2761767147794382
-0.3786737577266981
-0.1444919397712669
0.0738973924386157
0.3618762442204287
-0.7552861339395605
-0.1606210507106302
0.0722015353108529
0.1021753367261832
0.0547870194670756
-0.0430623587596247
-0.1875541703419524
-0.3011517384758499
0.5071758050060908
0.3253478367324487
-0.2222620203449263
0.3773770526858768
-0.1907071247672168
0.5172752795682890
0.2112489014190218
-0.1958131031958724
-0.4974960468407981
0.1663243363168567
-0.0575017390656243
-0.0422988744666674
0.3188719700259712
0.0252024929765014
0.5912788606947829
-0.3921244892361312
-0.1763025210602080
0.0236347726075884
-0.7373002832702155
-0.0292495816627695
0.4568611962123216
-0.0956220024286296
-0.2763718778908203
-0.2336760488112648
-0.1041348157696809
0.2401124663349412
0.0546017801189448
-0.1861265978280703
-0.1295070828806713
-0.3288811276276287
0.1327317934722407
-0.0228684663428381
0.5375863397658124
0.4835062234265105
0.3526559595352973
0.1553414139561472
0.3090170533081246
-0.3002390528708681
-0.0038566874683367
0.3154232476802469
-0.2310803929085274
0.3087831208907534
0.0113256204995357
-0.1571356954857804
-0.6523048647033791
-0.0172987380030556
-0.2590443569133642
-0.2640331114972822
-0.3937505115978882
-0.0963602800025384
0.1234021233507658
-0.3454767455259912
-0.2267396121681223
-0.3741481362694289
-0.5296255685319162
0.0899407182083899
0.3009813540119375
-0.0395671501406066
-0.2381455256440530
-0.4600274106576890
-0.1579038765985465
-0.5056270898911767
0.3205680507500385
0.0903780028552970
-0.3572507246785981
0.2828824059569458
-0.0835184383517571
0.1542695139649600
-0.1144549282799232
0.0416158187126160
0.4759784297810777
-0.3919144886933498
-0.4952248886865795
-0.1933301519080839
0.2823822905831067
0.2394585593476745
-0.2848459161225257
-0.3640645759237454
0.1887904727005304
-0.3918527108631143
-0.2743057034321589
0.2844527746417355
-0.1458355286083072
0.2582971233708172
-0.2085221931070339
-0.5352294229988545
0.1854140470745518
0.1000772130489678
0.6639077608322330
0.1611169297260467
-0.1623207809437652
-0.2192507560320352
-0.1151519466338470
-0.0672730085123323
0.3849368138719270
0.2947523278141652
-0.1835680060650804
-0.0744023298736798
-0.3934682837248785
0.3820499182361514
0.4194216833515194
0.3109470383672568
0.1274549476442905
0.1354572921819763
-0.3431272561196430
-0.2489653162580781
-0.3520644623865730
-0.0630658984745851
-0.1813375499190568
0.6054988466822341
-0.0113537227150205
0.0615666829114395
0.3272816153367139
-0.2176968955264563
0.4493312623742807
0.2241746570423656
0.3903047082606941
-0.0422489969903044
-0.1469814800544091
0.2259331044220816
0.2824992412918764
-0.0673626909531394
-0.0944195735296451
-0.5358183511883664
0.0434622466520779
-0.1425014515703872
-0.6088287020399721
0.6708470628774263
-0.3766451134237236
-0.1282806643737486
0.0619954504813714
-0.2234105506587673
-0.0524781347933519
-0.0288025668267295
0.0770659186932104
-0.4034389214916106
0.2820443445284241
-0.2933536499151501
-0.0028977530582890
-0.2915891570860082
-0.6701674141866082
0.2496896535642587
0.0561067838167610
-0.1913601645642950
-0.3443056429676502
0.0502270340491026
-0.3915171975572610
0.1229925396378602
0.2724874035102297
0.3817337097753503
0.0890861767913378
0.2803346153009074
-0.1619943322809970
0.1977672285782835
0.3367037710028633
0.0765410752569112
-0.3016865052849443
-0.2442923866362237
-0.6575850430176843
0.0078688595218822
-0.0221296325228282
-0.1584822663174494
0.4751083398377963
-0.0902751797528813
-0.1532831289575153
-0.0811536195769053
0.3593658596008451
0.4837281077184921
-0.1745475846034619
0.4911772599670114
-0.2749105620521648
0.1651286788951220
0.0458447325939527
0.5159848952587865
-0.3916600361923956
0.4315985089657740
0.0411787182007574
-0.0545466813429603
0.0294945691804665
0.1715553166442434
-0.0142391914042956
0.5740562452780457
-0.3994518942720033
0.1440702788949341
-0.1175174507609438
0.2675001061391162
-0.2455037745365040
0.1494125651311341
-0.2543297965184673
-0.3803683660569473
-0.0125375773213968
0.3376253720988928
0.5728937431401712
-0.3218024111240576
-0.1986443218760168
-0.0651583823007935
-0.4167903393942442
0.0195065967413468
-0.3526649948046380
0.3136364224505662
-0.3224544148230810
0.2577907090792523
0.2874360599141692
0.4503893210930948
-0.2742124660519590
0.1475522934236772
0.3780822505066679
0.1692589051649476
0.2144288367788108
0.2681702726122423
0.5919750335709270
-0.1335588354549338
-0.0870834576910206
0.3486979335895053
0.3407343209799413
0.2504123406800899
-0.2792220741459378
0.2522245820414319
0.4196567317564087
0.3035051236639547
0.3455747543790104
-0.0971465581340076
-0.5246772076777644
0.1631291526488103
0.0454842134839214
0.3076667833256264
0.4189983048350508
-0.4174190984940678
0.1790188420175633
-0.1123214684515285
-0.2018636060250211
0.5036305457163517
-0.1781457944131624
-0.0646292320017746
0.3716412097433725
-0.1522598094709027
-0.3375383187335809
0.1594385104427110
0.0150372636165212
0.3646866577287283
0.2666834980160024
0.2913006941230763
-0.1708140049969733
-0.3290415645206303
0.0649786412336630
0.5067503146698368
-0.5300656611978735
-0.0771181908097452
-0.1281068205996228
0.1709113787647715
-0.0112064908615724
-0.1844436423169113
-0.4158917683233219
0.0828906733493123
-0.2353441169286380
0.3817997026651988
0.7302686373541097
-0.0607023755456541
-0.0475515129154818
0.3909984837545524
-0.6256279035484567
-0.2482181078337377
-0.3677119646754249
0.3713446613402969
-0.1028530873629016
-0.0256187547613828
-0.2255087824012600
0.0332342395537113
-0.1809870938188209
0.1582359142288593
0.2628171995182302
0.4248085472431925
0.5655109323196337
0.2464961179442308
0.3030230234175789
-0.2435275430206606
0.2215454500533400
0.2466725493840149
-0.3053508855142709
-0.1237253966993862
0.0172156913715154
-0.5844869034987117
-0.1426883803076232
-0.0736237425525655
-0.0659807456693230
-0.3223550532665075
0.1536033238689039
0.6070554805845698
0.1297445889557156
0.2858760400020441
0.0175921508921942
-0.1826192792007608
0.4607151623614207
0.3911741012983556
-0.5009851967929214
0.0877238200265915
0.0055892596640433
-0.2581128575453157
0.2154972328822469
0.0385249181743575
-0.3574318349950582
-0.3624052962112094
-0.0486918524406076
-0.4929193457069835
-0.2180805106137989
0.2992511113267695
0.5283322221964182
0.1959784625543174
-0.2325553867328735
0.1833421223929081
0.4421879891913383
0.0681119041585866
-0.0772215108363395
0.0924593658896225
0.2347736650091761
-0.1947368876556649
0.1837716907687497
-0.1843744889273730
-0.3392665971813421
-0.2113196995900981
-0.4892687519986296
-0.3872206280428156
0.3986269136779669
0.0003782922531830
0.3622261158912121
-0.0575752687132248
0.0422415969599136
-0.0259828277790374
-0.2378645156904697
-0.3107238970592456
0.2926927562481091
-0.4819655061601442
0.1974950327705438
-0.0876365748423669
0.4628671123925786
-0.5120610714641680
-0.2003149229969599
-0.0632374500556328
0.3280028350837966
-0.1208848942194104
-0.2452438769442541
0.7720247199935035
0.1388874609219885
0.1795734799131586
-0.3346535100139444
-0.0834993757365384
-0.0837122010194339
-0.4445531022624656
0.2113216042819766
0.1854808937205845
-0.5378926141166744
-0.5727147129038357
0.0680496058134184
-0.1094919079041515
-0.2970382795997580
-0.0190672175419529
-0.0244876780087686
0.0129529434817089
0.2735492689120438
0.3640143981420186
-0.1767226734876283
0.0889974391256267
0.0551209750596691
0.0084109450193373
-0.1437710137731151
0.6380916724860197
-0.3210469530268228
0.4499905963662372
0.1304225144543883
0.2760567415230948
-0.3246417413592805
-0.0397358891699190
-0.1982799678965578
-0.0815400182580655
0.5051751519749439
-0.3803687221054596
0.1040923653532363
-0.1476971436216348
0.3507135604382374
0.4640320968737198
0.3220599844277272
0.6981251296516664
0.0412934401018011
-0.1429276188170100
0.0998862393499247
-0.2154798232395098
-0.2476975793378566
0.1073551347439628
0.2376422336642889
0.0824177420973247
-0.4406933981003258
-0.8505764089981294
-0.0941421856116776
-0.1909268754885347
-0.0057012752677515
-0.0181376233192195
0.1367381378224204
-0.2654819641505101
0.1559531992946354
-0.3301073815491062
0.0040457647089159
-0.0914102186906107
-0.2765984646433770
-0.0342639638515384
-0.4412381197956505
-0.3686795659049423
0.0441967303351641
-0.4198037840929217
-0.0557249293148442
-0.4805112186416032
-0.3179583063349477
-0.1350028915113495
-0.2453475842126787
-0.4168581823352710
-0.1203717054180355
-0.2586848750044162
0.1375218001068430
-0.4913743570322459
-0.4798265189131894
-0.0588972251544561
0.0112295669037754
0.1341080379079864
-0.3940781509679382
0.2781186978385820
0.2097316874738998
-0.2719434313374749
0.2993935889899240
0.5155454243474081
-0.1648002615305056
0.1500166300043202
0.5805491771758018
-0.0937357362038235
-0.0883931946357625
-0.2075046266548697
-0.2833309124456629
0.1883544355260403
-0.5695967670754787
0.5628068766983515
0.0955473378876019
0.2597945920239691
0.1129189838448116
-0.2093518733872073
0.2478124532851682
-0.3312532215688909
-0.1374960480798083
-0.0091787488113972
0.0240320236566792
-0.2831031946733077
0.1199380961071781
0.1895209516433901
-0.8717371542540820
0.1627525150323234
0.0135101378767536
0.0637943064696629
0.0598996078998618
0.2591977982885087
0.0867983796576167
0.4230283744153325
0.1301721549860563
-0.3842067869103898
0.4378140328316621
-0.1866626580334056
0.1801987825607595
-0.3803113754745306
-0.0642725225248840
0.3720018473815898
0.3314444822028876
-0.0219807690471665
-0.2538801741800629
0.2518552724387947
-0.2691659351153978
-0.3026504787243641
0.0563089226570579
0.4107303342134835
-0.0481564659037908
-0.0605841508448464
0.1583359531557587
-0.4264211059550856
-0.5685959422849366
0.3569638974978588
0.1384955611635248
0.0614105987530943
-0.5622978166809103
0.2199837195287376
-0.5039548311825752
0.1575401350027840
0.0171693564035465
-0.3149242260533909
0.3264385585986778
0.0151416239727839
0.4279114153595583
-0.1724318355872005
0.0391921771104470
-0.1719036751620014
0.1073059483220840
0.2147958832178274
0.5525559771914571
0.3759656927650362
-0.3468994639098983
-0.0555589023776215
0.3582261920167759
0.0250483184829045
0.2892062583825660
-0.0453258212719173
-0.1167252683655274
0.3166129530321797
-0.2325345081702955
0.5095915658046245
0.4820030600077458
0.4603063348013537
0.1651066664308507
0.1207658769379623
