0.0939868982596569
0.0775900401869247
-0.4394085568925194
0.1370924636196812
0.3110806988055028
-0.8224967015121216
0.0603047801021310
-0.5291701391912343
0.7755115348691152
0.2764086092284870
-0.1751597718732684
-0.0885521972160532
0.5049049349742935
0.2075093685907230
0.1694558461321510
-0.0167246154336841
-0.7983892544424048
-0.1886543676324964
0.2576549274909332
-0.0770296380399672
0.3318157973246060
0.3798185060091846
0.8164219513404486
-0.0822906416994971
0.5181754698903956
0.1335568382320216
0.2575872905883784
0.7541118243863735
0.1228714067600115
0.2520387168951284
-0.6037140006076069
0.0724430775074053
-0.3907798393403288
0.0401483492063079
-0.5157778580727366
-0.4581853711486977
-0.0238829567356575
0.1802159790876100
-0.7917685557179852
0.0195486993456532
-0.4353372617110781
0.3874966791536494
-0.5468797809213826
0.5073076550152332
-0.2424277589840438
-0.2689690513659898
0.5585713045340727
0.0210707668271439
-0.1044125410651387
-0.3418644000603137
0.2071200144924899
0.1430527564235338
0.1069697295243090
-0.8929845679973862
-0.2685160231009229
0.2556789065391674
0.1287293422728293
0.8795793632810547
0.0410553950092390
0.2657269214019065
-0.3422045960727833
0.2259718729809288
-0.1199066387902329
0.2753572880127962
0.7444383909929743
-0.4329491551859323
-0.6234014817836137
-0.0709887618256958
0.0413923418388077
-0.6165713683199709
0.3510141719752424
0.3181928048874182
0.0492776996321931
-0.0120263077116620
0.4881324482509307
0.7654143765778897
-0.1744919371197100
-0.3779513000565389
-0.0390822266768288
-0.7268586425643222
-0.3150095831375100
-0.5719758733242333
-0.0018541021895099
0.2091846515859028
0.5378580934988378
0.2862709809128844
0.2385574424584384
0.1890247496745088
-0.4093319411834072
0.6070955026436717
-0.1377275221453990
-0.0057541095591028
0.5266316407368280
-0.8044420849221329
0.2285867972173270
-0.0654075147499412
-0.5626058231799582
-0.1129173730139059
0.2752556480306449
-0.3647950977520290
-0.6041486290280368
-0.3112678163936985
0.3793762164808758
-0.4189722082570457
0.4736357001074118
0.3291277696260175
-0.0704825150029593
0.5855871625987827
0.5959778777381071
-0.3531655034070004
-0.1324450200631060
0.0420472229687888
-0.1977663194206778
-0.6794581128031049
-0.0386806018995851
0.4875654063233086
0.7608622020569640
-0.2289538391407004
0.0139220942366942
-0.3595258125772051
-0.6744305923384071
0.4531094445679015
0.0661431036779415
-0.0070405349210054
-0.5708351497393710
0.0977648192722639
-0.4733509604807065
0.4742696765971734
-0.3951129417117313
0.3976048222506465
-0.1546052859084428
0.4614114392345597
-0.4469651232386576
-0.5486119817681115
0.3058815528376361
0.2468838023962997
0.5178911381460909
-0.2766237604517098
0.0360218773637412
0.4224093246538836
-0.3833476382892509
-0.7539426046615239
-0.2917985363185657
-0.1405045838869149
0.6904505063342129
-0.2368284983175235
0.5559682001709834
0.2904789369977631
0.1854463036035021
-0.1982961843470028
-0.1181613526212642
0.0712481554877500
-0.2807434388822064
-0.7001801034531474
0.5578320640383209
-0.3173577282342219
0.1104555315678611
0.2511157458499743
0.3563327897107233
0.3239514022982909
0.2394432741448604
0.7971761462343225
0.1727612959610434
0.8624937936677418
0.2270262510880323
-0.1258563809960110
-0.3700555618571434
-0.1481084883475026
0.0817874584860381
-0.2209170400329158
0.7250938399201836
-0.4207756003321156
-0.4053017885250891
-0.2782512367462265
-0.3484610917949680
0.0467038323282187
0.2881979705208432
-0.5081402498990736
0.0324597353717727
-0.7308046259778911
0.3652394230894278
-0.4541627121681932
0.2692248426669102
-0.6509848714377848
0.2829343681794374
0.2898641392969195
-0.2090201482885387
0.3652815810898452
0.0515774181850238
0.4445443957643311
0.7182107678527179
0.3267618202823620
-0.3286066867269394
-0.1120543166072997
0.5762836569950424
0.0683851272346297
0.6215385153273667
0.3954389593681824
-0.7314249248262189
0.1575671442732798
-0.5120872695907029
0.3311170472930726
0.2295107429837888
-0.1250724692272796
-0.6743748125111588
-0.5266991494767673
0.0561788130324114
0.1451772741328657
-0.2017875790806627
-0.4503952610334336
-0.3582660412588651
-0.0443814116566095
0.7211918259694124
0.4352250806754270
-0.0939711485108602
0.3889815375227858
0.5654598184949826
0.4550982651871659
-0.6075780501595985
0.2972072961129209
-0.1172258383265325
-0.0437675864242258
-0.1971838236391726
0.8979302881952083
-0.1280237116766685
-0.1435314591753669
0.0417188237927687
0.3407461319715499
0.7520368275534884
0.4923854474881771
0.3753113571159394
0.1889081483364485
-0.0972485279540864
-0.0774273958479931
0.8374195974077464
0.1194352967770215
-0.1864362771206530
-0.3733771961840340
-0.2506761439526321
-0.2178441703544363
0.2440851834613589
-0.6342027891055197
-0.4793484317648255
0.1468663670636292
-0.5030716895969036
-0.1838028068927815
0.0769777380878714
-0.3278711273825300
-0.4201878512248871
0.4010879753066128
0.7273219571993491
-0.1419448061429025
-0.6716129386743410
0.6436669576635841
0.1314331588796758
0.3071049528098234
0.1511364273849271
-0.0140911760058811
-0.4963223655221217
-0.0497783189997514
0.7240629868454674
0.1420370219231824
-0.1641245540260499
-0.4240373034173391
-0.0012330102438794
0.1025208215184269
0.3124311899771667
-0.4725972376160548
0.3906546026951890
0.7182726117297771
0.6235906176617928
0.0681169829109891
-0.2110874080750026
-0.5854003377520611
0.4668813543938858
0.0355692259484049
-0.1771251591198122
0.4079136559742059
0.3768801216099409
0.3133675441622801
-0.6526253332758324
-0.3688840710089346
-0.1577443654201336
0.1959784921521728
-0.0867375396670769
0.1733980828861603
-0.7286429736646901
0.6067934300772747
-0.2981905892403723
-0.5702739004626005
0.1216891555167331
-0.2297330485499765
0.2006536868907900
0.6913918026056882
-0.1547301871599470
-0.2899022650110879
0.2161489584071694
-0.7891510235320982
-0.4276051890267608
0.1992218313288346
-0.3764995089648443
-0.3548616885472221
-0.3531114557072580
0.7108115728169607
0.2378908549561503
0.2139823606670819
-0.2273541985757696
-0.5843608889051907
0.0932306097605494
-0.4898767369298745
0.5896306992256583
-0.1024543530416411
-0.1014400223208261
-0.1181928043494815
-0.1940177315453362
0.3640386147456702
-0.8921853018036423
-0.0978712262984092
-0.1092797070680114
0.1958362174144990
-0.8704566906315443
0.2698068819548968
-0.1028728873634272
-0.3295947311502090
0.2540239958807892
0.1778750205174428
0.7950268980491337
0.1795454579729965
-0.4807903028940883
0.0914802226458069
0.9438428939279579
-0.1187893666788246
-0.0346646593135865
0.1843615416418860
-0.0115477982278082
0.2443880309260891
0.4600652698022287
0.7217177202632572
-0.2850803616856208
-0.3139231538890667
0.1401923429831740
-0.2607508918148402
0.5763512875198110
0.2411257562641661
0.5225534046470988
-0.3225029703454216
0.4258094140849981
-0.2264810794017595
-0.5543018038547050
0.2992519444149070
0.6820784857334551
-0.2621824793184281
-0.1360878841309478
0.2251825007367992
-0.2643530878715265
-0.3157835751718385
-0.7967542483232158
-0.2734966065629318
-0.3213293162768294
-0.1323930627450484
-0.3786864775592500
-0.6629795992725100
-0.1491758424577554
-0.1862609515005657
-0.5972682409781888
0.0581263877612637
0.1866123071691454
-0.6475594776888152
-0.4151417400409289
-0.2849493177061983
0.3070150133143158
-0.4450231154474673
0.0730994338696647
0.5661768906571366
0.0425013950694514
-0.7343280969594380
0.3256947307054865
0.1642529180182581
0.1799523649640025
-0.6928420345515847
0.4802975225610562
0.0413453500601706
0.4812130039654846
0.1537073783749867
0.4340126234757818
0.1101563315546002
0.5221250987300382
0.0456897474153147
-0.2581251566120166
-0.6768809770287512
0.3493754176516021
-0.3751326583788662
-0.0020972157046478
0.6461808125207856
0.2495890301736872
-0.5073101431980217
0.5503678761342535
-0.0570576826501506
-0.3832835058093137
0.2791209903143986
-0.6307179818645378
0.2668701483179070
0.4308126997174170
0.1457896898801403
0.0450012802366810
-0.7069722568400387
-0.1710037775151481
0.5119263667735382
-0.2532106391314973
-0.3073827501909769
0.4974081974903091
0.0750524349255222
-0.7356183617040474
0.2172971700706100
0.0617850398492530
0.3667807440199477
-0.3418462850335364
-0.1726333591575124
0.6300923914053951
0.5638944171339116
-0.1993632058672234
-0.2834544839849610
-0.3168245319362318
-0.3561848334507058
-0.4119875900234640
0.6949306970518005
-0.2223361810144880
-0.6736059928560484
0.1925098707409010
-0.5070742061417706
-0.1533241703936574
-0.4232363251263079
-0.3702213641176962
0.1664601826294929
0.5575042384870467
0.5329215301952792
0.4500395756118698
-0.1946155087760906
0.7773128565280754
0.2096162129536361
-0.1590977379170770
0.1646378336247780
0.3129767361364530
-0.4488581318295587
-0.4616836766378501
0.4035506223417338
0.1451712010192591
0.2068779060934718
0.0033288583521292
-0.7484055391302462
-0.3996438731569939
-0.1634913836779620
0.0073373580363859
0.4510963239535544
-0.1186890955029022
0.7719627649132313
-0.1120402021224734
0.7973893256878618
-0.3595496669880897
0.2461511184899869
0.2819130026295661
-0.2868378970266603
0.0165593413171632
-0.3494556514546681
-0.0401636235765445
0.3607851005653933
0.5843339410913259
0.6359098801885649
-0.2499048157516064
-0.5436540589921551
-0.6064596828325123
0.3276248164514656
0.0660273515727903
-0.4031090036127019
-0.0797310239894940
0.6074264803022982
0.1328769594596137
-0.2934271519405116
0.4943034749938084
-0.5259128536164923
0.4540271502989100
-0.6488463120538898
-0.1621876947025059
0.5308982729745342
0.1235888927290083
0.2223190751134032
