-0.7681674727149360
0.3405353485383331
-0.2273866992226740
0.4735423724003460
-0.1341913589494243
0.2044408077095468
0.6945480404094670
-0.1389446004349035
0.6754731430736969
-0.0154080077415491
-0.7481160472041061
-0.1614724777051317
-0.5211145289142507
-0.3526799711878129
0.1352978364088348
-0.2574280606207482
0.3888353343427319
-0.6026777270799555
0.2091396024178196
0.6128442382480815
-0.3943711981723000
0.0083374259436951
0.5223064756890923
0.4563323690416208
-0.6027923023719526
0.0913085829365289
-0.6154570874018347
-0.7558508601101690
-0.1928199964495652
-0.0662211634515814
0.2535487483849975
0.7861052218649317
0.0426954587440093
-0.2234646131687229
0.5157443909661835
-0.8286685111518031
-0.4115861167991165
0.3457562632272655
0.1067038047995591
0.1138958803648916
0.4258932617603808
0.4856174610917226
0.4590062269396745
-0.5402758535027056
-0.2832064561807521
0.5151176685702660
-0.1312974583296395
-0.5890172971563223
0.5066638713892871
0.3372908389541446
-0.0274558257864047
-0.0406424173550893
-0.6631791063660469
0.5430206168374441
-0.5127537948284094
-0.0239872778037753
0.3746745365705411
-0.8533466059847127
-0.3060701266464354
-0.1927803148099453
-0.3179290990576153
-0.3632861309947172
-0.0295347646300162
-0.1576989651829676
0.8609314775623976
0.2890247459716734
-0.8767602628394819
0.0314663504657151
0.1871078677205657
0.3343002428163707
-0.3379805245684457
0.1387216952487472
0.2641930650615603
0.6685233784051913
0.5914422822041385
-0.6961096465678337
0.4621145381047282
0.1935909433022345
-0.2139906679267703
0.4675596799757924
0.5226978679481388
-0.0285390906664069
0.2601276970608096
0.1944754732857150
0.7877089123899397
-0.1702603372487396
0.3019455927927366
-0.1241381042098370
-0.9229484810075752
0.1122323885604574
