0.1403903721411293
0.2439655172279176
0.3896170078736502
0.2154954726818275
0.3338203230680991
-0.0459789151883096
0.0020183869137354
0.4651288518209964
0.2983410877237828
-0.3488441340450268
0.0120829043270216
-0.4004910627438189
-0.1449354362721061
0.0196891782942898
-0.1411090938148038
0.2097463063681934
0.0081206309629224
-0.3599271252066191
0.5208523673002078
0.0858595205310040
-0.2936171992333781
0.5894738664291090
-0.1282072057848281
0.0114180959161021
0.0641904732368319
0.2303363692806924
0.1021467180284134
-0.0997748135708019
-0.2162114446321380
0.2840832593196264
-0.1748764503475410
0.1726532979577779
-0.0258103293239692
0.1539972602096538
0.0059680817613076
0.1740811728513779
-0.2393101842296109
-0.1059478218998965
-0.5923878101376442
-0.5736333695867611
0.0703981582492339
-0.0633120097619276
0.2235583962660894
0.1301512778940070
0.0380639389603710
0.2969830164003760
0.4918758659513833
-0.3512234947462354
-0.0024498413115646
0.2277841457416671
-0.3323440233775226
0.1893919766855432
-0.3090901011984776
-0.0228040230458441
0.1811918732916635
0.3886309348477450
-0.0242133663850581
-0.5339226596573596
-0.4219206805214486
0.1967590284352143
0.0760448451623809
0.0031266253762775
-0.2325890243932249
-0.0815846554757337
-0.0403480357243056
0.2832030147192658
-0.3790446127606249
-0.2345584864195377
-0.2414314520763617
0.3037256431915072
-0.4477540551909091
-0.1053794489079262
0.1196785915893095
-0.1053712916739099
-0.2238802874734516
0.0348335712518374
-0.4836541694006781
-0.4631382349133015
0.0864266573319191
0.0859802616787424
-0.1529376908010859
-0.3803779722908286
0.2766980548545674
0.0610732123245774
-0.1846974958745960
0.4812475662718269
-0.0026092144977659
-0.0203991109240096
0.6083464549908320
-0.2169935977758932
-0.1011256658577434
-0.3270256160125191
0.0780472319165504
-0.0683312271113389
-0.0306877211156747
-0.2488233995551112
0.2662748981536500
-0.2345276739759810
0.1295649335045452
-0.0333722717723280
-0.7074373375003953
0.0236235566926634
0.1495308551376133
0.0196442695097987
-0.1350475005466351
0.1236798432912206
-0.4737675038528184
-0.3761575862560603
-0.1273749562378329
0.1677108372889652
0.1192083420738785
0.0167793001459842
-0.0647148401146361
0.2190983368008375
0.3135214829557611
0.0747396070278838
-0.3927171843269656
-0.3839531025504448
0.5275244761508303
0.2880759285375791
-0.2344560563765978
-0.0066997459750472
-0.1240743273172901
-0.1796155734859630
-0.1207424976040591
0.2525076655240021
-0.0990089985769629
-0.0084112918411118
-0.2437444214152735
-0.1661890002850374
-0.1943572876502303
0.4424118661184994
-0.5279534911318380
0.2655600641257709
-0.2571406851317898
-0.0125213170260187
0.2503592247400211
-0.3637978721912385
-0.2125624472257820
0.1176722059686766
-0.0584476385850860
-0.3923232544754002
0.4475605683763714
0.0800330358136743
-0.0138444427270919
0.2383453343738635
-0.4832730720065017
0.0205465241553917
0.1182708460137247
-0.1938584365247929
-0.2474048511257895
-0.0157526723145412
-0.4561161244371106
-0.1546191680072343
0.0051022016211714
-0.1145757662998874
0.0235473599489401
0.2169413993541149
0.2829419800851213
0.3198903512156759
-0.2311193205415387
-0.0208250980616556
-0.4932304966718670
0.2053600688871614
0.1249714669078225
0.4691869645457707
-0.3620349970892358
0.2252105489762853
-0.1406037290535731
-0.0960040977448451
-0.5269912020535925
-0.0022781503095995
-0.2145802655332870
0.0394532380201109
0.4576098433483687
0.0602140184457204
-0.2953721772948822
0.1164339254239158
0.1243982638332928
-0.2816279408190304
-0.4306159775059802
-0.2272316333627864
0.0842185034365418
-0.2286447396700287
0.2948810333348682
0.2188883177063727
0.4340376322410842
-0.3048801049360932
-0.1283076621357799
0.0190199602454869
-0.3262673159285600
-0.4596951944324988
0.1958420277046810
0.2251512945205874
0.0359951330249559
-0.3154106205322956
0.5625709735796190
-0.0900245271358242
-0.2581837711484439
-0.0289152893658038
-0.2882168084555092
-0.1740621082755497
0.2500439141621482
0.0937953840555927
-0.1682619136161527
0.2462091899567589
-0.5058857511172665
-0.0333935818849450
0.1571260762367144
-0.2292886524487671
0.1717184830196338
0.1597818132083351
0.1704775948865208
-0.3049576372666776
0.1520332481886297
0.3034145913802458
0.4562375828133486
0.3029680624502808
0.0983160367064395
-0.1251176499601611
-0.4001320477097452
0.0213211332418550
0.3941060305439182
0.2580767001781528
0.3141819894236387
-0.0935460242961104
0.5590332811150522
-0.1562029622843824
0.1210265557319610
-0.1445975984786869
0.0708284406693651
-0.3219446884996253
-0.2138758906123785
-0.1475605453001257
-0.3728111093005572
-0.4422861475280916
0.0847361854216483
-0.0458029382586557
0.5579097844054819
-0.0979855263617609
0.2095446033629240
-0.0129211495919095
-0.2519080045081593
0.1712917647716629
-0.4612076291181498
-0.2880779495995477
-0.0650864816797855
0.4792590896458773
0.0579674034407004
-0.0585267212644083
-0.0325712571246449
0.0691932779022037
-0.1491902069816620
0.1182249790226865
-0.4062621501420246
0.0533645554893514
0.4656618666371403
0.2466672168668889
0.2968252500780388
-0.0095798805294634
-0.0226090843346261
0.3961525474916731
-0.4160278621808450
0.2494838871539983
-0.0159292818694978
-0.1922565662958273
0.0041820246287763
-0.1313597798477798
0.2633007356669877
-0.4202861555113213
0.5577649433446615
0.2101905541601783
0.3234715039869088
-0.1173851703999031
0.2385858565282469
-0.1649233697901512
0.0385365229058720
0.0487544600778482
-0.2967921977697038
-0.2949472788769137
-0.0029813382283363
-0.1955377960196841
-0.3261604569666487
-0.6615521766802182
0.2475552881927375
0.0852670186901960
0.0379541541926480
-0.0525681070323469
-0.1913553621935475
0.1639364129325917
-0.1092057026595849
-0.4260864507472045
0.2707561465586186
-0.1212010102133360
-0.4109178602296968
-0.4449688698591083
0.1508002148826633
-0.2237227577322112
-0.2187562527205451
0.0541445331800737
0.3921350581107277
-0.0484853343546921
0.0533772363435165
0.0953248289139760
-0.5552569694014533
-0.0558394598956730
-0.0544743016939202
-0.1646761384580702
-0.5382846134911403
0.4237662337470902
-0.0474771396404462
0.2676234561094620
-0.3480281198808732
-0.1320696792486502
0.1902747239967406
-0.2037192196839925
0.0585416008361417
0.2508695092139211
-0.0812251979226256
0.0583001698623232
0.0692920822658953
-0.3992029966956165
0.1749928635205827
0.0109248811433718
0.3652197176765529
-0.0648648572829691
-0.2663803682090908
-0.0685852107206360
0.2230880119601095
-0.2504601777373792
-0.3161880838072910
0.1375888342380749
-0.0453000970614219
0.3063235525040341
-0.4861309805659878
-0.4386218415243325
-0.2100566884261884
-0.4646165867353096
0.2266846924008077
0.2710289896177810
0.3779351748303266
0.1289935384784457
0.1554169490043501
0.4144684303114263
0.3382426885948258
0.1493246167265388
-0.0339703917682747
0.2895373933356286
0.0265491781827348
0.1932754739300060
0.4493866433287504
0.1433527930525970
-0.0885998562997737
-0.2285178195208774
0.3835754859503486
-0.1720653724899223
0.0100773208561375
0.1535291810193475
0.5664928133117877
0.4327934550955710
0.0101281997780749
-0.0437202882317456
0.0760221016604951
0.0316891024236085
0.2495133146996711
-0.1400193480892835
-0.0936532830660561
0.2898997502717688
0.1100824174638218
0.4031971336955225
0.0585259916387528
-0.0424561401594360
0.3861285785073254
0.1293201961058335
0.3745753193752571
-0.1715024398941764
-0.5460343005638718
0.1082533883723832
-0.1059093175322133
0.3675918653334627
-0.0481926105253710
-0.3202913436384996
0.1545187225438577
0.2169649779680144
-0.0123827843108147
-0.1871260121509755
-0.0901133012450445
0.5581655988230605
0.4879370494399366
0.0005313795696166
-0.1971970731790524
-0.2144580947595371
0.2780366551229650
-0.1080402026982580
-0.1457298951856143
-0.1617054520928600
-0.0786145464273582
0.6924685207216132
0.1191396424887188
-0.3294145215603375
-0.2190688397497588
-0.1483834375554610
-0.3511976067393103
-0.0565204384467468
-0.2422011962628926
0.0056086888996607
0.1517688954114001
0.0656523600323792
-0.4684487097055547
0.6868747887596345
0.1523336907373991
-0.2515496883456565
0.1101213457692403
0.0709902930866198
0.2597263172519425
-0.0482079746700641
-0.0256879233636950
-0.1715809392362701
0.0489131654157979
-0.2747571925180204
-0.2444773054868267
0.1330284565610553
0.0479347427400489
0.2700455442261637
0.1046468106969636
0.3827255428776156
0.0944019727417849
-0.2712015511926782
0.6370497539852261
-0.2511046067848904
-0.3702060367440581
-0.0311972537161198
0.0163302430045363
0.0155487498876262
0.0007114092781418
0.3122603014791414
0.0706641953497278
-0.1641099225928508
0.3630789810156756
0.1990442010949907
0.2847619417776824
0.0248995737777905
-0.5896074153929828
-0.2678036414675352
0.2345361006436854
-0.2894205953652846
-0.1164124201629858
0.2138555595496477
0.0948763045353569
0.1011565119989784
-0.0239771970738306
0.4271292035463006
0.0396386342554498
-0.0582075915520726
-0.3434971034452796
-0.4875699285462203
-0.2156286113785699
-0.0337677452321730
-0.5469564330106284
0.2307391621887720
0.0262908346822394
-0.1906527651197751
0.4073443492997252
0.6432765652824411
0.1761454443376521
0.3199904694239424
0.0463171360205079
0.2108691633202883
0.3132621005956854
-0.1995828019261093
0.0077063051895253
0.2383816819150549
-0.1400600195963101
-0.1414389791149842
-0.0749559574641590
-0.0119080255292548
0.2741121922957573
0.3265704247466491
-0.0071504259939579
0.0684769111412038
-0.4761521638298104
-0.1095845044690217
-0.1043482290786701
0.4347733243062142
0.1963670796055869
0.2378887700069203
0.2299773214983464
-0.1527871325308900
-0.2711575955280860
-0.3604399948025163
0.2471311098868092
-0.3402179569330467
0.1568038057937126
-0.0774292740803278
0.1607549592000931
0.1356183732681353
0.5864388402890859
-0.1683517381978341
-0.2208980477154177
0.5088953631490559
0.0975880101548337
-0.0475746702211572
-0.0201484799800864
0.2369488146077703
0.2379594355654512
-0.5334863049509413
0.1128245999207056
-0.0092711792169701
0.0081266164643190
-0.5424422145815428
0.1981894985249225
0.1569590589642447
0.2190113893441485
0.0143000172855081
0.0393327145559551
-0.2181603158875740
-0.4048192538969864
-0.1629030675800657
-0.1612169175428810
-0.2923152372498188
0.2718787385848997
-0.2225678606425183
0.4020771722957702
-0.3469959313785558
-0.2730466163602275
-0.1897684131637289
-0.0920160308540286
0.5169174776495252
-0.1815069283665867
0.1733818730233340
-0.0520452707955907
-0.1763017143562467
-0.0870309800027106
-0.0854323599974272
0.0161138757301997
-0.1524048611722355
-0.0396690738100066
0.2302785359779196
0.0096977468711670
0.0576657745292815
0.0658889162167901
-0.3421462655493099
-0.3008371857618720
0.8180702835862230
-0.0124683297501290
-0.1493851314865636
0.3438548461580388
0.0635611796979034
-0.2495826359265308
-0.4909450637488633
-0.3726588499499751
0.0942458472917279
-0.2727989756042660
0.2241875438419046
0.1466805634219684
-0.0714539868870964
0.1418695171629616
0.2295084307741106
0.4483690665571063
0.0388880429138606
0.0622943095101887
0.3313047263326799
0.2186656942473169
-0.3923323943459532
-0.0634373831810939
0.2611709913719985
-0.2345248055375947
-0.0338644059918839
0.1926560325788415
0.1994244359269172
-0.4603222482800475
0.0044481592136634
0.0780560024168222
-0.5112126589439944
-0.4087190411547441
-0.0869012024086823
0.1413966056799522
-0.0075572280836935
-0.4278703403731949
0.0005723283861342
0.2532105952607772
-0.0680064673554329
0.2709865515772626
-0.1149581886918500
0.1312440710836546
0.2867237794901945
0.4546625588899829
0.4009118395343613
0.0673463997556061
0.2553245529058727
0.2466458087183713
-0.0160177217352638
-0.1835413289401669
-0.0133055170279810
0.0823429824070397
0.2847116960930209
-0.0664031648599693
0.6159950530676386
-0.0772681225694961
0.5579358244868512
0.1991226267126918
0.0818882574711988
0.2621207892081308
-0.0717365719720127
-0.0868061169064270
0.3949017478438976
-0.2101300848284177
0.3655895656824529
-0.0021287900050053
0.0710524792925849
-0.2865294324940589
0.0613379963340553
0.2787220514487107
0.2742257560018941
0.2943413440859869
-0.5043971198778843
-0.1732417660216530
0.4589247491683388
0.5349267049302829
0.1439114226314170
-0.0265030538094928
-0.1011047752946810
-0.4410098709088272
0.0842783280648169
-0.4205758347889126
0.1625038539840594
0.0128750498394798
-0.1412872658625229
-0.1078327496120657
-0.0703836768422334
-0.0393863250453077
0.2763089913857384
-0.3241413592004638
0.1553701647874246
0.1709272155726412
0.0712002885852117
0.2789414928385789
-0.5761204533381338
-0.0237004613556251
-0.2875122312776638
0.2489480053945878
0.3490512457754767
-0.2805542071934433
-0.0560203782994423
0.3768455159127193
0.1330975433469567
-0.1663774460429757
0.3165249731465699
0.0220637439011288
0.4260434553313617
-0.3460739648400976
0.4435565452734228
0.1797361578711261
0.0583568895681472
-0.3746426418551776
0.1656707704295049
-0.0242260350716527
0.0989551829922665
0.0242741952213527
0.0454200299084757
-0.3915368212534744
-0.3247126317338334
0.0887786610691559
-0.4068253693346023
0.0456344639822587
0.0088524704638049
0.0933511413670959
-0.0053248618982551
0.1090149748025471
0.2838992236482291
-0.0105993815333022
-0.6795004310786142
0.1401020841086096
-0.0724475727378098
0.0698321062355850
-0.4493392691412629
-0.2104961609334168
0.0257863309268007
0.0796456428106320
0.4384134198725234
-0.2405540236500891
-0.5156025456351080
-0.1702839777775077
-0.1451798085791430
-0.1897197481121259
-0.3391718053074592
-0.6895729261794639
-0.0481218617241987
-0.0675674997622430
-0.0339827167837248
0.0751290119814037
0.0051001621876052
0.0799276759299670
0.2086282190447847
-0.3847812496588720
0.4310417450386763
0.0474795051049717
-0.1149746018283929
0.1203232807684129
0.3115509206579944
-0.2453341375930516
-0.1388241098761756
-0.0908574478098498
0.3043233654318250
-0.0709797550670535
-0.2889233787533438
-0.1147924325569758
0.5220641198383010
-0.2867627601931392
0.1114368061851689
-0.3476954111487220
0.2479965664866114
-0.2752024731291167
-0.3043785621853592
0.4853647846121355
0.0915650653053951
0.1646849654382666
0.0497641263933166
-0.2199821045883755
-0.0179918348550501
0.1678037774508417
-0.2526484311564004
-0.4284712961827160
-0.2442355629854388
0.0134953651740603
0.3910529215148962
0.2328163215963109
0.3676784938180805
-0.3415918822460172
0.2767555054583306
0.2461109067977605
0.0303868322852930
-0.0898331417476469
0.5740207480508859
0.2472747065750525
0.4016781450254363
-0.0261013569497085
0.0571039660394303
-0.0670263701631144
0.0786011500129598
-0.4026420558763288
-0.0918371868907339
