-0.1123596264662041
-0.0523309452689944
0.1279993820286181
0.2320715315974802
0.4330996220144203
0.3168722896375517
-0.2195260425904899
0.6726763024011383
0.3545804946880651
-0.4854399445517598
-0.0799351300751021
-0.1809043453475375
-0.3774486787118325
-0.5663599893326131
0.2399089850366274
0.1901097838190333
0.4088499487259858
-0.0338316256101948
-0.2585893636230460
-0.0344221780596863
0.3610482490662091
0.2651560410721183
-0.3106245142581297
0.1742313090576532
-0.6934213129250458
-0.1457881892269675
-0.3199244272590421
-0.0839833208177743
0.4139022725770606
0.4345701545591222
-0.3856724963857203
-0.0222298565477430
0.2890339977488194
-0.0040210531857053
-0.3367898424250333
0.5353119012985158
