-0.2324941578258496
0.2481960476764966
-0.0413553719106544
0.1717024568469834
-0.5576197831643406
-0.2325496629130229
-0.4405267576910897
-0.3160783087400203
0.3264904604587751
0.2099929823476269
0.2084985007635315
-0.3187375976282222
-0.1506750916616987
-0.2058561808740918
-0.2879097262304678
-0.5621597219555632
0.4079402968415121
-0.1967560737604923
-0.2519773661249146
-0.2479359883640561
0.0669702587270480
-0.3159634926562545
-0.4140912110794728
-0.3017892941947972
-0.3600591857085042
-0.2020406607808097
0.0370579904232863
0.0366882094054129
0.2248780610320459
0.3912679794983546
0.3867290351430836
-0.0690246774909053
-0.4541858637067597
-0.4927645808658467
0.1204468397185645
-0.0990217374801918
-0.2081059827759964
0.2759436518497274
0.1413381739817761
-0.2094782798256957
0.0590632275303144
0.0783918547901867
0.7347890827949611
-0.0033090795329321
-0.0287953333304415
-0.0659964708623027
-0.0164218721043686
-0.2717040892031825
0.0560549088227505
-0.1430635793772512
-0.4497722516836686
0.0841904285411956
0.4348794703987046
-0.5572018553499192
0.4337464651952926
0.1832821068597352
0.4428409684621145
-0.0301432628715778
0.4722314385617993
-0.1340417160255389
-0.5521364565236032
-0.1531262608196537
0.1556701919021676
-0.2672260727899025
-0.0300016406813547
-0.3218319701562232
0.0477664598194826
-0.2487050829974525
-0.1643288013340790
-0.1899254562332484
-0.0304538393181335
-0.7254228836405731
-0.2665258363689995
0.3793457612236218
0.1858654138342620
0.3079928367462439
0.0357484144867795
0.0104894841254325
0.1472438217783177
-0.4675018388916908
-0.2070591755588909
-0.3267187783949684
0.0868162855047583
0.1929092291508577
-0.3555399941778267
-0.1452295942447995
-0.2684748198852961
0.5879647152911600
0.6258075027004498
-0.2017162125985454
0.4269869495937307
-0.2565438857374845
-0.1365018709896998
0.3269183813218631
-0.0059764182284482
-0.2305558327006673
-0.0452877719869952
0.1086203614187416
-0.3563614107936761
-0.0031221227750672
0.0387876897044857
-0.0436250064348697
0.2921894340407311
-0.1792865988353384
-0.0136305408366842
0.0847091692281562
-0.4609163649187725
0.3420146643489752
-0.1478311941087747
-0.7214089363025723
0.0242180595508213
-0.1908862797431015
0.7673268394405441
0.2037308200210370
-0.1517132891908914
0.0547955761647763
0.4117324453478309
0.2490369235197578
-0.1820642111026246
0.0353247487669907
0.2017956894798834
0.0771603075216329
-0.1801638063504013
0.1449123631397588
-0.2496939493146635
-0.0916189793888124
-0.4831064604781534
-0.4865351720792892
-0.4593438735891716
-0.2387664309884318
-0.2574810240186213
-0.2558038013764889
0.3354158815431375
0.0014118300557265
-0.0437150928133587
-0.0854109464879572
0.0687959128093348
0.1182795055630273
-0.1229682911361005
0.0386332623295864
0.8681307283715262
0.2926771315994270
-0.0603377202260456
0.2432142732511678
0.0068491626902152
-0.1342077864357088
-0.0507640799379746
0.1961835542080591
0.1925801753568224
-0.5668868435225080
0.1552588975252482
-0.6198196591728653
0.2472314112121871
-0.2320997079197906
-0.3611676747793763
0.0240568188400990
0.4602872146450498
0.5760278002115524
0.1280988085300611
-0.1090283655798455
-0.2880018382068741
-0.1949418231844283
0.0487169853237991
-0.4153877652982382
0.0338028234937662
0.1652287447236425
0.4162931297270124
-0.1097826916039692
0.1848406068200321
0.2491783943836020
0.2716402648717449
-0.1308643682324223
0.3905496038294342
0.2878930820460936
-0.5040596284612197
-0.3327008947506546
-0.0892904732243573
-0.4223635249234900
-0.4015437511814300
0.2291235866809707
-0.0679003098064236
0.4427506311015166
-0.1395741116191373
0.3516890897976122
-0.1808497603793164
-0.4248060187002448
0.2071949585207501
0.0033153899544869
0.2665620536004005
0.0009714986190314
-0.7109397292550553
-0.0032095661701225
0.0599295609668438
0.2362614783606670
-0.2181451819733147
0.1345342089639860
-0.4614923973766744
-0.2922568920332171
0.3285906536254365
0.6060220795365909
0.1813944458132332
-0.2263282878643754
-0.4173082347939298
-0.0486806030774429
0.0909359695934360
0.3318949501644482
0.2273501324276721
-0.0720349453194016
0.2980273378219297
-0.0520084813703734
0.1059252542296384
0.4167303285007271
0.0687952591159826
-0.1405019947179906
0.6088021690970613
-0.5401384619992913
0.2298567734245152
0.1516062097825871
0.1087444767757036
0.1946885048013925
-0.5372286642050510
-0.2062544579012146
0.4034413061758234
-0.3873466151313841
0.4189092094411760
-0.3814854671178401
0.1256078753653612
0.0572675584356901
-0.0193702174434155
-0.1147555313014315
0.0492456790178154
-0.0304218205441662
-0.7599175484459574
0.2404137937953303
0.1448105024065764
-0.4036543216364147
-0.0371797057484204
-0.2045646737944231
-0.0167015216626525
0.3547177967655751
-0.0763081470068998
-0.0688369189951545
-0.0353613585554775
-0.1552345053406965
0.2861167221786380
-0.4060582943134823
-0.2999845559567463
-0.0344051467212513
-0.2345639574184693
0.6043852267007859
-0.2322237794389917
-0.3334583801327692
-0.2265107729371100
0.1114888273766337
0.1359116138157435
0.2421677356793706
-0.1799651648345441
0.7429853876990008
0.2093034413655940
-0.3556886721040353
-0.3628570247454627
0.1336297328814725
-0.0641432412329462
-0.0456012298558645
0.6267223982742748
-0.5260535332274571
-0.2946971974903720
-0.0135582425872695
0.2515105411481277
-0.0758294628171615
-0.1741070974682868
-0.1947525222274836
0.0040125327723501
0.0127183809887721
0.3256211108830779
