0.3441368746151990
0.3004088304186441
-0.0641997902805115
0.0829103758688794
0.3352953851610313
-0.5699171214404616
-0.1625785574873737
-0.0397483304562524
0.4815479566478117
0.2690251748596374
-0.1040451134261614
-0.3254079202101537
-0.2309437201904390
0.0567631657309085
0.1116243524653630
0.1704357197108702
0.0293292036066316
-0.1710947429261374
-0.6456071466603747
-0.4573127272160106
-0.1427957025675999
0.3457984264900631
0.0848862380200837
0.2101897365535960
-0.1974987599420083
-0.0195103830060994
0.1630994385684473
0.2342060158140666
-0.1241077506148080
0.1352033760530378
-0.5254101467885909
-0.6659108910969136
-0.2731272183893612
0.0764491457762166
-0.1931604772218881
0.2224287007170931
0.1133961899654840
0.3430824641264315
-0.2277848731977345
0.4954472936821992
0.0360339881277010
-0.0706837138460523
-0.2049754322340643
0.6566142134917049
-0.1294917827087785
0.1474852861611502
-0.4147987280582699
-0.5002687097804880
0.3085753475450398
0.0017295711356871
0.4460739936906069
0.1895496798881127
-0.3144349199991144
-0.2199002831740341
0.2485858459691031
0.2692396206884087
-0.2019068592361252
0.3478071849245995
0.5384100008245485
0.2683307821173793
0.1919754134994866
-0.1245687879002974
0.3647730631684442
-0.3532914337321128
-0.2662552657431581
0.1508278413794563
-0.4396937726161382
0.0147634814572619
-0.0351036693410007
-0.3538971514640643
0.3387828398135296
0.6437560255341762
0.0332849002679467
-0.1758956594193248
-0.0316543861547520
0.3023711669612526
0.1621815069539034
-0.1382999448455369
-0.1400270997251758
0.1842498722547312
-0.0271228034370560
-0.9215904806617132
-0.1390934989339881
-0.1086523828690376
0.2109815680676225
0.0279789914827197
0.0244236327878900
-0.0144207851304837
-0.2260540116582197
0.5465536057613634
-0.1221942704334108
0.0895609330678578
0.1035167261638051
0.2592632805084247
0.5679964199461468
-0.0115512795205595
0.2603634876807709
0.3303783427505655
-0.2227119618744574
0.3633554298896781
-0.0458265587057942
0.1044977237729493
-0.0876317007111018
-0.0439606141826952
-0.0700397301485363
-0.5927755474596131
0.4204964137368089
0.0711471044581757
0.5492578704337064
0.0740902632422777
0.1269948661718621
-0.4235512624384623
0.4143784669817474
-0.4551909220578604
0.4395127486397651
0.3145164708321819
0.0565164302657559
-0.0143051520575198
-0.2203564770429976
-0.2750774954095198
0.0765044199258276
-0.0137111169259718
-0.1858564632971821
-0.5687165203451907
0.0147355489397571
-0.5911322082518863
0.0858075977804550
-0.1378007065676898
-0.4427952623252983
0.0166668672714262
-0.1459717731809364
0.2194796342239744
0.3007505338040282
0.2434914383256177
-0.1624284379542032
0.0460962471249296
-0.5949945730129513
0.2316880501071731
0.3409203729021519
0.0549274535192011
0.0770737249776090
-0.5020792146408797
-0.1918010877966226
-0.3726368579391197
0.1323028108231079
-0.0081718340333975
0.4542247028679234
-0.2352147055524422
0.2981605150492477
-0.1531252790676804
-0.2169264244625364
0.1643701976759560
0.2072189461859960
0.5937706207635781
0.3092888347246562
0.0484228105094655
-0.1831858437880083
0.2340036690872305
0.3744710891692956
-0.5081453511249480
0.0576514330741966
0.3303094178843411
-0.4923137923649351
0.2319737049299022
0.0814120010970894
0.3497635083731154
-0.3070838128999414
-0.1154420971483666
0.2226440244573439
0.2783163158242644
0.3556606924740724
0.5938398799656965
0.1352368434235012
-0.0103749695309844
-0.2384204385372919
-0.2977020800359838
0.1698407369878605
-0.0179546666091987
-0.4075186810884856
0.0025587927914316
0.0528465139035034
-0.4901939359741257
0.7179096061093863
-0.1016572097703047
0.0858777710719241
0.1102102766613920
-0.1281452096790437
-0.0549389250092395
-0.4498599470170920
0.1864656126524916
0.5528748254072059
-0.2719001085396637
-0.3442879626869631
0.0186630436742751
-0.0157103229647265
-0.3063658258061114
0.2641393953450359
0.3122164508809946
-0.2269778881296050
-0.3552899758658861
0.0388068219694338
0.1302096039152670
0.5511409903211139
-0.3516242090373876
-0.0336570277878327
0.0415229963594828
-0.0641559020887200
-0.5958091831491985
-0.1201335428974144
0.1848876421400583
0.0758169354659257
-0.2198439221262974
0.1627268964508269
-0.4528933001214150
0.1405095421169662
-0.4005080502949210
0.1657965791120535
-0.6733307995546659
0.0723124288575736
0.1179111082246390
-0.1682324245463385
0.4608358350621172
0.4589246469467494
-0.2693002056928487
-0.2453766208892161
0.4169187476807523
0.0869276845948131
0.2551789889466252
-0.2165943563223484
0.0257291900194999
-0.3491632550643989
-0.0905818644555037
0.1208924802401155
0.3952262252347379
0.3625276992505662
0.1559174813793550
-0.4467585312045589
-0.3091182217587779
-0.2213782308317368
-0.4604624177588354
-0.0388211920081045
-0.3279500980110722
0.2928669973492900
-0.0535562105632619
0.5834846719473539
-0.2433938540009012
0.0070442695120772
-0.6405298406318882
-0.0242297110163479
0.0126300873479457
-0.1142362257191175
0.2066339380849024
0.2117629039764609
-0.3475964825743200
0.0106940428636138
-0.0753626094285727
-0.2341219706656568
0.2227049102420469
-0.6299371727448633
0.1707814995302628
0.5079580896640510
0.2063947998721532
0.1409658457251241
0.1499781968720948
-0.1616513094524971
-0.3042753386498622
-0.0148291984847723
-0.4589220303799496
-0.3822351788011427
-0.2377892030525624
0.2315734593108530
-0.2484884684685515
-0.4590292009879073
0.2799836214732976
0.2516687876408062
-0.1884601213479908
0.1024892920444958
-0.3626907855659995
0.0646080816224030
-0.0482096670028550
-0.2972490916939647
0.0740961882084736
0.0224104490556121
0.3840744865833270
-0.4161475383819218
-0.6331621156918800
-0.2240444426674742
-0.2841582166464957
0.0168404957319788
-0.5368830321856237
0.1372090764469392
-0.1021774213428100
-0.1054436143492162
-0.2806655001375529
0.3079387115764394
-0.0714115664807365
0.6012048788025666
-0.2202701599804189
-0.1450150640028651
-0.3896818646872955
0.4918721931128491
0.1115635390241563
0.0260760382890794
-0.6998705804927944
0.1101476300546406
-0.0049975522914620
0.1445253342228308
-0.0259078596392008
0.1693847060187051
0.1107296752517807
-0.0611535623262375
-0.3760360174909261
0.3178939833994343
0.1839328892105684
-0.5027020439537077
-0.3003066195598342
-0.5273600297745227
0.1886449648709254
-0.1497601042114732
-0.4900044225579391
0.1189014920040038
-0.0535724761125399
0.2466353177979161
0.2079620214636463
-0.0152010888090834
-0.2369652873623675
-0.6244789561815226
0.3268770575215050
0.1282120145793098
-0.2629950377361737
0.4433413411054673
-0.0917821204454644
0.4518593786107512
0.1509034246007245
0.3472370851249217
0.0145040158914568
-0.2120219322252560
-0.5046660207135624
0.1936120767034653
-0.1050234761774651
0.3148573284431659
0.1024720138864313
-0.1522511242055654
-0.5769840977877753
0.2970962398457133
0.0945733235265169
-0.0936674820703424
0.0175043825770110
0.6114320793592229
0.0493717476729992
-0.3845580927525397
0.0542812928071379
-0.1975532231320250
-0.3788787402885896
-0.1628154075490328
-0.0500713449741427
-0.1821976455868479
-0.6935332565018252
-0.2772190391175455
-0.1134882100151520
0.0253043339358791
0.2452107068988199
-0.3517452177041356
-0.0921373280278705
-0.5621709029596528
-0.2590156762774621
-0.3993149720810288
-0.2757925561474700
-0.2360507020558419
0.2460235024666251
0.1315977985194311
0.1027166178608365
-0.4782533419260760
-0.0053894533231618
-0.5074974051802333
0.2304025256901270
0.1668116691826484
-0.0206092529647081
0.1266100048616021
0.1504368103022211
-0.2964814435140253
0.3533576696548167
0.5099986321161144
0.3737768019323375
-0.0993894708085210
0.5997668058616792
0.0095020545435536
-0.1522802830289877
-0.1747624789984945
0.2019900657332965
-0.1635568722576455
0.1959832187070875
0.0116462745094368
0.4193803936135090
-0.5289042031559563
0.1572984913309702
-0.6326661628859240
-0.0938082676766784
-0.2832762160777995
-0.3565805726446049
0.0329430403917431
0.0399964510289396
-0.4753815770787292
0.0055182640511097
0.0296264597491989
-0.3777839822447860
-0.1060042284280786
0.0379110238745303
0.2446877013550291
0.1553728779828877
0.0479669572306357
0.2601104861948401
0.2001910298037647
0.4492758391436596
-0.1511945267923894
-0.7425375249169309
0.1501185047398628
-0.0768706932973170
0.0146015796332810
0.0768821961070462
-0.3837839919298286
0.3770762554141613
-0.2859112169714232
0.1454850953864903
0.5505503991391663
0.1461884389556805
-0.3216038795764938
0.0431286855325145
0.4143937613122395
-0.3249308055642103
0.6384970981371839
-0.2110467317525869
-0.0697162207656574
-0.2152876757644623
0.2695850603169153
-0.0695937303788809
-0.4616555888716104
-0.3162438686095038
-0.0096800684106105
0.0155694110477669
0.0676289068200023
0.0553510759417634
-0.0194570348809035
-0.3025127701702320
0.5379302554327468
-0.0206834400900629
-0.4595396867425622
0.4604094892842751
0.1487758643665638
-0.2678538758583206
0.3060060366778652
0.5742265438216581
0.5294547619059899
-0.5739614767276638
0.1097506489319646
0.0819488372804439
0.1163106027113314
0.1298395845468448
-0.0464565726666042
-0.0343650251121897
0.0878140779265885
-0.0176630526904092
0.2316916140753754
-0.3071013388100656
-0.4789334693364731
-0.0600670678480585
0.2457648898027499
0.4510498306508955
-0.2043794312850436
-0.0216684195658712
-0.2864814163812479
-0.1911627530923091
0.4408183750108450
0.6854155017303312
0.4610799766459335
0.3766856164897433
-0.0863788940772601
0.0595750417633957
0.0289967192379944
-0.2722544077786352
0.1573983219848972
-0.1213033959789685
-0.1888752062363105
-0.1207577370548232
-0.4222061915420222
0.0384092982106062
-0.3312483389785172
0.1728113013897863
-0.2488400488523655
-0.5576911839895599
-0.0104083659507718
0.0269198106053085
-0.3433401377342664
-0.3713222198371739
0.2261436969030637
0.1713508706917166
0.6616523944916064
0.2403906024740584
0.1440462186448438
-0.2160737837177504
0.0265671970348229
0.0435116812489951
-0.2579386134618504
0.5354253298312636
-0.1142014147110916
0.1969174839315570
-0.1435152163390560
-0.2701766980179131
0.1190827576125413
-0.1596386889779007
0.1165783671036661
0.1480351322917778
0.6429570629139137
0.3757849012933638
-0.1055235040254891
0.4993670702847283
0.1269923096151109
0.0667140270021129
0.6065102496217079
0.0126421789746650
0.2441433573144778
0.1803867059068799
-0.2647322574884717
0.4398601374444489
0.3059236361860738
-0.0473916433579836
-0.4186612516324192
0.0267730667562081
-0.2012344343487558
0.1629624152676771
-0.6210532636839522
-0.1117300972231746
0.0508174167951201
-0.0423847566666281
-0.0997715514335036
0.0068250692705479
-0.2626134383569718
0.5869345908983902
0.3269852124979463
0.1422073689789685
0.1544039204815159
-0.2510843175152510
-0.1285797029273703
0.3357575227053902
0.4916860863995097
-0.0678097900829513
0.5914488361219660
-0.2756786207007522
0.2530849081730046
-0.1655642817499324
-0.2077246496225417
0.0744842276584218
0.4022351173942743
0.4562686688321627
0.1907938180971176
-0.4119533340398207
-0.3089912852043221
0.1796788810408212
0.3019508807148277
-0.1294505743527443
0.3735353414426077
-0.1751323399804081
-0.2207462747544304
0.3068212684153320
0.1318679815784043
-0.1906292828269935
-0.2897530726368356
0.5289538683464119
0.3058187767528591
-0.4257078664242416
-0.2494075234432161
-0.2683771682633316
0.0870218904784316
-0.5602070997411120
0.2753074809295379
0.0574440727511274
0.3129852004071867
-0.2858892476351568
0.3111251158089587
-0.4644237070316465
-0.1486463464130991
0.1714968770552494
-0.2362490959941715
-0.3634926476012307
0.3530152367044012
0.0878164266479377
0.2619413097104552
0.1524831961618259
-0.4617848580530700
0.3089722064984590
-0.3351503065248103
-0.1487876215237294
0.3475224010208608
0.2823700677326280
0.0823776936633657
-0.0093907825000520
0.6163167012042593
-0.2395108401537581
-0.1486494651656029
0.1678859550277906
0.0106287418699423
0.3811643306619333
0.4347265582488820
-0.0174474698866046
0.4134499254947433
-0.2083118320924388
-0.5358152562525006
0.0538485895388610
0.2623133075781941
0.3655123620014450
0.4177040183625879
-0.1735810501394554
-0.0406297364497229
0.4473127335725932
-0.1113428996478700
0.2132070279039179
0.5963488394958385
-0.1044312627156413
0.1447305956513765
-0.3829191860101464
-0.4479947577515566
-0.1561091163471219
-0.0691891145464235
-0.2350862605818980
0.3269139106031914
0.0753763765447078
-0.2611738480682436
-0.6055464403196161
0.0242078502516402
0.1090950677777401
-0.4002338392583651
0.3109280359465112
-0.1943529238871125
0.2609244976094227
-0.1091834262672339
-0.2344148437376234
0.0860992657965556
-0.4287462064917523
0.0366974736379193
0.2054161056863950
-0.1399245392873190
-0.3854384939553693
0.3117489289635999
-0.6044435727085956
-0.0457283712602265
-0.4855525375928063
-0.1693309344585988
-0.2389464178246805
0.0464292545751033
0.2700086736327894
-0.6286989668284776
0.2562625012594478
0.0544994619876111
-0.3561533243061434
0.2610735072054272
0.3470564429235666
-0.2165594240180221
0.1794481502580076
-0.0450182198210697
0.2580954481033422
-0.1030280528428756
0.3929613262208445
0.3005323643827421
0.2486154902761907
-0.2518479757382200
-0.1670775154755827
0.0963656407018891
0.5854274378678355
-0.1811243307825483
0.3712355053080771
0.2624147632952900
0.1659168951032760
0.1318131729469628
-0.1740113016076779
-0.0777714180979382
0.0428408078230984
0.2298680171056603
0.4285593784155649
-0.6635456322681889
0.0967522543081527
0.1664758995898925
0.4506248261088784
-0.1134413153046646
-0.0791627518497769
0.1862253126425063
-0.3239784960881632
-0.4143004271850027
-0.0909769274575093
-0.0879313388336826
-0.4044842675857032
-0.3392558805756758
-0.3870283132424239
-0.4744215821186962
0.2952950603518448
-0.1033114440228426
-0.3184757992915878
0.3254121540188251
-0.0845596589482167
0.1551757865526173
0.1988726721957115
-0.3010483410178383
0.6856991297243157
0.1365262370566601
-0.2111271043922954
-0.0952499635492433
-0.2704674880054586
-0.5804949029900139
-0.2050349576852568
0.4317795603994424
-0.0030645100134029
-0.1027260033904964
0.1822089844982616
0.4042601957381458
0.2706825070495475
-0.2680859280525593
-0.0494322246473839
-0.5773334552743978
-0.1440187614944903
0.4909408112453916
-0.2841809876308591
0.0661015500624844
-0.0891296620296861
-0.0538977848020756
-0.1182361274338307
-0.3813723838165405
-0.3835052272115403
-0.3681689276768425
0.4366301661344827
0.4667789042303983
-0.1342035512744848
0.4244130168547060
0.0739710095024370
-0.0970366062062222
-0.2564476452721277
0.0254727287383391
-0.4008636662883099
0.1256679927976805
-0.1478932420712763
-0.1552392789955728
0.0693687894622366
-0.8534988578512021
-0.0609936604873180
0.0800916347607670
-0.1151033576901011
0.3746047857804274
0.0313341561034835
0.2221987501356811
-0.0817892837834723
-0.0496113560097552
0.3309676448248895
0.2245249894186734
-0.4660095372471357
-0.2260492355030380
-0.4098756551361643
-0.1454597533633255
0.2377208531448155
0.1935402414069402
-0.5339557936383045
-0.0330167190707976
0.2644756572251834
0.1709497653951830
0.0484503131052964
-0.6189943119586065
-0.3537286049296215
0.3263022708260518
-0.1819538985538056
-0.1701213509308362
-0.1805203846483737
-0.2761425362253921
0.3359159279489208
-0.3679588630969069
0.3612403814170617
-0.5064134233673948
0.0508813247996360
0.2282968167634879
-0.1392019111165072
0.0920169939982604
-0.0990584970986665
0.4510726771772831
-0.2378666536395812
0.3538993793124135
0.3196043474644086
0.3695676361015183
0.1367503503049397
0.0716484269136271
0.1945963682347219
-0.0589461003401898
0.2400995550398821
-0.5400275422205514
0.0558818761931787
-0.1017122139699401
-0.5773652029005122
0.1413739146991397
0.4964333538795589
-0.1099634219550884
0.1672626694026382
0.1794106300588550
-0.1338457099155756
-0.2725780826380414
-0.0921755935687689
-0.3004639457555939
-0.1787068054765583
0.6621071531155674
0.4102891041914539
0.1315945199788814
-0.0981281902385232
0.1764935355205967
-0.2031501350994591
-0.3285942750192356
-0.2567882445570545
-0.5835734067899023
-0.2178092382085689
0.3978374465205509
0.1100401143622330
0.1389286364431766
0.0654262883701701
-0.0487140490251329
-0.1001801665537863
0.1515486693579133
-0.1444013143919951
0.1029588527728508
-0.0122224532271695
-0.1433387863870839
0.7924514430393045
-0.5107985519316744
0.2854041301264039
0.0563066871835878
-0.6073321889764303
-0.4542981142197834
-0.1531779006665890
-0.2906132000657393
-0.4343435293766541
0.1720920266996255
-0.0602350128212081
-0.0918160131989002
-0.0434392635217144
0.6680310478926926
-0.2794301322245994
-0.1619387881756997
0.2903196662448534
0.3127679641584657
-0.0035479624452192
-0.3301065290758930
-0.0850449444451753
-0.0560822534816411
0.0736834498943073
-0.3775312172953789
0.5540238540644840
-0.3237535820911598
-0.1929852868553841
-0.4904350726060651
0.2889179814233739
-0.1032689959753676
0.1574161839425572
-0.0614101626515711
-0.0258828093610151
0.3724427926104915
0.2199968265101565
-0.2083760971796547
-0.1861240837750779
0.2033307841289777
0.1996695746151203
0.4398060029830582
0.4533867886207732
-0.1774992462164364
-0.0628155193431259
-0.1950020886986880
-0.0267650236603017
-0.6062532700444974
