0.6370715694203385
-0.5345772066242848
0.5504970291665271
-0.0729386486912900
0.0496267112657441
0.0948754022981187
0.4807299805936006
-0.8703071488424032
-0.5546689540062038
-0.0115030839002825
-0.8276981060001064
0.0844149029868757
0.8268805406177904
-0.0835763150291602
-0.1233456953249560
0.5422816708672537
-0.8692389504724101
0.0595088849333278
-0.3619432762593979
0.3314806244205358
0.2148323436910070
0.4269675290727803
-0.7924528343657417
-0.3788987972103056
-0.7083292573788416
-0.5052366272221718
0.2287244018561373
-0.4366815334426855
-0.4244074340252761
0.2717569301547099
-0.6373210230620737
0.5829651914309130
-0.3962027827964955
0.3498676671804206
0.3399803014999560
0.7778363355861196
-0.5090216088224770
0.1148347516361510
0.7536261118037614
0.3996969666834931
0.8500006779770042
-0.0868388843505003
0.4369867701739703
0.2810701305658705
0.8799243953030768
0.4330856204067064
0.1947255719073888
0.0158699588151226
0.3635451087793165
0.7072618185614488
-0.5912733101667476
0.1342071032853502
-0.4759963507832781
0.8765332533751516
-0.0631110119037421
0.0336738762998917
-0.3873397812262319
-0.7675474796689781
0.3023520581205205
0.4116090296430582
0.2628364488045343
0.5336898177586117
0.1085660075771777
-0.7964330490376159
-0.4701872738439621
-0.7536816018205794
-0.2802778878358311
-0.3637750351283522
-0.1713699478445105
0.7755592289776869
-0.4502778814431306
0.4079093683729165
0.4781645643971584
0.3010013603209584
0.6927941089925134
0.4480994900522402
0.4770325335913510
0.2588305069788061
-0.3986528704605781
-0.7392716817422756
0.3199973782805481
0.4411150238693846
0.0464773089357207
0.8371732636464101
0.6063753218068738
-0.5932431452035399
0.2533892877082319
0.4649359188612308
-0.5056808066651163
0.0819014230824353
-0.3458235301412144
-0.7861203245485120
0.0799487956665262
-0.5265882057004404
0.4029914070949259
0.7442519583422771
-0.1316769130433468
0.8715957989455809
0.0280521127244525
-0.4713756811753064
-0.0981368581769529
0.8080447457877068
0.1438339460253543
0.5628007123687857
-0.0517149867098218
0.6047604328939654
0.5743049760531511
-0.5493306594721398
-0.2441112352002866
-0.4126332846819794
0.5636975516702231
-0.6725983552333049
-0.0480626802879270
-0.1068463025724550
-0.9011215445572959
0.4174371908740396
0.8517989803245718
-0.1078016207597861
-0.2420656077592892
-0.4519087841807338
-0.0024493570983583
0.0194920208306123
0.6801936654736690
0.7327691582096222
-0.1418390224716471
-0.9833492107503761
0.0886119372264593
-0.0710911105685812
0.5571205436214567
-0.0079889689447650
0.1475050316151905
-0.8171873358651210
0.8013258104745274
0.4046430819727312
-0.4161672391738148
-0.1447264686137139
-0.6088088308251264
0.6127490189754665
0.4268070134851521
0.2678175134188041
-0.5889597746020648
0.6414851467836739
0.3506243910545885
-0.3445079487533086
-0.5052371870249346
-0.3369412439729939
-0.5786484546853172
0.5444005408220655
-0.8239535284842814
0.1603995474495613
0.5362516459028116
-0.0883557600997475
-0.2605138739545235
-0.5532433057086776
-0.7886764846097339
0.0635906344470123
0.3922187012904537
-0.3183429797250253
0.7606056204027726
0.4078005981230726
0.4275007530768051
0.1641296729553999
-0.8792656516481931
0.1311353133446373
-0.1331922060780476
0.8836425451216020
0.4484344711179467
-0.0184990217105659
-0.9012198843310112
0.4332302593238520
-0.0070073713125262
-0.0080721273450894
0.1294870944135781
-0.4319049835080920
0.8836159590866164
-0.1261507607929618
-0.4796309254542978
0.1554620475085836
0.6274156085363938
-0.5934099605645321
-0.1497919568952617
0.8115888258711075
-0.5261641470740575
-0.2050298458870683
0.4587910421128739
0.8000584612490471
0.2912878777190123
-0.2541035429795183
0.3441145420155473
-0.4252415083623358
-0.1404936355561155
0.8252371658543871
0.0838055623525407
-0.5581807601199035
-0.6975133603572439
-0.4414589209358974
-0.0282336919124663
-0.0781336012189984
-0.9773002028176688
-0.1948905143255723
-0.6386035192568734
0.5466162409408251
-0.1301021451418049
0.5258038247882557
-0.3465499283277751
0.4447458437106899
0.8207031021384680
-0.0924699941514878
0.0322004897142203
0.0465824693210828
-0.1232752633024289
-0.9907554751157481
