0.1077342780485277
0.0496403032306813
0.3785660506425690
-0.4339818526689030
0.1574931802881919
0.1164940953601355
-0.1261592964740105
-0.4850620428031245
0.1936213948604983
0.0374300310969126
-0.1081602290889577
0.5604564621851046
0.6428748711429724
-0.1116499628662171
0.1798916989089822
0.1419265778240037
0.0492042943122141
0.3048877381365382
0.0840155408888611
-0.5315513293974050
0.2158311551760945
-0.0934734693221052
0.2777526536032446
-0.0655139151670140
0.4357419664311132
-0.0502876064626890
-0.2788379582488767
0.3131798652933185
0.2204364977905906
-0.2284298236648495
-0.1791118736484189
-0.4086247759761386
0.1535855047368823
0.3240675375996181
-0.2458362455637063
0.3780164279450080
0.3498534261333646
0.1900131413625410
0.0842621545136673
0.4675549812863693
0.3135489206768557
0.0396495784870465
0.0635867933808558
0.5265733675385930
0.3021419019613189
0.2832875805543963
-0.2282331588162582
0.1046424947030295
0.2705480000022097
0.1629395229256754
-0.1431588016282891
-0.3503852574739448
-0.0253238677430111
-0.3493080080713528
-0.4243795951364965
-0.2376896459248696
0.3055945044745192
0.2434984982976166
0.4840892751286193
0.1035204470803029
0.0607781010125139
0.4376142489696384
-0.2942234584502801
-0.3145444614557924
0.2944469747218257
-0.3059378500333652
0.2671870668585526
0.5088568925973400
0.1757171393041323
0.0988288733306710
0.2462636265953492
-0.0859269568994025
-0.0637357752532635
0.2881108296192740
0.2139807654064229
0.2025507827463047
0.0654390639187335
0.0871428127076504
-0.1333577981225838
0.1069216928564530
-0.4407102754965674
0.1262762282268285
-0.4436190319036106
0.6148605886107799
-0.0295977454398069
-0.1054868697737326
0.2746221846875100
-0.3075798375804534
0.1058526960655602
0.3320614720437112
-0.3602343833727841
0.4469636226972149
-0.2213624608773491
0.2482284886136599
-0.4231469175219559
-0.2780051295380321
-0.4199578619598311
0.1627177139929044
0.1507028757793987
0.2425465994873024
0.4461928956753548
0.1033264248586824
-0.1523158297516970
-0.5145508679653149
-0.2916739602304398
-0.2414144568579878
0.1574936683951391
0.2230069000207636
0.0107001720541701
-0.4108129243662259
-0.0625758432444986
-0.1055789005602907
0.1745562725463361
-0.0063329401916096
-0.3298778233033313
0.3676265021485291
0.5639020006869389
-0.2882012328387248
-0.3711330369907214
-0.0528378382402616
-0.1421546919627441
-0.0214590752759825
0.3140867136429022
0.3256406681175671
0.0649424500972220
0.2015955728252270
0.0306288408996578
-0.1594962155039485
0.3430539590766589
-0.6735100442891768
0.0241263378712384
-0.3626567233407748
-0.3766803296882260
-0.2315449310390977
-0.2273829028694061
0.0127982270751477
0.1930025502711660
0.1139633949245362
-0.0683949412199382
-0.5811323296014075
0.5937085638715518
-0.0418294394763624
-0.0645981268144013
0.0398663254751452
-0.1730554271932373
-0.1706402331903134
0.2866211001488712
0.3432014449377492
0.3814713456625542
-0.2157349189142742
0.1073330661029232
0.0762409667854636
-0.3716276341905762
0.5662575410411342
-0.2228169256499133
-0.1523080580458992
-0.3943527637198161
0.4670437536633162
0.3859195149093332
0.3145872256459469
-0.1028659881568146
-0.0079563813133437
-0.2566830467374877
-0.0022443645376437
-0.2768732928812491
-0.0464583128256715
-0.2347187528133446
-0.4098914589762626
-0.3497165290234331
-0.3154918046333167
0.0042283723427033
0.0328048585366810
-0.0874717154051353
0.3100672388071573
-0.1026656051750575
0.2109489149154447
-0.7131304237352751
0.1928259358001143
0.2267009517457227
0.1452804308807621
0.0989064776672850
-0.3844221958143034
0.4266656887735408
-0.0699176568338428
-0.4224309417532925
-0.0067978993404682
0.4389327195466506
0.0090709161017680
0.2140519933501764
-0.3429792095334989
0.2944823549950811
0.1846451139364595
0.1497124504901581
-0.3230283581422354
-0.3701602549244193
0.2080240600773140
-0.4625440334220335
0.2587660247719157
0.5434589141792688
-0.2825723651401904
-0.0074200214615077
0.0166444690858391
-0.0801214107584173
-0.1734737190568963
0.4632086772246672
-0.0036682557041497
-0.2301513504238026
0.2949050426043476
-0.3791626909753073
0.2803533111498769
-0.2014201336545537
0.2284104379117907
-0.1283714211088933
-0.4007557781585989
-0.3783610370862828
-0.1006996694614859
-0.0159678587903142
0.5574311819210344
-0.1661013075139871
0.1824767233378561
0.2689456153529825
0.1955170841343813
0.1130814249020671
0.2508063095238999
-0.3109451124386350
-0.5710822870322499
0.0988296936858156
-0.0963798130492945
-0.4121063068013214
0.2767568709215140
-0.3684155479036393
0.2274215764893298
-0.1463583507161028
0.1691470446457420
0.1917835295245648
0.3156073842129394
0.5838455023871275
-0.1610407486138805
-0.1134202686597889
-0.0053993966572035
-0.1456240318767897
0.3503226350865504
0.2214769345358580
0.0047593858828135
-0.5240558882173731
0.0579081888844002
0.0028049859949931
-0.5122942283449149
0.3766672747268005
0.0984698910354472
0.2396876240835658
-0.2398481171783374
0.0291213522696992
-0.1527873317658159
-0.0658448718678580
0.3517426553116947
0.0531802184482719
0.0375378349800639
-0.0873604086689945
-0.1854010964481660
0.2560658668832186
0.1809216796439788
-0.5037866780302049
-0.6703756438088244
-0.4684481596859763
0.3170286221100651
-0.3918602049935960
-0.1979700736037236
0.1664505426627034
0.2664549415193049
-0.2175779819997939
-0.0505836280913388
0.0809901957046703
-0.0259282985636004
0.5496375480888775
-0.1713668016826522
-0.4299742347429478
0.2305037258212317
-0.4000381264519698
0.0687477737917675
0.1632077263283615
-0.1428660343474403
0.4103916680879111
-0.3814876223228179
-0.1241065778227352
-0.1492990841271702
-0.1293752928981173
-0.4263815337297482
0.1883504620283596
0.4205639169362703
-0.5088040960550902
0.3751587449321347
-0.1865517100383727
-0.1176825526464613
-0.2891192162850208
0.3023174836071801
0.0038607818341408
0.0345701612143794
0.2809609096974332
0.2902393199881692
0.1567289509342150
0.3309714803174796
0.2234932286294045
-0.1002541541336397
-0.2843828424353128
0.0762969689589560
0.2737211321216643
-0.4491528239619548
-0.2923795634173194
-0.4185124806110912
-0.4213708135910628
-0.0659210317474495
0.4674042373809493
0.2161019683492136
-0.1544496195360563
-0.4902964535439389
0.0120959537031355
-0.3759435631120129
-0.2590961517124944
0.0828463833260514
-0.1181855198476361
-0.2593913067476613
-0.3475100861710038
0.2304317250490109
-0.0072697487272187
0.3613725504559880
-0.1376135694595700
0.3386364054334149
-0.4004572838225010
-0.4874070164184151
0.1973328526875128
0.0526588734320782
0.0062801711224120
0.4042845041857613
-0.3584141087579162
-0.0644515259245351
-0.1255169726326313
-0.3901760428677318
-0.2242556480109128
-0.2413057217277856
0.1217681883065016
-0.0455764077274546
-0.7287719935702364
-0.1371875908681092
-0.1599554923582539
0.0409243650643417
-0.1164088066071203
0.3403582970596591
-0.4101115429410767
-0.2716848823758855
0.0311345966252850
-0.0313611195506945
-0.5312080161130330
-0.2699754377515787
0.1234422801195657
-0.1057080714928710
0.2361620660566810
-0.2575447312970824
-0.4906135018737909
-0.1084373531248697
-0.0787610879637286
-0.1116566457704910
0.3368477602192438
-0.2820610637832569
0.1048563825250563
0.0344112971752297
0.5877734296828686
0.4873759822836721
-0.0039695771000142
0.3109925320191133
-0.1395706754962924
0.2773095565620246
0.3549802408891402
-0.2606354958082047
-0.1791050501290290
0.0160134935469985
-0.6725217664148759
-0.3868647364519128
-0.1437344798907507
-0.1348138447633642
-0.2335469702491554
-0.0462392830669103
0.1509690627150030
0.2312249454027649
0.0355589962322573
0.2470077580700322
-0.3158643982157106
-0.3243871861329557
0.2445273536354427
0.4114507370288424
-0.2299222647495834
0.3405733786809628
0.2364696510065924
0.0758442876668286
-0.1459747860336951
0.5018034086223560
-0.2355018450069494
0.8191990220249550
-0.1489953201099577
-0.1645999515431548
0.0052132895500572
-0.2059970565354367
-0.0113216149137180
-0.2565656904224401
0.0755235149148678
-0.0471123602093849
-0.0760933095810498
0.3194204566727302
0.0056208778440585
0.2324005278326096
0.2930240131453793
0.0641356804273081
0.1976781229729580
0.1797159316482441
0.0300560838474237
0.0922744072191471
0.6442575151029726
-0.0827419672361661
0.5284016724070785
0.2721529818064241
0.3272114347726975
-0.2359016772851263
-0.0445851482203129
-0.3006289984627355
0.6791869753393551
-0.2270671512277041
-0.0308476970259073
-0.0424405315924257
0.1938929435583068
0.3010517831553827
-0.0848701399563483
-0.3063994734323726
0.0452864230113407
-0.2908823381006119
-0.0918813357271608
-0.1116737665448254
0.2675588180450840
-0.0194279248170801
0.6387712894466420
0.0388497728729760
-0.3987089170758436
-0.1959393390906928
0.4341299709863408
-0.1583992044328678
0.0824214850551566
-0.0391227853560548
0.1915247048222303
0.2042395702585006
-0.2785999871707351
0.0728342857996928
-0.2464920956592710
0.0579307008815388
-0.1568377475750558
-0.1290905179315471
0.8404780818771675
-0.1362998146876288
0.0573427751222094
-0.5010158690984452
0.4253519921772086
0.2640362094269433
0.4144492458638041
-0.3145444965678096
-0.2237408329332025
-0.1732257690336409
0.2346148947826593
-0.1184041933989726
0.1554511435902847
0.2259494698072234
-0.3686632428026432
-0.0816431355661529
-0.2777072646723321
-0.1270835352129394
-0.5048035815776146
-0.1767999684064005
0.3621855532468059
0.1997150829511143
0.0705923970199414
0.2754952253737725
0.4724301111870399
0.0541273704260271
-0.2142781221312632
0.1280858478914183
0.6271713902906495
-0.2947200808582296
-0.4715452078865300
-0.3290196470282484
0.0062657403274197
-0.0450969638866522
-0.2347191102783014
0.1693747148702207
-0.0544190586605687
0.1950664694609281
0.3576301310019664
-0.1779105240487398
0.4134958180226574
-0.3016331109536010
-0.3951688916586737
-0.0822855802105465
-0.3654383417827354
-0.1248223632045712
0.1509081193847714
-0.2884107769027384
-0.1172530259673230
-0.3830531649938970
-0.2174546202316708
0.2523632781915823
0.0097061403629199
-0.5845682176341761
0.3809112969809895
0.0858235597249405
0.1520564731087571
-0.0589330517431922
-0.5847292197324394
0.0081514831361441
-0.1543083101067236
0.0487125949185330
-0.2376539455459024
0.0621727125173276
-0.2165836143963666
0.5898191685818840
0.2090276630081834
-0.3725970226750257
-0.1642030899286560
0.0192101408410067
0.0261250675764296
-0.3556298490436446
-0.4499935839046826
0.0731978048087448
0.3249399389463972
-0.1778922760896554
-0.5224060334599601
-0.3705062062511756
-0.0727256818464408
0.1238436498939131
-0.2925112731457196
0.2790006600670719
-0.3351825128836906
-0.0967092506020213
0.3120385789247351
-0.2224565194200447
-0.2855737207229463
0.1914952488476130
0.0830174448426255
-0.7603177039624249
-0.1275539837895267
-0.0484518350014346
-0.0910583391953444
0.0753246975193917
0.4654782642273068
0.0853004041125905
-0.1612990366565731
-0.1193973603945582
0.3268445025454306
-0.1763886449916702
0.0035308524728517
0.2337748522787242
0.0193569796355746
-0.5208902047235979
-0.5759920526049790
0.3000345952552547
-0.0931606550728451
0.1668472310729620
-0.1452975122508512
-0.2372327850623117
-0.4131057634432647
0.1237162540976020
-0.2324236760438974
-0.2013885511691356
0.0107531505908785
0.4251945098998289
-0.3153567909673061
-0.1036519268936570
-0.0335871166775220
-0.4460330089321007
-0.4616415895611840
-0.1231814808459148
-0.0502623077088676
0.2814736413805797
-0.0032445147402134
0.4990071014075175
0.4618030776495787
-0.3378851644625939
-0.0616339114657826
-0.1095255152701114
0.2317599510592259
0.1306584564851992
0.3424938189818825
-0.3713735422260825
-0.0711803944228576
-0.0386706621220825
0.3546386362710309
-0.0170598553933762
0.2698464692677786
0.3018152341400803
-0.5388472124240167
-0.3660613294844407
0.1363351106893489
0.4023844721719686
0.1799673868167003
-0.2573378642035349
0.2889813600596305
0.4424629443488789
-0.0145737573708534
-0.0080829125298050
-0.0002951435244781
0.3234142557869450
-0.3108980345796080
0.2878871662125995
0.3146702588986529
-0.0094803429902686
0.1058966749624446
-0.5709498731932346
0.2726664719651530
0.5472549130823480
0.4215151170870848
-0.2071154416626236
0.1497208811565471
0.0015424911070597
0.0970183534084392
-0.1403734581312790
0.0008870281311042
0.4703939455548490
-0.3135093687389464
-0.1857360755633720
0.1224499333134290
0.1106025470063439
-0.6132443727210370
-0.0387008491395982
-0.0089460556455487
0.1835448918708277
0.0063198033366338
-0.3545069833858433
-0.4317437272746598
-0.2563961265468511
-0.0651415308644052
0.4234828624743486
0.3307868741169337
0.2864357198982276
0.1521848520660967
0.0312414729001552
0.5424053154709244
-0.2920338416292378
0.4685431217121920
-0.0877195858752635
-0.1039068587441915
-0.1488261538351793
-0.0916212482882251
0.3692470411470530
0.1031095574124220
0.1505599073522133
-0.3178203237263731
0.0456063909028683
0.0441605854165643
0.1291567666243763
0.3045079532404939
-0.1285223241883667
0.5011614075279601
0.6729069071396010
0.1029936772651470
-0.1454701471254733
0.4754495065192308
0.0859138647641103
-0.0703575137359812
-0.4490790068444666
0.2320510007461682
0.3949201349356374
0.4057332252848632
0.1588952915025786
0.0764713008488285
-0.2762590455638715
-0.2193998535705463
-0.1731025156420769
0.3787467234136541
0.4036712020483511
0.4375350949191804
0.4130938440940938
-0.1503658280899994
-0.3522131363705556
-0.2529440417045082
-0.2036979821862301
-0.0261105254262827
-0.1740865789501994
0.0987994329623461
0.1965457720070788
-0.0636555853633911
0.0296264517138699
0.0031802934997520
-0.0407623747471442
-0.0363523744855513
-0.5578691474802215
-0.0014058812866469
0.2573242530270705
0.4547075076190095
0.1136364444792791
-0.0779158723706439
0.6236170969783280
-0.5936731934484407
0.0904270861231100
-0.0266376827306408
-0.1000962397084748
-0.1688090434965170
0.2387415953803397
-0.0085522366776086
-0.3899246276813308
-0.1593826384234097
0.5237787968582021
-0.3010799769252517
0.0253308823585577
0.3172521047739936
-0.0233570784424852
-0.3419600691752704
-0.4591214547798002
-0.0952172197517774
0.2767074750529969
-0.2327386911056430
-0.4992168843871152
0.0754090721127628
0.2290328705682403
-0.2888262898484837
-0.2012336910314496
-0.0511940126024774
-0.0960072837879382
-0.1942946355093984
0.1095960319543686
-0.2410263759710727
0.4640538161096803
-0.2299129888084877
-0.2881732184834822
0.1280775466221442
0.3216538770256185
0.4010749588535569
0.4983276405318281
0.1457179762637253
-0.1639873572294226
0.0094777814920544
0.3442971647262629
0.1035235706204201
0.3246023686730105
0.1425850641423344
-0.0536782047522043
0.2674318601988172
-0.4315188767237407
-0.2099333228468714
0.6262172415528728
0.0707579052160300
0.1140616858777937
0.8051408821197401
0.1370663702945323
0.0957629760647808
0.4391864036945003
0.1263972647115624
0.0095612540285746
-0.2474903011356734
-0.0391433605418856
0.1682158617138523
0.0757697953999849
0.4563381056071833
-0.0329186801522262
0.0613140992445829
0.2961051421458267
-0.3845120939922956
0.2549003785098077
-0.1701591052715677
-0.0623725431701299
-0.2186119556172801
0.6076902231269995
-0.0199431983457723
-0.1899728550982531
-0.0309636102311056
-0.4907299129912944
0.1579710394477916
-0.5397844131286340
0.0183688432037679
-0.5160455589397308
-0.0569469646284801
0.3551984304578888
-0.0514143174283524
-0.0724339910345833
0.1943446952928303
-0.0139303485842936
0.5246171427568526
0.3733933866941167
-0.0181663434163209
-0.0357754325813669
-0.3950927728577106
0.1351810733935374
0.3391361022340741
-0.0543963607097041
0.1270807353066983
0.1748484054607997
-0.0434570556404794
0.4927371095836111
-0.1722895947987560
0.0685985298936958
0.1686129022131430
-0.1607464779887130
0.1527833885691787
-0.5685620970265535
-0.3160686384897503
-0.5587370329246374
0.0003661422690804
0.0587314737193594
-0.3480542977607510
-0.1675034441160736
-0.0699663340130404
-0.4090688437093903
-0.4508982115979467
0.0982104921815206
0.1839575066459306
-0.0488942993296279
-0.0500268400858045
-0.4544609856895868
-0.2564696494211680
0.4104600545102254
0.3027713359974906
-0.2088535058086679
-0.1748181754006273
0.0063117293818940
0.0721556289292448
0.5023978443212492
0.1659075940526069
0.4793553274566492
-0.5626442459017282
0.3093756541699956
-0.0012353108640589
-0.1664257548826301
0.0812253149865451
0.0889012183061163
-0.2212606543156376
0.3015942610398273
0.0066098604600109
0.0018061691260935
-0.3051971156124447
-0.5581007291462189
-0.2772565792646022
0.2328147801083875
0.2694433092014220
-0.3579577725844714
0.2326162529457889
-0.2636252098372473
-0.1488794417463260
-0.4611665526881241
-0.1617019679946192
0.2973034624191402
0.2301677944350078
-0.3465035962808094
0.5433240113454874
0.1328651453714449
0.3728096127041469
0.0750288000325192
-0.1091674269964694
-0.0905179983296711
0.1349627632424520
0.3855095976881097
0.3732892810249168
-0.3573745991216866
0.2359255593593051
-0.1694855500404579
0.0725333635887009
-0.2818929646351876
-0.0572389389636624
-0.3308779723252452
0.4222318322380396
-0.3255129932401489
-0.6424867991274192
-0.3417566616505665
0.3508411347947926
-0.1241653907839057
-0.0864628914487413
0.2076759602694935
-0.1547852587646657
0.1572940015542439
0.2525194203725550
-0.0085051972349506
0.0191937021724669
0.4103592833799914
-0.0851147065721937
0.1209389683530081
-0.2975987833027861
-0.0031933141669850
0.2715353124575565
-0.6670455416610404
-0.1222788818157311
-0.0265622852046954
-0.5066974266798089
-0.1397338931047777
0.2736076883906723
0.0639229915823132
-0.2546394051678532
0.4539062534552343
0.2323679496371635
0.0470348487882181
-0.1854447609663578
0.2606342291115109
-0.1333249492292992
0.4302762989120799
0.0116524573294055
0.5507302571008725
0.2158437534011428
0.1328887783580342
