-0.9067665985473938
0.3776021708429792
-0.1875924740853407
-0.6393272940301209
-0.7457007944039379
-0.1875924740853412
0.5116406009012807
-0.8384706072224104
-0.1875924740853396
0.0789147162647014
0.9790717702106435
-0.1875924740853393
0.9555385754115332
0.2274974605727258
-0.1875924740853402
-0.2339596210389382
-0.7302148945678781
-0.6419105104876686
0.6221781348760049
-0.4481576341062117
-0.6419105104876681
0.6184868554493256
0.4532382443725011
-0.6419105104876678
-0.7667731326731133
-0.0031399898281592
-0.6419105104876687
-0.2399322366132778
0.7282742741297484
-0.6419105104876679
-0.0238564845127204
-0.2959804161341428
0.9548960474374968
0.2741220443196536
-0.1141518436393370
0.9548960474374970
0.1932732249678717
0.2254306968865690
0.9548960474374970
-0.2888661626006013
-0.0687741135359020
0.9548960474374967
-0.1546726221742053
0.2534756764228103
0.9548960474374969
-0.8053737355937266
-0.4820463631940794
-0.3449702157392255
0.2095791637504131
-0.9149164575929927
-0.3449702157392249
0.9349007821252617
-0.0834031044650424
-0.3449702157392250
-0.7073275059938072
0.6169954209857746
-0.3449702157392250
0.3682212957118596
0.8633705042663383
-0.3449702157392258
-0.0792869988954732
-0.9836905710659616
-0.1614510210623382
0.9110442975386943
-0.3793835206228064
-0.1614510210623394
0.6423433400311592
0.7492186605494705
-0.1614510210623392
-0.9600463577220727
-0.2285706867087516
-0.1614510210623398
-0.5140542809523075
0.8424261178480489
-0.1614510210623380
-0.7563716754454088
0.1259078442070498
0.6419105103914707
-0.3534771774622750
-0.6804445470883468
0.6419105103914703
0.5379107655263443
-0.5464457017671781
0.6419105103914708
-0.1139862260906918
0.7582598742585309
0.6419105103914711
0.6859243134720304
0.3427225303899429
0.6419105103914707
0.5604125777230546
-0.2333709759085239
0.7946544722917657
0.3951259977298536
0.4608684363076742
0.7946544722917672
-0.3162112812872915
0.5182033338886819
0.7946544722917659
-0.0487719769740644
-0.6050996314068759
0.7946544722917656
-0.5905553171915534
-0.1406011628809583
0.7946544722917667
-0.2316092316052065
0.9728089040686489
-0.0000000000498097
-0.9967674359445683
0.0803410146842266
-0.0000000000498268
-0.3844269226876212
-0.9231554263031365
-0.0000000000498114
0.8536250587043112
0.5208879525887131
-0.0000000000498013
0.7591785315330790
-0.6508824450384861
-0.0000000000497933
-0.3534090431600533
-0.8695387273718098
-0.3449702158350907
0.7177710725357097
-0.6048142174400561
-0.3449702158350912
0.7970159621285875
0.4957429841146852
-0.3449702158350906
-0.9361898731402002
0.0674097293899496
-0.3449702158350917
-0.2251881183640433
0.9112002313072318
-0.3449702158350906
-0.4430937579373732
0.7261368462122418
0.5257311121189955
-0.8275206806162657
-0.1970185800946618
0.5257311121189957
-0.0683421490769059
-0.8479010251259727
0.5257311121189944
0.5536736780080515
0.6457958315374636
0.5257311121189926
0.7852829096225277
-0.3270130725290757
0.5257311121189906
0.2738470026874307
-0.4487772513944092
0.8506508083520462
0.5114359069927417
0.1217641790040321
0.8506508083520440
0.0422377709012013
0.5240316526311222
0.8506508083520480
-0.3421891516146213
-0.3991237737435207
0.8506508083520504
-0.4853315289667458
0.2021051935027754
0.8506508083520562
