0.5656125299888231
-0.4033722183819142
-0.2943687270530423
0.5085659681088366
0.4148265034589637
-0.3517291708417747
0.8292483487506097
-0.3060399301744663
-0.3081141823092621
-0.0062432581275780
0.7383584780896909
0.2660647047489423
-0.5658942236864157
0.1609118128166239
0.1946983482578892
-0.3701673905711366
0.6252308825699949
-0.2979296385960123
0.5747961388888222
-0.2300212503292951
-0.7831131573889344
-0.2097104395555111
-0.1404164891730814
-0.5679969558165836
0.0204446085110113
-0.7888364027297212
0.4125575360195308
-0.1107597245579126
0.2209984672110731
0.3826556808779119
-0.1082129191682999
0.5667483554672393
-0.5659890014285682
0.3086703549511468
0.5014631870202241
0.0245136571376993
-0.7830694337102682
-0.0653872602479118
-0.0112993749596500
0.6178981897733704
0.6988301956997706
0.3871210651930474
0.2285190584174594
-0.0610545747373513
-0.5530144820035547
0.7789041224403059
0.5134031681667612
0.1693008301609960
-0.1660260114259967
0.2711054175013872
-0.0188211352692144
-0.2332075045635644
-0.6832744075027640
0.1524930827965741
0.6746421039583559
-0.0444776035592279
0.5014082282952940
0.3022664224109078
0.7824667157931899
0.2073460391185055
-0.6791213189145623
0.0014871575918413
0.1635702809749691
0.7102839039222405
-0.0867960918981585
-0.5690031157158073
0.4126410751572367
0.2019893788907864
-0.5326914066941744
0.4259142559815055
0.5326080581774587
-0.1723881382520110
0.6994449559963956
0.2740636334983605
-0.3496810896793231
0.4776656679929705
0.6441655655425081
-0.3960812921193214
-0.3850469001160557
-0.2274746766878355
-0.1677045155894799
0.3339578740363256
-0.4071244467069983
-0.5070548321700877
-0.6614320946903924
0.4210702052319628
0.3504897298286925
-0.4370402029933713
0.3769286559622533
-0.6056215656930695
0.4848465264993687
-0.1151040308967344
-0.5963205968790334
-0.3062463903578042
-0.5498088776506517
0.5160830393971162
0.1001644029840416
0.7128807181134400
-0.4627466395361982
-0.0359446541436600
0.2170335727305652
0.5860005753470487
-0.3171843579297836
-0.4283798606615252
0.5704248697813040
-0.5467348916714189
0.6427674592934359
0.4550978176605212
0.2414220728799509
-0.1501076633269661
-0.3643735059404407
-0.8486554479653114
0.1508566325477243
-0.3522783585966739
-0.0125743106475985
0.2684582841608089
-0.2899858300927478
-0.8646760531425806
0.2984206899448693
-0.0843728803908701
-0.1194630189176314
0.2718909005681686
-0.2579647947210560
-0.9174768906610981
0.0591121399264392
-0.1690100315485026
-0.3268967084606998
-0.3240683577379495
-0.6457548025222706
0.5852816294451639
0.1471499026110869
-0.8188620863519996
-0.2070280954526680
-0.0723288870927773
-0.5096270101573889
0.1450621389273925
0.7318922545200743
0.3111111698733934
-0.5885649505076759
0.0095834564348304
-0.7992161343669095
0.2685243331349431
-0.4036843622944980
-0.0403839476761593
-0.3529253823275140
-0.5189791948371606
0.1449152998167234
0.1904773427354201
0.2537113860024890
-0.7803903290804871
-0.1028293491433568
0.4255188824172637
-0.8678242551261380
0.0457179272436731
-0.2305444404110033
0.2778887846463135
0.2734474215508265
0.6738932931655360
-0.0054530188103327
0.6275686616039416
0.1737216534845213
0.1095840390653991
0.3073071164303453
-0.7400635478091758
0.5618544356753616
-0.2605663653443323
-0.0266545911115507
0.8353345914023881
0.4371918310314801
-0.2060925163849165
-0.3094946307221017
-0.0202337009477058
-0.1756460021861147
0.7210113181381393
0.5942178320556252
0.4492294459272903
0.3273793380097254
-0.0281036234171243
0.4226911851475343
0.7152328448173890
0.2188310419589391
-0.1451084462335563
0.0240079531943844
0.0352413379239955
-0.9639700100063234
-0.2708440758169024
-0.6860562505918129
-0.6473685117550703
-0.1698753199186374
0.0895918148569269
0.2467892017772967
0.2083584211298474
-0.4522771807766696
0.8276706759420073
0.0780285983778423
