0.2390802123161211
-0.3445816197896486
-0.1046005701617624
-0.4215518235160506
-0.3629450816369937
-0.4512137855100067
0.4805382863951098
-0.2630910165396082
0.0773354412987360
-0.0654751359217457
-0.1210151696492775
0.7270521781858779
-0.2191197520186144
-0.1825213471529987
0.1151319361153030
-0.5932114499907966
-0.2673767366605763
0.1203296650672209
-0.2128181962803073
-0.3576918195376262
0.4948204866131962
-0.2622425553129339
-0.6404299482320749
-0.1304853998870943
0.0416445592498951
-0.4440420670805735
-0.7965143123230251
-0.2985784585413470
-0.0760190416524273
0.0442257458639690
-0.2115362874768895
-0.1581954977136266
-0.6530981987836568
0.4875086225845618
-0.0670310655654157
0.3346608425449048
0.0606397266920666
0.1657447866275169
0.3470976239622924
-0.2601572045125544
0.1855128639912223
0.5769163923968849
0.1790763628869860
0.2129221244028974
-0.4527985472084599
0.4620093601360835
-0.1156392197385718
-0.3514209389368717
0.2501486894349518
0.3834245396666834
0.1726909725219725
-0.2272668004988407
0.1782674578418847
0.1433962367008073
0.6989676824483401
-0.4099284042649861
-0.2253031796299429
0.3637371052020021
-0.6015207353933044
-0.4564155356755180
0.1749965498031920
-0.2076329384108286
0.4012128068794112
0.1099295832505608
-0.3656899199828999
-0.2557565109566834
-0.5781349646455274
0.4302888390580619
-0.2276314378654146
-0.1178851888427672
0.3711892365637480
0.2792427771108778
0.0183954785823678
0.3065214210720565
-0.3368656126488726
-0.3850975490937987
0.3031821822687671
0.6912102639650243
-0.1214280594469208
-0.2439094569946939
-0.1664611702453775
0.5675351584512410
0.0747904530048085
0.3510878112768617
-0.1993419264334790
-0.4916515988817108
-0.4877737774448148
-0.0442323790280999
0.2240051637885620
0.1384932883526282
-0.0420783436029887
0.1729157389479809
0.4709555484845939
0.0307003007755616
0.5821538009782753
0.5807978743000444
0.2270652766183386
-0.5734046825954773
0.0766325764683352
-0.0590294291640406
0.3934948013206196
-0.0834776321951390
-0.1370925726327808
-0.6555077098203151
-0.2267331248744835
0.1453413825538901
0.0753016120637816
0.0183718728967261
0.3548960555313971
-0.7377721386475440
0.2535279483960869
-0.4323479555804490
-0.4151253201102773
-0.4540922960583152
-0.1780185980063145
0.3418338893393267
0.0146360305650922
0.6091670029574586
-0.1050955182064521
-0.3009757586532265
-0.0415318589032222
0.0077281396523160
-0.5854912861909574
0.3673269890617720
0.6834782065778422
0.0141464797396922
0.0755803243253699
-0.2177871673763437
-0.4121743338147269
-0.3140166226585726
0.5719711388931212
0.0028208588109584
-0.1952175662158420
0.0043120656976849
0.3643287237700356
-0.4832008146036629
-0.8142603744150929
0.0217245635055049
0.0607341923581624
-0.2969490427592942
-0.2469664072672824
-0.4010441647432727
-0.0640411074798288
0.1367867612031494
0.3482676711683433
-0.0218223406347896
0.2690351599885796
0.3485712475454997
0.6271142985632815
-0.4093027499827430
-0.3116234014480548
0.1626079758396973
0.4726233623331341
0.3925357710325441
-0.3859963239998551
-0.1580625831826167
0.0027187388842560
-0.2576093369565419
-0.1780844041718392
-0.5920150897194240
0.3496819254048820
0.0381674562635519
-0.3750683815299111
0.1575769538338200
-0.7985098348071032
-0.1962272353904659
-0.1591726363639125
0.0964364908362005
