0.3593543525899806
0.4481134289096124
-0.2892445353361892
-0.7657652400596791
-0.2779882578271511
-0.0656291595257564
-0.6710444113224195
0.6841891112573449
0.2104245462797683
0.2986125969084547
0.4989505120268237
0.7858755714734444
-0.5729745558129017
-0.1720243976793763
0.7961012562085513
-0.0912718733083870
0.1127553380579334
0.3939865689275479
-0.8442230246267456
0.3454682357818288
0.6091992540276363
-0.3088172312747753
-0.7016580171742086
-0.2029389403123791
-0.8751159248049110
-0.4617573677579919
-0.1447467804694312
0.0007880468197659
0.7260250659904305
0.5556777652609209
-0.3871492263638916
-0.1192698674186413
0.1371779475101522
0.7380558842361166
0.1707473596328147
0.6382014271683888
-0.3673120623887114
0.8918998780071514
0.2197839979147174
0.1459159028180389
-0.4905391991976574
-0.7376185377814950
-0.4563431373348414
0.0839114281787906
0.7931265116798063
0.3194988253209348
-0.0415629355239515
-0.5168591292410311
-0.0310191742689631
-0.8642580751805259
-0.3322972089368065
0.3763965398960684
0.1202069129620139
0.6911637623250635
-0.5822151252223136
-0.4109361260429313
-0.2567764052218192
-0.9556017757073454
-0.0370226741671473
-0.1397155881920191
-0.5569509382028954
0.3110152896912840
0.1520578135182462
-0.7549526894853821
0.2631648289036758
-0.1230737229256570
-0.7940640285581979
0.5339095898213881
0.1644896503284571
-0.0938873732565590
0.1292415808941975
0.9733575549846902
0.8249545005343861
0.0873808583103034
0.5105361749108736
0.2262022806171291
0.4500633886584542
0.5532997418240113
0.3412499707088969
-0.6122506017783313
0.2532325228314293
-0.6673214467640948
0.6997109086225871
-0.0309841963532829
-0.6745002946889834
-0.2571071235200902
-0.6302353621768891
0.2859172393568901
-0.0458974701560431
-0.7709899243515643
-0.5828445441054485
-0.2525078141130615
-0.4369783033625334
0.6003230089017823
-0.4844259607057155
-0.4625945697561281
-0.5105402226153216
0.7497959477412051
0.1648747031527885
-0.3872609586610117
0.3825905566802911
0.3870383829915169
0.8240428054449790
0.1574141379442944
0.8400759579343140
-0.3892722033653306
0.1323042872888964
0.3538857331863245
0.3282551395056977
0.1261316336401241
0.1564570206950013
-0.9229629326568931
0.4249937854097934
-0.1496709518012408
0.8201178672276795
0.3526833883299402
-0.3091939178127378
0.0508582983810607
-0.9307984263711708
0.1882202011962194
0.4671524487069870
0.3439597792590912
-0.0101834333148313
0.8144670389923866
-0.1343948261257754
0.9495362814097604
-0.1847123018953914
-0.2149424260718497
0.1634075482221975
0.0806255320974404
-0.4103623971815890
0.8935324279159625
0.1190213431749696
-0.6849025874704517
0.0883832566113340
0.7133938361773821
0.0880853171340850
-0.4704103799697483
-0.4396912803165136
0.7600175190979022
0.3458149198745595
-0.4811287425301479
0.5855027731740386
-0.5532754078296097
0.1681096006114296
-0.8804178300150904
0.2788792015419307
-0.3447172721537464
-0.7044247439513714
0.1118785367380358
-0.3400455362154562
0.6128931443786459
0.3712894441767190
-0.5807451586296448
-0.4490662053438779
-0.5685233087475147
0.1990003884651423
0.5996940002208546
-0.4162540775421487
0.6538336901838012
-0.9690667191162665
0.1304691260069583
-0.1559342008420292
0.1399000574266256
0.1624392492487890
0.5120493454174755
0.7639464282489123
-0.3574979901016989
0.1489616508362539
-0.2420960175878047
-0.9586888279333287
0.0107552798236112
-0.1018263302002673
-0.2835731867478682
0.9301660275155289
0.2097827626178687
0.8149369104845542
-0.5274511892114782
-0.2283652226294214
-0.0743128523386242
0.5798678532626066
0.2008774933598048
-0.6420503538009826
-0.4595354704461136
0.8747000373243267
0.1553820202523321
-0.0058805516013854
0.4590443242215168
-0.6136334324522816
0.7458065284558575
-0.2590232110204082
0.0115589291082893
0.7630859030727948
-0.1976576914524847
-0.2840653063437469
-0.5458371948420928
0.3380941932960733
-0.6628152892551183
-0.6503968743250487
0.1528139871128888
0.1718351472788360
-0.4199608409842405
0.0934859604571895
-0.8862087504628169
0.4013319376554926
0.8266576437119491
-0.1029453949213299
-0.3807519685763787
-0.6996471272330328
0.3274727341838948
-0.6212643398505984
0.1314767118188202
0.5895465440064667
-0.1080643357087921
0.3946417567437249
0.6964300794997841
-0.7126012713336090
0.2981234200980592
0.5283207021392797
-0.3524189129059606
0.2864870957671569
0.7856561849384368
-0.5334955321146219
0.1266965675960369
-0.5862081113599641
0.6024106210968938
-0.0803350340341454
0.5357310669283342
0.1789623439416840
-0.1648206761896141
-0.8086047477785945
-0.5356911293098033
-0.5853366214654673
-0.5465650827261150
-0.4010805614466763
-0.4447269197446974
0.6301592432366540
0.6550801877602876
-0.1564255842893237
0.3863939859095867
-0.6114018573035244
-0.2184481713057409
0.4968520178002475
-0.5758526180775783
0.3057885625514484
-0.1066999775788056
-0.3666524524909512
-0.8721665258881313
0.0741604121992604
-0.2652041299566468
0.6146694889336176
0.7391538554931978
-0.9204507803034045
-0.0213171586540169
0.3869272405202976
0.0510220572803679
