0.0457024719325665
0.0207415231748740
-0.4299156796861512
-0.3180880869619851
-0.5740685612760160
0.3628904515352743
-0.4054313111215656
-0.2061885813899839
-0.2081852025820822
-0.0972504294002097
-0.2475848231899516
-0.2483624729172920
-0.0837413783952223
-0.2067767152888988
0.6182710276959674
0.4275850471632638
-0.4119430069209223
-0.2881074204455608
0.1321324491785779
-0.4205065311389803
0.0065576305721812
-0.4852567012746878
0.5503762468821014
-0.2906537005013528
0.0737459569712279
0.3234083029940866
-0.2697651221535962
0.2328640819017865
0.2800694047493034
0.0461115608107334
-0.3903372956165190
0.4740640476252488
-0.0742778585946385
-0.1049778600519994
-0.6410117251248080
-0.2463243047629901
0.4242379396245246
-0.0743662591568983
0.5397358955268865
0.5567048811391960
0.0194841460926818
-0.0819324581612431
0.1998733336587418
0.0463605725115370
-0.4050499433859607
-0.6583195234804953
-0.2498833306391202
0.2864741347104376
-0.1481240288235048
0.3524560764890344
0.2288397577723660
0.4681469478013586
0.0257736580826117
0.0612111225355884
0.4496461958993881
0.1657041395238397
0.4229141571533648
0.3676706065700648
-0.4416647113838938
-0.0971143010725305
-0.0485380859216168
0.2534820503657425
0.4303653994042195
0.5748174996469559
-0.3805894477620218
-0.1888415608010668
0.5217555898699390
0.0838813414986786
0.2391130747559899
0.0129820244642717
0.3856567050578078
0.0611204926304796
-0.1506559361339699
0.4364798514679860
0.0790524715719678
0.3543229803583069
0.5975007347409332
-0.0004910906643439
0.2080973473205551
-0.1672886754566561
-0.4761267524667799
-0.0811007132960232
-0.2872482492710882
-0.1627934395958119
-0.4790328530180479
0.1379872628363022
0.4922264692579744
-0.2674861500796228
0.5673634474002156
0.0126267839936850
0.4300408949934563
-0.0251418576516001
-0.4319599628952489
-0.3012291232080506
-0.0032439138392411
-0.2831090203964038
-0.0961832825551193
0.6399897067271022
0.1952051035382275
-0.7725157697972396
-0.3089899290277233
-0.2103875448939043
0.2067633003825308
0.1233343859678296
0.1802902486479248
-0.3330056740470533
0.1903743408626241
0.1608711118145721
-0.0464366090494308
-0.1047644050061920
-0.5225172202662963
-0.0557907777381777
-0.0560087463138396
-0.1718195483587015
0.1167104137754207
-0.8130902963037770
0.0577504713349692
0.3411933954848526
-0.0572369361498788
-0.4909405515317145
-0.1513618412250333
0.2877818905456426
0.1526730290707797
-0.4629249669820946
0.1150770169610871
-0.5317031621879716
-0.1532467202078670
-0.0663244819302081
-0.2467518628962053
0.8214656122277323
-0.0466816422135118
0.2928872780634354
0.2459821397821199
-0.0907503366456005
-0.2823460675528381
-0.0158379107578858
-0.1543492649549085
0.1605735702909957
-0.6274221282905814
-0.1375379747508479
-0.0910262168956317
-0.2407468472725243
-0.1371023105721905
-0.6726994215466784
-0.1183108192944461
0.2940960336803585
-0.3033313347664407
-0.1622645817445396
-0.3224883770143815
0.3585380909883275
0.5726030209748152
-0.0169356699555900
0.4695327755611789
-0.0328059036959111
-0.5866467708106332
-0.2779555036515864
0.2713159377606135
0.2532001185881097
-0.4651471029094701
-0.1884155662126670
0.2927051101207848
0.3197638259823274
-0.2568158506204158
-0.5278219903155517
0.1416895403615153
0.3749370758688492
0.2759229060574214
-0.0116683811225784
0.1452135392713050
0.4804615840951649
-0.4081616367523693
-0.2182756252076091
0.2402067250626011
-0.2410391193557229
-0.0994717588087174
0.0294116582546612
-0.0505015513737841
0.5595095124436551
0.7117875096534764
-0.0596170031833461
0.2104359550596597
-0.2364440693682293
0.5198664920750904
-0.3158874235983621
0.2161505670739525
0.4292166026979407
0.3499487566527753
0.0689049350375449
-0.4142522116722435
0.0579376084658630
-0.0947038576426619
-0.7184562275016667
0.2603998198369581
0.2562374326270097
0.3787025802013235
-0.3004976048838466
-0.1411992258820397
0.2904783947297478
-0.2907087907433724
-0.2869568431014740
-0.1688383260687076
0.3663406651752397
-0.1446708077846673
-0.5294250605709570
0.6021140745358788
0.0799558648472241
-0.0166574129968314
-0.4185523614342653
0.3262130588980786
-0.2878277487269443
0.1177304943132816
0.0835933500274762
0.1231548964371450
-0.5595408687503881
-0.5051521365391758
-0.1768446696295800
-0.6361088596568447
0.1190725300201743
0.0018581019311413
-0.0658194326117070
0.4212922406669305
-0.4966233211928757
-0.0274395247029452
0.3227987388375860
-0.2185812720675886
-0.0534750797217921
-0.6214359870140562
-0.4413927655810947
-0.0689504757553692
0.0538106658953967
0.2663953251067141
0.4432082328416503
0.2237080367683971
0.3017202477497791
0.2987466590893595
0.0658136830823123
-0.0641150995347064
0.2061450886472699
-0.2803573619442867
0.0530646663201292
-0.0630621155297688
-0.5331287811404543
-0.7001379952101788
0.1394736947439146
0.7362303544885929
-0.4062835211628869
-0.1014967201310159
0.3561773822667808
-0.1968363055386526
-0.3068367692342769
0.0579414917425654
0.0055849442440997
-0.1183295978367179
0.3292309454552442
0.0318599955938897
-0.2047553439433641
0.0762859456119428
-0.1925249614896690
0.8372852229982009
-0.2394887987341656
-0.1826976873774036
0.2373528429783183
0.2573217248021638
-0.5354999758951414
-0.6820266434937504
-0.0440151622946396
-0.0775776337284487
0.2202845687422902
-0.0709886272578895
-0.2529985989353217
-0.1403914873135925
-0.3678809300558900
-0.0438106456454894
0.0474519686791353
-0.0447789782322565
0.2464604960555816
-0.0076813657222252
-0.4544178172114746
0.7559631608759799
0.1570026228500794
0.0780675468709980
0.1288825891235037
0.2284506151652128
-0.7212617455420850
0.0243243381396444
0.5825742523800929
-0.0125498200224707
-0.2002368414354124
0.3607903217645285
-0.5661871774049054
-0.2719426143878435
-0.2528159316045511
-0.4134408770949157
-0.2114461974309110
0.2914865326690453
-0.1987629406221487
-0.2669827419833550
-0.1133006768578538
-0.7474304390264698
-0.2742077227848744
0.1904407221660450
-0.0138910268647302
0.1729317231064691
-0.2991074105584875
-0.2476971138615843
-0.3689657257740458
0.1708368198328254
-0.6467618682906797
0.3395418167367384
-0.0359213792137872
0.4700333466864292
0.2783517414873864
-0.0845454009005342
0.1335834942717191
0.3354569453379533
0.2283217310070959
0.2327447145554166
-0.0553286572093594
0.6980326114618997
0.3676003638013786
-0.1419245708225556
-0.4418185283668298
-0.2173771784785351
0.0752279005551691
-0.2978150308224066
-0.0323316654581607
-0.0779934580894885
0.4467687430137051
-0.5533866089142477
-0.0522410062023830
-0.4721969728308611
0.0686493305995235
-0.4097889800728032
0.3511304695489097
0.4151274879275504
0.5139585969951972
0.2146261401800410
0.1981745122855963
0.2483893969509376
0.0366980745549189
-0.4372123236621835
0.3173120674857181
0.1767846085194364
-0.2786718417637238
-0.0772748150715535
0.0407436470897194
-0.4017123773028371
0.4384716909780864
0.0313765741848121
0.4146014587548285
-0.5974517956282693
-0.3185929704354341
-0.5179610130928843
-0.0754494643458573
-0.4496820313198464
0.0921986885764936
-0.4552046508629304
0.2402122417106674
-0.2231150948024854
0.3148241067708220
-0.0692087480258898
-0.4406618429216865
0.2955593462024979
-0.0100898091289678
0.2352991143264327
-0.3566375981590879
0.3441228100993178
-0.4170115090202568
-0.4885642243391910
-0.5880814142042455
-0.0101410552516778
0.0666349075818180
-0.0004414264791000
-0.2489326900348701
0.0238626397387685
0.3257194677471472
0.0240769577016869
-0.6931141480269974
0.2026157845003281
-0.0076317431694528
-0.7839316960575490
0.2546282663880761
-0.4438447041845599
0.0148025712710525
0.2228712681038547
0.1803073972803594
-0.0102247264461302
-0.1373764296146718
-0.1554116981234680
0.0509993325756799
0.2921352612020431
-0.1447378325405785
0.8879639906291807
-0.1201356686395042
0.1404167354209188
0.1595382418844499
-0.3338392322419443
0.2887714031404954
-0.0483674270317528
-0.3494068816854745
-0.1157306482454016
-0.1021385953894781
-0.7146938074209024
0.3458376180651821
-0.1628529850242803
0.4715893957758761
0.3246186561804479
-0.2387052572840321
0.4511745256112282
0.1503752034803920
-0.4696898517608093
0.2949794370205183
0.2823120857870118
-0.0418721473126984
-0.3422122885461935
0.3864267421265668
-0.5579178869730114
0.0314350174625447
-0.0152641392182814
0.5518315699483202
0.0344132436686126
0.1849847787886053
-0.2848681771436696
-0.2648733645821675
0.2841113802067805
-0.0876195678452308
-0.1978877045788229
0.4054174014444347
0.6268964796144261
0.0865732280117175
-0.4223056810630619
0.2430773836983526
-0.7276759968854816
0.3947194930384376
-0.2317961889700398
0.2963864106374599
0.0861783366231382
-0.0463811998252831
0.3065078329593408
-0.2040747927272874
0.1671475206161545
-0.0779907384180046
-0.0062118499035322
-0.2115444633953009
0.1510591182233534
0.7524134372472809
0.4045081755103497
0.2048266395192528
0.3863677509523613
0.0729527560305430
0.5788891779481413
0.2480402546245243
0.2828282864805719
-0.0000584165233227
0.6636047401759138
-0.0072866638292374
-0.1309921800610533
0.2201623947466848
-0.1315930497513270
-0.3660573110205249
-0.5291165082642755
0.4216948209522313
-0.2626023669942791
-0.0794752379669033
-0.2643937142967268
-0.3260530449914367
0.3931807677815995
0.0461431105440477
-0.3158568985161800
0.4389574624238086
0.3099851659828162
0.5464022136256391
-0.2013329742176281
-0.3427363188053560
0.1209201655777976
0.3604634435401123
-0.1017145631169766
0.1095442834665028
-0.1512678521320804
0.3784098092152232
-0.4348116330919994
-0.1818977843515152
0.0735282303565774
0.3496474620410769
-0.6725976154634468
0.1404593971170442
0.5550451389151054
0.2259958909962606
-0.1736677612760521
-0.2244474380734233
0.0569076759869282
0.5471197784778427
0.3229813004652017
0.3913555069960175
-0.0160940473771916
-0.3676101075582228
0.0315143959913975
0.2418293351631646
0.0525869473746083
0.2805667736333091
0.4841693001847039
-0.3945637042272637
0.1300142449480459
-0.5629395979991022
-0.1731360749833553
0.4481049916034474
0.1277126807643365
-0.6052998248749709
0.4756538911355509
0.1935529373585546
0.0706499245332748
0.2553197939444171
-0.2294306790489380
0.1040953918781059
-0.0589433251537130
0.6889855681194011
0.0651472983486874
-0.4528542387366296
0.3507776622531396
-0.3569047670679820
-0.0165258617391558
-0.2257620506441209
-0.3096101523404611
-0.3454679019737987
-0.1494525431100380
0.4165214056381997
0.6214529438957580
-0.0396155868249849
0.0994487909217505
-0.4214492513366878
0.1169814028485480
-0.2478080082709017
0.1645435868930219
0.4245420395333609
-0.0734228432349294
-0.2859079849794940
-0.0518316812220662
-0.5552243161981850
-0.1221883529043892
0.5641416558567276
0.0585304948961885
-0.3216650929762719
-0.3721762367006933
-0.3453484201045289
-0.0866163282913629
-0.4657801432289221
-0.6018050396945411
-0.2206286064877180
-0.0050248123244920
-0.6249163441658555
0.3536552419576641
0.2416329676958762
-0.1305702188387574
-0.4272361820197499
0.3453359421859210
0.0165797374905815
0.3113997419702374
0.0997000718078632
-0.1507579308064283
-0.0385506927090048
-0.5245836419434888
0.3732878013075860
0.1660196207008959
-0.4890414493165355
-0.1191827789980880
-0.1657689274436226
-0.5028381296879453
-0.3495068953396205
0.1528826045403894
-0.0134554197747048
-0.2965212025164351
-0.4616946763824965
-0.5920430931831410
0.0757416935792555
0.3514637397668057
0.2709712246216890
