-0.1025218946438590
0.0543446709733568
0.2101115845407414
-0.1050172322758580
-0.0803724966265323
-0.2792489375396063
-0.1545254644358099
0.2100692026422195
-0.3104672170330441
-0.0443992730600059
0.0040013569637335
-0.0865387656434242
0.6412002663705088
0.2980362068798337
-0.3902493762637155
0.1441853995285877
0.0076483671252870
0.3815658418642586
-0.0589936387825702
-0.5468549767107750
0.0943128063591041
-0.3918588177699606
-0.1678025771591713
-0.2092944299202961
-0.1368172177801027
-0.2901662718800365
-0.3068232438351571
0.0590221233124263
-0.2129373527003694
-0.1726468206289251
0.0924765061371300
0.1821197918320031
-0.1345944178305265
-0.3598624602700247
0.0544148661585356
-0.3104364191955050
-0.0133659367964947
-0.0835058200870623
-0.2953245120522482
-0.1550662477981773
0.2549291492533151
0.4836964786438064
-0.0451339574972691
-0.0928934766716330
0.3282698803469124
-0.1883921584097999
0.4031180530182745
0.1387923427061223
0.4684403536264736
-0.2429338429324030
-0.0290923200975816
-0.1150176867535803
0.4772923111777899
0.0658242646620938
-0.0821020066607304
-0.1369218988397429
-0.4259076308456874
0.2094140708784552
0.1643747251906750
0.4032660519344201
0.0228735125686018
-0.0999100295445586
-0.1524533554886311
-0.0346534628995792
-0.3963052666281611
-0.0695237536157682
-0.3207305022009547
-0.2498071611514369
-0.1316762564431143
-0.1925565983562013
0.1444453981689374
0.0359690017549070
-0.0400218176032465
0.3651216102489662
0.1976218765342545
-0.0203200950287826
-0.2279989765546910
-0.2407093491885103
-0.5204551064960901
-0.2026847251865927
-0.0372100995674874
-0.1857957379959576
-0.4081076457001710
0.0445967039970770
-0.2231392627945074
0.0237602284190577
0.1998665791733582
0.2737860605279523
0.0930059132554714
-0.1196947986958607
-0.3090194195876412
0.5871010270570242
0.1978184069432152
-0.1212519686831195
0.0123383637010126
0.3363770810245164
-0.2765148082788063
0.0654541370974720
0.2583638734065267
-0.2636843851131556
0.2430164909386066
0.5153518918555591
0.2753809022573281
0.2919642212772289
-0.2688357292748045
0.1855440264479604
-0.4097239260577406
-0.1155706024081679
-0.0533905041882333
-0.0443081525174713
0.0349391290313709
0.0573379429268990
-0.0951392851407128
-0.3094556847349729
0.2806707973910789
0.0554399618598194
-0.3597145611257528
-0.1667126777432960
0.4640358079904971
-0.4176663578966013
-0.4253635433791881
-0.1356994154076173
-0.0250959401562296
0.0159826578167326
0.0471277056034826
-0.1576953127681176
0.1790391353430275
-0.0836441180034893
0.0352757855338834
0.1759816608993472
0.3582547677684136
0.0333602036240510
-0.4508146201903927
0.2051550537248751
-0.4005246431619072
0.2431787540806167
-0.1767207546397613
0.0344834355159986
0.2646285226801967
0.2031675579214150
-0.1564604055983685
-0.4292528685020677
-0.0023630037949851
0.1448456648564809
0.1083636432132705
-0.1502111694577148
0.0317137589688657
-0.1567668430393346
-0.3831843006168219
0.2133753609398786
-0.1863518654826200
-0.2994204165731777
-0.0084571333262291
0.2006940586114470
-0.2168143614859127
0.0965969190562626
-0.3246674994905491
0.5851618597907770
-0.2077851175584396
0.1889083387475103
