-0.6167888892320995
-0.2582518394085917
0.4998328205560952
0.2097433952940180
-0.1803385385115403
-0.0430782563270662
-0.2613627958448609
0.2898278400126184
0.0249780121956212
0.2678432369040920
0.4331627180157553
-0.3769809208498449
0.2539613560857814
0.0781829988906151
-0.5670674284479504
-0.3163814509895060
0.0580212115170951
-0.1391864864709295
0.1940398077818733
0.3429183815328230
-0.4929090346321651
0.0541124118877982
-0.3235867208783976
0.4353801721479499
0.2278984798355480
0.2410696808739882
-0.0915343262604141
0.3003458945079587
0.0571554933863692
0.4979387737716823
-0.2532645890471748
0.2473150588211924
-0.0339164945541228
0.4690968896642213
0.3391981429527504
0.0877894996401711
-0.2619638533200840
-0.5403497075977978
-0.3102387518272953
0.2718028009553858
0.0784930743882033
-0.0920992623457236
0.0441290326983037
0.0561844188313368
-0.2577704435938381
0.0763881909602061
-0.4926187528341090
-0.3514308209571958
-0.7268593885763938
-0.1160616950991633
0.3865822165572649
-0.7889247098225001
0.3041299318328204
-0.0226562003651369
0.1846206386270232
-0.1672317837510952
0.0389571446564598
0.0564561049472067
0.1321145971994765
-0.2256838625580872
-0.5281089925763343
-0.0233449789797278
-0.1666974794781739
-0.5423777319730243
-0.1085923486544616
0.3393378397369721
-0.0149142165794070
-0.3442832418324508
0.0992036549114961
0.3782288101633479
-0.1792425928599565
0.0592896997004614
0.1566815017617092
-0.5167551758671149
0.1742128143189124
0.2332690080089141
0.1347694658381197
-0.4126505681510861
-0.5229099125612925
-0.3551467413500630
-0.4346124304476499
0.3282649457564247
0.1776132565222035
0.3726168592539959
-0.1085056033026027
-0.5004634287439255
0.1499781426844093
0.0252789619650756
-0.3935708997137841
0.3044613870992213
-0.0575696846963447
-0.1551054172968301
0.1934184203186790
-0.2327448694991144
-0.3404792113449146
0.7022732030270911
0.4628135373240260
-0.0674316476374638
0.2234487391836772
-0.0571025376683551
-0.0975098275331979
-0.4772077720290767
0.4336216468845833
-0.3636161718826500
0.1378805821363565
0.1334388097620578
-0.2119575294302667
0.0192715775918433
-0.4989242510583135
0.3338867406589616
0.0101610909697937
0.3087341388215867
-0.2313188357795122
0.2340838873432007
-0.4928558401988604
-0.3654720117658009
-0.3642782048724098
0.4608497115756713
-0.0463527013009255
-0.2693882011738815
0.1528414599332297
0.1481312343275156
0.0427109332309141
0.0747619356899230
-0.1490257289534208
-0.3491614503028326
0.4300082483166437
0.7189003012695194
-0.1311090433388005
0.2902522185925210
0.3534831012099152
0.0333133169734236
-0.0024720391963556
0.6346599495592646
0.2875724582268627
-0.1626185210291908
0.2749849055666960
-0.0329777834356454
-0.1489372932556126
0.5129437645535513
0.2344056069965583
-0.2073681200853151
0.6287423351221201
0.2245028080946836
-0.0587121997655192
0.4862675519594071
0.0146822478164981
0.2285575032109320
0.0559303765532781
0.4010591941065436
-0.1791308814053890
-0.2027620402638391
0.0122226171199199
-0.6717967342500143
-0.0900295448613907
-0.4062569240165951
0.5280964791604936
-0.1450178310986542
-0.0476377142149043
0.0020040268127706
-0.1044047719936948
-0.0976730281132579
-0.3939014632311605
0.6741525706895614
0.5320177377479902
-0.1235884761479158
0.0389524950512717
-0.0030990007587224
0.0710544660388876
-0.2550038221783971
-0.1108032645088834
0.5999887627961684
-0.0321831796559363
-0.4970687524203034
-0.2916638398863656
-0.4025965431500418
0.0981868868036943
0.1990120858898113
0.2767032028120411
-0.0816094959951048
-0.2198791514941018
-0.1704237219102558
-0.4335495514250881
-0.3063832124393399
0.1450294043031915
0.2078425916972747
0.5183508045283176
0.0862876698003991
0.1999434325963776
-0.5103238790746590
0.0658449731256260
-0.2991411278430075
0.1149562015408480
0.1195812613478955
0.3504556674212232
-0.4217255489807806
0.2550597478953732
0.2085731296148870
-0.6850068951504372
0.0141468554954004
-0.1429866253683682
0.2460277513854557
-0.6625201503702917
0.0171319870671309
0.3808678067334646
0.2107525781439529
-0.0341644893983434
-0.3846639147584491
0.3387148982251457
0.1626667100341734
0.0390041195175246
-0.1351457778351754
-0.0232172673577542
0.3473315094842048
-0.4770760832881322
0.3828500161259999
0.1722436771846764
-0.5502029837125478
-0.1311735566497166
0.3677807019627346
0.0054656604614909
-0.0527157649596803
0.5866336087387114
0.1145443944308099
-0.5310255665229715
0.3424316418545073
-0.2873304642237649
-0.2911259797973216
0.0604725885950111
-0.2640343123223162
0.0132684349872015
-0.5043888532129670
-0.1454119417842235
0.4134996510322463
0.0116933342666824
-0.0639751729874869
0.4336497687485547
-0.3726318375013434
0.4660073352086292
0.0706416139513336
-0.3113485090629656
0.3423960432016183
0.4709133545712415
-0.0473928951709725
0.2202768791052822
0.5086970792882178
-0.4358139938392802
-0.1121667591380308
0.1277640231861520
0.1889129292314486
0.3463812509497329
0.1757465992727755
0.0652852247981475
-0.3202823636796628
-0.1459353776968934
0.0120116934551789
0.4483430288987982
-0.4507460115793177
0.4942558695360798
0.2690287911032999
0.2938171483498064
-0.1475985004465137
0.1515583766755862
-0.3775621067742716
0.2030611943252310
-0.3087860875540412
0.1932234145177115
0.0792717886658258
0.0166163421956950
0.7388402914414689
-0.0501298584933251
0.3090293866222691
0.6108180786224273
0.3269948168562786
0.2434185556670320
0.1421410747332723
-0.0399758454941453
0.0677666700119972
-0.5631399746377063
-0.1385272568003911
-0.4529288127306750
0.0524024024287437
-0.3307762247667888
-0.2712401232474144
0.1893105486425735
-0.1664820444035681
-0.1663474026470491
-0.0556433957029309
-0.6731572698538347
0.2483188529730493
0.2973336207134354
-0.1799627665619571
0.5941035872161901
0.3523565913048012
0.0438299844970929
-0.0845374790207197
0.2902718710326960
-0.5402344047838773
-0.1149667247410136
-0.0607939877195072
0.4354522397427398
-0.1369621195039545
0.2129716374959660
-0.5695272534884747
0.4430816442358829
0.1508809245414589
0.2706557497212652
0.2669440244325024
-0.2174849065517334
-0.1049036959105924
-0.0034375277596764
0.1438208776675577
-0.5705470860319748
-0.2748639907116716
-0.2217852782441324
0.5845811519354295
-0.1808839318830925
-0.1915619090397886
-0.2808731791242730
-0.1974867346848873
-0.2902943869432829
0.4581009744481679
0.4960309545118421
-0.1709471953352791
-0.0481736296437801
0.1485175540722176
0.4704300546938198
-0.3018234911589763
-0.1332715682680562
0.2757928301244164
0.0550670516015566
0.1309029318385266
0.0964700331495027
0.2421304961914671
-0.2908041782091022
-0.7779452521611941
0.1072051589939267
-0.3718197411000209
0.1294898626009434
-0.2358432145624955
-0.5181198864983741
-0.1164492661224011
-0.2143490768916289
0.0110127758351967
-0.0846282835352543
-0.6697536298915274
0.0589238548082179
0.3864808271205200
0.2481199128476660
0.0423052120053928
0.2941671641886831
0.0549793428653041
0.1984738227410559
0.1383828540669622
0.4943668810449875
0.0029830329643291
-0.2916316601016969
0.6121452522820962
-0.2325331241337673
0.3060249635466257
0.1583406851302787
0.6015989064790869
0.1549751577908035
-0.2855213125160522
-0.1381950921043739
-0.0509319582282827
-0.2663143520734689
-0.6424099640821577
-0.0458857830318502
0.0074776142563621
0.1928072797166469
-0.2933964975253902
-0.0830491542486360
0.5887278245100362
-0.4683978533827644
-0.0135929872389605
-0.0877515993780610
0.2798908577968868
-0.4220403412591535
0.1987652667768668
-0.0023311635681613
-0.1698009269469666
-0.5155668912312844
0.4030881426939498
-0.3881309289701697
0.5267243067597356
0.1056695126758360
0.1870782552324483
0.2600495380024908
-0.0316029383123587
0.5424864979611242
-0.3035453176412284
-0.1806354663273671
0.3736255888732820
-0.3266382789907641
0.1337934778824936
-0.0089339962222622
-0.3354859382870341
-0.0695574103913742
-0.4464092997111759
-0.0749665371833421
0.4113402702220355
0.4264663192447457
0.2231352580508753
-0.6356595414270034
-0.0458229465842223
0.0942350446840362
0.2073451483366344
0.2478146875605658
0.2721565118895312
0.2949870482254272
0.1935232828359290
-0.0083061001911315
-0.2457171095739167
-0.3931191554444324
-0.5919242438716936
-0.0623540384668246
0.0271735119051872
-0.5261270785766043
0.1695062878112592
-0.1751821231900297
-0.4307204089181350
0.0539750018677814
0.3389586655595487
-0.5970948891357130
-0.1994320399191911
0.1134110142827301
0.1616128086645620
0.2506664601864388
-0.4097255151265127
0.0457325176893221
0.2753909647778356
0.1287514407334574
0.1938125897740045
-0.3345699757886167
0.5315604103405919
0.1611770788871028
0.5922255632029070
-0.2884907614713897
-0.1161829309068481
0.2278971398937859
0.5237954609497721
0.0011840644688181
0.3175071666965504
0.0317069290132740
0.5196562427242585
0.3101832123592763
0.0453318370319630
0.3106135501340168
0.3272486633272850
-0.3190749201228930
0.3690698985426786
0.1924702398003576
-0.1216676896517734
-0.6205355653582463
-0.0510564761931874
0.1319263104639468
-0.0362182845074808
-0.4202118304112878
-0.3566024899599212
-0.3440261105154084
-0.1659625599709129
0.3983958214107121
-0.1179649353131164
-0.3448743712381570
-0.3082990920555665
-0.1208146643300026
-0.5925143338690783
-0.1782735091293228
0.2646317864063679
-0.0020483460506425
-0.1880936183890946
-0.0371455340221905
-0.0315368349207216
0.1460413963501208
-0.2594919662924650
-0.1257486835083641
-0.1570942623328637
0.5346758845940811
-0.7397353730209639
-0.1804820185950325
-0.3742245549329581
-0.5659839594868696
-0.0155278113894071
0.0831671525735193
0.3415288887154243
0.4271157182420405
-0.1128837656681215
-0.3088729415035657
0.3044198346327619
-0.0587500802017168
-0.1580069465329422
-0.1783228639154871
-0.1249683535106499
0.3397109479121238
0.1304657931325963
-0.8464281409464260
-0.0125098125293483
-0.1091083903275333
0.2514746794509639
-0.6264867497504478
-0.0303792684394298
0.0759591029568203
0.1570315239807238
-0.1262044021693613
0.5650768227590149
0.0070206877611032
-0.0876865398338593
-0.4822029501682865
0.0257972162930340
0.1846831289240075
0.2213617025046491
0.0317358984222120
0.2171944658105589
0.3443143464645248
-0.2227936703537050
-0.1419575077575617
-0.4742604412945349
-0.3066301278349478
-0.6011856710825807
0.1887926592891830
-0.0849570500943717
-0.7477608444010312
0.2382559260380086
-0.1930376431569244
-0.1622465367176598
-0.2268745152023637
-0.3395618760919543
-0.2540740949345032
0.2152023125191082
0.3970527255041299
0.2438414994325708
-0.3359720410729715
-0.1504957310893714
-0.7791917932135350
0.0479216493319359
0.1783460927871348
-0.0127875110661137
0.0586863530312531
-0.0501298962249612
-0.6929248300129740
-0.0327323547489830
-0.1418377034334866
0.0511675544291496
0.3325321677651749
-0.2069386923819284
0.4517799968786635
-0.3250761419631573
0.0765880767613021
0.1643199866232113
-0.1133888614157249
0.1844664845251816
-0.4264140951390201
0.2136954440775359
-0.3244930513832588
-0.1952467903230016
0.5167085469591820
-0.0642855718560640
0.1742924747564677
0.5298160863047906
0.3095479555204453
0.3468012169615302
0.1648150028421846
-0.4767540356738260
0.1557232375973197
0.2313468066373636
-0.2148520161859642
0.4094154413940008
0.4385215110231263
0.2135322075094153
-0.5967835633009725
0.3228243432011385
0.1525754325993561
-0.0346154479429183
0.0435536966821489
-0.2653455017742540
-0.5388974128718647
-0.2212887395416158
-0.1504513638339396
-0.2843174803058520
0.1849555707088682
-0.2199885580065320
0.2695097475547177
0.2252116436151846
0.2079512764588790
0.4264710349002932
0.3973726293198983
0.1212336952552585
-0.1407975616273412
-0.6135901213475000
-0.1902719034345904
-0.6157003861655300
-0.1772081458075732
0.2015623009866546
0.1046257890582348
-0.3680374005557496
-0.2065489828818747
0.0248755719153594
-0.1513472127831984
0.5478085522795486
0.0543476978159820
0.6288756954812270
-0.0316038663121604
-0.1463417856434738
0.2227684199804264
-0.2565115015083831
0.4304044554293270
0.0694335864874133
-0.4806950948483912
-0.2063643695990741
0.1542102995010400
0.1034827880103848
-0.1380414200552411
-0.0998693090303393
0.1163128557115584
-0.2653772230331949
0.3827370959184384
-0.6547122421971607
-0.4054125808825658
0.3362027175008675
-0.3416754030611742
0.1535975478555352
-0.0292199298828989
0.0829944185708858
0.3486930946919050
-0.1860215256066587
-0.4772739057198683
0.0699709896023969
0.6770566785994164
0.0681240459860775
-0.2677132361004481
-0.0143676612408911
0.2584200777775460
0.8191827393514324
-0.1042014841189145
0.2350305768111961
0.3356977921719130
0.0929296947517866
0.0520191820002010
-0.0122329071241355
-0.2925441396573923
-0.5642325676194666
-0.0237600861276568
-0.5675639075342557
0.3461667474400242
0.0427692765670100
-0.0376178112669192
0.2341840987290504
0.3018345378752947
0.0659105229352517
0.6407517314860606
0.4422904136002261
0.5292201921102948
-0.0716427815620813
-0.0324553476294441
-0.0724858310833743
0.2301325469093650
0.0765997507477264
-0.0973262011031867
0.1843943140863315
-0.2204837991916792
-0.4612280375120567
0.3406231789650946
0.1084670208081975
-0.1651862558679059
-0.0586041090546866
0.5998410620421863
-0.0097005242229812
-0.1923451231223815
0.4280716763097903
0.5114571707131335
0.5661804517854725
-0.4102338265725038
0.0736853715759424
-0.0090407443971413
-0.1405173605457268
-0.1570135418156516
0.2625762882920835
-0.0396891281677171
0.3593442389103556
0.1655954074066928
-0.1188011744783641
-0.1535565613241701
-0.1436954792538034
-0.5289241985778619
-0.2591449548966549
-0.6133882969207488
-0.3421486048849604
0.1915998450240468
-0.1931272818059793
0.0039268935624748
0.6084998313568408
-0.0075117133001586
0.0861834475262622
0.3666727899378566
-0.4743656179227637
0.1748987028710477
-0.2315614872042500
0.2867293138747536
0.3103753693128159
0.0807676387179919
0.3567549979678502
-0.3275964131813325
-0.5450503043524849
-0.0413729237291310
0.3113831936688818
0.5044080228164668
0.2082776539453591
-0.0452875269008442
0.2515432545948015
0.1363998619407539
-0.3174559973672388
0.2145743314919097
-0.2763521254279429
-0.1311590616558250
-0.3810909640362286
-0.5344290537311963
0.4638035524800391
0.1894356598650841
0.2432222977365131
-0.3558765557293303
-0.3282741668454823
-0.3470998023311421
-0.1742327618727317
-0.6798360765798258
-0.1882238418430199
0.0571014278050566
0.0236306882490429
-0.2749343870376120
0.1942663508129276
-0.2183133890150705
0.6373580782219922
0.1545164129819202
0.3941263343361829
0.2136594261700824
-0.0694764316289788
-0.0035098705692706
0.5346283380125424
0.1605639052997472
-0.0693194300182135
-0.4099486707745936
0.0516193487539198
0.2733503845778658
0.2384101856755115
0.1269162561817575
-0.4021420375665077
0.2541431893698429
0.1858056391642544
-0.1532155520070274
-0.6303207316082813
-0.4447347826445667
-0.1411618706782084
0.0852241660371018
-0.4213863413474910
0.0064391030687360
0.0956940029512138
0.2609297585514826
0.5483661652480560
-0.4270774950517525
-0.1925380770298317
0.3014657504905213
-0.3710868006133687
-0.3746992144946557
-0.3154422826638724
-0.0639173079470795
-0.0132108738870355
-0.0691449324778401
0.4922277016416985
-0.4454180601440340
0.2859778364825590
-0.7603385571672505
0.2127336901081322
0.0229665032006021
0.0280067842577135
-0.2661819900203288
0.2010383732905928
0.2494244683776529
0.2130156692743335
0.3580534555478275
-0.1681012141121014
-0.2393734210995620
-0.0172176998474931
0.2729743013108067
0.1951484450203232
0.0444812927704188
0.0401927305662115
0.0363806943529416
-0.2990773453695410
0.4435059854735634
0.7339915651629887
0.3695877311200432
-0.1789613328343942
0.5454980961918081
-0.3116836376115143
0.1197919579561585
0.0499461614466818
-0.3761797449343928
-0.3715309338108804
0.3152875163288296
0.2021521753227581
-0.2760357278463267
-0.1913389649428558
0.3708558352281157
-0.3131004170308805
-0.2966893014199369
-0.2765557739387563
0.0168099686655594
-0.0900291102289272
0.6917217742031893
0.0159150702612007
-0.1767115240844669
0.1066303940831994
-0.0529329441807953
0.0193313599091587
-0.5844504968247436
0.3652713056489291
-0.5887077651326221
0.1875480333270826
-0.1196210472915294
0.2883775230513531
