-0.1165809162656102
0.2151075488159601
-0.1553566117103904
0.0063704004719344
0.0208834626181382
-0.3655582999807769
0.0776917033091683
0.0860028216722474
0.5113347444150694
-0.4174927340028562
-0.5205015337736258
-0.2485450610139466
-0.0547549715300283
-0.3940048945208538
-0.0744405515101514
0.1101304867019272
0.4102387897825114
0.0223996010987751
0.3223504851083366
0.2924268675561031
0.2986179950416725
-0.3517455387445318
0.4001433559041145
0.3047271980354940
-0.4145555326322227
-0.4380716239614394
0.2607043620334166
-0.0108306832383968
0.1929568000446439
0.1534285560288278
-0.1949592793336964
0.2289900121736672
0.0662299296097823
0.3294505796160730
-0.5296970639297484
0.1530739438235348
-0.0826166343263985
0.0479067750943663
-0.6106989277721027
0.2032596374227152
0.4178425012725819
-0.1631841124309560
0.2346851155166627
-0.3446933801924172
-0.1972736857684324
0.3142421404996996
-0.1918433439758683
0.1644105630485405
0.1876857266029245
-0.1078519750359854
0.2240465783627967
0.5071401569956515
0.1780722081412663
0.2168398227632441
0.3456117944243453
0.0403565423963043
-0.0255912988703391
0.1292263030569901
-0.0513074900748517
-0.6526575042635973
0.4497542929711473
0.3811088134829848
0.4018909290088691
0.2872823898799300
0.1621718508804676
0.0566975259902377
0.0688028437735989
-0.0258957862971982
0.1092710263896421
0.0178724524337533
-0.2540818507918658
0.5446960138353516
0.0572357973367230
0.1708937921328630
-0.2607727053138046
0.0443119513457226
0.2444767224658820
0.4106660340469403
-0.2826084916898813
0.3548168927322871
-0.4669719123477600
-0.4500033966418709
-0.2016400710056050
-0.0463770849441335
-0.1406050505830368
0.0308072166237686
-0.1397790424026242
-0.1717379889273570
-0.3235192443506628
0.6787693973761983
0.4607312461603557
-0.2477031890530697
0.1790076371993569
-0.1002708006997647
-0.1820801685493560
0.1263927009593249
-0.2478630904070811
-0.0559609971342701
-0.0162608824897915
0.5357549063285914
-0.0328960904385576
0.1802904501594766
-0.5113444432513718
-0.4758708540534070
0.2375460716119702
-0.2154299666736383
0.1500427296992752
0.0356438392680738
0.6843310133996451
-0.5512085641434756
-0.2784020058149235
-0.0749286281485317
-0.1388034773572988
0.0329172270092811
-0.2128783676228587
-0.1024613654755414
0.1476975761742564
-0.0170694785556474
-0.2155218146830480
-0.0041392111300635
