-0.2214008958522211
0.1889529946949910
-0.3546958918382507
-0.0875758962119120
0.1767417256696566
-0.4560195353999589
-0.3001079884183081
0.1249769669050088
0.1221967809486670
0.3017012453906223
0.3211125328307447
0.0621510399345381
-0.3962694956583001
-0.1632873386147015
-0.1055360275515619
-0.1707699273763572
-0.1587058866399815
-0.1714806738171099
-0.4364648229050025
-0.4869277604807277
0.5490546797472025
0.0281832525687803
0.0585673382304066
-0.1932724548523372
0.1587472512076581
-0.1416716916939020
-0.1557956879068333
-0.2500324930847220
-0.0215198828023858
-0.1826491201523390
-0.0843955387840779
-0.0419572058917428
0.1257497681099188
0.1559362269463135
0.1567959230809509
0.1145349849237939
0.0087275108370119
0.1268793263894123
0.3957178080630556
0.0824345072676960
0.1700044783679186
-0.2068012732098952
0.5969214688854605
-0.1574122122869316
0.1435133971256135
0.4375330909484302
-0.2388684481837961
0.1440608549732728
0.6131677332622635
0.2733297569052066
0.3627421788724602
0.0357266573873503
-0.0264949588880541
0.2210446053230174
-0.1335670535589056
-0.1576124551474010
-0.0290128681302914
-0.0245326544061047
0.1006808221568072
-0.1984734099467738
-0.1724037917420382
-0.2272390106698425
-0.2501503664892651
0.3595908605688940
-0.1167385497264954
0.2485715386789658
-0.4656790593228794
-0.0102494648934204
-0.0513793915246155
0.1985042086549100
0.3657166834971578
0.0228181451435085
-0.2532624239740593
0.3506999203676193
0.4683333531721152
0.1526072246349110
-0.0224052016441241
0.0567051267375369
0.3030638530666483
0.0773730737341196
0.3250264806305518
-0.1682966758194352
-0.4343570037166979
0.1094543882730485
0.0120205342599406
0.5876718000163317
-0.0500143926528569
-0.0674939271606304
-0.3998362901201004
0.0973945848409417
-0.1220341020458890
-0.1887127145462623
-0.1843077978767571
-0.1681268781454089
-0.0946750170142557
-0.1475442084464252
0.5717174162530694
-0.4257276679552887
0.3727916154484452
-0.3916474393097215
-0.1990826247934269
-0.0632642328323449
-0.0259800317730167
0.1879695323662738
0.0665201447094029
0.0511446155735060
0.2221031118669540
0.0558510383742060
0.0386056618420100
0.2077006942924940
0.0445700843769983
-0.1174043505340179
0.0064816664166852
-0.4985467734180618
-0.2966742561577253
-0.2278460577551779
-0.1357129969208233
0.3210784970935611
-0.0427528691801017
0.2817002028359826
0.3730198054189149
0.2578242286813803
-0.2774151216139557
0.0276356576905527
0.0615783895088004
0.0665476657824124
0.1642534006767013
0.3004126737807446
0.0937924792232746
0.3199017444328299
0.3876293502707116
-0.2487676274992939
-0.1534707698407274
-0.1032720826886615
-0.1747369206464233
-0.1577053623937089
0.2430203827917963
0.4840746537799546
-0.0138505874782650
-0.0034647107167691
0.1258324990837372
-0.1317402202199197
-0.3003478316809746
-0.4124469453408101
0.1318392045957148
-0.0556565259311700
-0.3778224608474944
-0.3304551129442642
-0.2645668872709854
-0.0814790334663055
0.1041760371200815
0.1306632611750350
0.0385586966018142
-0.1203072496640372
-0.0290498197404328
-0.2613363939088821
-0.4634200301744135
-0.0043671160220492
0.4946472403831861
-0.2801001208383645
-0.1380208285507422
-0.1575424369457456
0.1805150543916538
-0.0355979125007560
0.1904824853702047
0.3135484754807182
0.3025012286841228
0.2238109152047222
-0.0581245519888178
-0.0446276081218017
-0.4144767919856433
0.0938745285489170
-0.2326418868995049
-0.4707015378760930
-0.3350817989328702
0.2686031830617838
-0.1577355160885363
0.2931274067787872
0.0342189937318757
0.0798900982951641
-0.2033726075569059
0.2162194880566968
0.0457598917220048
-0.2924565478433812
0.1709176595360169
0.4297481325977036
-0.4088210783584770
0.1189718931533896
0.1017981740220510
0.3138789214489842
0.4485288461248097
-0.0256927573742813
0.2355803216225544
-0.2509628547786392
0.1069812640604457
-0.0186388589730405
0.5727263753982812
-0.1262992279401700
-0.2681333695305843
0.2901793755894755
-0.1005091282231609
0.4393309675885094
-0.1337400061879764
-0.2736431755481940
-0.1196316352435350
-0.0084912136603602
-0.1009127878054134
0.2218391521181490
-0.0787275842709183
-0.2454722842142788
0.1520460373152498
0.0240905122260928
-0.3432709549464994
-0.4769471799049365
0.2549535433878327
0.0839747211329430
-0.3182132895105212
-0.3189216660811544
-0.0543047296059760
-0.3982400890307158
0.0224440097614471
0.3483200886531389
-0.0436597111985834
-0.0650281778083971
0.0025178889739244
0.0749806065469465
0.2527006241369710
0.6709601853101410
0.3317327015444946
-0.0878893954297593
0.0545291717492222
0.2728304095181543
0.3733959731882247
-0.1668688220758930
0.1098062914012271
0.0140811686970042
-0.2765614141104464
-0.1672574529853187
-0.0203815385322469
0.0272628529253105
0.1201047099411845
0.0308847672414298
-0.0556150510305654
-0.2146380975210503
-0.4914608707792639
-0.0619267312979003
-0.1791039127673351
0.4931293546497174
-0.2090556200214076
0.2338619447726694
-0.1556764301449605
-0.1738594328830200
-0.2986323942227354
-0.0648408057746366
-0.4061356854546780
0.0603756300066914
0.3408818808343910
0.3338183980250562
0.0882624333196651
-0.0665105832941790
0.0287706039877686
0.1731578551491407
-0.0140177481650187
0.2787679356079599
0.2982846375395154
-0.3858861813328545
0.0021200605661026
0.3350143173695718
-0.0505759517989350
0.2393726579332194
0.4755588941190626
0.1236812051828199
0.2280720242427879
0.4533127774357261
-0.6291040716248480
-0.1728783198644371
-0.1054866638543158
-0.0047712035103785
-0.1283642360446823
-0.0342976289573348
-0.0381542637393670
-0.3553587162474001
0.1305188746773048
-0.0885606806772932
-0.0801145979112285
0.1296314944557138
-0.2481416493737666
0.2249827524610053
0.1636623817641495
-0.1977977282918936
-0.0632980732366880
-0.0774866057404351
0.1759356787544190
-0.2318681447023619
0.2826717451067184
-0.0428060236111562
0.2420795648951599
0.2819996123164926
-0.1355494363985400
-0.2513098471681259
0.6660077675727061
0.2672967621145177
-0.1218574480026051
-0.0900458960293491
0.2275168979091515
0.1724526941187218
0.2706100051375706
-0.1519132942345751
-0.1215655459995355
0.3091522607494098
-0.0898538837644742
-0.1665489509400593
-0.2508964525907240
0.0258550342383615
0.2257220789211712
-0.0178756953258223
0.1612676232442527
-0.3497309398222520
0.5628060492960041
-0.3099451467757955
-0.1537699939109101
-0.1106407788625249
0.2781891485993052
-0.4652160094957306
0.1774630219549702
-0.1077961330516334
0.1209294371460118
-0.0208554414817065
-0.3297832711865513
-0.5500113783005289
-0.1682387403700001
0.3534872257452933
-0.0087236649055702
-0.0551564823631099
0.1570595812491669
-0.1407593470662325
0.0825645982731375
-0.2478032827441124
-0.2943526186886125
0.2761027761754762
-0.0244908779210364
-0.1664009483378714
-0.2205845178757525
-0.3859102754329000
-0.3553230663320585
-0.3433349125765546
-0.2109088392776901
0.2555463069695436
0.3065193790902013
0.1304524397217508
-0.1907871037979205
-0.2042928760302899
-0.1605868688302793
-0.3318832269263781
0.0210711556344495
-0.0811751999375830
0.1273463329373695
0.5830286954401631
0.1973739546024282
0.2356750314219840
0.2136660537817058
-0.2773146903802327
0.3139885894892725
0.0954980711176631
-0.1526319366470804
-0.0879663712872462
0.1100304401480351
-0.3646732834632834
0.0048769457772531
-0.3419185679381690
-0.0276091387909983
0.1900433768199053
-0.1530935631841932
-0.1038444456242703
0.0231088818394705
-0.2918470502502481
0.4394102958165285
0.2451739368838127
0.3109214257074644
0.5473903819687510
-0.0415455391299241
0.1357967186829029
-0.1901110267338660
-0.1430039013490187
-0.1755081389374258
0.1534066176677226
0.2946482704763059
0.3046026764625366
-0.3519396258587979
0.2882801286912026
0.1645960433148718
-0.0704956291151054
0.0436112061501914
-0.0063441759661258
-0.2467866810125925
-0.4871809736476883
-0.3221350901902725
-0.1117551533851549
-0.0795353672079190
-0.3228888768842021
-0.1867009004111837
0.0389107919758848
0.2329515646429473
-0.2376301722742475
0.0714622917925393
0.0864972015978576
0.1347731925710238
0.4634294867498861
-0.2960921306119641
0.1739756338929954
-0.1233977619882161
0.1572206522579475
0.0972618848170568
0.6096491965230849
0.0289266082337881
0.2598512810608949
-0.3250415098012633
-0.1648950812168946
0.0405155853145888
-0.0451178042410272
0.0614994357804333
-0.2550228897797766
0.5751341227368888
-0.2798611676992533
0.0607502737580869
-0.1271416650346480
0.2855676633387950
-0.0028668662282360
-0.4950215014204882
-0.1816762090281108
0.0177118942381242
0.0760339525427691
-0.1780385196491310
0.2094823199491079
-0.0135614889744539
-0.0597775284322789
0.1742103995156362
-0.1636062260947063
-0.1447594818098961
-0.1624510202288265
-0.0111938213037023
0.0622097045205256
0.5265073629834842
-0.3968222921553689
0.3465846285670959
-0.3262602479833661
0.0861297574510067
0.3788693720884565
-0.3917186926503116
0.1423740138509493
-0.1991875014339875
0.1449493934105339
-0.1629763736171658
0.1476152293410411
-0.2470393894762639
0.5817012974185927
0.1889838703433493
-0.1179869698384436
0.3262439046098412
0.2271748396083147
0.1985715794179480
-0.0219794835190109
-0.0960625783536000
0.2470275183306990
-0.1104336001827732
0.0365486332856521
-0.0394693334984374
0.3129905028425715
-0.0138478962575303
0.5143230861479960
-0.3600103355439456
-0.2689774291481413
0.3198112670530335
-0.2961163500433340
-0.0483569528439718
0.0286621109491822
-0.1221765409914899
0.4232573205063274
-0.1715340517041690
0.0604118011620252
0.0219702199909466
0.5797627921394529
0.0844963568107226
-0.3735344676214866
0.1710280380007645
0.0476456302089371
0.5110831441820995
-0.2503763457027340
0.0234205493857984
0.0068790895009494
-0.1165975201537587
0.1052307599205764
0.2488000675158823
-0.0968290665931074
-0.1030651227487028
0.2326922668418123
-0.1861064115683642
0.1360056515640188
0.0778162647199776
0.1214664066552153
0.3399840544208035
-0.3189056893133116
-0.2686956898450144
-0.0456961695030964
-0.0836871387988496
-0.1620576700221601
-0.3016539386309770
-0.0723854026049255
-0.4334174031761441
0.4565857218989891
0.3244407819000075
-0.0582918445125411
0.2665579515549727
0.2253818425777794
0.0457787442741407
0.3639852397872210
0.3815977169111041
0.0335427239547552
0.1957646956182884
0.0659770647552922
-0.4738821826916162
0.1391564966784925
-0.3128798114787275
0.3699750693367795
0.0242478436992993
-0.0618372257073420
0.2575470410076262
0.0685839160541023
0.2167676965903589
0.2993249606364612
-0.0300617515204003
0.0734429126206787
-0.1282159577022585
-0.3136389427915703
-0.0416225711141004
0.1596803842241035
0.1228048770169526
-0.1984542333873592
-0.1689419876379222
0.6099456440755202
0.0293415956238645
-0.3800306157489708
-0.3374852357510379
-0.0293103153631117
-0.2356168019646358
0.1708673557199088
0.0638780731266137
-0.0559128306038416
-0.0158564520793450
0.1307364834681551
0.0694513397271630
0.2153881135518913
0.4756319179911928
-0.1320357465401796
-0.3313885516049820
-0.1091360458285084
0.4371419070774008
-0.4330738452764252
0.2295242139142285
-0.2069005986655986
-0.1958033256001279
0.1310005955547535
-0.0368122916957783
-0.2065249153682824
-0.0058552014968180
0.2544546829562513
0.1312995324201691
0.1778379552715910
-0.1068623466667216
-0.3053926814149402
-0.1820078375141619
-0.1163459429990300
0.2969009570274717
0.1451954791937957
-0.6234904033454876
-0.3708438629082121
0.0158204666782015
0.2551110500101899
0.2026732093326614
-0.4783838355618539
0.3846608129303972
0.2238876458495599
-0.4539832326693899
0.0668294522230174
-0.0596843832354420
-0.1238718655945011
0.3700088320788699
-0.0995448408689257
-0.0943079609843643
0.2417064104502086
-0.0790306210949108
-0.1296147198992238
-0.3270008588252299
0.0563541624474975
0.0531267766777009
-0.0133485337304037
-0.4620736630925635
0.2282723625299028
0.1196980727991235
-0.2157578773361851
-0.0659780177972651
0.1208789329896137
0.0458580247361161
-0.0558239837120589
-0.0961309137616744
0.0725528271888644
-0.1546480663934541
0.7055419168624590
-0.1157559734412220
-0.1183367211625361
0.0349664355653587
-0.0779998005060773
0.0057237340057561
0.1544921297823169
-0.2191930002534958
0.2265106753748903
-0.4870127069019776
0.2697912397117739
0.2095423973871610
0.5285507877411960
0.0680456714170480
-0.0964007707717262
-0.2044097561908634
-0.3912643686354346
0.6084231055287557
-0.0498551967973978
-0.3236062770079055
-0.0170058503792931
0.2458413623398444
-0.0334258451801892
0.5048757010638651
0.1266267831556411
0.2834624542303952
0.1336221852538233
0.0350158023515180
0.1089502013783283
-0.2395268803244505
-0.0650668191192745
-0.1002253901392688
0.0829604358893095
0.1888045053433872
-0.1304440586603477
-0.0533728079376257
-0.1340870253953267
-0.5353365141533862
-0.1738065706266328
-0.2968652594280392
0.1040483455826428
-0.0194400844370222
-0.3880282364716221
-0.0547657528631532
-0.0563156243621205
0.2398857118390951
-0.3160187749125738
0.2683123711611894
0.3524785889766885
0.1248026217415386
0.0558032465426097
0.0581614636682423
-0.5587450640284022
-0.0416697267250185
-0.1328413828786175
-0.1672473303504121
-0.2579963569495337
0.3167798541582104
0.0469928176154592
-0.2041087933694023
0.2867115777012588
-0.4772684480458135
0.1060198401192863
-0.0928076655539466
0.2788442970538374
0.0010026004467171
0.5981794433378894
-0.1704476869347327
0.1740492468373422
-0.1026339532598546
-0.2963528327650457
0.3337514475147680
0.4401818296274931
0.0963874618920977
0.0941336695267598
-0.1539365871101765
-0.1160946668424002
0.0100044585648030
0.2327427644175855
0.0179572442749703
-0.2634541916186389
