0.0603119488577608
-0.2325928162234005
0.1935964158232496
-0.4229365321050743
-0.2729173044130538
-0.6599952187983670
0.2507277555875070
-0.3911089579015430
0.4162863148830421
0.0950940670895405
-0.6335138103530160
0.3148425846515479
-0.1905186597172617
-0.2017261867998710
0.4630745753880950
-0.1605252158237450
0.4040545351949862
-0.0432981724253452
0.0514691023509502
-0.2952234277498150
-0.7137751482922520
0.4530144961403328
0.0126047847800452
0.1737909187258325
-0.2629865912145613
0.1153702977291904
-0.3828380413629393
-0.4163559676063364
0.3790415281527336
0.6691830600569573
0.0766777429622177
-0.0158923053667659
-0.0351185875646755
0.6322380745170553
0.0458432129494008
0.3310637060662504
-0.2180316578025938
-0.4860049388940910
-0.0600468569299895
0.4472054279968178
0.1812406865476466
-0.3008248798305960
0.0642705857139084
-0.3130467349350783
0.0837899002834721
0.7085094466556268
-0.4073094657366386
0.3156261308964783
-0.7535788803806378
-0.0508874979903342
-0.0602228142731872
0.2731020594609477
-0.2388463103001372
-0.4531417831507363
0.0470903702571355
0.2944745707183929
0.5494228103526473
0.3613330412805066
0.1957021177725546
-0.0276444905831802
-0.0188477639154190
-0.2963184357942149
0.1668900277302276
-0.6422595558113360
0.0491916290004452
0.7738174367857897
-0.0883505125359855
-0.4337090265305392
-0.3237959478014096
-0.2658130104307826
0.0056188834475853
-0.1653646915911242
-0.2156018520335760
0.0104128100028069
-0.1569913448957707
-0.7056681606979046
-0.1517213143724823
-0.3855681192229229
-0.4801371503012300
-0.1690555071483606
-0.1819916378678805
-0.0811563521836239
-0.0752091553439311
0.7924969944604927
-0.5320342435893868
-0.0661061738872885
0.1637111005452311
-0.1111440504501893
-0.4242018598250140
-0.1207159754811647
0.1267422676101541
-0.6416699835467361
-0.3721136158457963
0.4779128644956128
-0.0308516517053236
-0.0992743251783471
-0.3323643925183085
0.7490636911387939
0.0362599353764483
0.3758414169977718
-0.3064769672596565
0.1524895808338514
0.1287842352583825
-0.2282528435407054
-0.4430435294879110
0.2133455953288635
-0.6754441682571475
0.1724804439050751
-0.2906110278215882
0.4231003921612910
-0.0909707878838585
-0.0218486700651968
0.3805291697206943
0.2810278817805281
-0.0147588271009732
-0.2134004137323802
0.1691392975527662
0.5750673109743608
0.3379246542798506
0.5069119598086036
-0.1957836245159130
-0.3538201190311345
-0.1744983475740842
0.0921000377316706
0.0316933984426012
-0.1456822847160711
0.4612052546038030
-0.7500732757703410
0.1688803195300846
0.3316965093655012
-0.2908229463679717
0.3904563007499610
-0.4871840499686617
0.2935009721707593
0.2229913049046609
0.5012050609765775
-0.0948283102280321
0.6692179328564486
0.2594550888551351
0.3054232812155813
0.3103418263991155
0.0405004471368490
-0.5329995265830878
0.0226670534587277
-0.2754521248242935
0.1735765348913757
-0.3982781219004776
-0.2332326275720716
-0.5294796210320821
-0.1543876496172817
-0.3217042467721399
0.5227777297114758
-0.3604054166042640
-0.1343510206339176
0.3901504485746818
0.0198431356050714
0.1553898425926770
0.7420542658699687
0.2703996204067748
0.2270245030615456
-0.2112101895720825
-0.3633956699086567
0.3361796674304268
-0.2003982925404059
0.7084805654989077
-0.0154444481317858
0.3452793556614438
0.2208087913831603
-0.1089375902664438
-0.4361816418355938
-0.6531374018332287
-0.4575497130530009
-0.1756688114993328
0.2434927701281635
-0.2626237411054588
0.0530893711933057
-0.0704947635882796
0.1219911751130389
0.4269607053616701
0.1029595689225145
-0.6843114989210645
-0.1102065478568794
0.0498760774580142
-0.5516676453235274
0.7205437309093451
-0.2464501203792596
-0.1175663674224237
0.3852472147166480
0.1469311148728331
0.2796773705874993
-0.2221213871370813
0.3296903214476250
0.2291207882667136
-0.1413815580455659
-0.2654513661998178
-0.3976990507624584
-0.4499061359847541
0.0844940677548225
-0.0388592385957818
-0.6984419356877174
0.0608568281875800
0.1665544191667900
-0.4683461099598535
-0.0921058722404690
0.2073512322453428
-0.6481806754619379
0.3408739297718895
0.4017421361385544
-0.1363493897619723
0.3694115942165689
0.4658200912889912
-0.1476975501742582
0.0781996744284513
-0.6936469178350514
-0.3047021667629896
-0.1613578261538809
0.2301586433015511
0.3912431723745345
0.5135098307929561
0.0399028150499079
-0.2254282142091805
0.5343071243431096
0.3998013869021095
-0.1803553884966812
0.0496887202524083
-0.3834628559103207
-0.1775115306243603
0.5554339702484709
-0.1575618734799611
-0.2935066378177013
-0.0989804650317283
0.6242603683806401
0.6381031945585165
0.3325928118888674
0.4741992924129419
0.1225377093494024
-0.3443944758965714
0.0464422119968064
-0.3486558513707292
0.0007339334172861
-0.2428406928676607
0.4578604538370081
-0.5697393277445943
-0.1259921883238646
0.1710558229262953
0.0045066936348922
0.4214733989184498
-0.4289464287785174
-0.3359609244035099
-0.1135498294044400
-0.6439131526542422
-0.1229410357387498
-0.4587327490740989
-0.3980589884573905
0.1535610467110915
-0.2281016410609807
0.0364495993878247
-0.4441730867645119
-0.0105539408518994
-0.1569549978668898
-0.7618761449091939
-0.2626574251923148
-0.3550478444112922
-0.0336494229400025
-0.2096898457658260
0.1100641707937027
-0.1114943928401680
0.3342059513595741
0.1254398669253046
0.6651720923403783
0.2840315912527928
-0.5300268029627695
-0.1131962615535479
0.0897919409281197
-0.2291981576469794
0.0187977615630358
-0.6382852206079368
0.3085322202675982
0.6005030458049638
-0.2510673228345275
-0.2301545984747066
0.1079665405694098
-0.3887365164273957
-0.7716558507223624
-0.0819945918857470
-0.0746991383730929
0.3708505845266148
0.1974082707090473
-0.1435653068947115
-0.2464897827838701
-0.1212212641052875
0.1036248400384138
0.0762036312926996
0.0253982518623041
0.7160377230495019
0.6115856455520743
-0.5297064336708259
-0.0753059440977683
-0.3442750119670177
-0.2146035964169677
0.1084777823979266
0.1650163244350647
-0.3044928078875326
-0.6461009478340265
0.5766263459692476
-0.0145008342501707
-0.2740956446898216
-0.3623590189450154
0.0048932311743133
-0.0341021312249847
-0.6649127580767942
0.1325270801488485
-0.0648766705810927
-0.2169081108927745
0.3163958838617314
-0.5721428958037625
-0.0291038974864582
0.1141167293327389
0.1417400468984740
0.6980889161436340
0.1728009454605543
0.4249485292028937
-0.3891387704557676
-0.1327832269507294
0.6310231865751260
-0.0473754549761110
-0.3399371738541703
-0.3232742409276994
0.5509274575249746
-0.3423984249916048
-0.0955861060703696
0.1572477224730844
0.3825018994043354
-0.2164793351673862
-0.3809478734765463
-0.4550674865368067
0.5835931214959715
0.5571340035591121
0.1091797418006504
-0.1924876337700067
0.3142152353879978
-0.3770253392457242
-0.0897379000862887
0.2260903672241828
-0.8336039450635948
0.3304344987838549
-0.0174341654926339
0.1390072821602340
0.3204545781391478
0.2566631700995872
-0.0520546244590755
0.0708076740501353
0.3996159334704185
0.3627243520432877
-0.6562737245590489
-0.3638136421726397
-0.1838954987942609
0.3301656677286703
0.0384279484560233
-0.0371342500633562
0.1160216257408549
-0.2548280834253534
-0.5346078658557980
0.3890149067370617
0.5933643895583601
0.1236616474651083
0.2262743750327057
-0.2566902174090058
-0.1914747924771143
0.7095625786173817
-0.4177973599770576
-0.1803043515442086
0.2044845554912267
0.0828924693755087
0.0157847667357018
0.4515083652686922
-0.4546593603350615
-0.1953408131428739
-0.3083809607901960
0.6654510341499668
0.1595705514362679
0.0413707125673118
-0.4345354984924141
-0.0347496871524969
0.4727711360769445
-0.5143186696146331
0.4150241961823432
-0.1068422455522719
-0.0147531107111154
0.4026574168383714
0.3676918968556843
0.1753722597874635
0.6553865656013765
-0.1371349182034186
-0.1215288899313262
-0.0811000648120387
0.4833067132902268
-0.1245505307553970
0.5103286888744424
0.1441609785169238
-0.1529292062634032
0.6540891654935224
0.5330282604776111
-0.3726292366371873
0.2337242249301646
0.0792010458159728
0.1258486506450380
0.2215189498537434
-0.2062283712180933
0.2498766380635779
0.5867391075898001
0.4628366382678133
-0.3144450231596017
0.3036567356796676
-0.1503353264255277
0.3505241710232072
0.0041584020947889
0.2898966399571504
0.1220304462139715
-0.4022755152992630
0.5140638639672392
-0.4564465456919310
0.4607027117167877
-0.2331813284267804
-0.0045048049458162
-0.0666257750295709
0.0197142426386180
-0.2976063035565932
0.2298936236803544
0.3438746746475705
0.8351057997310312
-0.1951409304513384
0.3189127427723961
-0.3058780680502035
0.4585433698280815
-0.6113455003482793
-0.1857754671268505
0.0843518807264774
-0.3632136209365746
-0.2172004345569576
0.1250952507683601
0.6282807345445348
-0.0129924765858733
0.0292664456182998
-0.0385566595995382
-0.0929110706536338
0.7416485826818313
0.1686044611063697
0.2248556643401106
0.1986089920401288
-0.7623027404453981
0.3224922902166741
0.0384276451565055
-0.0773763647771491
-0.3480777808201388
0.3102671847233268
0.0047510835859445
-0.6027192137773982
-0.0661387432268532
0.2406108696710216
0.2579870946161588
-0.6038081383046923
0.3774105771934248
0.0293035823731887
0.5416761696493343
-0.1432539841109344
-0.0417565857740572
0.4196076032042069
-0.3902116918289412
0.4131805016996613
0.1173192479982733
-0.4141303813684959
0.5343940149419001
0.6618321029130647
-0.1676068964094824
0.3924906278883202
0.1077869220694674
0.2675621022694256
0.0307341865649049
-0.1005397945089894
0.4405032676026554
-0.2249969918827723
-0.4570786379981622
-0.2354590149888277
-0.2053495291555417
-0.0107649922379116
0.1166734930732225
0.6596016810569322
0.2379107265097566
-0.0761031427689353
-0.4957498023864210
0.1465522184590984
0.0845245925563018
0.5358115351386971
-0.5063725209493003
-0.3459910991106370
-0.2158205361144095
-0.1417635361435578
0.0958498371658358
0.1234468558521137
0.7252964730631977
0.4350292263981829
-0.3650832712423033
-0.2455750026109680
-0.3318022877792386
0.1723997388894428
-0.2805317502786177
-0.2404804369985240
0.2463504896269768
0.2203937482999809
-0.7573978593781934
0.2018494065933647
