-0.4679516609328644
0.1682333524043463
-0.3195946948569861
-0.2297541655519296
0.5122258346449214
-0.4228351765720631
0.3957602107025932
-0.6505382096282570
-0.0540993605075783
-0.0499691063659950
-0.3658810561026778
-0.3280341151054247
0.5731166114936304
0.0379263385731615
-0.1166507712244445
-0.8569915118472162
0.1252975189373633
-0.0988790149995527
-0.2217176718108273
-0.4009299706485581
0.1287557803671635
0.2625521430096350
-0.3308153327492765
-0.8473637791167511
0.0799717463675925
0.0939602387866388
0.2971461612649535
0.0090755614476083
