-0.2957077014851662
0.0186611444967091
-0.4478106485868308
0.1901834370045816
0.1033797213222512
0.6675401640560129
-0.4374617653630302
-0.1431236898252767
0.0857331681291633
-0.3821200611103576
-0.5781318897753713
0.2873601189177622
-0.4071777973903440
-0.2074432828403966
-0.1424953732811754
0.4405850383512082
-0.0590552093817297
0.1021657453038652
-0.0504607885561736
-0.0343013737318601
0.2263539087593988
-0.2928705816809000
0.5078895631879021
0.4437505841387824
-0.2611039816876946
-0.5769670305820291
0.0577513809627857
0.1782347483666979
0.3087299895554955
0.0916967055875555
-0.0408996623305631
-0.0821876796285997
-0.0930244637364607
0.0826765233699099
-0.8832301978368339
0.2459628923348832
-0.2986615199436287
-0.2322007034300113
0.5158346714384071
0.1758916815725629
-0.2014737358502418
-0.3505632610578684
-0.0304648818798529
0.5684488614315801
0.2689095658309370
-0.0990034433765167
-0.0114600151416983
-0.3663105527686505
-0.5109462704312501
-0.2798122330857943
0.0544317132992270
0.5909125208772571
-0.3982927661307396
-0.0757960542279598
-0.4814784270499441
0.1110455293703599
-0.3578433909948864
-0.0632182615037202
-0.3802308613559843
-0.5573620815319006
-0.2789381152268479
0.1385464461221996
0.2675245519753502
0.0339226902652414
-0.4632656827369760
-0.2025005519174816
0.4126837425218960
-0.2848439317888664
0.6160484290312535
0.1394661968433679
0.2943776933876939
-0.0784795170705149
-0.3971037203136386
0.3410600667440082
0.2434863412848322
0.1692836629202203
0.3796735913610316
-0.1720648425986506
0.2117862104637422
-0.3207197931803358
0.5626465840525184
-0.4979004062413024
-0.4455456272601164
0.0917690938209328
0.4428231296186393
-0.1340639530444604
-0.2588189221439710
0.0092427209208538
-0.2496155017985312
0.4491288057944476
-0.3566687447393695
-0.4803886392642254
-0.4203440940403957
-0.0322010760420815
0.0206029953927005
-0.2217952684009830
0.2805606248761441
0.4150963888136204
0.4045382483249051
-0.1152152073137813
0.0745453878402253
-0.4841330962691431
-0.6695841734014674
0.5074846279393362
-0.1414793540196134
0.0765767224295704
-0.1225058751539322
0.0034470144617210
-0.2646852271236770
-0.2327375299154066
0.3789759239939718
0.4141648550472877
-0.2639408663956661
-0.3967862308841023
0.3649603364447902
-0.2023298618909111
-0.3992269785777767
-0.3817629334448167
0.3872665552218373
-0.2091487829686130
-0.1348246482442199
0.4573619019677811
-0.0535851959818868
0.3550123005917105
0.4745000538953983
0.2812924836262642
0.0741676617170755
-0.1374812218734879
0.0464568545200435
-0.3315297366531059
0.6175351289718283
0.0541019894561798
0.4326192803446464
0.3999783981758204
-0.3634680790108482
0.8268684213589711
0.3426166581578752
-0.1950616853240135
-0.0878185161546528
-0.2918542662270381
0.0442904470283945
-0.0315561856180280
-0.2037646839420661
0.1532478083541036
0.0769241009810118
-0.0731811767052310
0.0588441972289827
-0.0874329078789607
0.5313097472090236
0.5276035448689276
-0.4682569450725222
0.2955210164399344
-0.3322156819487732
0.0846370037537482
0.2263662993013804
-0.1890497324394827
0.0104462943871819
0.5359402796252023
0.5287869019481229
0.3873497469345139
-0.1792335175129139
0.3958963229021010
0.1051082137308987
-0.8892151023450694
0.0610224203784791
0.0660296377828848
-0.3033955255305084
-0.1101056132485965
-0.1625892912206971
0.1997108710915676
0.1402615973122232
-0.5587565093025858
-0.0388322694686671
-0.1172459171996817
-0.2681902673174776
-0.3031767156579017
0.1986026949000885
-0.2364494993777465
0.2114893815144207
-0.6071369845331930
-0.4694089543785420
-0.2549516630772417
-0.1792049192105939
-0.1409487847230562
0.1156740320875613
-0.6715844621129560
0.1330179765430742
-0.4059213001817912
-0.1257054675954019
-0.5776498759509863
0.4246505226896247
0.4169577077828356
-0.1756564215373657
0.2103599844838457
-0.0099459738019602
-0.3561737291163301
0.2699473769168706
0.1928784301122465
0.1110593378713162
-0.5534963280317033
-0.1752812781800000
0.0413020570473656
0.0717394388206422
-0.5133411588146900
0.2307967443590003
0.2618024692808865
-0.5083354103212315
-0.2345446487092699
-0.5083417075877014
0.4728084648172463
-0.2074784700972238
0.0286010735314850
-0.1889970373585916
-0.4854940707553925
-0.3702934757264451
0.1030665013001202
0.2078525622016333
-0.1042566232282224
0.0474414397527537
0.0827168031619169
0.2680818126290457
0.0847843467227178
-0.0089280300268076
0.6828636555797331
0.6256168025433577
-0.1682912937841918
-0.1765752734094718
-0.0264934669307789
-0.1874908895611279
-0.1738839569649846
0.2460777044814351
0.3136964820655252
-0.3992394866960948
0.7456922676735204
0.3486002540251276
0.0267273320121640
-0.1085913035972176
0.3078217088648498
-0.4732431244697104
0.1947671377685484
0.4079210483750836
0.1946417166584668
0.5523033265951962
0.1718795306251308
-0.1163513064660564
-0.4135850979279763
-0.3229263888456297
-0.5746715273577970
0.4824716213388411
-0.1968993140330260
-0.2707696918985465
0.0804606669383911
-0.5232921833774237
-0.0339384091869511
0.1069819224561454
0.3107860505252453
0.0821764682069616
0.5142275810706174
0.1808087140741780
0.2516994236174427
0.4997529452331783
-0.3135946433657063
-0.1867866338351572
-0.2727064442984423
0.6889365421886849
-0.2548149071340085
-0.1505682067366556
-0.4026147853767454
0.2264360236141870
-0.1295894639864385
-0.1638550352983387
0.0260003520724910
0.4762621811398116
0.0169003392902999
-0.2588828771067734
0.4642391334938712
-0.6737222156754062
0.0332099099498295
-0.0884385849481629
0.2396289328358564
0.1060703678931166
0.3517958156544548
-0.4644039748716635
-0.5626389827429465
-0.3247064985877777
-0.2444669205174943
-0.2795635851160602
0.1788264391441609
-0.2637762568776140
-0.6371474180933735
0.0393146607775463
-0.3392123296913729
-0.0280578151168309
0.5946606620289050
-0.2080161948191077
-0.0548268893533605
-0.0846719416389406
-0.5817557862319942
-0.2041047264017770
0.1540547163210524
0.3861569695225818
-0.2964857583998263
0.4402454985654768
-0.0211895098392543
-0.3374098364104128
-0.2259139396752908
-0.3115970424602089
0.3302162256246082
0.6487818840506504
-0.0165634988237569
-0.4003292239850458
0.1153455804913852
0.1358759114675186
0.1730139183362044
-0.3882113794418619
0.4569744860766534
-0.5239334116613208
0.4657535112792978
0.0152375864766988
0.4550794316250980
-0.1907694646970253
0.0395818558501572
0.2227091580389151
0.0696649967582065
-0.0672053474056773
0.3283653014507871
-0.5901987655347981
0.2599199475808444
0.1297556740472350
-0.4020177808212242
-0.2154578969224527
-0.4968311940626867
0.0069668005649636
0.6629690556205196
-0.1181328651286623
0.2824318105112555
0.0328032515586723
-0.3723196812886162
-0.2284087470250891
-0.2155836909839538
0.4684966498536425
0.0944189442318815
-0.1210368872270425
-0.2659583543325286
0.2726940981180096
-0.6339382730609623
0.4864339137847430
0.1079676796507978
-0.1747474775841036
0.2589729225501864
0.3041344975925941
0.0647979885150965
-0.0669628547708133
-0.1464696820625380
0.5677739506273678
0.3513848625630508
-0.0456940809751815
0.4118680345893829
-0.5873083353835176
-0.0858541821272022
-0.1852898291726285
0.2139314558072446
0.3105622936922033
-0.5066533240664521
-0.1219525804130826
-0.2928138411268146
0.2545805230032760
0.2053457903356011
0.5993029022492721
0.3732447968966717
-0.2680154330569630
-0.2841537122517998
0.3179354683076638
-0.2656774384140395
-0.6736150973454418
-0.2172325715610110
-0.1059145552388953
0.1558206379974784
-0.3670459029628743
0.4338794220675997
0.0193603511203110
0.4070722134590824
-0.0237992546969634
0.4297757332498670
-0.2117908945378393
0.4627373397170818
-0.2582412206955037
0.2737872178553846
-0.2288935813411658
-0.3029881364543711
-0.3598314780187496
-0.3622974790886853
-0.1819676664671723
-0.1685264086449061
0.1748151458839088
0.6542435354819232
0.5657298725454705
-0.2184034112468606
0.2789588697213172
-0.5327524725502444
-0.0610351671781872
0.3580174489234086
-0.3717657014555069
-0.0210361160384723
0.0072369149534161
-0.1574719929497934
-0.0883318932861094
-0.7438884714154104
0.2945742713470856
-0.1050357723740886
0.2569706240938737
0.3876197828449419
-0.1908907979415542
0.2519944064925850
0.0891204506567492
-0.5038738096906376
0.1130199733499507
0.4295662568581632
0.4490515433104774
0.4619763224647804
-0.2026900821557286
-0.0787156725741504
0.2802127909191915
0.5429556638400420
0.0071253320583758
0.0724578224486357
0.0252876064812594
0.3059934293872031
-0.1659339278461405
-0.6186643487739836
-0.4179166462052005
0.1438500288967612
0.4058734135233815
-0.5648324209477282
-0.1233484980227398
-0.2651829939847291
0.1592577704615173
0.4105971347189858
0.3316604987752152
0.1041267706904769
0.3404410681218851
-0.0389497833687185
-0.1126558301605769
-0.6044925066042857
-0.3519807321113990
0.0953078907417483
0.5628900423159209
0.1972844246443316
0.2721311618262458
-0.2399680078005085
0.1789959700281132
-0.4368350736823105
-0.0544288657067207
0.7165163820828260
0.1142851662794907
-0.1919641080921333
0.2991312042159093
0.2846606826699617
0.2008851270715556
-0.0141308195707351
-0.0303891988751832
0.4923003189602091
-0.3064370916640919
-0.3865551378706647
0.5325552135816017
0.1319726844902594
-0.4605997459435049
-0.0021623580121358
0.1491129423795217
0.5242839394380950
0.3234204712984743
-0.0152164475910512
0.0324127402366897
-0.1081309441015211
0.0783705049598338
0.7591450692742669
-0.0536029913059594
-0.4367420073569929
0.2616737753481480
0.3107616698971090
-0.3251071730168337
0.2114952660248056
-0.2426020828563685
0.6002466532445144
-0.1167294086958960
-0.2469978686906203
-0.0669228324310401
0.1969863586662478
-0.3333120134627010
0.6056088402120611
0.1220465290837969
-0.0374175166754138
-0.1963826953587497
0.0541937280547197
0.6488915119839899
0.3084054720458161
0.4584269269560594
0.4148408126814947
-0.0855009049296028
0.6219605447128975
0.1366898521578402
-0.1764829023791018
0.0985616716435468
0.2625792452422294
0.1990950370833002
-0.2286992306768832
-0.1875431549945279
-0.5820771671297434
-0.2570393260588819
-0.1306765835036405
0.4359839175986019
0.5084714623632255
-0.0479664003037812
-0.1567130132531856
0.1265919791315095
-0.5617762770244719
0.0780563234097858
-0.3597152952886884
0.2748680659786261
-0.1532982359324895
0.5625040170034326
0.3047481937608087
0.2324892633081875
-0.5590154343205266
0.4287567262782023
0.2728418210115925
-0.1136403437079528
0.1101374728811624
0.4002457364840940
-0.3863629928786846
0.2016385244082752
0.0633779965664113
0.5495315388343059
-0.4878252910181332
-0.2035878572186016
-0.0605956487581231
-0.1210806006420013
0.2173175924749842
-0.1306430966253954
0.5761509246877926
0.0595848739378849
-0.0378207951039519
0.3170925686799698
0.0532061761150643
0.2002345902489965
0.0407537240337937
0.8347648870066570
0.2340455919069545
0.3134902281436270
0.4270290940312145
0.3416897910446669
0.0383943794260788
-0.0258960421890749
-0.0028299614055718
-0.0851746993913748
0.6268988891224125
-0.3012320258990460
-0.4557892248244068
-0.1823855903499271
-0.4950426897396131
-0.0694199311812162
0.0393386823991169
0.1093935929048613
0.3031100494116654
0.5852325467228363
-0.1929237111538078
-0.4813961162057118
0.6792010315670703
-0.1632853311855386
-0.3121280918141480
0.2169583770129988
0.3620115760561416
0.1634904587808523
0.0187458563555522
0.4325756450196476
-0.1492460022128183
-0.3466396985481029
-0.0346365981048827
0.0591743992136441
-0.4637970127140059
0.1950780828745465
-0.6036786971530398
-0.0142654443802853
0.4851582543068587
-0.1482109459440300
-0.2381063604798166
0.2146283581388556
-0.4928595958365586
-0.0803087286582655
0.1906675593316512
-0.1691914509958538
0.3222311348751435
0.0384439281797353
-0.6910783245815262
0.0326695110039849
0.4608952253785039
-0.0216639315416241
-0.4451432042795943
-0.4746700776351769
0.4258871401706826
0.3231887382007514
0.2178616235474565
0.1711149021810754
0.3389957333025867
0.2451953367412294
-0.1671054210251907
0.0506417641442422
0.7612218888337225
-0.2857902798645221
0.0125913081590520
-0.1737455502885739
-0.3209227699003172
0.3414695056119954
-0.5736093162442093
-0.1683817354339511
-0.3047543791390283
0.4446794836368994
0.0782682728894391
-0.0991168584438837
-0.2551575202380263
-0.3928714944511852
-0.3203772625952943
0.0800801652176138
-0.2030947195248277
0.0644718213756744
0.7954128302910156
-0.0027318375246272
-0.3933490745929378
-0.0106529653240479
0.2408640326390794
-0.6614244237676840
0.0093564867696450
-0.2497421056539518
-0.5613386691831547
-0.0937247142626801
0.2604557989962186
-0.0011683382610117
0.1315479342403882
0.3017121105135601
-0.2174180000508905
-0.4993278960210005
-0.0065331377203787
-0.0694853968029994
0.6685145735045231
-0.0802391013149269
0.3761283326581740
-0.2060350639017133
0.2475018074657348
-0.2532509308821535
0.3760304364781301
0.0964313368213611
0.2397986286718655
-0.2215330990755590
0.3022377223458786
0.6583181676847087
-0.3792870201654226
0.0999834158786542
0.2149421787524467
-0.0656657217951314
0.2397080932868854
0.3736304531653977
-0.0581693065025823
0.1085224676457755
0.5075581977631221
0.4621324055137617
-0.5158349626664102
0.0513927802933370
0.2560482794254301
-0.0714792210260158
0.0741215127251446
-0.3432720707918717
0.6405123619785247
0.2097321562586578
-0.0802762233591694
-0.5853811862462633
-0.1524683363595628
-0.4069986903567491
-0.2516105674149959
-0.7141359060524666
-0.2739381653743594
-0.2384830282122795
-0.2790369612034467
-0.1139006474106139
-0.1227038960880427
0.3972065502401327
0.4583017322889817
0.6422059626753852
0.0170875808510278
-0.2479487777968044
0.0563617564297106
0.2775428113736977
-0.0337672723883285
0.2768402244681189
-0.2230962092239829
-0.0504490572423328
0.8605058641176508
0.2379668716762041
0.2626917759811175
0.2463388930648876
0.0120547481138024
-0.0809245895808442
0.1191657429866557
