0.4925771834232404
0.6435978164301125
-0.2858513872565489
-0.4936856464128563
-0.0739482273388719
-0.1106557529461707
-0.0231372146362108
-0.3975106886874608
-0.2314394381466633
-0.5817780590246465
-0.6360240292799809
0.2118807031431328
0.2922301627938790
0.1968237234742409
0.7133972485630417
0.3216715279051952
-0.3191731954046021
-0.4019729083461140
0.2064066121333810
-0.5438874598896837
-0.6648826418974048
0.3188979056340406
-0.1886908455032709
0.2867293227965678
0.1545513421933990
0.3818183463697665
-0.8269254059628811
0.1515066225745849
0.3270870678630835
-0.1287742184118117
0.2335999194482834
-0.2059691081990131
-0.0858426728603190
-0.5869488454577297
0.7415016371636701
0.0361277527268199
0.1250423243719369
0.4096705117366417
0.0108101369948815
0.0214449599415814
0.0682044337114489
-0.9007252071428099
0.4426004366882896
-0.0949254079087296
0.3779011967663232
0.3173110912631336
-0.5345821116929504
0.5155776789956901
0.1651753824892007
-0.3710969471255604
0.1206717896051293
0.6198750565207759
0.1448268262975639
-0.6443776631254928
0.4645545030445061
0.4217015027457844
0.1990966387827483
0.2856928770601501
0.3272634793808357
0.6148135325194741
-0.5658410491969750
-0.5788964324017988
0.1292336269165918
-0.5248752814352139
0.1374880192925290
0.1833152496641822
0.1053263196795510
-0.0373792691005157
-0.5945491835704880
0.3524055866662000
-0.4447437803286295
-0.5585997648454479
-0.5277022966055126
-0.0815365180029788
-0.4578989169641766
0.6115164671186322
0.2469023331953703
-0.2651367808088513
0.9001990129253750
-0.2008455844896777
-0.0567100668780162
-0.0133190388618894
-0.3330966296871097
-0.1869652243834539
0.1069855743670534
-0.6837401542293781
0.1008757568501636
0.2551051894264186
-0.6391777457513983
-0.1930044603513522
-0.1226867285762542
0.0721762864816312
0.0472814725293053
-0.9459993447719910
-0.0321541410194584
-0.2855772462271867
0.6935646158203089
0.2756739159497242
0.3923409368991477
-0.1410335133752133
0.4435522461258431
-0.2690939576464579
0.1876710761681332
0.2088389682838128
0.0590367392174266
-0.3125231860096660
-0.7740206075999138
-0.4700019926932748
0.6329295803201309
-0.0660566226314207
-0.3976183748443199
-0.3245086040032382
0.0902230726173009
0.5687620416693063
-0.6567987328327514
0.2546112589175329
0.2837586265513110
-0.3466003672595639
-0.5503508149722713
0.0158662886122415
0.1169259287363773
0.7764262919043771
0.3426152596882748
-0.0204377251015706
-0.4436282320680459
0.2624530726860393
-0.3724465285547569
0.3528976855602217
-0.6627958736693381
-0.4016626741280307
-0.3370121705714958
-0.1501277117645397
0.3451534117631467
-0.2669713420945122
-0.6708299156390383
-0.4967654539886078
-0.0035644736769963
-0.3358482207532650
0.3228075301667871
0.2794257955084447
-0.4902632229683011
0.0479473573496148
-0.6961195121185267
0.3007942340668756
0.4128152556914494
-0.8060341566321866
0.1759048266635516
-0.3182135845591100
0.0426768630738357
0.2141700140713638
-0.2559675895941547
0.4049871932656199
-0.4452053462964798
0.3383950546676674
-0.0071591574037664
0.6765321126443000
