-0.2767340020221826
0.5344419151243308
0.2145261685782816
-0.7692650092641333
0.1359732079832741
0.9127007209088263
-0.3704016596040147
-0.1062604880745328
0.3411239733883747
-0.2890420851738493
-0.8925375532777388
-0.0588712473714322
-0.1368488803663490
-0.6580404552686457
0.6689410325250789
-0.3174476936072957
-0.2976075405615844
-0.1482018244759699
0.8886376234951088
-0.3158941992690658
-0.6115485694051134
-0.5962224427326394
-0.1638690266125651
0.4936335565554011
0.2149831726978347
-0.4483672207222646
-0.6698320624036933
-0.5514291241987314
0.4257301160708206
-0.4561476629451574
-0.6515929720954543
0.4314044234541521
0.1265427394996995
0.3786859113811984
-0.4751076691602549
0.7841279349101218
-0.0703824210386532
0.7377950084752738
0.6702589683600207
-0.0381805658767544
-0.3869421327447692
0.4605019559883471
0.1215615793347795
0.7895799623011402
-0.8674213687652506
0.0152845561409711
-0.3419959194953360
-0.3610891059025908
-0.7281423840335265
0.5778069278250515
-0.0357147699533280
0.3669772171927425
-0.7694991542421655
0.0812393623706592
0.6213072114288029
-0.1234850867463995
-0.3305247542391483
0.6442699264400708
-0.4096376469144297
0.5548573212551723
-0.2266433927026404
-0.3783802995889434
-0.8642463524321021
-0.2419490932717560
-0.2113782470028245
-0.9553886967848448
-0.1983896569640542
0.0565085724421859
-0.5720960260053074
-0.0425260875449064
0.5108821670093268
-0.6402320519459426
0.4957983309272780
0.6179738396801591
-0.4170645320618726
-0.4453644851317826
0.8737509504517561
0.2239492224236681
-0.3297541207502533
-0.2786902262525811
0.3463871810849504
-0.8229051366649944
-0.3190815929070255
-0.3178521572969168
-0.9128003420681274
-0.2893829464052409
-0.2616703925474637
0.1207545092913194
-0.2678714027993955
-0.3660662053665851
-0.0792700826958973
0.8876692508137133
-0.1817047380347254
0.0158458825103158
0.1044929689275996
-0.9776571564857983
-0.6313952230099407
-0.4781539058207785
0.6040314619239008
-0.0886279172418987
-0.2338306780520105
0.2132033668062679
-0.7969408584107048
0.5145413555583437
0.6435067693787704
0.1955795991948004
0.0324071230917961
0.7393222819010751
-0.7148581232276764
0.2869234068491410
-0.5340855268461232
0.3484328805824525
-0.3051628918925622
0.7376256704949941
-0.4202445914141468
-0.4314840240677930
-0.5235882667778912
-0.6233830937158589
0.2627024665565398
-0.5179153014025352
0.2026050660673603
0.7579952353073565
0.4541190096126775
0.4221022809267759
0.0874263134643519
0.5498275461100823
-0.7829872046143619
-0.2774479170272969
0.1835447733157208
0.5314409346325383
0.0781529143598281
0.8232702904650698
0.5483025614050669
0.2331747872577584
0.6073676324876268
-0.5254506434959587
-0.4739068584673710
0.2988276648716369
-0.2743134185814772
-0.7815794678668927
-0.0542047157547719
-0.4398608638972177
0.4602254530280120
0.7692703046307577
-0.3033867642594554
0.8729710215260084
0.2331475506572154
-0.3025231998881351
-0.5032130416406975
-0.6353247441259138
-0.5789614113955451
0.0891223223381122
0.1499154250251001
0.6597499411636635
0.5019967267827887
-0.5387528809885404
-0.9044370113692750
-0.2738891072345077
0.1768865870267291
-0.2751174017283055
-0.0372824178150697
0.1194039756071504
0.4073022782269953
0.9046864462796870
0.7893021761674011
-0.3151671464506866
-0.1307255003751956
0.5104729062812161
-0.5100502460808508
-0.1633326288559778
0.7684206829580214
0.3502868150904159
-0.9804274900583571
0.1916055948561027
0.0363190475943602
0.0270214644227139
-0.6554405767459693
-0.7481528659592437
0.1030629135852142
0.0065555591071802
0.4483235426534706
0.2152349629162721
0.5689740490958576
0.6549415571610473
0.7601910982818869
-0.5418202561425519
0.3255733372603776
0.1501409544119748
-0.8055696179625352
-0.0022698853606624
-0.1024014030611288
0.5835806635652495
0.1829854580052291
-0.1458674335532462
0.9717909958026738
0.0293474779845479
0.0154724633759633
-0.0565743785842885
0.8292436839556333
0.5558010931840375
-0.5324195474370468
-0.1328409803013037
0.3584424528416537
0.7552494339358209
-0.7232067185392482
0.5883277090297385
0.3573704914612867
-0.0559364003152722
-0.1108168701748720
-0.8073412482903269
0.0536332632552132
0.5770989543971287
-0.7171781306879339
0.2941270695459394
0.4632810618943018
0.4295526201914814
0.3852916277614269
-0.8984488466798187
0.1977966403437105
-0.0722254840440307
-0.0387911269533228
0.1779236798998972
0.6014595966644778
-0.7778719471614681
-0.6672954403796614
-0.1140134234549511
-0.7359204043137663
-0.0117852889340300
-0.5097754931087994
0.2810864665802135
-0.7071324877232817
-0.4013514541364135
-0.0982378978369666
-0.3027118676826339
-0.8939064587699103
0.3156676789950219
0.3739051709235429
-0.6092569628365687
0.6972057864979238
-0.0538977519531915
0.0553680257537746
0.8976796774812628
-0.0865060248555691
0.4285117104875352
-0.7064616216986546
-0.5378875785174473
-0.2899007482612099
-0.3571365090565997
-0.3758246098520472
0.1313692385241133
-0.3491937187490218
0.8482698465614467
