0.0193439990257901
0.0974392817042653
0.2664476250442744
-0.3072034677148078
0.0087883234061609
-0.2809050889474895
-0.0481587538637603
0.1064415511525902
-0.7229260618840083
-0.0646637615741125
0.0794298250929739
0.4461126824897571
-0.1501997222534854
-0.3657117411031605
0.1621650884029426
-0.3811500819910338
0.1403822611755551
-0.0838235536425639
0.4390371945612789
-0.1410881716158478
-0.0155125529102241
0.0634054993749017
-0.3182163319831790
0.5720196120676215
0.0590992515604621
-0.1327295264979684
-0.2488800639892631
0.1290279797670969
-0.7781318627963073
0.1592207951920688
0.2003802722598391
0.2229436249345560
0.0071947201607482
-0.3073645605168571
0.1500450218638653
-0.2501316230910586
0.2295299810088047
0.3213910817748961
-0.3197429735170362
-0.3510440660936825
-0.3195694703254993
0.0262243314722391
-0.0996053940276313
-0.0156147780387958
0.3824542050511778
0.4931121474530448
0.2427261816319504
-0.2392321654919409
0.1462359866342945
0.4370265875533590
0.1630318026306299
0.3994786435248723
-0.4974521243394350
0.3405645953919318
0.2753146621137590
-0.2536803218417069
0.0936464977577194
0.2448416373034238
-0.1603810320275969
-0.0585349881723658
0.2345460541869479
-0.2869249563129191
0.3786589557533841
0.3757559588566905
-0.1619806892108327
-0.0719262847002564
-0.0613225358818248
0.1002524698576561
0.0675903400373210
-0.4006294338627161
-0.2786074788514037
-0.5386746723938444
0.1952856010377763
-0.2534786817868113
-0.4664578935780122
-0.0210187106649959
0.4361179123668750
-0.1295092760073984
0.3668608357003380
-0.2195560991386133
-0.5107414347291515
-0.0963969007011279
-0.0198006708467285
0.1388627291565590
-0.1832887908260598
0.1049358980337632
0.0068343263299094
-0.0299882865301680
0.1016104549847784
-0.0337511152070573
-0.0501507701993014
-0.9070583759976156
-0.3217175645026327
-0.0295594460744683
0.0108625440513377
0.1149778436570218
0.5533498164325803
0.0873945180816566
0.1885245576112879
0.1826453788612733
-0.0832058236626521
0.1869528921883981
0.1686985719276819
-0.3119002722762376
0.4152491343943968
-0.3416501371183948
0.3981750858540465
-0.0441553599553494
-0.0155629706949676
0.4733561292589347
-0.6611490185812721
0.1211921904810129
-0.1029885324732213
0.0840396348002296
0.3645054187717871
-0.2417257577051175
-0.1235842162137044
-0.1129989570640972
0.1016314306771227
-0.2766777660834352
-0.1486860353267969
0.0196493177763513
-0.5030308538180971
0.2031877075114004
-0.2484593049625026
0.2012451243855573
-0.2589515608821235
-0.3994633532157000
0.0198487212784629
0.1999712585139162
-0.5598071568221077
0.0235806335519541
0.5741482826064431
-0.5053785832840277
0.0549768088263492
-0.2673608682635200
-0.1597156605810253
0.0945782606354325
0.1955940100389835
0.2023714334359863
-0.2269937358091984
-0.3248184461168120
0.0598292654348872
0.2572234053502736
0.0828090098824213
-0.1916475414496517
-0.0787745711224855
0.1540846837717980
-0.0024399572420831
-0.3255115462123188
-0.0236986539027859
-0.2006349385421520
-0.2844416576561032
-0.6613497382774759
0.4729506146169659
-0.1942004717916837
-0.0477432975284392
0.1933343566045000
-0.2313973171026183
0.4758479508479147
0.3170797564177681
0.0898049394756956
0.4050307181935208
-0.1748372291601256
0.3163748104794187
0.2211378584205783
-0.1455328799169239
0.4549386581446010
0.0211829402596167
-0.4731999654384310
0.2961872693212715
0.0546903658914494
-0.4943426638587524
0.3095831610721075
-0.3233149317943679
-0.3942268939739071
0.0226698845538840
-0.2263975680716340
0.1538939997122120
0.0964271927205039
-0.1753228854733769
0.1470786125618670
-0.6873650087080005
-0.1745715261920061
0.1160815280598179
0.2052471884925178
-0.4203598467748989
0.3969194519710370
0.2084545106245869
-0.0415337239998419
-0.0865624605973173
0.0465158050013771
-0.5832331320605948
-0.3033651034889335
-0.2427995919839493
-0.1527981750421305
-0.3320761072029392
0.1960976209794390
0.1143020052451918
0.0488835433977532
0.4742257410857337
0.1520387128124307
0.0223242267263691
0.2698559644332692
-0.5052798734937242
-0.1537893845542292
-0.0188269728976833
0.0424231564438261
0.0551210327807535
0.0908155669053387
-0.5025459566891457
-0.0502943056870165
0.2763351915079827
-0.5260939944404144
0.0637669024096764
-0.3087343476489098
-0.1284644371085207
-0.0275174246256890
-0.3300400176409284
-0.0413139823711871
0.2596637130847576
-0.1702922690066419
-0.2327743090992886
-0.2415787360785169
-0.3268566255047096
-0.0760640144683612
-0.2701228571652627
-0.6910500777669711
0.4733671273288391
-0.1232606046298889
-0.1323323544542835
-0.3257228033711951
0.5247317716412843
0.1338125746420064
0.3366179480099648
0.1077362709892468
0.4233141145699599
0.0994598429562844
0.0555018986644559
0.1636693142213403
-0.3289195917358508
-0.0954260174465587
0.0316036647395810
-0.5329521782773329
-0.0661667022384864
-0.1450963773137822
-0.5230881643876066
-0.3607761659954810
0.2292658157836529
0.2832538388725093
-0.1754218202563773
-0.0699209124552278
0.2652549713095045
0.0119217720258515
0.5588983828778809
0.0832531753563518
-0.3142379756782167
0.3695954752341976
0.0058075893330024
0.4142372767364991
-0.3985467346470072
0.1936648854284774
0.0743585705400835
-0.0367671483050087
0.1345779873677913
0.4105631319231470
-0.0507097400919458
-0.2043626025890969
0.3171467604016316
0.0668139496195587
0.2504075395076537
-0.1411142387641382
-0.0507307188702511
-0.5736931395378873
0.1450448701710966
0.4781133282707719
-0.0056753768178021
0.7401476007973694
0.0926044734801994
-0.1176639596090357
-0.3658344489065563
-0.0780832996456043
0.1461752994570747
0.3714297440600177
-0.1830469714106229
-0.1822427125942316
0.2510597602815534
-0.0268365670187416
-0.0268725353139512
0.1104383519867586
0.1446411383240658
-0.8065009223026713
-0.0111037535420459
0.1656766352155627
-0.0940536229000657
0.4250245659589386
0.1112993943867415
-0.0850895045563470
-0.0335321486017476
0.2791061630829275
0.1984405626975502
0.3979752543745644
-0.4140694076141878
-0.2816612421599396
-0.1478303413968950
-0.3784175336272960
-0.4935974251543274
-0.1798085872271400
-0.2445732377323970
-0.1953785442936917
0.1096675177288188
0.0202858556885236
-0.4038111476417251
-0.1741199679856284
-0.4172071732930821
0.4029912444794190
-0.0834362945740010
-0.1485395780605070
0.4022396723685023
0.2250658678580268
0.0351542877221956
-0.2038442646557274
-0.4230244241951214
-0.0833068614601409
0.3205682258456742
0.2610417677300723
0.5361072844561690
-0.0507195262570699
0.2238586011661902
-0.0152936854771730
0.2773543938440716
0.3490556149841675
0.1066254946033396
-0.1357947414929387
-0.4746341705353341
0.1868450193699456
0.4310137815049738
-0.0784548659541978
-0.0423487588216843
-0.3435184463989511
0.3138283717081036
-0.0529174246695477
-0.4717986106287634
0.2946414053412746
0.0403800412636701
0.3315471029052298
-0.2759368275346860
-0.2998040432486892
0.3956290404888707
0.1843861898124896
-0.3704767606564034
-0.2946752847489170
0.2144777953559708
0.1949346824749353
-0.0074522407271570
0.3520439130545133
-0.3561539671219138
0.0686150861199201
0.4820247346569849
-0.1161921288038138
-0.0178123218771769
0.0243306066925670
0.0923241433614517
0.2046895629106663
0.7223911493345920
0.0259092864219892
0.3428422918306342
-0.2212183176566579
0.1122721098214009
-0.3067898152757123
0.1278684763985571
-0.3695878361145212
-0.1880847742627565
0.3333660539798195
0.3180656638781515
-0.1703330567468739
0.1829566357894506
0.2409384873058181
-0.5604828594618047
0.0783643913034571
-0.3164178358030257
-0.2286422893592224
-0.3988826038594771
0.0008373807996559
-0.2908938745604734
0.2155845059882302
-0.3299975869987895
0.3487014511024303
-0.2714553609991981
0.0903850343557486
0.2244225250372488
0.4161910486010817
-0.0609952656180446
0.5307965815031569
0.2168980490752110
0.0215601926869597
0.0471583983684551
0.1082690844507299
-0.1521552636028356
-0.2300371157920147
0.1450032696494198
-0.0285207458627213
0.1510938526916686
0.4603043828814723
-0.3189213550134955
-0.6420613839761680
-0.2778797096449768
-0.2495314590336454
0.1528314333832877
0.4110651330804124
-0.2371422433741673
-0.5830276575818771
0.2548765924124932
0.2253087030313939
0.0425266294564123
-0.3355014904603669
-0.0357550967486546
0.0506019288207341
-0.4130681654070008
-0.0833676884980976
-0.0044208849522826
0.0141638444633272
0.0471419122478651
-0.0464323194872323
0.2145149598816649
0.2609383323844018
-0.3824338096476183
-0.1392965674096225
0.6842044927640760
-0.1285450644752291
-0.1895094816128611
0.4416598489652030
0.0708865969191839
0.4354079717040359
-0.0726929224358148
0.0001618720057175
-0.0854534395845975
0.1644934711385682
-0.2965575137955047
-0.1282352288287778
-0.5428712042849927
0.5828717134025242
-0.0506054805267635
-0.1560454507751462
0.6135098868070735
-0.0315494798413484
-0.5101433997218371
0.1738963373853566
0.0926014456136550
-0.3109312350918698
0.0164095870088260
0.1142342072634299
0.2232396060683693
-0.2960412202750541
-0.0796631577896647
-0.2640634219406249
0.3460578616732831
-0.1079872400136874
0.1402058591969098
0.1257068608736150
0.4459895609262987
0.4495317458356458
-0.3200580555390701
0.3384438161279504
0.0603405024423703
-0.4402161016584185
0.1304786757603708
-0.0264590771193899
0.1238232080385190
0.3713394708040153
-0.2857316434095867
-0.1845521363833209
-0.2875162312591282
0.1093821273254920
0.3563072287984172
0.1768700755833230
0.5577098763534448
-0.2342451777744697
-0.2885673699405134
0.1703602449256846
0.1270239463412724
0.4622008418618812
-0.0025367921581999
0.0570922716647735
0.1757242974086723
-0.4774869273941988
0.1514064762703116
-0.3292552168058009
-0.0222839896205203
0.2599517736048403
0.5526203276227040
-0.0574708218287657
-0.4509906950083315
0.1863354166788642
-0.1522106132602600
-0.2871037209081545
-0.3131451265596517
0.4827949232543007
-0.0137155437632148
0.0993786866979093
-0.0428776882415273
0.1326659144368771
-0.1893099470565428
-0.5097036819398841
-0.2658769866721503
0.0188701360830457
-0.1795251767405205
-0.3456418983211523
0.0392097535480592
0.2402535254894066
0.7612060670481327
0.2932745781792479
-0.0642923500703849
-0.0636940397754099
0.2105282086482401
0.0062733839327686
0.3477731032386532
0.0769219768893501
-0.0892558892334907
0.3175522233540551
-0.3545730958543326
0.0672509358547057
-0.1271243660073812
-0.1485764515486760
-0.3987861744951854
0.0889672630661717
0.5477235801722803
0.3590317640653292
-0.2563316811017675
0.1977252599576852
0.2289062947277626
0.0234962695930100
0.1919018239357108
-0.8075327305944429
-0.1506256339091649
-0.0527610776627525
-0.1120797855061332
-0.2761884090560177
-0.1808765852059060
-0.0792662335287892
-0.2771844418053747
0.2620130023284544
0.2357057281248056
-0.3247909295741204
0.1662113507228143
0.0877539357461987
0.3974835555852202
-0.4352387718485103
0.5280412629348347
0.0949398551824628
0.1390190969568627
0.0595922899031729
-0.2428810520842775
0.3858073393717729
-0.2829292810886016
0.4368370212541376
0.3601935471121721
-0.0760173691586564
-0.2052479056929029
0.0671241353416796
-0.5138645610568682
-0.1355082887897774
0.1836259309743721
0.1516501898810480
0.3300272308647607
0.1466674689136286
-0.4229278155530899
0.1792948904839478
0.4713255380986793
0.3003147719439522
-0.2921792812414147
-0.4295383464501283
0.1080543123658106
0.1434588967103604
0.2063093873766163
-0.0390856005776309
-0.0044662473450779
-0.6066388149857047
-0.3296416015594961
0.1411608769660833
0.1938963573195822
0.2324963517198380
0.1717268735293248
0.2912994851864095
-0.1015593532525830
-0.0949089352393324
0.2221740952413914
-0.4782261235004944
-0.4873833024541948
-0.5223512568778107
0.1374686147942357
-0.3074396540165668
-0.1073605708996887
-0.0206991234110906
0.2775913662814176
-0.3577586655477381
-0.1264067507953277
-0.1084048876903797
0.0127135002435027
-0.3623465541427539
0.1934928693809713
-0.4957604226044118
0.1282872935960622
0.0596523208095265
0.2699306550077608
-0.5011990157796162
0.3144811629948761
0.3237623038580792
-0.1024429875047254
0.1970097244939439
-0.3099304192976869
-0.1536827204081834
-0.0207852081426654
0.5768004609068252
0.2268932634654698
0.0887087872950697
0.3991364417746139
0.5646156601401932
0.2052556993485770
0.1176072057416251
-0.0755476132025196
0.1805358930812966
0.1841216013426147
0.0354384967664711
-0.1212790086117297
-0.1021077520429272
-0.1046104170865736
0.5108205758080148
0.5245076881629391
-0.2851321384907561
-0.2884757633547000
0.3290598857972056
0.3709578759612779
-0.0299199078327149
-0.1276144585337241
-0.0169318202055098
0.0151191000111250
-0.2567004809845718
-0.0629526006497118
0.1491943613990455
0.4594538607169082
0.1678878217396959
0.0405232353314564
0.5076332802182285
-0.2328282413655115
0.2543922691608043
0.0425071882996754
0.5369405555822815
0.1069469390516666
-0.1788266709718274
-0.4093191064335987
-0.5552739690065511
-0.0568005028026846
0.2913286011861485
0.0352247519903318
-0.1696455325136439
0.2310094462091755
-0.4487112953168541
0.2679632148057220
-0.1899514314622933
0.3811506453451858
-0.4469389541362729
-0.2192507967886693
-0.0350319595003617
-0.0672134938225312
-0.0042815261820236
-0.4642999935248667
0.1653973297242788
0.3640274651101857
0.1015888495501133
0.4348899346613606
0.1619855422159774
-0.4323041242183640
-0.2451379542104825
-0.0676035240100340
0.1328184054926259
-0.0085278647245480
-0.2379864959302189
-0.4476427533233674
-0.1770380111796094
-0.0972479296996975
-0.0227323276161464
0.0685563806290991
0.6539869094188095
-0.4651368334816573
0.0835030584685205
0.3324981081778511
0.2478315721404838
0.2303997737751040
0.0610349729424386
-0.0274835233449379
0.5229567725538506
-0.2109810988685277
-0.0454398412278512
0.0537953959090751
-0.4734757477515542
-0.5861250298609508
0.3846501106919909
0.0803480578804996
0.0764273780802791
0.1364154538841233
-0.0093416100324178
0.0362977225781414
0.4179847960938424
0.1730046257616671
-0.1943203433131812
-0.1673868432021940
0.4536189804074360
0.2076743002146335
-0.0125567438051845
-0.1205473326423678
0.4188658390159067
0.4037074463684363
0.3341602687973624
0.0882467787172632
0.1595399410135019
-0.1919091015361394
0.1835471504403962
-0.5803364898651197
-0.2270266225113337
0.2729526784719291
0.0526725530879729
-0.0508322361506256
-0.5662588736656814
-0.0133497389181490
-0.5395534026382247
0.4883132417365748
-0.1264660530314119
0.0039933132401495
-0.1989836937194325
-0.0095343495238022
-0.1185262588585135
-0.6124400684882852
-0.1864835728076195
0.0210849741736868
0.1330635774047204
0.3902837867577362
-0.3970610751640185
0.3523650811255069
0.0245850573871253
0.0182096458739525
0.2221226069823375
0.2712245889078697
0.1183774446079891
-0.0810763608856293
0.2548918866915699
-0.3244934366763497
0.4325721148423864
-0.4940541299039747
-0.3603189906958076
-0.1986150497972146
-0.0941350888566326
0.4023980865001465
-0.0350496211521566
0.1171307809649302
0.1922009305819134
-0.0552245934588895
0.0006371712611789
0.0287682058446183
-0.2620074260197068
0.0362361694019423
-0.5955703314783237
0.0240224060066344
0.2461279249745417
0.5848947564964780
0.2720195371580001
-0.0853621144994580
0.2948186405500856
-0.0487938725288981
-0.0148936112506196
0.5173314911284577
0.0659174003354804
0.1561265813468585
0.4006572402483849
-0.2009029157693698
-0.4557898432634304
0.1138220513899271
0.2018956403261000
-0.1766121070462930
-0.4555251050090359
0.1867920748928620
-0.2279535318159861
0.2935227067763898
-0.2234080681388304
-0.2199786546281554
-0.0652043314252769
-0.1062838993382565
-0.2247285895667530
-0.3878750574526835
0.2240018790101223
-0.6760268346126341
-0.0707217160479859
-0.2028163609569127
-0.5380171347618983
-0.1179988658904034
0.2837653881859123
-0.3022597862163967
0.2031521830460070
0.2159747259783619
-0.1028963102811617
-0.4871585819839387
0.2786144441371508
-0.1033359351122588
0.2438528855852311
-0.0117500116831321
-0.3415707255886938
0.3269824277679843
0.0050049016234141
0.1583503695900410
-0.4511906367613706
-0.1546476844664280
-0.2245025722053156
0.4384280980944110
0.0571059354976306
0.3349136918630554
-0.4069842896031818
-0.3760342688721161
0.0260588229127860
-0.3423491843664196
-0.2253248761994188
-0.1494015758951131
-0.4584910751919147
0.0516070315483488
0.3383958498349369
0.1891196175894925
-0.0685782315144724
0.2172849547955280
-0.5025465287263573
0.1791149779567856
-0.2075646804807247
-0.0885262912718900
0.0619277931766853
-0.0318134663492372
0.3324016209232631
0.5320154681441344
-0.4639229826537642
0.0916908347252432
-0.3085120986950913
-0.4387245001503230
-0.0856080289214687
0.0917013117728871
-0.3008855262167028
-0.5423367699074721
0.3864175208029804
-0.0556339345509229
0.2988007625994487
-0.0780854712261607
-0.0955330130485223
0.0386545885200131
-0.4668567301822246
0.0581179233824903
0.3566273862233318
0.4281023545093395
-0.0840307898802420
0.1762512627715988
0.3980294268197433
0.3286267770205857
0.0373924395661573
0.0387896468969299
0.2313023919874422
0.0956300121132072
0.5149912973430969
0.3518483120248057
-0.2400368962990379
-0.1196054105771421
0.3058356713354194
0.3009313482805219
0.3854147092904044
-0.0666769437027150
-0.3671237951220627
0.4757510832901235
0.1736015174114829
0.4359077697800884
-0.0538375177301854
0.0561414797494787
-0.2475615270998920
0.1938605320675694
-0.0368691945701671
-0.2775735617748074
-0.0660305969813798
0.2648865391322871
-0.2679361572061097
-0.2464042997114225
0.0872841739798775
-0.0728669131343786
-0.1991768330664493
-0.6659054655857949
0.4253848596406841
-0.0327630397333548
-0.3822966363578337
0.0972996555694976
-0.0723179267557560
0.3289827031966360
0.2897973150096618
0.1727414351167621
-0.3362933517200447
-0.0334292187531680
-0.0489546752785174
0.6163027995054300
0.3458187695451846
0.2087058591137519
-0.2670396542639659
-0.5907137222397330
-0.3733459371454851
-0.2383119445399627
0.0351640937851786
0.2600867915968464
0.2175427970580776
-0.0998932058173455
0.2277964516762067
-0.3754831829645083
-0.1447245529472166
0.1771192391579823
-0.0984388391150901
-0.5218782600117382
0.1981219961612673
0.1148549187464697
-0.4868145894966053
-0.2186084458538213
-0.0321749801218746
-0.0881829995938695
0.5686294171778071
-0.0267068380110241
0.1284345626870023
-0.0155573008476792
-0.4764537113612198
0.0715103861994967
-0.4920656800076881
-0.1089024924383041
-0.1055459391004020
0.1113339348880574
0.1850158156656815
-0.1999196039216471
0.5230438134353860
0.3723325286633730
0.0608890516808070
0.4424824050345864
-0.3508867876201692
-0.0410028783336018
0.4849246716542152
-0.3116108010627577
-0.0142297462847016
0.0356787452565147
0.1228126422637396
0.2791408833152350
0.1904885189083990
-0.3887577552537311
0.2554541337946833
-0.3815319747364664
-0.1358492537254835
-0.0788030752591972
-0.0883779540508607
-0.1467456386222862
0.3506684359862582
-0.1757954023144814
0.4269397550086939
-0.3560409935727043
-0.3461621111295123
0.4164884527830768
0.2102795880782856
0.2967774876551980
0.1764538902907494
-0.1051765417059134
0.2616230577792027
-0.4267594705853400
-0.3812680107554344
0.2415417722213534
-0.2257256051342458
-0.3716229948725033
-0.3076538581067575
-0.3178586200235617
0.1752322766654861
-0.1314366572131410
-0.0899361585273793
-0.2477644359467517
-0.0817739416704575
0.2965541387773301
0.2088447915402376
0.3934082669686995
-0.2820585042389241
-0.0402305088333786
0.6372323561003308
0.0149527965066642
-0.3643720284761622
0.5533318286458886
0.0653839469914634
0.2734623778732597
0.0458864483693545
-0.4468598398831873
-0.5417195774915600
-0.0711040558098869
0.2065475668888713
0.0683818618720849
0.1406228990830987
0.1790375793238951
-0.1236719602779266
