.707106781186547570E+00
.000000000000000000E+00
.433012701892219520E+00
-.111803398874989510E+00
-.912870929175276930E-01
-.771516749810459700E-01
-.668153104781061130E-01
-.589255650988789810E-01
-.527046276694730030E+00
.000000000000000000E+00
.000000000000000000E+00
.000000000000000000E+00
-.353553390593273790E+00
.612372435695794690E+00
.000000000000000000E+00
.447213595499958040E+00
-.912870929175276930E-01
-.771516749810459700E-01
-.668153104781061130E-01
-.589255650988789810E-01
-.527046276694730020E-01
-.524404424085075930E+00
.000000000000000000E+00
.000000000000000000E+00
.000000000000000000E+00
-.408248290463863070E+00
.577350269189625840E+00
.000000000000000000E+00
.456435464587638400E+00
-.771516749810459560E-01
-.668153104781060990E-01
-.589255650988789670E-01
-.527046276694729880E-01
-.476731294622796190E-01
-.522232967867093610E+00
.000000000000000000E+00
.000000000000000000E+00
.000000000000000000E+00
-.433012701892219410E+00
.559016994374947450E+00
.000000000000000000E+00
.462910049886275710E+00
-.668153104781060990E-01
-.589255650988789670E-01
-.527046276694729880E-01
-.476731294622796190E-01
-.435194139889244630E-01
-.520416499866533160E+00
.353553390593273730E+00
.204124145231931540E+00
.144337567297406460E+00
.559016994374947450E+00
.456435464587638400E+00
-.771516749810459560E-01
-.534522483824848790E+00
.000000000000000000E+00
.000000000000000000E+00
.000000000000000000E+00
.000000000000000000E+00
.000000000000000000E+00
-.353553390593273730E+00
.204124145231931540E+00
.144337567297406460E+00
.111803398874989480E+00
.547722557505166070E+00
.462910049886275710E+00
-.668153104781060990E-01
-.530330085889910710E+00
.000000000000000000E+00
.000000000000000000E+00
.000000000000000000E+00
.000000000000000000E+00
.000000000000000000E+00
-.408248290463863070E+00
.144337567297406460E+00
.111803398874989480E+00
.912870929175276790E-01
.540061724867321620E+00
.467707173346742720E+00
-.589255650988789670E-01
-.527046276694729920E+00
.000000000000000000E+00
.000000000000000000E+00
.000000000000000000E+00
.000000000000000000E+00
.000000000000000000E+00
-.433012701892219410E+00
.111803398874989480E+00
.912870929175276790E-01
.771516749810459560E-01
.534522483824848790E+00
.471404520791031730E+00
-.527046276694729880E-01
-.524404424085075820E+00
.000000000000000000E+00
.000000000000000000E+00
.000000000000000000E+00
.000000000000000000E+00
.000000000000000000E+00
-.447213595499957930E+00
.912870929175276790E-01
.771516749810459560E-01
.668153104781060990E-01
.530330085889910710E+00
.474341649025256880E+00
-.476731294622796190E-01
-.522232967867093610E+00
.000000000000000000E+00
.000000000000000000E+00
.000000000000000000E+00
.000000000000000000E+00
.000000000000000000E+00
-.456435464587638400E+00
.771516749810459560E-01
.668153104781060990E-01
.589255650988789670E-01
.527046276694729920E+00
.476731294622796180E+00
-.435194139889244630E-01
-.520416499866533160E+00
.353553390593273730E+00
.204124145231931540E+00
.144337567297406460E+00
.111803398874989480E+00
.912870929175276790E-01
.540061724867321620E+00
.000000000000000000E+00
.000000000000000000E+00
.000000000000000000E+00
.476731294622796180E+00
-.522232967867093610E+00
.000000000000000000E+00
-.353553390593273730E+00
.204124145231931540E+00
.144337567297406460E+00
.111803398874989480E+00
.912870929175276790E-01
.771516749810459560E-01
.534522483824848790E+00
.000000000000000000E+00
.000000000000000000E+00
.000000000000000000E+00
.478713553878169110E+00
-.520416499866533160E+00
.353553390593273730E+00
.612372435695794580E+00
.000000000000000000E+00
.000000000000000000E+00
.000000000000000000E+00
.000000000000000000E+00
.000000000000000000E+00
.471404520791031730E+00
-.527046276694729880E-01
-.476731294622796190E-01
-.435194139889244630E-01
-.520416499866533160E+00
.707106781186547570E+00
.000000000000000000E+00
-.433012701892219520E+00
.111803398874989510E+00
.912870929175276930E-01
.771516749810459700E-01
.668153104781061130E-01
.589255650988789810E-01
.527046276694730030E+00
.000000000000000000E+00
.000000000000000000E+00
.000000000000000000E+00
-.353553390593273790E+00
.612372435695794690E+00
.000000000000000000E+00
-.447213595499958040E+00
.912870929175276930E-01
.771516749810459700E-01
.668153104781061130E-01
.589255650988789810E-01
.527046276694730020E-01
.524404424085075930E+00
.000000000000000000E+00
.000000000000000000E+00
.000000000000000000E+00
-.408248290463863070E+00
.577350269189625840E+00
.000000000000000000E+00
-.456435464587638400E+00
.771516749810459560E-01
.668153104781060990E-01
.589255650988789670E-01
.527046276694729880E-01
.476731294622796190E-01
.522232967867093610E+00
.000000000000000000E+00
.000000000000000000E+00
.000000000000000000E+00
-.433012701892219410E+00
.559016994374947450E+00
.000000000000000000E+00
-.462910049886275710E+00
.668153104781060990E-01
.589255650988789670E-01
.527046276694729880E-01
.476731294622796190E-01
.435194139889244630E-01
.520416499866533160E+00
.353553390593273730E+00
.204124145231931540E+00
.144337567297406460E+00
.559016994374947450E+00
-.456435464587638400E+00
.771516749810459560E-01
.534522483824848790E+00
.000000000000000000E+00
.000000000000000000E+00
.000000000000000000E+00
.000000000000000000E+00
.000000000000000000E+00
-.353553390593273730E+00
.204124145231931540E+00
.144337567297406460E+00
.111803398874989480E+00
.547722557505166070E+00
-.462910049886275710E+00
.668153104781060990E-01
.530330085889910710E+00
.000000000000000000E+00
.000000000000000000E+00
.000000000000000000E+00
.000000000000000000E+00
.000000000000000000E+00
-.408248290463863070E+00
.144337567297406460E+00
.111803398874989480E+00
.912870929175276790E-01
.540061724867321620E+00
-.467707173346742720E+00
.589255650988789670E-01
.527046276694729920E+00
.000000000000000000E+00
.000000000000000000E+00
.000000000000000000E+00
.000000000000000000E+00
.000000000000000000E+00
-.433012701892219410E+00
.111803398874989480E+00
.912870929175276790E-01
.771516749810459560E-01
.534522483824848790E+00
-.471404520791031730E+00
.527046276694729880E-01
.524404424085075820E+00
.000000000000000000E+00
.000000000000000000E+00
.000000000000000000E+00
.000000000000000000E+00
.000000000000000000E+00
-.447213595499957930E+00
.912870929175276790E-01
.771516749810459560E-01
.668153104781060990E-01
.530330085889910710E+00
-.474341649025256880E+00
.476731294622796190E-01
.522232967867093610E+00
.000000000000000000E+00
.000000000000000000E+00
.000000000000000000E+00
.000000000000000000E+00
.000000000000000000E+00
-.456435464587638400E+00
.771516749810459560E-01
.668153104781060990E-01
.589255650988789670E-01
.527046276694729920E+00
-.476731294622796180E+00
.435194139889244630E-01
.520416499866533160E+00
.353553390593273730E+00
.204124145231931540E+00
.144337567297406460E+00
.111803398874989480E+00
.912870929175276790E-01
.540061724867321620E+00
.000000000000000000E+00
.000000000000000000E+00
.000000000000000000E+00
-.476731294622796180E+00
.522232967867093610E+00
.000000000000000000E+00
-.353553390593273730E+00
.204124145231931540E+00
.144337567297406460E+00
.111803398874989480E+00
.912870929175276790E-01
.771516749810459560E-01
.534522483824848790E+00
.000000000000000000E+00
.000000000000000000E+00
.000000000000000000E+00
-.478713553878169110E+00
.520416499866533160E+00
.353553390593273730E+00
.612372435695794580E+00
.000000000000000000E+00
.000000000000000000E+00
.000000000000000000E+00
.000000000000000000E+00
.000000000000000000E+00
-.471404520791031730E+00
.527046276694729880E-01
.476731294622796190E-01
.435194139889244630E-01
.520416499866533160E+00
.000000000000000000E+00
.408248290463863070E+00
.721687836487032270E+00
.111803398874989480E+00
.912870929175276790E-01
.771516749810459560E-01
.668153104781060990E-01
.589255650988789670E-01
.527046276694729920E+00
.000000000000000000E+00
.000000000000000000E+00
.000000000000000000E+00
-.353553390593273790E+00
-.204124145231931590E+00
.288675134594812980E+00
.670820393249937030E+00
.912870929175276930E-01
.771516749810459700E-01
.668153104781061130E-01
.589255650988789810E-01
.527046276694730020E-01
.524404424085075930E+00
.000000000000000000E+00
.000000000000000000E+00
.000000000000000000E+00
-.408248290463863070E+00
-.288675134594812980E+00
.223606797749978960E+00
.639009650422693750E+00
.771516749810459560E-01
.668153104781060990E-01
.589255650988789670E-01
.527046276694729880E-01
.476731294622796190E-01
.522232967867093610E+00
.000000000000000000E+00
.000000000000000000E+00
.000000000000000000E+00
-.433012701892219410E+00
-.335410196624968460E+00
.182574185835055360E+00
.617213399848367650E+00
.668153104781060990E-01
.589255650988789670E-01
.527046276694729880E-01
.476731294622796190E-01
.435194139889244630E-01
.520416499866533160E+00
.353553390593273730E+00
.204124145231931540E+00
.144337567297406460E+00
-.335410196624968460E+00
.639009650422693750E+00
.771516749810459560E-01
.534522483824848790E+00
.000000000000000000E+00
.000000000000000000E+00
.000000000000000000E+00
.000000000000000000E+00
.000000000000000000E+00
-.353553390593273730E+00
.204124145231931540E+00
.144337567297406460E+00
.111803398874989480E+00
-.365148371670110720E+00
.617213399848367650E+00
.668153104781060990E-01
.530330085889910710E+00
.000000000000000000E+00
.000000000000000000E+00
.000000000000000000E+00
.000000000000000000E+00
.000000000000000000E+00
-.408248290463863070E+00
.144337567297406460E+00
.111803398874989480E+00
.912870929175276790E-01
-.385758374905229740E+00
.601337794302954980E+00
.589255650988789670E-01
.527046276694729920E+00
.000000000000000000E+00
.000000000000000000E+00
.000000000000000000E+00
.000000000000000000E+00
.000000000000000000E+00
-.433012701892219410E+00
.111803398874989480E+00
.912870929175276790E-01
.771516749810459560E-01
-.400891862868636650E+00
.589255650988789630E+00
.527046276694729880E-01
.524404424085075820E+00
.000000000000000000E+00
.000000000000000000E+00
.000000000000000000E+00
.000000000000000000E+00
.000000000000000000E+00
-.447213595499957930E+00
.912870929175276790E-01
.771516749810459560E-01
.668153104781060990E-01
-.412478955692152760E+00
.579750904364202850E+00
.476731294622796190E-01
.522232967867093610E+00
.000000000000000000E+00
.000000000000000000E+00
.000000000000000000E+00
.000000000000000000E+00
.000000000000000000E+00
-.456435464587638400E+00
.771516749810459560E-01
.668153104781060990E-01
.589255650988789670E-01
-.421637021355783900E+00
.572077553547355460E+00
.435194139889244630E-01
.520416499866533160E+00
.353553390593273730E+00
.204124145231931540E+00
.144337567297406460E+00
.111803398874989480E+00
.912870929175276790E-01
-.385758374905229740E+00
.133630620956212200E+00
.117851130197757930E+00
.105409255338945980E+00
.572077553547355460E+00
.522232967867093610E+00
.000000000000000000E+00
