0.1139920460419935
0.4782988257308475
-0.2755479747906300
0.3544780197489656
-0.1944293864653486
0.6413569957657119
-0.3278919204682779
0.5602493368340036
0.4482113751841978
0.1757519472323070
-0.5216389746286176
0.2157194708701503
-0.3203428062469649
-0.1818704849565431
-0.8834307431101917
0.2386697140117044
0.0124539054755602
-0.3644149620351318
0.1581711515839450
-0.0218836967957852
-0.0643157527037038
-0.1106684356499350
0.5378967804737171
0.3892069279681548
-0.6366523019144775
-0.1494055819340043
0.3414938916843239
0.0516842202674227
-0.3024002788756049
0.4191493400185118
-0.1693450616739041
-0.0875249474525147
0.4122384155183433
0.6619700252896064
0.2972956611642733
-0.0927232372564642
-0.7630446491049628
0.4210485881949005
0.2742403075346374
0.3747726125888673
0.1003416588010107
0.0784387991349322
-0.1253088796366814
0.2754936381638873
-0.2591522900881077
0.3849157443391791
0.3996315276505462
-0.4553075148070780
-0.5710259270691859
-0.6317704453323181
0.1491510618161917
0.2271999124665670
0.1704250838584736
-0.5983682459374318
-0.2643931925611540
0.2645888087425568
-0.2670490541431716
0.1832272655975909
-0.1741488530103050
-0.6123188996712950
-0.2480474204576364
-0.2624918724521729
0.5995171457300131
0.2784482528302954
0.2622708440936326
-0.0026507529718032
0.2550006865541199
-0.8273041072491719
0.1704346200803472
0.2741681101194990
-0.6467807940654410
-0.4322405460462961
0.1165807617244716
0.2090049991124000
0.0168500471668222
-0.4674434979766284
-0.3446464902378883
0.5360061045072367
0.1341872902968146
-0.3020184240706741
-0.0026581851437472
-0.2151463295385952
-0.0988783516039610
-0.7398676645843751
0.0683976398372614
-0.7502700093683786
-0.1873190886370356
-0.1373350690207366
0.0645109735239980
0.0271305672551850
-0.6112033870748126
0.2338176866651551
0.1716264365735380
0.6255341839680233
-0.2666340490266140
-0.4436587972824895
-0.3922250420068277
0.3206451500886211
0.4677110519507275
-0.1553390411444361
0.3279305017701241
0.2440953984058849
0.5574014916991659
-0.5168766979839179
-0.1101691099996927
0.2208643792727412
-0.3549856856904627
-0.6833036258259050
0.1808979583003292
-0.4720664473740468
0.3016310968320518
-0.1083887596885517
-0.2900409067764061
0.1268255002560387
0.0617966300196249
0.4777528230313043
0.2497599321128611
-0.6772039810485524
0.3830662160096260
-0.0034261976728108
0.0236007346050647
-0.5562887903812872
0.1727557676366163
-0.4932238263624061
-0.5919831083252637
0.2577125326909854
-0.5329737003966357
-0.1134359530917774
0.1099028205909250
0.0719889533615004
-0.1444887475386746
0.4707890483270470
-0.6658009865280844
-0.5276546958607485
-0.3401886672650923
-0.5822862770155185
-0.0658454913051956
0.2663760865526481
-0.2832109462910611
0.3336084469681538
-0.1436391721343458
0.5536528011296629
-0.3514156408971331
-0.2467476886534085
0.5705166948301627
-0.3425251872829029
0.2136496817310404
-0.0987058769574478
0.4677889016767037
-0.2076790163938341
-0.3864176805001715
0.3619574096826029
0.2545121515766017
-0.6190249542178657
0.2663764203850374
-0.3257074241771950
-0.0600326411186534
0.2906354960990618
0.1391425791582175
0.8218652967557704
0.2001552986059345
0.0770402547652071
0.0391728826628712
-0.7658492330659543
-0.5573437958529445
0.1315408392159678
0.2559814600871125
0.1119983462205704
0.0004876813849460
-0.0170140741967250
0.5030515277860419
-0.1698106619276318
0.1419954330592709
-0.2624978737656339
-0.7929350201578660
0.4167861184798081
0.0147974139022339
0.6422014807443103
0.1999164313471106
0.2461911014559840
0.1994593820782832
0.5227685367889230
-0.3555910948762550
0.7383526140531256
0.3258701488339952
0.1929245947699289
-0.1412955267285549
-0.0355483010426877
-0.4046616238499393
-0.1292899344290570
-0.1793883255600348
-0.0088309794981443
-0.9168106845237998
0.0056794765676954
-0.1566639715184508
-0.2931011218439554
-0.5509340881479238
0.4837116754266561
-0.5201005975322675
0.4233136513686430
-0.0397847638787615
-0.0101797252247051
0.1053997739159785
0.1615146706559355
-0.0315774320735176
0.1400367170290999
-0.6536619124097435
0.5425972643748067
0.1468613200563520
0.4583139322117295
0.4408205096175534
0.5326678033760479
0.1026974245291716
0.4145162432164748
-0.2088925933347981
-0.5389530347048620
-0.0739278261828009
-0.0959492931982697
0.1238441193366774
0.1940515220529765
-0.3237271667851386
-0.7804239837161752
-0.0663959936271514
-0.4685414316637366
0.4521104345519063
0.3200797659994304
-0.7283700139617758
0.3430674610585475
0.1935655569823900
-0.0665613505089866
0.0550354436678583
0.5742958455275348
-0.1083214445324460
-0.2535849528118296
-0.5303972430715121
-0.5242037722114395
-0.1688592672548425
0.0975763074482453
0.3182651938955486
0.6420805483552665
0.1656524306933926
0.3049928163468042
0.5750579193787351
0.1570959831169212
-0.1029938416070245
0.2960325450704275
-0.2110980558497496
-0.5198042334971100
-0.2939038641257670
0.2700097432778806
-0.6361694378731534
-0.1833292268493355
