-0.4082075136889167
-0.1249172911187551
0.9043021044692227
0.7875369573234237
-0.6016773332595302
0.1333038915090793
0.9674555805365791
0.0579209553677648
0.2463226798691429
0.8276330799295014
0.4665066888149234
-0.3120817109305574
0.4474048786086307
-0.7738496748747369
-0.4483141256903027
0.4418333004678552
-0.8969851930295626
0.0141738521016826
-0.8213506114797341
-0.1564874873130430
0.5485388220867483
0.2404318411966719
0.9339819889858778
-0.2643296691420811
-0.7529206755535588
0.3896426162275281
0.5303669370759644
0.1736345469273371
-0.8538799347059018
0.4906527297590256
-0.8656516356436673
-0.2104087688078464
-0.4542855882770329
0.1776428719167732
0.2773000300799225
-0.9442180380477991
-0.1794910428954544
0.9829593799752725
-0.0396714360583299
-0.2467814354011457
-0.3380035032650930
-0.9082139367582257
-0.8596183563991807
0.4035622125507524
-0.3133589346782898
-0.3825729088516607
0.4246925051881351
0.8205329033316122
-0.5150887167154208
-0.6563576602224902
-0.5512515177119418
-0.9668593804595582
0.2035432406653592
-0.1541203672354927
0.2962272620240379
-0.6811502613135827
0.6695399396198708
0.3313820973747655
-0.9045279032304321
0.2683564380018851
-0.0226471024834956
0.7167305474556163
-0.6969823750232674
-0.9185765758889693
-0.3904341152816915
0.0614676813642707
-0.4636428790792060
0.7562249562431903
-0.4616915596305934
0.4990039797390105
0.2553229694029743
0.8281335698423758
-0.0231359359119040
0.7479841253578599
0.6633132568267558
0.1857201505773226
-0.8627515202702180
-0.4702848497888958
-0.5336627838171659
-0.8194645996353804
0.2090019213139883
0.9842497919710074
-0.1351265237745879
-0.1139875851907770
-0.9917932554281556
-0.1260628523879852
0.0213142143891533
0.3665827312543965
0.9302213212093187
-0.0174755461618967
-0.1034349932513624
-0.8629161545447116
0.4946482713978267
0.6737867616477576
-0.6212326540184420
-0.4001017238271170
-0.8981721201005877
0.3155336090569713
0.3061460178240084
0.7431801473301121
0.6565834968787984
-0.1287687083137909
-0.6190353825887226
0.0101920485767811
0.7852969611866855
-0.9363769153970514
-0.2137062766226967
0.2784383228716311
0.5601613959734720
-0.0167082450075432
0.8282149751180663
-0.3972702065192601
-0.8000262282077184
0.4495936133797681
-0.0974583134244055
-0.9946444987312364
0.0344121822638140
-0.9180663366496864
0.3942937952036947
0.0410682915945096
0.7786097615678550
-0.6108457974018973
-0.1436462703577389
-0.0616047965328447
0.9755099210529841
0.2111521796509514
0.4100225586123323
-0.1522768086869827
-0.8992737486244690
-0.5901053991510734
0.7779155625362599
-0.2159235870780375
0.6425765960210097
0.6524951774822180
-0.4016781816435903
0.0610537160133759
0.1478864272792671
0.9871180519003451
0.9274811143870108
-0.0475384285376361
-0.3708353816285616
0.1041255231087649
-0.3911408044868901
0.9144215365479286
-0.7142479112003880
-0.1607793729310238
-0.6811753919408639
-0.8123119695003372
-0.5696166118210148
-0.1252444798944474
-0.6425278420106757
-0.4250169991244395
-0.6375880509359946
-0.9210742466270152
-0.3286716234291577
-0.2087994160741801
-0.4152456475630086
-0.8340233979479496
-0.3632850449101004
0.6078888497547603
-0.2837443694944856
-0.7415930684169124
0.3134395370339776
-0.2033819867311239
0.9275728672709368
-0.7383485679270555
0.3743832394608124
-0.5609621932455826
-0.0537237751798940
0.1292456518597627
-0.9901562086134517
-0.0353027993823726
0.9606750032930800
-0.2754219497491239
0.7515585050936959
-0.1121763329287343
0.6500586771607553
-0.3302798269170545
0.9130899430935835
0.2391275637666998
0.5767289675469521
-0.7911350384074752
-0.2036886079196118
0.3243974008365936
0.0732124762745063
0.9430833789481274
0.5367410673890987
-0.5581926231823422
-0.6327163835422843
0.5970937859299957
0.2647542639339541
-0.7572213616457044
-0.3559078531002305
0.4539816395565709
-0.8168416438007507
-0.0898153205622256
-0.8874788489377445
-0.4520116158689295
0.3806873537821908
0.4259984633264052
-0.8207328724462390
-0.5030396237524410
-0.5888316858852215
0.6326360585933831
-0.5982779694731858
-0.7990514597615594
-0.0598350724572387
0.2939453284734576
-0.6885934774377058
-0.6628990622250713
-0.8967274166860163
0.1490054276798079
-0.4167461129819704
-0.1728554499297318
0.2895347916890084
0.9414300812228131
-0.5397016476854785
0.5532415102101493
-0.6345439014488856
0.2600022954187725
0.7431504117195985
0.6165438118560276
0.4074449472693405
0.5077367993638457
0.7590730910238106
-0.6884897828392789
0.6012365199899379
-0.4055816390769088
0.1427369531101822
0.5764974103781573
0.8045352062179132
-0.6489503347453152
-0.6941737215381184
-0.3114262470631888
0.2147238496786080
0.9530869558738582
0.2133516414802118
-0.5719755122079326
0.2871587645399754
-0.7683644040312826
0.1308585368252509
-0.5404167569774885
-0.8311592940693672
-0.7906718237763780
0.1238437852364329
0.5995838422976794
0.1825661582292406
-0.0156059846437706
-0.9830697081655574
0.2524051642711492
0.7028285425564033
-0.6650741859501813
0.1241161292154042
0.5294098517370140
-0.8392379849317939
0.7125289668757259
0.4222205646690046
-0.5603858189975882
-0.7844670297811472
-0.4706587989812217
-0.4038462258433261
