0.1160154287104339
0.0935659182619581
-0.3373481885287475
-0.4719691771853112
0.0250124430034977
-0.2889573257284133
-0.6599234094075145
0.1843517117468812
0.2860130056299755
-0.0762710759703110
0.1680583642215928
-0.0222542184988154
0.5419553572789213
-0.4689060944720187
-0.2595320039667438
-0.2076337533117731
0.0401563202957031
0.2894669593293983
-0.5023497214139342
-0.0971857574583885
-0.6247205347272773
-0.0521068354496832
-0.1892476871169684
-0.3684629513567296
0.1787183922715521
0.3064212014341338
0.2021037718205720
0.2065563068237365
-0.0594633068323209
-0.4717498848237126
-0.0574443453209367
-0.0323519194708762
-0.1186166313707238
-0.0903758674714013
0.6100833862692486
0.1287540670442018
-0.2257780461584794
-0.0274392623251925
-0.5553300041040595
0.4738316126576723
0.0547002620831660
0.5837245694916702
-0.4451688894104929
-0.1281033291588046
-0.3925681550088600
0.1684322058586833
0.2777046816186848
0.2151206441734856
-0.1536958746597762
0.3349467679076639
0.2298154408265754
-0.2199387530033087
0.0689300149309405
-0.2692488451934284
-0.2830006993544140
0.7618964339098092
-0.2519242820310019
-0.3069172412071705
0.0382751581742938
0.0431384293729695
-0.2192540718086223
-0.2159431940878508
-0.0836998110038371
-0.4755684299766854
-0.1022099924284883
-0.3434057954176617
0.3154909947929531
-0.5670543235899369
0.1193334151103806
0.3292797267246282
