0.0015545197078108
0.5241809594609038
0.4062994866981897
0.3992349180142358
0.4413196223202125
-0.3550786210991321
-0.0221320202158173
-0.2818340824469762
-0.8704171780009269
-0.1782576373534962
-0.1492943426745484
-0.2298078827042509
0.1416402099774958
0.2476148592946440
0.2088805401723622
0.1024282166677857
0.3413251936922632
-0.0915550554451831
-0.0935148479640644
0.6300518019333901
0.2683286184735733
0.2738073640623554
0.3100965036273148
-0.4756825857602080
-0.3955450296803632
0.2139759699445794
0.6453627377224314
0.1121030980240554
0.0824569560258967
0.2860651129606476
-0.0674930760141123
0.5248909717209500
-0.0235941424865140
-0.1453373186909955
0.8286609015479304
-0.1578427011248386
-0.1375528946171065
-0.3382752521927106
-0.3180657973318477
-0.1794724928435932
0.0276173561251581
-0.1144919919640811
-0.0996835906263094
0.1240145450736485
-0.7092067996221513
-0.6660532609287358
-0.1159222990953141
0.0278070015488033
0.1361132323366984
-0.2857810330608863
0.4695283473123132
0.6608869139425451
-0.4625516554951616
0.1269026737791559
0.0315762928665428
0.1073248447022790
0.1032336816648410
-0.4930711398137840
0.0823939795681336
-0.5868792180265172
0.2659853144467432
-0.0261284488563101
0.5585553212056855
-0.1076696031571200
0.0853981377310837
0.4221430358920290
-0.0513487586716592
-0.3785030223644241
-0.3436848320635744
-0.1653713851289083
-0.5343174164941263
-0.4874824324884142
0.4854674677605778
-0.0914007477707932
-0.1386806533994862
0.0755260726806369
-0.4374476135097926
-0.0089567769882904
0.7238504161793199
0.1250226633406827
0.4219133470421594
0.0957389864701754
-0.0916305441021211
0.1799664534717529
-0.1633925736387526
0.2901868795987932
-0.1071240449891087
0.8060136313011624
-0.3976726286551938
0.0372611872821419
0.3666927696615245
-0.0745230608551732
0.0700020458410067
-0.6162415353177998
0.5172154053416310
0.2197387508475843
0.1910677778874490
-0.2528986825078547
-0.4634566171349535
-0.2010798311495541
0.1291505544679012
-0.5348578658418878
0.1820769019318132
0.5553426199998013
-0.1220043543568424
0.5774348280986665
-0.1136382460305245
-0.3786290755400479
-0.2796333457240264
0.6216788558507584
-0.0131320449896985
0.1748098125194806
0.3344814501786683
0.0382581038680714
-0.3075773920764521
0.3442912363866553
0.6961059044524301
-0.0785970022277438
-0.3669755438391695
0.2193312578197955
-0.5147380092703805
0.1621553732140457
-0.5065992392232249
0.3327258104310488
0.2311098755102948
-0.5335345941530270
-0.0428733551703287
-0.0386277146832503
0.1196896234331407
0.7955850601675397
-0.1885456674489576
-0.0958959662378881
-0.1563098793819815
-0.4420885387977200
0.1476150659709582
0.2575034733665763
0.4168732861435063
0.2257549869884207
0.4256857385651122
-0.3649774103423396
0.4909380986961609
-0.1996375638265503
0.0762985232058507
0.4172980383208764
-0.3558128158352123
-0.5043384884184144
-0.1161185586410192
0.3155328265202367
-0.0863027094067896
-0.1306588450787237
-0.4584120462627929
0.5208972540793709
-0.3639129042910218
0.4610985268297849
0.0346142889749591
0.5176347001041235
-0.2146348195755146
0.1581219854267232
0.5610070010115339
0.0034916556660254
