-0.9150895856543405
0.3259464179959298
0.2374236357707258
-0.4935520347436407
-0.7452814110621029
0.4482878621217541
0.2604174324610163
0.0658360734978358
0.9632488631173149
-0.6495295098813458
-0.7179560772096518
-0.2503007930291617
-0.4090958751224186
0.8651987249401258
-0.2899512567998336
-0.7653412528173260
0.4281236865750029
-0.4805859712158009
0.9264722852254722
0.3434167096371845
0.1539937279601387
0.9276323934490156
0.3266356830598781
-0.1811277813480247
0.0714590866839415
-0.0296689050807828
-0.9970021840505688
0.7097600256013324
-0.6604756576855753
0.2449747163753903
0.2744841334007187
0.9237002191395898
-0.2672758232102756
-0.8962829583129320
0.4364157886557984
-0.0788550445422272
-0.8238545420119024
0.0847827177962599
0.5604244680324354
0.3197083195253779
-0.5563281057512485
0.7669978025897379
0.9632404870834058
0.0046574032714954
-0.2686002096761841
0.0412986912061393
-0.9496139633906348
-0.3106891350501174
0.3956605903889373
0.3199271949219541
-0.8608712372721298
-0.3347230254291046
-0.6152659608502200
0.7137284453254211
0.7653854849815604
-0.6195275756258849
-0.1742717487679948
0.0589124447757669
0.8017562193488723
0.5947405220648289
-0.2741974890653912
0.3228054946156381
0.9058765642383008
-0.2311123298229619
-0.5755995898422304
-0.7843928882755495
-0.9316117327613272
0.1935265102714406
-0.3076476380595103
-0.9975340122974360
-0.0279687831325379
-0.0643711230278299
0.3969648384283082
-0.0107540894536900
-0.9177708137719400
0.3690893584253312
-0.8881800570431911
-0.2736955092213448
-0.0972092198676548
-0.9952277565536963
-0.0084900034051027
-0.7529259127684016
-0.5533098457310527
0.3563015359199960
0.0593438396781423
0.3335262373478378
0.9408711695513094
-0.2194322687168754
0.7996858506804426
-0.5588846210688408
0.5303848528294014
-0.6628265281162679
0.5285384579332604
0.5621772892232338
-0.8269936270298869
-0.0061835534742592
0.6010981514651358
-0.2292859456474562
-0.7655775384856510
-0.5570852273981608
0.0172066341454311
-0.8302770508427441
0.5666862875087919
0.8139170100758665
-0.1280849415765368
-0.6496181496754322
-0.1314095160219041
0.7488176004282731
0.7861430298710360
-0.1178784041486549
0.6066991168780070
0.4411391374423934
0.3195931768813257
0.8386038771121220
0.0114879178408893
0.5972691787708023
-0.8019585748865914
0.4579732562545624
-0.5284968586525314
-0.7148087625022509
0.0727276226484899
0.3026110528739465
-0.9503353321761853
0.6180399503826141
0.4490189325397150
-0.6452973097355598
0.3668109541905437
0.8077522161407625
0.4615041507998709
0.5292229090888416
0.5677029401391828
0.6305842404095358
-0.8352828822279887
-0.2436905581987401
0.4928665321379515
-0.5764998822833586
0.6862988647392334
0.4434430673546643
0.7124890811552507
0.2288810736882203
0.6633044273498212
0.3923946501575691
0.9086873643805592
0.1425261812539431
-0.9042632921071652
-0.1254477332101792
-0.4081308182187905
-0.2602354457833672
0.2678145911820288
-0.9276598824504243
-0.1155383380133565
-0.8190361963687720
0.5619880794882449
0.2360214991385091
-0.9714789717582926
0.0228573702744134
-0.2746147945703551
0.7715768678905497
0.5738082010038642
-0.7761544347208909
-0.4613259149373489
-0.4298403118255806
-0.7510147224168741
0.4095551510044574
0.5179203268832203
-0.5757266876827697
0.3407345222960276
-0.7432622460515026
-0.1037079492692139
0.5915473222167095
0.7995726526317760
0.0577272172382549
-0.9501790320306700
0.3063125454159302
0.8018501897092718
0.5969096229864563
-0.0271141153160413
