-0.2318269919537305
-0.0797247702218130
0.6234693505620300
0.5389831877322742
-0.2486706041259026
0.3057951687119909
-0.0839828425054174
0.3135002817658302
-0.5403823980711788
0.5613077261300066
0.3952425368719775
-0.2602538538408962
0.2368751895438173
0.3050724654148707
-0.1085621090635750
0.0894816905825450
0.3143085575705882
-0.3307237812129517
0.5373433050429564
0.3761773577944013
0.3322209520376457
-0.0873491281554923
0.4014523714859394
-0.2870889086196649
0.2005804249422848
-0.6211984563523479
-0.2120580199105818
-0.5248951878385092
0.0731757507661560
0.2172222410444465
-0.3818143951632408
0.2346784695547902
0.0693369494747600
-0.0734611848132453
0.1992130852515250
-0.4185959924446249
0.7735084746262176
-0.1292975132427290
0.2230656876798994
0.3318069849593271
0.3225478775443352
0.0092015785186813
0.3978736317009924
-0.0367066542589091
-0.6841507354617102
-0.1568306773523201
0.4874392315230252
0.0772806428237065
0.5544386223255032
-0.1577165270079186
-0.0012299140908690
0.4372680053988031
0.2102981069336717
0.5263075005350617
-0.3939949975988424
-0.0078455666448061
0.6146697467537549
0.6713335992085392
0.2033997945444643
-0.1973932360062368
0.1086944319400378
-0.2693169510380527
-0.0174149949368750
0.0806681675618548
0.0220015259253072
0.4425175150298222
-0.1453064982470241
0.4167280902410391
0.3605344353224123
0.1540616150674217
0.0461920906057654
0.6731003882000580
-0.2565151047657894
-0.1314339567177967
0.0368503662809664
-0.3218617549125806
-0.1763789677624710
0.4076392269087106
0.4270229848459476
0.6575289104728588
-0.4946151326241757
-0.3028412761258822
0.5145584928926951
0.0168712538302750
0.2913598844016632
-0.4396899019902167
-0.3321069929825660
-0.1003748140778842
-0.3859837761310259
-0.0103777189316383
-0.4434333055971217
0.4862388545876616
-0.0517132121009838
-0.5948176967415053
-0.1683610566937493
0.1817132719869191
0.1405736875423830
0.1281191328073753
0.4300319233455096
-0.2145915006613003
-0.2952745707356725
0.0802056241640244
-0.7978095808601158
-0.0522246813704555
-0.2862085964213281
0.2142711464436180
-0.2643951965862713
-0.0498140279945479
0.0782044884349982
0.4797064611894027
0.2442872331629845
-0.7098420772035640
