-0.0426763387457534
-0.1266841965836615
0.7428656063413763
0.4234526352202584
0.5009674650985712
-0.2905135053400197
0.7788418528612188
0.3225673270007364
0.0991191411549999
-0.4417385956140275
0.2625904605264288
-0.3977806066618665
-0.5415915403593461
0.5658509494050504
-0.3991342449262273
-0.0634396210266453
0.0831735349513805
0.3906003108593323
-0.3164936393109825
-0.8580913418744941
-0.0425658628038977
-0.5080645598917579
0.0154383657157428
0.0356169970446889
-0.8593902703029047
-0.2009837134204344
-0.5875042353310934
0.7086432532792608
-0.1742998312924166
-0.2861618926429243
-0.6740104718244787
-0.3507693272987144
0.1123987964469951
0.0665835172565844
0.6368704017964411
-0.8061532663282593
0.3441241496093360
0.1187600955352787
-0.1956996220107025
0.4234302522225469
0.4111316408440049
0.4416349888809819
0.5789194718976105
0.4801886938487392
0.2649535314930617
-0.9301995385096281
-0.2614876583505427
-0.2024667537433551
-0.1591985234643997
-0.0040083465677804
-0.1668377697510851
0.0385282774214618
-0.9780821684108240
0.1138118515647820
-0.0329069096634064
0.3168576592103600
0.0016853834710030
0.0070640705744301
0.5070803798368074
-0.8015098069105367
0.3471694899116942
-0.5905336731429049
0.6605075216022929
0.3063939777281588
0.0244104583635037
-0.5301479638464773
-0.1701083519525269
0.4603890488508378
0.4662485620640107
-0.5105492014457498
0.4002153406960393
0.6381379386538495
-0.4833998091769873
-0.4338129794031153
-0.1036270993090783
0.1792642441121730
-0.1710987653369292
0.7029562897592159
0.2611864315350259
-0.6133707247277346
-0.6845106547472269
-0.1650376266460949
0.3945636867775533
-0.5840516522464183
0.0860866418980368
-0.1737047182382254
-0.0685123659562995
0.3830311362468485
0.9044874105073673
0.0179554858462376
-0.3990850344015154
-0.5269499139697315
-0.4599371572819546
-0.3324531976587560
0.4909048850866089
-0.1688851819752209
-0.6872749091030843
-0.6875875224838803
0.1623322309078296
0.0016249183088260
0.2249109102190990
0.5678920788762321
0.2078318949378443
-0.7465376765800027
-0.1624840610863849
-0.8809284647960920
0.3007535354854073
0.1882895064617599
0.0746964943513637
-0.3041049922198449
-0.6612494025845655
-0.3117014381694643
0.2308446106859246
-0.2538347131741878
-0.5898051755704462
-0.7306699203812479
0.2156973621866216
-0.5322317267331017
0.3095898356706579
-0.2011955220771833
0.3680348798377592
-0.1067401925129115
-0.1219021232421199
-0.6238957209126736
-0.6701125728570022
0.0524408471554039
-0.5861115764235539
0.2112784885585306
0.6504326412087069
-0.4313026281563894
0.5745355241405130
-0.0861411224641015
0.3214316375472809
0.7304710917678454
-0.1599447560765161
0.5063675218613209
-0.6668523216225527
-0.0630038513111697
0.5269285877814550
0.1314408309819965
-0.1546803009485640
0.2398754545165621
-0.5896783694753752
0.7455723995956772
0.1222087899986791
-0.0861625271952843
0.9692974120352373
0.0459390457538640
-0.0541432630696905
0.2190813937067773
0.3548435333706338
0.0998624921759821
0.2308426552636268
-0.7789732592426604
0.4516922396689491
-0.6300113176655924
0.2014888831940533
-0.3512312738946837
-0.3567516753373176
-0.5584378246007448
-0.2174645120859032
0.7871472111488523
-0.3865503155274567
0.3553191507803563
-0.2396572732428010
-0.0021058834804963
0.6100325267394798
-0.1595642251222067
-0.3590351291148077
-0.6881053085809435
-0.2343933382674163
-0.3126344495909238
0.6430170145184257
-0.3020961505281062
0.5853088917663452
0.2878477234994097
-0.0532642744420982
-0.1059467138791528
0.8535977693219320
0.4176754088657783
0.5089765946938298
0.8044449266993159
-0.1480924718706930
0.2464860953936545
-0.1054723210819936
-0.8074997212206741
-0.1518888544049066
0.0412786653543607
0.5623535974348152
0.0832374877971655
-0.5116382427666251
0.5534341301323299
0.1882550153751412
0.6292618467116191
0.0229466686588622
0.5725705783570705
0.6609029277660221
0.1334119722089017
-0.2941905218205286
0.3619715947591006
0.6897495739460534
0.0197280414236807
-0.6844705841779727
-0.1202580578002693
-0.2022235113729250
-0.3129876756233115
-0.2209445842309336
-0.6239007225374679
0.1478199330831070
-0.6649205677428455
-0.3753864628657387
0.2451851779188455
-0.0347068345548818
0.2405334149828124
-0.8601792510505818
0.2829331778994611
-0.5590103414163146
-0.5590177677598605
-0.1932687463361499
-0.5075456452889366
0.4247002566273733
-0.3001047974751150
-0.7355936959292722
0.3193701962374091
0.2940601891066792
-0.5033605871171254
0.5564099328821397
-0.4156004061613527
0.2419378451667897
0.4536281377976513
-0.1384742251605997
-0.4423130218501926
0.0241643555590544
-0.8415922395482852
0.2762655713628464
-0.0934805192055194
-0.6617510292833558
0.0710837297063371
-0.6001606830810444
-0.4337063818140292
0.5601038187272782
0.2011368043600893
0.5755705157938965
-0.3505234775708519
-0.4378122556522555
0.1894281734958218
-0.3370566416380705
-0.8074385756600639
-0.4131957465302598
0.1667993075496741
