0.9377698963772640
0.3396306461703603
0.0723784887275162
0.4951199492637803
0.6484017207265912
-0.5783004793356370
0.6716946092308769
-0.6107950105217479
0.4192324021970600
0.3089217019992586
-0.4871587325779287
0.8168498952114442
-0.9829993584634743
-0.0654270411441283
0.1715562984781458
0.1839519908174811
0.7594719280985092
-0.6239904290168387
0.3599852921003932
0.8513465550884718
-0.3816014054093436
-0.8892160119987546
-0.2651984171889057
-0.3727796715561753
-0.0457386932879247
-0.3207750585056969
-0.9460503864895252
0.4516772424906373
0.5674106079540775
0.6885004506877525
-0.9658283574461214
0.2390910463274659
0.1000552623252019
0.9893469947926067
0.0382301424813730
0.1404670071607281
-0.6156603662557040
0.6059742780971603
0.5037434741081198
-0.9413328916374774
0.2631193425633273
-0.2113305436761751
0.1501589435631614
-0.8948076884831739
0.4204420201399883
-0.2889553994531530
-0.7903214508772441
-0.5402747277174427
-0.7238882115854375
-0.5784247020257396
0.3760461689926804
0.2065194990979254
-0.9544069825676120
-0.2155388784385037
-0.7594976234445592
-0.1490491586509923
-0.6332043179634028
-0.4893544192143067
-0.2750231524841394
0.8275835413981567
0.2488283084146099
0.0548850981325184
0.9669912610435049
-0.7424871664707905
0.3305922226153256
0.5825989958560139
0.1220440963953097
-0.7224767986744400
0.6805384000276437
0.3477222478606226
0.9359588312701718
-0.0554103285510030
0.3190769837052809
-0.7357590213346261
-0.5973680113583697
0.7027739249558645
-0.6885811393028328
-0.1787870940491561
0.4373485051964422
-0.8459004087000245
0.3052520000975740
0.7948513283191171
0.5460361359968297
0.2646807587547438
0.8624904362348370
-0.5052497471714915
0.0288607066196345
0.6944210334792263
0.3761409687950990
-0.6134308435802098
0.5592965340087462
-0.2046356297559845
-0.8033129191542827
0.5853654130986837
-0.4504410485329293
0.6741292123505424
0.0101965298686640
-0.7749195897849642
-0.6319775788318288
-0.6700538897994142
0.7308603607633356
-0.1298880973359824
-0.8438278671591527
0.4400380735997453
0.3071172811618722
0.1978364525003250
0.2704397180805431
-0.9421905841954711
0.9081640693288429
-0.1442102573249638
-0.3929903623021113
0.9017336839343116
-0.0425110287412759
0.4301966709466886
-0.0002511649849606
-0.5010926687454433
0.8653935949876911
0.0620421942422751
-0.0311790875869866
-0.9975864025891927
0.5918012471667343
0.7853898426978209
-0.1814774885185218
0.1891593296368864
-0.9745839529971253
0.1200202756696584
-0.0653255655925274
-0.9271981097691413
-0.3688309039662321
-0.2649047381743744
0.2901296088987238
0.9195924585016124
-0.5341281268433531
-0.0849057120760733
-0.8411291007756574
-0.4505721933636442
0.4925066821372316
0.7445951024668714
-0.3632569429886345
-0.8961334114834151
-0.2549299946919711
-0.3043757889628426
-0.5256599972723693
0.7943783395592178
-0.9018199058275586
-0.3605849099520405
0.2381163164675039
0.4143536413728564
-0.2007946794458394
0.8876894482798007
-0.6938047889837390
-0.0648761921218201
0.7172349646238688
0.8672661276351186
0.1559535174009819
-0.4727874408939476
0.4523489353245067
-0.8913971713814394
-0.0281340285766934
0.6860045848503157
-0.1560347220665808
0.7106693148532243
0.8032578208489620
0.5932718779738620
-0.0529655742000785
-0.4642733503345185
0.8206736779591191
0.3330840291491228
0.4180795111889816
-0.6983707665947411
0.5809369971777113
-0.0640460975681684
-0.9959437698886248
-0.0631989288384133
-0.5684480334165164
-0.7011570628744752
-0.4304016803941806
0.1528700899775591
-0.5624152903826931
-0.8126006256052257
0.1008705817540589
0.9639430680089989
-0.2462496444139493
0.6222981725055402
0.7719076743387119
0.1300135638818741
-0.3502523778308114
-0.3363742435015238
-0.8741714020331711
0.1125263059285478
-0.2271790015813472
0.9673301048321494
0.1599972100180332
0.5747271861690123
0.8025519012903122
-0.7055119765464593
-0.4463395678204239
-0.5504850962082313
0.3657873038964395
0.0062457215053722
-0.9306775162595533
0.8073632961099939
-0.3361733858838632
0.4849246979870027
