0.0858231294811150
0.4710717049010751
-0.3337923674175863
0.0160874000173890
0.5586201982798820
-0.3684551433364852
-0.3677027975334389
-0.0689865062859321
0.0861137746463331
0.1486888856078181
-0.0688221471692149
0.1923773155368634
0.2590141117557859
0.2875132962507796
-0.3951090188972533
-0.0635580972333571
-0.2270521440911323
-0.3614211748607606
0.3937378475994530
0.2518787841778014
0.3808924149806714
0.1868706857332141
0.3124741451846281
0.1086595285383376
0.0039315051494230
-0.5332159972517400
0.2946689396567325
-0.6641470647627964
-0.1700711773012175
-0.0304698793393795
-0.3072652910553235
-0.0078845722966353
-0.1308799783660028
0.1392851647192143
0.1372484812240803
0.0897235755037591
0.0464885773349038
-0.4037880220332179
-0.0400348900384653
0.0371472598010639
-0.2497592564364213
0.1186391693569603
0.0561287757278175
-0.4001547078182971
-0.5341943328493901
-0.1129735957155886
0.0414174457920021
0.5405923994843778
0.2987286126218073
-0.3403800170985306
-0.0194324979537177
-0.1148433798548061
0.2521211242354069
-0.7053282191562382
0.0032771314779770
-0.3600401834002408
-0.1284457821276553
0.0576244904585931
0.1961893559284435
0.1798172421760598
0.1298914456682599
-0.2570231373133509
-0.0275102224502839
0.7158182231997758
0.0750751357198483
0.2978535113582349
-0.4228658520821187
0.0876375821159207
0.1232515351175400
0.2435116316032765
-0.2142586976495402
0.0516746377076961
0.2525579467400083
0.2000624264810086
0.3811396941909226
-0.1341706873829729
-0.2939794028096877
0.0191331582790594
0.3320104838605351
0.2205343667926289
-0.0116671070240704
-0.0435768921800773
-0.6787970046602946
-0.1564080989017361
0.0045789824607800
0.2322555180220195
0.1283156415937971
-0.2733295012737256
0.2224401145349136
0.3278878929840109
0.5396766679999088
-0.1139081779953053
0.5904152491486829
-0.1331209879743737
-0.1448262935414618
0.0797522039742496
0.0534372136221161
-0.4264485715749317
-0.1822003615937270
0.5448480435228910
-0.4390414012383245
-0.3568675340683166
0.3210060283356510
0.0435674472545222
-0.0181043640365339
0.1204142780140413
-0.1875985957204272
0.1007687286904750
0.3238355180573338
-0.2117717594397338
0.5194113984780826
-0.2756210607520621
0.2127661723712174
0.0823913718166498
0.1948497927912606
-0.4635995356186964
0.0030879738577178
-0.2591046298283813
0.1674365534603965
-0.3231092872412486
-0.6399252771293376
-0.3790318593044699
0.1278007423144755
0.2589216245069133
-0.3621906882162087
-0.0252635986054637
-0.3821751295809790
0.0336237756407712
0.1927736042517432
-0.1177306508452676
0.0780036123637763
0.1653529188119854
0.3585920810332752
0.0342341608013550
-0.3648526259605425
-0.2902957837659276
-0.0664373508892928
-0.0755741183272340
-0.5018008600477857
0.2767361655522892
0.0668432801462409
-0.3791291228192467
0.3832454367969826
-0.1387598745760348
0.0636304416329036
-0.3585017986357323
-0.0371258402378426
-0.0217994006860766
0.2921920880112855
-0.1567211247390999
-0.4866542969243668
0.2738389046820209
-0.0797723723927390
-0.2549129754435880
-0.0983226556992255
0.6023326378756252
-0.1839392116697997
-0.1384444545187795
-0.1175744482434512
-0.4867977779529175
0.1581887309325641
0.4963085609777882
0.3383809220574596
-0.3072350854284633
-0.3077088071775572
0.3420314107599255
0.0624455906218507
-0.0198271467911766
0.0810862097806573
0.0380475683507173
-0.3230863304754606
-0.0453843167325196
0.0425771099806587
-0.4718671266986764
0.2999409291547461
-0.2946994721090622
0.3630158858817885
-0.0025447476877596
-0.5080949864168344
-0.3070857147746034
-0.5444324933061654
-0.1657367422586521
0.0715891960822880
-0.4706756596400611
-0.0669140052399328
0.1317520414284772
0.0140599237833175
-0.1190473061179539
0.2537680489436055
-0.1208386318476757
-0.2823629412313381
-0.5045086200093877
0.1372941696484161
0.3965131103897058
-0.0948926113659254
-0.1052188632711091
0.2383576388613066
0.0655423684869528
0.1669793780710786
0.7000640397424273
0.0547218247215190
-0.3591657421216456
-0.0967630658501641
0.2888122392670511
-0.2749707408463600
-0.0023472084855791
0.3068085165123972
0.1243730295605345
-0.0482528946362015
0.0359743046967213
-0.2880396309867612
0.0254085409289690
-0.0816064669976282
-0.1514157030505807
0.4932851820887075
-0.6742654886166030
0.4594599047079232
-0.1509300144202263
0.3112440767847490
-0.0902241496656715
0.4162795069777953
-0.0007248918236917
-0.4087347228680880
0.4055957210666482
-0.2141660978810815
0.1778166020494821
-0.0162527347421002
-0.2801648181701674
-0.1388776997775729
-0.1489299415017191
-0.0663297769038529
0.4132841286904707
0.0212337157204440
0.3778764157448677
0.4516170303138723
0.3209926912824508
0.2707596828169091
0.1517799749555749
0.2651194449636881
0.4079919775890081
0.1746391515235015
-0.5655885403516393
-0.5586765860836317
-0.0943136350080998
0.0974021936973302
-0.0809216556411704
-0.1442632969853275
0.1239605450115511
0.0638015504075981
0.5198400976569232
-0.0400193290076586
-0.0218323444814590
0.5054042924094799
-0.0188058640315165
-0.0337168562060567
0.0481480996701146
-0.1718358939641483
-0.2441701692129442
0.4310228480039405
-0.1015396937560854
0.0213007241809402
-0.6449796484722525
-0.0105798828718392
0.1973720400279373
0.0396897222528999
-0.5098069049080637
0.0116394346715724
-0.1624007290193356
0.2720962704567799
0.6742586759638245
-0.1385267007608164
0.1772532597331201
0.3189315858298985
-0.0459601636618447
0.1097100087517541
-0.1299102994657583
0.3621415007711513
0.3400451367602347
0.4657461911087155
0.3684926995681010
0.1872053090861539
-0.1817839027626437
-0.1236911080415656
-0.3303985712295360
0.1306394260272186
0.2539895763811434
-0.2521500498849797
-0.2506102968454162
-0.0879685969974046
0.2271438278271042
0.3890516127168889
0.5402933587763994
-0.2268427296405147
-0.0691568295544324
0.0888581762238314
0.4709489901061730
-0.1815284671725198
0.3819720180881540
0.1048716947658164
-0.1469926506286534
-0.5147740416602667
-0.1850808115614340
-0.2995890211519216
0.4674135824247062
-0.0536045341703252
0.3247284277839528
0.1701206493574022
-0.0727530711033981
-0.4468296232152739
0.0134863006716416
0.0992546776129473
-0.2006928361717862
-0.0588912710573322
-0.2533866550287601
0.2788106872937403
0.6798759512347863
0.2197517235871299
-0.1376885849151907
0.0766257813243830
-0.3646928603818926
-0.0441228843650231
-0.3639142540761927
0.2106313506960349
0.0865619689982667
0.1614548065852005
-0.4322328459201079
0.2379484242297278
-0.0040452893495808
0.0051390315021845
-0.3423177325033402
0.2755634151668379
0.6080481896783368
-0.0961917455686379
-0.1171532228376511
0.3636355836191985
0.1113422282317899
-0.1352789232298212
-0.0853454934329976
0.3370418462018285
0.2429715392785026
0.4378055898538419
0.2421832747462064
0.4617537679026941
0.3327393935824509
-0.0722209282373665
-0.2510190022095632
-0.0625709629342615
-0.3941869328804104
-0.0016253327193837
0.2401808083267320
0.4129917800375532
0.1019687412416062
0.4610848770702649
-0.1439607485693948
0.2308376644773572
0.0089378963790460
0.1677634621181353
0.2033705134511974
0.6364220170663811
0.0111220475350351
-0.1047219809398687
0.7342885433802223
-0.0351655208527511
-0.0763644414314709
-0.0066562700625734
0.2603485257942789
0.2293374459886808
-0.0220805456528394
-0.0905595210639760
0.3312083855850448
0.1406792981372881
0.4291688922693124
-0.1974259448514362
0.0151409821630821
-0.0265752176357046
0.2565516324633871
0.0662816694670293
-0.1866022677674107
-0.0545504237350759
-0.2507943373721873
0.7199116388763170
0.4855641080306771
0.0413383894855326
0.1828316629396117
-0.0809467314778101
-0.1645569876226269
0.1957881411583684
-0.0245465015528292
-0.0622744756126458
-0.4961744885965270
-0.3027697118294245
0.0782123900779143
0.0061621776103957
0.4476497783972833
-0.5958800301628974
0.1551704895980279
0.3211311561646632
-0.2936965565180125
-0.2411681612040347
0.3092594345135944
0.0360360631399669
0.4361060996355515
0.3945831590088111
-0.4887837740177208
0.0757152713468248
-0.0499608325269455
-0.2256994320286945
-0.1074799404227640
0.3027400236245096
-0.1215849650064217
-0.1396485080425817
0.3674199640727590
0.3599389362202366
-0.2426737713867816
-0.0013760771643891
-0.0539289175184699
-0.4630171974736421
-0.1510398275227937
-0.5570949469962209
-0.0125253782287535
-0.2526152481163338
0.1162246205099021
-0.1905040040041092
-0.0175192548771565
-0.5317960644407258
-0.2959057271028878
0.1674562548227418
0.4568584389194566
-0.0722227776905494
-0.2561626523363991
-0.0496943535805423
-0.4534812315279912
-0.0797285031490033
-0.3463005627658161
-0.0890364280674413
-0.1437895260771038
-0.2067806638004216
-0.0857356645005808
0.1000722018268288
0.5022617524535079
0.6407765583726405
-0.0409460820255235
-0.3300659283341672
0.1072917312552636
0.1168398687865475
0.3464935533460561
-0.0613726460789600
0.0437194539361666
-0.0831783274680154
-0.3426699626239317
-0.1080550364244241
-0.5471471303471127
0.3719120002952212
-0.2723618419874206
0.4160886218089134
-0.1989879631794722
0.0241068771287155
0.1260625580445170
0.2784104707056732
0.0174083789630268
-0.6559255020352702
-0.0749186897030166
0.0881219189308310
0.2822198911249841
0.0473267567639433
-0.0771847908043733
0.0180631844809308
0.6114927978129509
-0.4147093892675969
-0.3163694300407313
0.1841438205810021
-0.1158742460011094
-0.0505368003150384
-0.3552942382562481
0.2744670986130799
0.0950924555431950
-0.2322149667441435
-0.4401231566080521
-0.4206322199043068
0.2070370575857735
-0.0039422629296619
-0.3085966593169969
0.1453381198734483
-0.1840644544852189
0.0371896624358460
-0.3411007160373873
0.3655343741513983
0.0522461693657580
-0.4781522412813179
0.3097360390026673
-0.1630569634851972
-0.4944879215053791
-0.0580796407101976
0.1616892481306157
-0.3573093055085289
-0.0710980833772337
0.2463195423640573
-0.0016872313200401
0.1003990464565291
0.5053662353284980
-0.3560390993709385
0.2539065665910094
0.4696096639558682
-0.3159773405672236
-0.5296708369193939
-0.0979926494468553
-0.1389577789119076
0.3512246464795446
0.3010743426402838
-0.6275146810354251
0.0142056210984314
0.1411803590306573
0.0158408699328789
0.0907214561830460
0.0390362339074807
-0.2293882234743386
-0.1586743915664607
-0.1225393813071376
-0.6015554090053281
0.2558313872169630
-0.1952367603613327
0.1788948760304573
-0.1672572090924419
-0.0513737664418186
0.4960999348506483
-0.1212299143571383
0.0619952939939364
-0.4087758158105130
0.5866987952185965
-0.1341591777555362
-0.2567849731730685
0.2085064260623940
-0.2498661813591799
0.2940424939110676
0.1630855694638356
0.5332318717198369
-0.0014020680459306
0.0176500925198949
-0.0396952017862963
-0.2581781500300439
0.4586135729345491
-0.2330476766743376
-0.1306572483152021
0.2747995688633925
0.5835232098133996
-0.1373908607992058
0.1705847817642994
0.1690035488679341
0.4667796116330111
-0.0832821033643771
0.0064776749121602
0.0296348504493887
-0.1655612204876363
0.0529756553403774
-0.2650852729943808
0.0633519103151397
0.5231080606846511
-0.1246061756402042
0.5214253971749415
-0.0619955385299363
-0.3626745535968207
-0.1725669538254584
0.1819527474291689
0.3690308581391926
-0.4388829003804769
0.4801384682131408
-0.0908340284758133
-0.1512045356277864
0.3027613098604020
-0.0305961485135974
0.1027463823016740
0.1672596623492359
-0.3973735680032266
0.0245299177831244
-0.4610782064194806
-0.2085701036712071
-0.1805045908997963
-0.4945610649444369
-0.1796555828433678
-0.1009372208423214
0.1051469504230687
-0.1372129073248273
0.5618939250456653
-0.1776099428196179
0.3152490150246016
0.0474291083623728
0.3810612651459097
-0.2374247400902294
-0.5232261147067500
-0.1518008558074334
-0.2856276942560552
0.1933111494002956
0.4543622350950225
0.2260718367801106
0.0006955615177931
-0.0255237770865683
0.2743375570236121
-0.1577520764781591
-0.4182995539931916
0.2256363447906631
0.1926739456804656
0.0717838297483530
-0.6113735858636660
0.0361581927866007
0.3020500649219467
0.5306158239311914
-0.2087304484461512
0.0603623474187897
-0.3319940743495354
-0.0359126155979875
-0.0560701233795149
0.2190564048986814
0.1951137779162672
-0.0553228929669294
-0.6851937040080874
-0.0959137358688100
-0.2590168503270451
-0.1836875109737723
0.1910033366906730
-0.3122623218760113
-0.3639351372339520
-0.0812649451010096
0.1974030767407685
-0.2594966697020192
-0.3077818931756120
0.2239039246846734
-0.3719055557634681
0.1623710844318572
0.0570480971407305
-0.1616374299303658
-0.3065603164327825
-0.1723844643315962
-0.2903123415273334
-0.6688444837337145
-0.0316576740844687
0.0688915422098601
0.3076239457297045
0.1092784151773474
-0.1585501234535683
0.1500400983097089
-0.3242655723646673
0.1607626321320631
0.0485695008964674
-0.1589575021892444
-0.4383147363144744
0.6432231529233129
-0.2851295510192219
-0.0012651561320536
0.2140168590066781
0.1709498044631012
-0.0618765582759419
0.5200154258127798
-0.6340198544695873
0.2287104540407920
-0.1575353716409524
-0.2384068052767280
-0.1589149112221685
-0.2685745282631079
0.1019784232352572
-0.0836512166802127
-0.3380151682205869
-0.1684282491152031
-0.0168618972359774
-0.0873397037394976
-0.1958774112050303
-0.2938591044019818
0.2164969300829624
0.0275371877448597
-0.2235045235304150
0.6128824601308166
0.3716078150169407
0.3368133347483574
