-0.0830114593280744
0.8636730872034661
0.3047253971818603
-0.3785796159513705
-0.0910979882633665
-0.0519515090588860
0.0966933954500915
-0.6061237958534266
-0.6677168892811588
-0.1778343979707623
-0.2311551294553364
0.3039090656267464
-0.6833446779160924
0.2056906469946809
-0.3651352603606948
0.4110594194690180
0.2548053622988564
-0.3514427856046156
0.3615736002504982
0.4566343612516547
0.3689865045422852
0.0474675391406967
0.7223997822674552
0.0219986022217839
0.3055711718079677
-0.4739346014349712
0.7205188866151324
0.0336740086838110
0.0923030849712649
0.3914217523304252
0.6216362098253847
-0.1588633812125453
-0.6292790669642148
-0.4300939053583936
-0.0851442529125015
-0.0104112148105895
0.4228504808385850
-0.3300525799160944
-0.7629706009847831
0.2386562419635311
0.2670309028318345
0.0433165382144816
-0.0032710259201911
0.1610791837366168
-0.1709564525465641
0.4730820740844604
-0.2058533875505691
-0.8237927059052960
-0.1630978331427190
-0.4872813390169100
-0.3259489862622558
0.4422797729991786
-0.3629241065271888
0.5498981243120236
-0.5584558997468517
-0.4003788936634105
0.1362175877541624
-0.3414055896132937
0.3185020043600432
-0.5396917777145295
-0.0696767816214828
0.3391382473708327
0.5867571157929684
0.5614249684001116
-0.4609607608932345
0.0903529972557265
-0.4651397947881173
0.6035206635983733
0.4423983061922231
-0.0587344447420803
0.3280624541560860
0.3355842811670784
-0.6077226762443799
-0.0017893763759768
0.0815610854251305
-0.4337016953772976
-0.6391092168906958
0.1657105445258325
0.2204788307791142
-0.0931893316478851
0.2479405918305550
0.4247736690613514
0.7005178510256019
0.4583365216024569
-0.1511177064505025
0.0142048243293255
0.7783780155373899
-0.3770971372964254
0.3161260008630264
0.3590980747820552
0.0120492776824216
0.3360969320910810
0.0524723985990288
-0.1129680417384310
-0.3105376342453336
0.8803095556647420
-0.6614810141227837
0.2431540462069254
-0.4400280424294452
-0.5462410582282098
-0.1062356160059262
-0.0053851500973738
-0.4915367956347683
-0.4587189181677095
-0.1175640960629473
0.6414737031895200
0.2503097657720065
0.2449565782838652
0.1377030455703810
-0.0284190251378620
0.4914823637608721
-0.8553991521973850
0.0386842175856111
-0.0739671419798322
-0.5809741835870444
0.3922665147032645
0.3045948951911335
0.1301468483468396
-0.4245437477411989
0.4675920587335345
0.5287765059943691
-0.3197438506046484
-0.2223009112182488
0.3901585563863537
-0.5932917880016496
0.2540132609702841
0.7051792553976135
0.2850692530060295
-0.4811022776366636
0.4264026195550398
0.0021365337180910
-0.0904133754515233
0.3552913237357932
0.5140643446009123
-0.0237322454029831
0.6645912233950914
0.3203088576315269
0.2542900842054938
0.4154831640774228
-0.7436919123186624
0.2637639993402619
0.1799137060038677
0.0170402438316029
-0.4148075711148099
0.2342340636139324
0.1886804140611100
0.3667222444859421
0.6800306119215732
0.2850342236721814
-0.4810018278312392
-0.0010466295439581
-0.2399775943124738
0.0772663096327961
-0.1287085337360706
-0.8196956879391449
0.4979685418857372
-0.5648228355986076
-0.4045525607976455
0.1496483418438533
-0.0595673789521140
-0.2837470325158068
0.6409813668314002
-0.3789076565183735
-0.1534158763808052
-0.0471735347136148
-0.8570463796555872
0.3045296290190062
0.0583131417219527
0.3278398264090699
0.2945248997988695
-0.1796650754318168
0.3047776342222545
-0.7430046781383957
-0.3585404220321067
0.2879995964714357
-0.0405863507729281
-0.4932530244257983
-0.2139727013267006
-0.1331538052456733
-0.7801257473597329
0.3707636196428238
0.8852321071413538
-0.1304558495399560
0.0073908998254483
0.2479734532863990
-0.0182829762682871
0.0541636903703529
0.5019398131411391
-0.4702620060705947
0.5311707058194128
0.3045164816962047
-0.3861395575830517
0.2641115309484327
-0.0274578715098197
-0.1997215326141137
-0.1581985836218820
0.9175415915990210
0.1506423238949155
0.1896099655395956
0.0619317834210540
-0.7676816257156159
0.2989371984612519
-0.2525123930508046
0.4666384890264456
-0.4469174942335494
0.3770024008247094
0.3734708168784783
0.3041978491307039
-0.3675153030049191
-0.5394901877717415
0.0986462076398870
-0.0192532332331941
-0.3402336671460008
-0.8738239418183850
-0.1426320992245760
-0.3003782506182686
0.1609802291823282
0.4677367250006854
0.1548348637300659
-0.0276582476913075
0.4509059811523475
0.7261216870245754
-0.5312284328804527
-0.2035335563022841
0.2241322658506478
0.6179165313833249
-0.4399960589273142
0.2252061263256611
0.1051073174983865
0.1188041342652402
0.7328800813878493
-0.1351438895993129
-0.3955054447782288
0.5128707322995374
0.8856469963268688
-0.4050970826202449
-0.1553797542789159
0.0869921613976195
0.0507190338247412
0.1313119452800877
0.4996685449369100
-0.1063518481991492
-0.3334317058044968
-0.2465815201571782
-0.3864553299135950
0.6462923170268305
0.6945250779331973
-0.1110558248125389
0.0021827983776904
0.3803591896085139
-0.2121659823825284
-0.5617910982637109
0.3478998524739887
-0.3774981689423402
0.7201485083005118
-0.2590765614287366
-0.2924066129688506
-0.2553911883692387
-0.8431103712487248
-0.1559696585161427
0.1276061780017424
0.1131612643228832
0.4855105228913995
-0.0053936323150161
0.3921516741245950
-0.3214070816742653
-0.1755474807932442
0.7226832934274504
0.1151073648050622
0.4202104071611544
0.3244212170291568
0.5539545960455299
-0.5166653072074828
-0.2427202503442469
-0.0090380116167245
0.5118079075281998
0.2368404625057512
0.0155623911744572
-0.6181649720315121
-0.1717207777879464
-0.7285567494345129
0.0354049711706434
0.0723544301259843
-0.0892067676880785
0.9096723299169892
0.3604528739530478
0.0353721202437162
-0.1677074237821275
0.4492323489522175
-0.0828024746369972
0.1184943767753710
-0.2807995518267283
-0.5978024764912010
-0.5840179280778758
0.1922962701433221
-0.6096073766083512
0.1870947029368095
0.0583778960238237
-0.7265221545621737
-0.1586005775298626
-0.2624586821060532
-0.0907494665760489
-0.4674402986428116
-0.0437991492547523
0.0448601916106285
0.8369281566784889
-0.0184200704656617
-0.8274055290131223
-0.2287332758557620
-0.2763076513442249
0.1388111684966870
-0.4088122079733796
0.0566402481710985
0.4767143341609458
0.2494953657566359
-0.6422107908919253
0.4985081504961946
0.2152726464495574
0.5788575861815020
-0.1264920886097154
0.1608983943808433
0.1227621167428512
0.1215114890808875
0.7701946337381894
0.0725705266196661
-0.6683102704527641
0.3848272542866503
0.5732280345934936
-0.2272045021350527
0.1406791384581906
0.3636463471328099
-0.7825504449482763
0.0601865325794312
-0.0469679457291889
-0.2512825769395778
0.4317462162253063
-0.0498619741818427
-0.7327098768007702
0.5100276015600896
-0.3453145333684174
0.2603142134552956
-0.1162594036362430
0.5375366408867558
0.5673746501104767
0.3177389511491969
-0.2857842866260519
-0.1254790561564625
0.4367661537053066
0.3057902499449143
0.3712236279178499
-0.7221627000914832
-0.0722287600542229
0.4900894436958331
-0.0419728377603105
0.4234129092069377
-0.2093711032764761
0.5418422881502146
0.0797755944622025
0.5536172813966279
-0.4128388843956657
-0.2301101562759409
0.3393815687083681
0.3373829384682561
-0.6857309935104132
-0.2036463256446450
0.4542503695330265
-0.0861929874930424
0.1724004560891973
-0.4260836177923294
-0.5383903993893389
0.4921985281215005
0.4991773122415301
-0.1394136755534115
0.3127933381004859
-0.1908218150537481
0.5767728572830003
-0.0360418974337367
0.7157829575641043
-0.2296531205841435
-0.4995798848991246
-0.5791792786945988
0.0471680822774202
0.5038202475432878
0.3258390340653456
-0.0747720827520943
0.1820523226784882
-0.2514563526351122
0.5636989196642854
-0.7069232513422222
0.2837936483587791
-0.0209879239128838
0.4893275287696429
-0.3073592759726133
-0.6253919176611886
-0.4995495474157510
0.1580618584997401
0.1563773041276228
0.7491523669037661
0.1153669297930536
0.4790908235327431
-0.1887303444769660
-0.3685921612116984
-0.4413221135966670
-0.5488381364494090
0.5745619998445939
0.2282491280441732
0.2350955542423958
0.2579193988175895
-0.1497218759534204
0.1001440150015494
-0.2999332802954037
-0.4960465364243006
0.4322343486314713
-0.6668627033026961
-0.1628203401039382
-0.5159750119946007
-0.1133602357616069
0.0307085520710155
0.7866565784070438
-0.2731980843130249
0.5608772381361901
-0.0413015853601607
0.5037922470030622
0.2394616033485442
-0.6058058857156994
0.0745764305999163
0.4005332064677614
-0.6970616755503605
0.1369894076476849
0.0451184037631690
0.5525296551752429
0.1660945001548970
0.7822299210154160
0.4718905956087852
0.3066551978551197
0.2441709477240753
-0.0078701855855066
-0.1082442355925520
0.1030343631805576
0.0643770546706133
0.3998830237766686
-0.5707585656006866
-0.7067960752916612
0.0026551604270190
-0.5260030043273105
0.0973577566718707
-0.4010607874684466
0.3806632898697523
-0.5339455735740410
-0.3506994947471113
-0.4798211556140672
0.5369479778543303
-0.0275443321197989
0.6598902549278453
-0.2108283582093501
0.0282151076094734
-0.3826643699213227
-0.1399389818913762
0.1062675283588880
0.8175574848587887
0.0062104270674603
-0.3927511467881749
0.4442434985237175
0.2757695334274112
0.8000061534898694
-0.2478883407568971
0.1390670500207185
-0.0761627136222612
-0.8439701141912176
0.0775815919763689
-0.2604027775032539
0.2931152858793494
-0.0589014720970988
0.3528455500296529
0.8053463910314378
0.2953382002271736
-0.1538664708964050
-0.0718894732042314
0.3847481249218598
0.2954969222929902
0.2687681271116605
0.1173994021862273
-0.4825864120729650
0.2909788004008024
0.4914534913271346
0.5957316784236251
0.3214586384132774
-0.4627107824508777
-0.1527178485452003
-0.5904581064295874
-0.5519328734287957
0.0772635885079296
0.3511560012025953
0.3093496265247727
0.6644627498049397
0.3698213938201016
0.1490751421021355
0.4248414577112620
-0.0621502643162777
-0.5772016869094446
0.0412738332860107
0.2002251402111558
0.2807480752091882
0.7364526050289631
