-0.4041226000556132
0.0138027885370391
-0.6571413373203754
0.2207298880371998
-0.0536389129994965
-0.1008843873990471
-0.1060233559572265
0.0498180459150401
-0.4382720462190310
0.2875921758280425
0.1449451768787621
-0.1826462530520472
0.2314253945769541
-0.5791970460558405
-0.2991684255757582
0.0956641119244808
0.3539107374806180
-0.2499299247513917
0.0346101541649942
-0.4206240890026723
-0.0023222163104552
0.1445410877092207
0.2932555999868938
0.1989549430245902
0.0523615679751595
0.4395501789389877
-0.0752396897621536
0.1322090030758067
-0.2221420385941228
0.2179949521200226
-0.3760782387957909
-0.0571504729381063
0.3401804758251215
0.3822348757172729
0.5145113474469679
-0.1131175904615474
-0.2809256337388501
-0.3833979044208601
-0.3378115776880652
-0.2443670625892551
-0.4717685166864889
0.3998402842495599
0.0960550920839558
0.3247409100016319
0.0390499723083958
-0.2006380678426081
-0.0044492660739743
0.2476561239556476
0.3961548819811972
0.0661299731351666
-0.4156398536960137
-0.6155978406922532
-0.0100779456309525
-0.1379516496417607
0.1820013380395956
0.1332716170104035
0.4264348107893936
0.1698864619307970
0.0790196936789897
-0.0008621629381793
0.5780281776795644
-0.3102139154500575
-0.1016151644501004
0.3293296226106275
-0.1672708633660437
0.2256224714502377
0.2733687129760974
0.2047207728746035
0.0634998901744734
0.3127812566608776
-0.3685164216117915
0.1329372690079872
-0.1275656613224771
0.1841433071046051
0.1795121552039974
-0.5755882608142049
0.0639769329234299
-0.0440529288205897
-0.1718687106574133
-0.3135892792948480
-0.1105063666312967
0.3607594660128178
-0.5208903433414116
0.1967109229324354
-0.1774343272314232
-0.1759653599871522
-0.2790691436135113
0.1889991069271306
-0.1523988271411279
0.4441114188845061
-0.0961064617856170
-0.6305582177222787
0.2450367013354078
0.0967281233338516
-0.3049630387795820
-0.1850696073636670
0.2382555262104120
0.1961118630480234
-0.3544847453647387
-0.1185062829979595
0.0769638168254239
0.0005156169604729
-0.0042960560239666
-0.1045422871625832
-0.1722938382504441
-0.4659313866245548
-0.1707815141597704
-0.6872091947961335
-0.0370768631415788
-0.1538660430847316
0.2401681027653632
-0.0124437861733772
0.1565074307550526
0.1929603366290489
0.2582447276492539
0.1759985662871111
0.3931876748779639
0.3093425564336508
0.0061258642963385
-0.7123159330011248
-0.1006570815896739
-0.0858630407248222
0.2842608670650270
0.1087894320843657
-0.5157802962690705
-0.5572714911882662
0.2134604137533586
0.0302636289277193
-0.2051801997736554
0.3669043507910313
-0.2007799316300659
-0.2230783421701551
0.2050457042246762
0.5241636301557241
-0.1188241440964851
0.2429596102662722
-0.3479803454843631
-0.0957231645173123
0.5370450743422727
-0.3367325873324391
0.2100133555587632
-0.1569061812776584
-0.0197317191274071
0.0942666763418871
0.4871599517017445
0.1869373797953190
0.2330190094228912
-0.1335504075588272
-0.0198039650665079
0.4499524960663557
-0.1926775997902354
-0.0249489165658001
-0.6218406388449964
0.1074079724207615
0.1252258388597993
-0.0331015461481049
-0.3271691524579727
-0.1292352842412338
0.1325255328192159
-0.1793171446715156
-0.0461742126563065
0.2525368353912462
0.6209741567054364
-0.3666521104784550
-0.3437388243285535
0.1712993499190228
0.3033280173037005
-0.0329183002571349
-0.2066406577336939
0.3790737065738238
-0.1483078994323888
0.1046773321491044
0.5280457316916701
0.1081504216236972
0.4780793266218872
0.2728282971884503
0.0020115562973997
0.2963364933036464
-0.2551426455519124
0.1849570834254205
