0.0597077487451976
-0.3654695300631253
0.3072456980057620
0.6567814451840758
0.5797060024271834
-0.0323445884806455
-0.0498974088483782
0.4113225695906091
0.3830708390258259
-0.8011526881504143
0.0211977520492617
-0.1982063323939708
-0.4503602471197249
0.2242059918090081
0.0173080854898937
0.8542105030255429
0.0933930410576380
-0.0906085406058884
0.2187377757824297
0.1718333294194086
-0.2814800232241129
-0.5563929672559584
0.1196015687439643
-0.7207762618276508
0.5259682840874321
-0.5798251706307279
0.1144464317722460
0.4461147339096960
-0.0719597444509130
-0.4121475333651906
-0.1099326211405119
-0.4748733851845358
0.4209296300871768
0.0713676724103677
-0.5791622530301616
-0.4946777469898787
0.5478287664236918
-0.5643488152777347
0.3203090462667551
-0.1351453422383306
0.5095962443205552
0.0290443884195400
0.4321852581698681
0.0433488492851150
-0.3396889934632611
0.3192215119221994
-0.1158531080554456
0.7619867789445008
-0.4944859130392552
-0.1516308831640049
-0.3565841198542682
-0.1086783535253921
-0.4720539229845706
-0.6088461479013247
0.1753849813823318
0.4449865475605607
-0.6688741460644199
0.5613473252790011
0.0672480786068054
0.0648176970282758
0.6635059990600267
0.2461072623460093
-0.6558107978038701
-0.2305794621430463
-0.0028616794991794
0.1262066739282336
-0.5318557017555455
0.2622935507458667
0.1988647263032938
0.1572506019895248
0.6632999862902492
0.3795916262786167
-0.0337446250930942
-0.3794122147699628
-0.2117411218641454
0.2392404113395648
0.5783790593830229
0.6467728025525479
0.5108834959079300
-0.7012288151170372
-0.4125922362503910
0.0234729838366374
-0.1147427427067333
0.2516485069899905
-0.2693832418953545
0.3707126146345625
-0.2945433714850269
0.2355338201658077
0.1897113268508598
-0.7821652387274545
0.3628356157347741
-0.3567699299278709
0.8135301913548444
0.1820072136789136
-0.1883843838064993
0.1030478476944746
0.0437346840773774
-0.0634142655310563
-0.2119280745636853
0.6346761854320581
-0.5931902281836505
-0.4409806031792988
0.3764641764432112
0.4825226916556672
0.0242316636530040
-0.4888229054024478
-0.0961973808060189
0.6137243953509456
0.0497176897616585
0.0773569502374046
0.7309148944340258
-0.2171351515875210
0.5945171712277153
-0.2381367878545607
-0.2502621985916920
0.0048380623023798
-0.4622671195182849
0.4185287444752739
0.7293035892378646
-0.1288584498362347
0.6770143445098900
-0.1269098545186918
-0.3170339817641988
0.4074901934604663
0.4990277883463849
0.0997894245513696
-0.0568122745480001
0.3352233526431025
0.7529220265825349
0.4988409875382486
0.1993046944045304
0.1701217185735886
-0.1042096292137076
-0.0857463274706205
-0.5619545991742182
-0.4213378397673768
-0.0289785707360816
0.6983048161008490
-0.0591230347163710
0.7347500068292124
0.0622081319281048
0.3220937206374502
-0.0696878102664806
0.5866653959273563
-0.7569583728991204
-0.2600499470527883
0.1368239779335189
-0.1869615717011056
0.0015347364556615
0.5529107171047333
-0.2590461681581240
0.3942025628204891
-0.0897470639417271
-0.3498808117140022
0.7423266210542626
-0.3098055713035240
-0.5559700904052666
-0.1192675191827947
-0.2115704948519339
-0.7669045442414638
0.1554519822371319
-0.1400090868164940
-0.5516814279651614
0.1494317659895278
-0.4908812035775569
0.3657836082520523
0.0674782777423577
0.5422199067655622
0.2682731759025798
0.5776948953656947
0.0932882415508795
0.3793845503032626
0.6491750822094794
-0.1422479897130862
0.9427532468530836
-0.0841248476319131
0.1617429935635640
-0.0793052282909910
-0.1751566655649399
0.2025076612522573
0.4785128483707791
0.4536861476959610
-0.1625896527152474
0.0865730937736289
-0.7008423076270759
0.2002101332031805
-0.2287278347659688
0.2709931508811199
0.7051492196523753
-0.3175236295156355
-0.1047903999434323
0.5149840624537358
-0.4954468416170628
-0.5962903424908237
-0.6068546456124314
0.1107789426207166
0.1341022805880367
0.0210308795676079
-0.6674377219839521
-0.2975903464150646
-0.0891017553999410
0.4302595514881870
-0.5132260000876389
0.0974861085760985
-0.2610984430510292
0.1577713350302954
-0.0055491859209581
-0.0893421930214606
-0.6688248518035147
0.6720091558682992
-0.1653949223980486
-0.8878130278615793
0.2452049496365891
0.3125692714926224
-0.0820592474074333
0.1409745023449731
-0.2231865814052442
0.2428014389341358
0.5308744895514458
0.3640470101015644
-0.6898843217398821
0.0306085695395898
0.1168406394355732
0.7571867948382431
0.0780892438306276
0.4909649952479553
-0.2535050418042654
-0.3187586232838704
