-0.0933400083921414
0.3662225500026780
-0.2169902637376091
-0.5203008367463093
0.6441639690813276
0.3527374836396817
0.5070139831699726
-0.3034110928964395
-0.6795911550472884
0.2128117876895042
-0.3418819093012402
-0.1638972076392257
0.4943742739411119
0.3590089697787952
0.0529111014009465
-0.3712138302848069
0.2746392546785751
0.6408436815846630
-0.8075264689305000
0.0579070639699865
0.2935261051557360
0.1591258290440799
-0.4781588662422313
-0.0665827956464475
-0.4516617401072402
0.1615632631915387
-0.1376231554998835
-0.8084977667229130
0.0255352888481301
0.3108667910986333
0.1734963300348133
-0.5871174113106598
0.3335299963918955
-0.2764227352673524
0.3970286036399328
0.5290639560829894
-0.5266005450316271
-0.0757830628246542
0.4486498550120390
0.1160116968623400
0.4245507663188299
-0.5674152218333584
-0.6688220149124895
0.5390929399542513
0.2201654340858961
-0.4285947319401140
-0.1555285020080276
-0.0755019000421155
0.4463650508928028
0.3425319922371668
-0.1170255151589367
-0.1477942002101602
0.6385694846382820
-0.4900214200525591
-0.0189591776033794
0.4557134964781664
0.3378136611311959
-0.1626867366990545
0.8049692549494997
-0.0583542059636270
0.6859528556053773
-0.6381883154577577
0.1324470538688874
-0.2810331773834385
0.1601790351012190
-0.0022719474645195
-0.5851138976791179
-0.0821917780418146
-0.5884713410137398
-0.3266621790352875
0.4256045853393790
0.1293842219769461
0.3440412143160615
-0.0044381263025426
-0.1236288367131553
-0.8722517780046665
-0.3208288033433976
-0.0507697875980026
0.3016348472126927
-0.6149275012595444
-0.3130954301484027
0.0179219170177103
0.5843451060378687
-0.3017804511592119
0.5621605955735057
-0.0662335242128714
0.2253608915355299
-0.5935593585943130
0.0992250189844835
-0.5163746092264146
0.0912451305063121
-0.7839275532561142
0.2020156401963411
0.5770799076374332
-0.0316149349996851
-0.0479674327744168
0.3371068080014968
0.4680988420555169
0.0849582008208037
0.3455627938823805
-0.7120717639342766
0.1832068139299128
0.4326028175364158
0.0580343478718590
0.2401685386219500
0.0914302477208017
0.7659390398080823
0.3959593247827674
-0.0792905961874074
-0.6649551281951201
-0.5609471771240817
0.4649079285033887
-0.1327832826742490
0.0558136289513519
-0.1564593088862612
0.5818738478768782
0.1776108489050539
0.6697113969514782
-0.2112470360890197
0.3350507882514519
-0.0484065343610383
0.0279027068935501
0.6460867548695308
-0.4699344233096237
0.4288642588913267
-0.4179560225616679
-0.3413744934703645
-0.6501840828396891
-0.0085228972236015
0.3370777329314945
0.4191138279523903
-0.4139730366020699
-0.0117785854436171
0.2110648042937537
0.8948613524783673
-0.0898308259407690
-0.3664527717947977
-0.1103578810447327
-0.2096924964862475
-0.2018052154698739
-0.8771062663597803
-0.0494002863333964
-0.3744527490447028
-0.0577326587121387
0.1203861440493915
0.4611329862956590
-0.5983295224304677
-0.3778712874241628
0.1441655065156300
-0.5012932522292645
-0.6761829259361193
0.4366827381858524
-0.1503301870478213
-0.1521528577404907
0.2672814807110792
0.4846604890595448
-0.4100428138735279
0.2559703556920470
0.1519181652135220
0.7271569604197403
-0.3113517010782984
-0.3428816297565352
-0.1660172285861939
0.3544543501697285
-0.2692900874941649
-0.0409201794800787
-0.2536183155352149
0.8415976064438980
-0.1438615077047252
0.5053672304003252
-0.0791288415964948
-0.4888379441722177
-0.6702122083415305
-0.1717542302054704
0.2363894832963337
0.0941129241083132
0.5603378802233151
0.1153981502509830
0.1605635748325171
0.7630116873581764
-0.1836408655610311
0.3657816520772982
0.4465080487476040
0.4125334328710128
0.5553011035160565
0.3931503899282216
-0.1935345292167552
0.9155202858972803
0.1742733294645767
0.0673355343581778
0.2208483053296892
0.2017120487091572
0.1231092422365481
0.0189360223622865
-0.6238204837960316
-0.3421059651910111
0.1976746416125267
0.6627381007408651
-0.6923137463419661
0.2098514551590083
-0.2354172760034980
-0.2393407835030386
-0.4953501563613417
0.3443645764268406
0.5625687739897510
0.0789887006300659
-0.6193558418347873
0.3599429461007680
0.1654176957525897
0.3698020583687543
0.0258377029269019
0.2228991423769741
0.0301499218743301
-0.8858504408499079
0.3424765170352465
-0.2161439320718321
-0.8963760667237052
0.0716332541553008
0.1314037449805633
0.2909922435353300
0.2942260517836637
0.0535371306965275
-0.4232403012890522
-0.5617671985176921
0.0891325425848768
-0.3200265109669336
0.0411788550116189
-0.6270789312877244
-0.1462280290590586
0.1732740243917089
0.4692955058536702
-0.7757697139263988
-0.3520850118012667
0.0507217861831326
0.1066560856933380
0.3619435661991785
0.4812489364369316
-0.3089134516544003
-0.1816587698713330
-0.7054029813983755
0.1802565000624845
0.0915356094887365
0.6291680980128970
0.7243100624107218
0.0399065381787288
0.1925064480082396
-0.5460207493021818
-0.6998692043943054
-0.1498413862416399
-0.0746031921734786
-0.4180342499537661
-0.0963001901569716
-0.3935842560083159
0.3053894045018082
-0.5206201496548744
0.6082747551535462
0.1633349922328208
-0.2900119090122775
-0.6953326187138215
-0.5554445288282438
0.3652014568797661
-0.0986767553607569
0.2546802544449970
0.0047630439375485
-0.3142560060787886
-0.2864239719353320
-0.1686450029977462
-0.6701812519345447
-0.5753839770640122
0.1027312143485773
-0.2538550816599698
-0.5894239165463847
-0.3357867207773784
-0.5988046335100126
0.1075965857589147
0.3244076261250183
-0.0269666931389483
0.7751315857938443
-0.4303592707184450
0.1737588224718266
-0.3648235858086021
0.2234867851205440
0.1426947646828966
-0.5568260089928848
0.3303833076446534
-0.5263053777132082
-0.3920952428729129
-0.3601303094402300
-0.1796577267060902
0.7042362912179106
0.0681833338668801
-0.2424777457237079
0.3157858960105537
-0.5555260489471220
0.0614088201101932
-0.3474659701812070
0.6408561120795677
0.4656385389351840
0.3978337595560191
-0.2995143582614995
-0.1758805670481715
0.0666604320941946
0.5499846332893620
0.4836174671325376
-0.6323039665257251
0.1686569164710973
0.2858269053940383
0.6548055406083254
-0.5537340764732277
-0.0960927546009888
0.2978339038022227
0.2915002657854197
-0.5664727615423383
0.2710661513413492
0.0722552613378125
-0.0813882137561936
-0.1772408305144189
-0.7499150457863382
0.7948022491971541
0.0702575567360531
0.4615980991213010
-0.2638096376574577
0.2656229202086783
0.1006448936562693
0.4960718711169653
-0.2044440456593150
-0.4631210832706504
-0.2377514464675182
0.0924979636436656
-0.6576872885616403
0.1336088377808476
0.0087450589493752
0.1559104788142520
0.4168886535272233
-0.4491753152076109
0.7630265472282967
0.7468777608482376
0.3893124826479377
0.2400432556260403
0.0338248108632164
0.0132411639074704
-0.4813202576058032
-0.5051404442747364
-0.0442046946727659
0.7561038689121092
0.4122103383619258
0.0330665280857382
-0.0132384897496395
0.3986824353275417
-0.6210076127719848
-0.5561888586234407
-0.1897618491129119
0.0702440433126830
0.3242098536195808
0.1798369367617162
0.7359384911225948
-0.3009209259055857
0.3562117874990257
0.2818560178502591
-0.3594025006324099
0.0200115304902340
0.0964520577196258
-0.0715472358430342
-0.2158674691278642
-0.8806803162544526
0.4037089899749541
-0.4054935534519047
0.3009195784597499
-0.7767063651339123
0.1195814838416580
0.0028950794196090
0.3569894886497375
0.3755153274063957
-0.2448246843881486
0.1935227167784665
-0.4182741027651155
0.7530729838969638
-0.1397352023233711
0.8605386336793329
0.1563493161667301
0.1254636878105347
0.4325320873807579
0.0764225864770895
0.1623656243873061
-0.4558503328289655
-0.3098112155161212
0.1801365508242175
0.3809271436975766
0.4283090861469830
0.5789768093590979
0.1868364682388642
-0.5203168487417725
-0.3382012038489425
0.4123410768251048
-0.0082926534828285
-0.6402253704966028
0.5632255583781042
-0.4316494172911141
0.5260347247036273
0.3046072760909629
0.2043390469741328
0.2918958385829450
0.4789043666871438
0.2040385376735152
-0.1121611414192008
0.4065124054409526
-0.5076858293608049
-0.5417024311893235
0.6979597709205982
0.0407028109735721
0.3286539301891657
-0.0582823853441351
-0.3701454749932356
0.5126183028600916
-0.1521455311565343
-0.3386736297054516
-0.5007844447537170
-0.1985067031681341
-0.4385803218815298
0.6161243704314530
-0.2927816289262386
-0.6524005643454649
-0.5935142962794189
-0.1599016768235487
0.1612637261035658
-0.2912364433053926
0.1741145359979022
0.3517028591541870
-0.8654366282074523
0.2516121737271151
-0.0779680408933732
-0.1661955727613909
0.2186298916886955
-0.0087528177764790
-0.0207231507522693
0.7301200321164509
0.2782438387121817
0.5841232871449672
-0.1345241140881926
-0.0131381144255231
0.0379284650220047
0.6463138228556071
0.2821857961458670
-0.6949400715590500
-0.3276803450627442
-0.3744604548396422
0.3244649920052032
-0.7833385743476039
0.1822148103308918
-0.0174891114426392
-0.3780309694498231
0.5942162978532960
-0.4995823309529133
-0.0501602405246981
0.4907232061347037
-0.1053174122991313
0.1926134840664131
0.3076955324257596
-0.1280105867773945
0.0925860442972277
0.0566242177238945
-0.9165469530375855
-0.0259618264820474
0.0172720680355469
0.6016300390533382
-0.2112345542935490
-0.4956664437989913
0.5888664491242793
-0.6147279466597931
0.2495462929986463
0.0450793808412693
-0.4576138877383000
0.5619699407523583
-0.1805086261342257
-0.1984031671519932
-0.2537102229383605
0.5407769836119415
-0.0090260304601300
0.7630378850008002
0.1466945018186925
-0.0638880723096188
0.3712527767717194
0.3248849119916897
0.1330582785099430
-0.7443424425975288
-0.4251932579238714
0.0709422330150508
-0.1955154916592386
0.0861202720698534
-0.0657422996443846
-0.4979250786496937
-0.8349088315042926
0.3990124391060191
-0.5125589096169220
-0.1195628188920678
-0.4132268326535211
-0.5548206299649748
0.2918815226936560
-0.6350375767934454
-0.4908820496236287
0.1474845768744473
0.5554393934440971
-0.1401093660244631
0.0765952659402411
0.2625308294476658
0.1921954551766168
-0.4403465567862042
0.2410591760831481
0.7988144604667528
0.0633980433517675
0.4343414542564158
-0.1149242343723926
0.1108447639700099
-0.1123195539519021
-0.8513222645584472
-0.2202000895456157
0.6750242430726203
0.1223189314666409
-0.4082651339782935
0.4107288346771084
0.1996687218850928
-0.3925992314209741
0.5579427702908153
0.3098537842477533
0.4578386817705132
-0.4544840422417820
-0.4077315871086588
-0.1013580147971566
-0.2342956901221218
-0.8788016517536072
-0.0954875888382164
0.0894809205941947
0.2719314158411316
0.2859051884304429
-0.0853706521423905
-0.0784963381252115
-0.5065300017620940
0.6276975364477047
-0.4678812863446107
-0.3421409630468171
