-0.3175555765930053
0.3213985286073037
-0.3497777175020383
-0.3179560217300622
-0.1787702788040908
0.2350119712591592
-0.0502585948680948
-0.2555506438070781
-0.3524168907984792
0.4007375521225121
0.0336266319516331
-0.3258598537116436
0.1590465837503923
-0.4868953718150266
-0.1740129142910350
0.1403088835305003
-0.1302441701543013
-0.5438125781632042
-0.1340381835371412
-0.5486814422165663
-0.0699123890777686
0.1900101104859855
-0.0439091020452964
-0.1897581136203146
-0.0208211915101775
-0.0434895261467108
-0.2174975141924145
-0.0217089146353646
-0.2684981478471733
0.3960727964910885
0.4185388225298858
0.0765277318832554
-0.1526432998477983
0.1115801107979943
0.0621610122334531
0.4815358524987317
-0.0787416291316042
-0.2012651627125291
-0.4733166196514310
0.5128614686873958
0.3533153247829246
0.4910710611818639
-0.1852269791092123
-0.2580768664917655
0.2557325428097721
0.0025708508649892
-0.0204488248476097
-0.0724521209347442
0.3531195533427988
-0.0943782523240518
-0.1074139655453561
-0.2320910701002451
0.3741716011946574
-0.3336207846742397
-0.2848077416377042
-0.0504285446926577
-0.0685346579640514
-0.2486743428255208
-0.1731620326238801
-0.4144720419690089
-0.2736385582448646
-0.0306634731914028
0.5394629078952217
-0.1703186488019236
-0.0296517380074921
0.1060398078797097
-0.2149969488114914
-0.0386604457576992
0.3670519446783596
-0.2484511443709365
-0.2967196063666260
0.2090317107659649
-0.5333804013480010
0.2761954565281496
0.2220472213237181
-0.2893843845446818
0.1197217387800863
0.3235509093474022
0.0279238098494862
0.6903527028454615
-0.0276239384629525
0.0953501841127803
0.2743804863953357
-0.1629769953342932
-0.0721647677162875
-0.4863389064292224
0.1574341888995999
-0.2121374407663917
-0.2303467672348776
-0.1543735610594685
-0.1500685905268895
-0.1868714603477861
-0.2442045420790916
0.4119665574453755
0.3058502228408775
-0.0520206139415168
0.4627733349120609
-0.0138411242376337
-0.4128304221099359
0.1752280699653590
0.0680236656672567
0.4217687327208904
0.0750360890627755
-0.1893282429873797
-0.2983577670109364
-0.1351073014855879
0.3632537135552394
-0.1714661458397785
0.2038107924146210
-0.3261172363388263
0.0285924328317673
-0.3066855035959005
-0.5050940846390589
-0.2187759269395824
-0.0443304523051475
0.2786933973295570
-0.3255638260515727
0.0028226024128521
0.1414054567577719
0.0157185964912515
0.3314549629700584
0.1938074849528353
0.5171336916443108
-0.3196922110008023
-0.0557234701143754
-0.3260437766852179
-0.3084298676693908
-0.1135725798817310
0.0182405478594079
0.4948992581678620
-0.1122106033924169
0.4450674556312634
-0.0154824375167356
0.1986429053449756
-0.2055263062374560
-0.2936628460471881
-0.1955632588464060
0.1389707619984799
0.2165371112352486
-0.0722135337942858
0.6517828356857258
0.2929056692752139
0.0295047303056206
-0.3336801323869018
-0.0116193512820963
0.4090036897088155
-0.1715052949009674
0.3201171325335262
-0.2392572774147285
0.2618553665191971
-0.0148833090869138
0.0926647509819333
0.3264889639521811
0.2839489608279789
-0.0972985720235413
0.5079762614725746
0.1237607320804192
-0.0427968656008477
0.3226225285587303
0.2280633971210114
0.0614776852667026
-0.2499108936580557
-0.2637335981554085
0.1923865927745146
-0.0518064201814651
-0.1314666660724509
-0.0393026744134785
-0.7925552334443233
0.0655335050435298
-0.2324489587609351
0.0806383042694036
-0.1179849729254856
0.0258348276278199
-0.2313525448761302
0.2204502499532168
0.6019194510437235
-0.0121345488448168
0.0983033411488691
-0.4408473751703044
0.0691313964935456
-0.4645020053590732
-0.1890747199280143
-0.0798433138784452
0.2024652157425497
0.0450747481988381
0.5611639052096529
-0.3496096345327661
-0.1464518120398537
0.2602215677653595
0.2213474525849293
-0.5830553199782585
0.1605496986908204
-0.0909150314939571
0.0157176916240004
-0.0326945043961091
