-0.4230091899395815
0.3439658446380334
-0.3789983373485314
0.3512587087272078
0.1634548211557462
-0.0468146151631800
0.4767330176928481
0.0007531473275631
0.1649555967768017
-0.2929782041701219
0.0248297656255738
-0.0935329245141678
0.0401215938133854
0.0232690397550582
0.2344815256707948
-0.1173050813171004
-0.2206752232168397
-0.1649614596579689
-0.0202029830295481
-0.1235582430233878
-0.2308348443852282
-0.0027413428025735
0.0694361028277881
-0.2714812446426229
-0.3399023829958871
0.0941515174423844
-0.1921529569316540
0.6133635115365476
-0.0306665446122507
0.4736697904931066
-0.0419590790270887
-0.4315427631688024
0.0547340175587589
0.1379854622187084
0.2327807247301877
0.0907501901686624
-0.3923534122806226
-0.5351363711572173
-0.1204152005176880
-0.2784204165999638
-0.1511204335517543
0.0358700944764939
-0.2713572869728599
-0.2439029661622875
0.1948708495152858
0.0114135133356807
-0.1789293525866447
0.1946861153303394
0.0679313175942539
0.3437818560672563
0.3944006721267092
-0.0160590692670409
0.1014775569191362
-0.6138636476387855
0.1262750922683228
-0.0433049744571474
0.1971155886397976
0.4208919783765813
-0.1739968342893340
0.0106966986927762
-0.0277763349354713
-0.0048377362094460
0.3906178059505875
0.3302913122159301
0.0469844098256007
-0.1579902331119042
0.3401307063563853
-0.3952405785270359
0.0417729492217673
-0.0462617161318574
0.0104224933326597
0.3547669306655598
0.2957716513867035
-0.3164612187082821
0.3478161692489669
-0.0114040715673274
-0.1960111758574503
-0.2961474069563272
0.0305369509252997
0.0601856364052904
0.0934263216837908
0.3891913389256013
0.0610727599341052
0.2132444258238965
0.2645912638026913
0.3447919592107197
-0.1446240988929715
0.3993256509188931
-0.5383761501888790
-0.0259615801082501
-0.1927675864151344
0.0033043302035256
0.1185561002923007
-0.3526743971793175
0.0599184630393453
0.2244283217970006
0.1844429545220104
-0.6314574190459160
-0.4106808023723454
0.1299540227968292
0.0890646214853969
0.1443847538523957
-0.1502353716699822
0.2659443757612132
-0.1733657376336469
-0.0196294155447015
-0.2246996524161810
0.2187974844428398
-0.3380928990152436
0.0855007732341928
0.2514078061800801
-0.2558737789116180
0.3318673837888600
0.0047598452416341
-0.5779176223848468
-0.3789017060594708
-0.1260017799629966
0.1450565386383630
-0.1522831142858527
-0.0560004839303587
-0.1830146069392961
0.4384871937545658
0.1303770632000605
-0.0034870944022217
-0.3642304834770657
0.3101016284168057
-0.2114043213106457
0.1259327808433115
0.3188114282466863
-0.4487090247750137
0.2089654340321676
0.1484487045114701
0.1895307696370669
0.2046664344677761
0.1461240243766550
0.0957126632939359
-0.0835805451536255
0.3567052041033977
0.4158121865019810
-0.2000442015173579
0.0682438485843474
-0.2015563244790483
0.0656054991744822
0.0852565020930854
0.3058042233259349
0.3945083905956657
-0.1247454450300687
0.5448142904468244
0.1573232401385889
0.0235512030945985
-0.0682376091989618
-0.0985201682676031
0.0047193494758449
0.1510458191884123
0.2414893091339717
0.0293807585879849
-0.4374165938419071
0.0328871974718121
0.2716158448952472
0.4911746305654397
0.1448789295971912
0.4631343152260950
-0.0047441511640977
-0.3566427107738053
0.1829689056800688
-0.0923829878872448
-0.2393042549563127
-0.3061664898329577
-0.1209772656046360
0.0575820070268481
-0.0227268904526799
0.0154854431728535
0.1135988032630527
-0.1131163274469423
0.2430161636571753
0.2011385331097011
0.5005759194980385
0.1426967659899605
0.0613870149466190
-0.6494866434642522
-0.1394165398973359
-0.0759353937851305
0.3060594681444096
-0.3353469198933581
-0.2637829364383659
0.3305120670948765
-0.0258258681206937
0.0489100384182378
-0.2053818318823805
-0.0157213898047562
0.0500230454742346
0.3763102716071427
-0.2599376780390981
-0.2438774651952554
0.5226888742096766
-0.0039380580073314
0.1590386557065416
-0.1043632829946253
0.0224682609980969
0.3434592424983564
-0.2007171037442499
-0.4888087229650837
0.0956739997074104
0.2199438650015149
-0.4662893063948941
0.2324975205189920
0.2247999862341413
-0.2243328735936343
-0.1165644339733864
-0.3502169812130754
-0.1946008656362066
-0.1324823583264761
0.1880756791412940
-0.0255257055680044
0.2356639711633382
-0.1956413328470462
0.5403763325265752
0.2536513742147996
-0.1844979559108523
0.0968498274278894
0.0326921597788057
0.2763587241422754
-0.3424845936531349
0.4072238393414577
0.2332530975822719
0.6063571013744309
0.1141738501714782
-0.3084333666128325
0.1309656914042997
-0.1103401122836623
0.0559854616302790
-0.3012487945569977
0.0555265780198880
0.3005819847643013
0.0993061653177469
0.0658794421236067
0.3576479467669476
0.0387727404343292
0.4027660884357233
-0.0410079023192260
0.4644521395852053
-0.0359667449439624
0.2751290256316937
0.0102960059649831
-0.1451753309003942
-0.7054759987360204
0.0971535695399055
0.0454716574085552
-0.0046938854854327
0.1195629828456753
-0.1507578693686267
-0.0636669834911200
0.1512489989542609
0.2713461801615776
0.1982576531896233
-0.3993779999057112
-0.0729621258729370
0.0606227639241769
-0.0525160986459140
-0.0443609954190988
0.2341892066897163
0.2326839477327260
-0.2395789274686810
0.1599343460015630
-0.1274016564072872
-0.2317157506093038
0.0227958914144931
0.6766946670214842
0.1137329587239880
-0.3058029425709440
0.3587561561615121
0.2116629813660379
0.1744302344346014
-0.4259324650433830
0.1023887375130747
0.1650226232354481
-0.0712237248439773
0.0721509236809236
0.2365987980406897
0.1604566169051614
-0.0989410025402351
0.0827858628572252
0.5477259901137901
-0.1044329992069346
0.3967061720843338
0.1627872642054512
0.2871537181253086
-0.7068931801955435
-0.1976611820015725
0.0335069739606846
0.2567407693780243
0.1518337771999300
-0.1431408819600972
-0.3068328744994345
0.0779227268837129
-0.1346362919871834
-0.0081356434199945
0.3424252238863315
0.0746427849409106
-0.0213477493033622
-0.0504345599477561
0.1271474275128297
-0.4221397093166937
0.4597451087009535
-0.0297003840823807
0.0182237463903116
-0.3895487421732614
-0.0727387986249544
-0.0537629392287326
0.3239119109726181
-0.4845502422011889
-0.1562831474921244
-0.2090799606425716
0.0553182714071655
0.1402559602173920
-0.0129485636097553
-0.0187558046998307
-0.0447349534836424
-0.1878642741490997
-0.5755178722710186
-0.3852278408103348
-0.1118117457614078
0.4301616545410287
-0.2595403667900772
-0.3454239895746544
0.0738281874188310
0.2379778988576500
-0.1064941441048624
-0.0792245248160801
-0.1365415047848116
-0.0966071240127688
-0.5078918724311057
-0.1100872987178570
-0.0498967608577208
-0.4488875633940876
0.1553205366317861
-0.0382504071396814
0.1129962696725055
0.1990527983017590
0.1348302329163948
-0.2619550927292443
-0.2575429649592254
-0.3328138862662631
-0.4166126836637724
-0.0341610368927901
0.0951408682054696
0.0310897921471533
-0.1449060733122011
0.0099547123295302
-0.4807504527316075
0.2111925841956167
0.5866272205867203
-0.1461692720439182
0.1564368436254844
-0.1366694786397422
-0.0332740058041887
0.4951973157881351
-0.1429919482694132
0.0851103982387611
-0.1024473795544630
-0.2803013100816589
0.1130800306152909
0.1799209538270119
0.0453461120532909
0.0266814622310672
0.0949590542641984
0.0894929177465909
0.1567551044477872
0.4863544463178797
0.0354622108286103
-0.6478254707425015
0.3237251741245547
-0.0684828995572344
0.0401498550883396
0.2516545888262004
0.0201093686877239
-0.2226818377981114
-0.1224240669958194
0.4309347466956041
0.0088126880583115
0.1502001424710153
0.0748994946585516
0.2808628026108883
-0.1155894808961533
-0.2875649043470124
0.5790204196351133
0.4076238719194897
-0.0242849057707647
-0.0670298625632250
0.1990609984758745
-0.4850367599921531
0.3139323056513330
-0.3681754707235915
-0.3815094439622604
-0.1875375504379432
-0.1110329602111631
-0.2163586873971400
0.2356540560557961
0.1240286316665819
0.1694352716931075
-0.0701591285246806
-0.0780766899288570
0.0788133185984750
-0.3107406431702153
0.2781360762752772
0.4401104954163524
0.2632336638918554
0.0285071708430909
0.0682684515703738
0.4533770176284629
0.1245044707008383
0.1640312590668896
0.4104893876523495
-0.1370063530484594
0.0242319390115097
-0.4823094339770503
-0.1600674734892034
-0.0836850496902314
0.1740711348087350
0.0131077745277499
0.1157248636508006
-0.4149513371363716
0.1187607658750828
-0.0896014677963188
0.0771977385477699
0.6007034651612607
0.1594361683631072
0.4359697035679545
0.3034915168707863
0.2094921463360437
0.0619876740564997
0.1073194733500761
0.0330781882278583
0.2377857612377068
-0.0317292771152467
0.1431786193549909
-0.2054710498905345
0.1076173755685458
-0.2997398537122620
0.0638917011485416
-0.0258531176906089
-0.3015078458386352
-0.4261947865525880
0.2601923350258171
-0.2505562604934355
0.1895871460204581
-0.2755276508918413
0.2386377734047649
0.5061636119272193
0.0554047712416404
0.0054465686144832
-0.3718397378681836
-0.1779259096614540
0.1795071112186703
-0.4915006090565479
0.4623017774704206
-0.2522411715672507
-0.1059076400969479
-0.3175972131998771
-0.1730521959263274
-0.0612003611852110
0.0377237409822361
0.1271664700786687
0.3355547156132007
-0.0541793081633252
-0.2584655567510570
-0.2876173062866223
0.2274837661072512
0.1931085314912578
-0.1251465325495826
-0.1598478249974961
-0.0830632402916575
0.4745691685153169
-0.2043335098997466
0.2441553458185610
-0.4515090483105512
-0.0984371131563648
0.1570534744897059
0.2297727741305001
-0.3093995301686122
0.1143098783242369
0.6257876452268346
0.1801121362795543
-0.4311028026608112
0.0328802233133249
0.1866333685712821
-0.1221423344229103
0.1246928306914239
-0.3699993148330002
-0.0639264447840314
0.0691323309815859
-0.0263058810431053
-0.0662682570277854
-0.3084233881649546
-0.2543207843011978
-0.0856111333199142
0.3700397576938947
0.0926307339029319
0.0194442234388843
-0.4518747951049051
-0.0235330683931721
-0.2130638289250206
-0.1288902000854391
-0.2230964844691500
0.3507699441313762
-0.2535335706191152
0.4906505965686153
0.3131836747925754
0.0429915978516826
-0.0476245753868024
0.3567262232225266
-0.3453432707828908
-0.0313362144584098
-0.2247314657287579
0.1615518633859928
-0.1165339840411701
0.1008762610175717
-0.2288155580822047
0.5755732506975717
-0.1165476459838540
-0.2573805440280447
0.1995750390415530
0.0822318036049713
-0.2294156384095505
-0.2990819574653281
-0.0722462000703244
0.0768237503898421
0.2692583414412252
-0.3720526120259249
-0.1142652712729477
0.2006174411056212
-0.0109327621464060
-0.0278332354532750
0.2095828536108958
0.4215390466378584
0.4670414368749317
-0.4711426261039559
-0.2185662077858698
-0.0604582915070666
0.1029935083654648
0.3309933047891871
0.2156297910438343
-0.1833838014327602
0.4711642420245072
-0.2404785091174979
0.4771064176530836
0.2041713873060965
0.1169455817310690
0.0844117821181600
0.0258970938641500
0.1996012300303282
-0.3966432239606648
-0.1885273634981754
-0.0210901075612317
-0.0809279075202056
0.2164231659721324
-0.4065102707732995
-0.3983985415369325
-0.5904202975168561
-0.1902140765430559
-0.1768501276070123
0.1472246143007055
0.0322233619795082
0.0671070661226989
0.1866213542435627
0.2138659653441487
0.1097445844933047
-0.0650307591345174
0.1271809206697708
0.2700086912439288
0.1010816447392889
0.0302646776837695
0.3425879058307900
0.1310463841917633
-0.4220766005698672
-0.2570558478660914
0.2740041338932449
-0.1555159265946181
-0.0342238147324674
0.1647220547641862
0.0290464888606632
-0.1206582955112553
0.0658030002708300
-0.3342947888670058
-0.5924924468249575
-0.6680631797453764
0.1142162798730978
0.0283610873037381
0.0393758344043706
0.2242436331206137
-0.0550439455148491
-0.2013109754875373
0.0473266849957701
0.3228790511208480
0.2408926776254915
0.1888901993272246
0.0158805886147115
-0.0384692603725285
0.4681825019768290
-0.1527214829064674
