0.8887466926663063
-0.3001725661894655
-0.3176706814943044
0.1382428475577576
0.6974103810261953
-0.4729280702961417
0.2773366871851279
-0.4615649062743435
0.7964758054181369
0.4134762147035058
-0.2075728865414795
-0.3893291769580451
0.9397619724613040
-0.3050727413985730
0.1299647668397051
-0.0829892580488578
0.0815680512791494
-0.5623274560534438
0.4525920901383874
0.6872371389288783
-0.2742871022628709
0.2113005435665707
-0.7362025165135150
-0.5814847551740947
-0.3773158281587488
-0.7552363412977989
0.5133513268779260
-0.1540170438512089
-0.3407826432777445
-0.8093392989963442
-0.4526269271156497
-0.1548094118281707
0.5544740515267377
0.5660872197274293
-0.2984462021954563
0.5320090696970332
-0.7134442470800589
0.6590243597458264
0.1141266493011661
0.2089480975966524
-0.7655602831155592
-0.0277319273623712
-0.2476640120363877
0.5931365190770443
0.6676678547096121
-0.2002077974406005
0.6755298710738311
0.2404077097732533
-0.3114040280090994
0.6155410902301377
-0.6606588528434477
-0.2960854230413599
-0.1567977269537990
-0.7621233000980553
0.5546060851638519
0.2949485354583031
-0.2609062740604140
-0.7097581349905164
-0.0633552464400081
-0.6512736895647036
-0.6263156453841562
0.1918499460299918
0.7245482549785666
-0.2143644951078214
-0.7154116559561018
0.3202834207974046
0.5619782583607658
0.2641687529104480
0.6215501055428683
-0.1015105707221624
-0.0496816137991301
0.7751792099776827
0.2637894833872792
-0.1621095951619328
0.3257271714879880
0.8933293890638221
-0.4425975773508031
0.2686825858097160
-0.1933589062147471
0.8333842967042523
-0.5185814190306256
-0.7967458064027729
0.2160120947945172
0.2227289983775406
-0.6060508932643227
-0.3437589903619505
0.6631428795068148
-0.2734476049963855
0.0501254319432216
-0.1450745581722969
0.6093915975636808
-0.7778706155026062
-0.3638818803481205
0.9223758689934812
0.1243908385442294
-0.0366012669056678
0.2891085375279180
-0.5465585521800624
0.5362843537669548
-0.5745338062047020
0.1920912747953705
-0.2935021066334981
-0.5656529131775068
0.7463204655930240
0.0756327119812098
0.6050407191321135
0.2772071522483274
-0.7425372824396327
0.3022416239178700
-0.7648528956991559
-0.3356499308638555
0.4593355773540669
-0.5242924406971546
-0.5076502026961311
-0.0847124342445213
0.6784043866417474
0.3396094168434583
-0.6961358316638805
0.0629788535112392
-0.6293600018076249
-0.3574829061883927
0.2841491914891914
0.6554999125975768
0.6014857216457503
-0.1162573741215687
0.7137046807380296
-0.6729624090644747
0.1556645355921623
0.5538352176118645
0.0841719037867147
-0.1453856213000366
-0.8155027059825989
0.6376624707743777
0.1117757332903127
-0.5482725024437073
-0.5294242362014077
-0.1299041885122376
0.2600804130206597
-0.8830325376688953
0.3684245078547451
0.0213932405792410
0.4547426679560229
-0.2297121026111994
0.8602231019402460
0.5281373222501219
-0.4304792649763736
0.7082924189414042
-0.1846088311593106
-0.0103393922576353
0.9732624222050840
-0.2280862041576659
-0.0251005570492634
0.1972745081148699
0.5108658244176186
-0.6467356149228985
0.5308784439779444
0.4016214863339091
-0.6904124314186042
-0.4675463227624031
-0.3787232397529201
-0.7611846837074336
-0.3115566091111611
-0.0803230075972939
-0.5630973015908483
0.1756232037638521
0.1220488400776979
-0.5492256430320854
-0.8078438982695861
0.4923823900956283
0.5191944599757431
0.4488422276502081
0.5352918356674347
-0.6878475526051834
0.6538047989640611
0.0760209471204955
-0.3059834061277280
0.1765723696186130
0.2282878986587382
0.5935769449311109
0.7512477913841042
0.5696324686506675
-0.6307758560084248
-0.5174230488511383
0.0995693660388469
-0.0959696476120786
0.0792791362532794
0.9876730837422186
-0.0949027130449069
0.4221041169449600
-0.8295459172829085
0.2966459799156879
-0.2137354630781585
-0.3530353439625605
-0.2782557543467036
-0.1020613851364807
-0.8874250699356011
-0.1877279598029800
-0.6774553659521408
-0.5999161064638285
0.3819857398596733
-0.0406526500324347
0.9172498672052932
0.2056472389387072
0.3386875496295942
-0.6125479099219744
-0.0423590594164394
-0.4707362799951997
-0.6335598810150912
-0.8119032171078472
-0.0729104311586527
0.3469538271958180
-0.4638106045277122
0.3011629962253454
0.0495544996398759
-0.8118176289074669
0.4977924654563108
0.4771491712693889
0.0532134567230694
-0.8596318506497286
-0.1747285830339166
-0.7333520766483861
-0.6218695246076338
-0.2039565333107878
-0.1840509672879253
-0.0221509671738562
0.1080259444542821
0.9120607698102503
0.3949492146481074
0.6224078481128617
0.4748486450878950
0.6217119153501929
-0.0245260917657530
0.3205987757800672
-0.4225511839163639
-0.8335322819273212
-0.1545666746884149
-0.1391548094352124
-0.8245442203431638
0.1188021094823430
0.5353959530032698
0.1128227161929480
-0.7884138953869676
-0.6046944151935829
-0.0043850319593194
-0.2204519225359603
-0.4223154702790644
0.8779370740788819
-0.0477188366474251
0.0305185213844964
0.8365595956660642
-0.3130794651867136
0.4485731949525482
-0.1831976889343080
-0.4685535142263060
-0.8641749696344906
0.0098910531559994
0.1123142665065803
-0.5542481055153718
-0.3440990847728697
-0.7495267593156256
-0.2114849490312641
0.2455999036375275
-0.9374243450276710
-0.1272415066553478
-0.8793524677528630
0.2047519991570273
-0.1445091641369174
-0.4048863516822964
0.4486440442943946
0.2244142110332427
0.7984251443579972
0.3329775852252041
-0.3530382268770249
0.5251627577085979
0.0305567552954091
-0.7737146586340752
0.1706052237390017
-0.1019647226581687
-0.1582053868637985
0.9671960031624840
0.2379501604110455
-0.4825536419616340
-0.7742363253507071
0.3332863878068751
0.8641374276327005
0.1798579099782696
0.4122668293447228
0.2257292621806870
0.4332224642812882
0.1648173801015272
-0.4311900201908287
0.7740986333448403
0.8506037401003795
0.1185880146572345
-0.5075965634848181
-0.0689629527014674
0.5635374245067838
0.3752430755162696
0.5351374330179748
-0.5052188963610571
0.3312122223351773
-0.8307590926817831
0.2176512406696560
0.3908525695672129
0.1816573617373913
0.3530685546223152
-0.8041387204426964
-0.4423845803690526
0.8192669248508719
-0.0598931322703857
0.5358254130396838
-0.1952066732801162
-0.4996311164195238
0.1056811575821296
-0.6507225858813882
0.5619255792908177
0.6947461151859361
-0.5932922857141615
0.3874871745389820
0.1232306322060895
-0.6197246988027085
0.3778274601702802
0.4063430043449867
-0.5550433053871183
0.1485393905848728
0.3633146648274982
-0.1223250205435531
-0.9115783527020465
0.1334540788260574
-0.1435226134733949
-0.1568041181965747
-0.9679895334057336
0.9860613180849148
0.1226422708640303
-0.0542304918893787
0.0984936755502107
0.0672966666604517
0.5871043169900712
0.6837073152698501
0.4281635046036830
-0.6013840864729149
0.3880350675043642
0.2330865214289329
0.6583590513178814
0.3805591788435326
0.8991102242916219
-0.0361399902135114
0.2132355905555473
-0.8949224223003313
0.0780587525610975
0.1839817739180037
0.3989629006294915
-0.1673609334390496
-0.2399746776265735
-0.8127623349235393
0.5038053780837087
0.4722675008841036
0.0801999401528911
0.8661685546373609
-0.1424198447042448
0.3168949032388242
0.1880031482323745
0.3575939438753430
-0.8581136334190538
-0.5567312492878789
0.4462560739051817
-0.3813400571097738
-0.5877802254351583
-0.4127057655113979
-0.5244652589169284
0.4016842043451994
0.6271044117867571
0.0989213136846122
0.9477780169763945
0.2295604466416860
-0.1980742425780632
0.7958260204680528
0.5301090534032346
-0.2771830580377410
0.0938876402022941
-0.5523453056901413
-0.7374447020830973
-0.2789530110408598
0.2706939088396232
0.5668658362915361
0.4888209890633258
-0.6294098832689425
-0.2087111955311111
0.8744485474904823
0.3509419434896021
0.2537451913209314
-0.2186157999162706
