0.2247411689801899
-0.1349555928974314
-0.1016620555963288
0.2301596557745769
0.0972888685754094
0.4591511671438167
0.2275092832181954
0.6809720654086782
-0.3635951157003453
0.5037712304297600
0.0679309331701977
-0.2744678252096376
-0.3082467835333272
0.2593029888017142
0.2088554752766023
0.3676996557746320
-0.1259211386609425
0.5561775341588270
0.2081925942848428
-0.3380867552319746
-0.2224097696284580
0.2648252494230407
-0.3802858557327763
-0.1684437024337932
-0.5658298313847971
-0.4505357753179850
-0.1631507749818010
-0.0150315208462296
-0.7207800069957974
0.0488443021909623
-0.1518237226088794
0.1478794052858535
-0.5493292304503019
-0.2092534816836498
0.2188380359609802
-0.1987611601345707
-0.2541399763926396
0.0889861401805887
0.1405498198377861
-0.2128504329888888
0.3741101249582985
0.7674882802155487
-0.3230187019238615
0.1511193587915898
-0.0791201132217691
-0.4060722380081582
-0.3763039836509605
-0.1767090201220552
-0.2733070736570321
0.0581453998623440
-0.3185724483840394
0.4821229355339772
0.0029096528139697
0.5002574653736268
0.5900288773124690
-0.2157545374448352
0.1862753025224317
-0.4225763080995056
-0.2888867071448141
-0.2490831295586487
-0.3331010106017365
0.0181177452583011
0.3677828273039321
0.0110877579444573
0.1450131929738550
0.3379157591888376
0.0290083796231641
0.6012770962148605
-0.6839991103935132
0.1684043442570202
-0.0422410246615513
0.0654708508420044
0.3440983710833002
-0.2079373518231528
-0.0946061631074615
-0.5608744275930168
-0.1638127296983908
-0.1956218695335882
0.5337443506829863
0.3474355886396742
-0.2100734936121886
-0.1334990836112328
0.2398415678179560
0.3099507590110238
-0.2167988547825809
-0.3610836638905214
0.3588554907265735
0.3493662965901055
0.0284864901966596
-0.6321042917944909
0.3699982561648577
-0.0752459342584848
0.1329739619624104
-0.1405147371775289
-0.4946518054847271
0.1829561674648922
0.3069684813685922
-0.6681299894942648
0.0351023445142016
-0.1041879671266684
0.4165330379074945
-0.2647994518847498
-0.3025994931232861
0.1022057399706235
-0.2334482685131487
0.6177071695986426
-0.4284126134554596
-0.1546488628622905
0.3362680788751911
0.4656768565650884
0.4016199707219804
0.0506549483377294
0.3382893750557693
0.0983120589571604
-0.3097224964266208
0.2269318627998356
0.4844308643726816
0.2012022973810089
-0.1791650356564563
-0.0631887867140743
0.8240866033344507
0.2982872455176830
-0.2583098100192925
-0.0698713114192123
0.0782262171412105
-0.2785774451866521
-0.5798074321185642
-0.2391865922514961
0.3934981508571289
-0.4076990879803241
0.3073380086794532
-0.0523118712729859
0.1182789474706302
-0.3035570802494226
-0.2867468933393656
0.6498730060599027
0.3382758161253606
0.2474604185776114
0.2491862856040776
0.0932032478473898
-0.0476230322730874
0.5421746219597752
0.0050390957998504
-0.1870042051070852
-0.2373655182078204
-0.0269472399449041
-0.4788004224091610
-0.0181686461721941
0.5022511441459483
-0.3460527702876586
-0.2856364280662314
-0.3714592579108855
-0.3489593556226070
0.0670745474689169
0.3993555799538305
-0.4724684959577036
0.1455909535575619
-0.1612730506687466
-0.3183936974161341
0.0703088287565968
0.2852024942835004
-0.6147565232173383
-0.2486004572901875
0.5114758807452042
0.1798320664798986
0.5897909215026500
-0.1370299672680749
-0.3141145701671644
0.1714135088694970
0.2946548331246978
0.2504957005662230
0.1985370911867278
0.3676293644215421
-0.4526764321534004
-0.2973536405959208
0.0474422785345100
0.2022166835873361
-0.6202913033003297
-0.2459783947280296
0.2090155628146842
0.0280793321992924
0.4680421703078598
0.0942337056737071
-0.0686567808377356
-0.8173547773450776
-0.1785074063070313
-0.2534267978181231
-0.0366819631215754
-0.0324021396001145
0.0563731123025149
0.4694251511548556
-0.2988980430092542
-0.3801494596929749
-0.0132011341579441
-0.5197111143534631
0.0043184618907509
0.3589803357114748
0.3787466237298321
0.2469818913541711
0.2375046730681742
0.2378373243973460
-0.0758130975675500
0.5589553404190563
0.2255958563677336
-0.0374908947879883
-0.6694238679119627
-0.0861325249782557
0.6675145389640389
0.0214131663434646
-0.2451125786725150
-0.1624203429398978
0.5101214729904193
-0.1856783901869437
-0.2252036002284273
0.2805190695388105
-0.2083201402540677
-0.3660457005892302
0.7666143703863195
0.1866755515915289
-0.2161145437853142
0.2077807335837465
-0.1251230350894067
-0.2806809336668277
-0.0649811929178332
-0.2343645568000823
-0.3092279574857684
-0.0876153973683501
-0.2356551723774228
0.3606560790716670
0.0772270047831315
0.4692618886757773
0.1223457482159120
0.3393006573047075
0.5956771745067418
-0.2267774742270044
0.0368941234808022
-0.7631226603627388
-0.3928159054623759
0.2004761745961257
0.2634343743510939
0.1607880453568151
0.2659236092965478
-0.0662853136905655
