-0.6266710927222413
0.0413755118856420
-0.1180792835163348
-0.5716115010467155
-0.3521982840233994
-0.0123229203061000
0.3750913190197891
0.0439486975241551
0.1928175955504313
0.2267209383693130
-0.4808423129202746
0.4921789808427202
0.6482372641663862
-0.1258033115828030
-0.0646283814045793
0.2382917501878974
0.6234998382373061
0.3079360167241496
-0.5237435035889975
-0.4248568319183800
0.0255536739458266
0.2614621845574390
-0.1204474043086152
0.3261329506452299
0.0865084930564508
-0.0477264219748367
-0.6468389045564614
0.6185508452600995
0.3763028627479209
-0.2301611708802719
-0.0192544020904041
0.2844763955077539
-0.3961234832475056
0.4432995707468902
-0.6088481878935708
-0.0067981495308028
-0.1420874677063236
-0.3952740165332196
-0.4439645556241947
-0.2163179144269170
-0.6951959441178955
0.3103675580128916
-0.1746807683201853
-0.4716150989440467
0.1117574944420460
-0.7210569756307813
-0.2963836895667514
-0.2466385423524166
-0.2568639054876504
0.0206796838804242
-0.4311093457383289
-0.8502207766066190
0.1729062961961250
0.0315645227462774
-0.2233804322480063
0.1002496376369763
-0.2504031043078830
0.0759097145470959
0.5464580676408611
-0.2124943464241210
-0.0240790039100073
-0.4556331201551253
-0.6161042079281416
0.0178921041139214
-0.1671455955969215
0.5840732815717108
0.2433379431416838
-0.5797302748188249
0.4793336900022243
0.0744264183734262
0.1857747229033037
0.1623820356408015
0.0770417705964450
0.5204303631482705
-0.4996644996789903
0.0307762882367452
0.6416578818739682
-0.1472029349089582
-0.7606369769760518
-0.3431892656313533
-0.1041861238104617
-0.0485012523935573
0.2251769695174727
-0.4669818258635657
0.2682603340882418
0.0216400633977085
0.7214069671784497
0.5304730486806455
0.1685914924520802
0.0483570395614341
0.3081832872472078
0.0274778334112271
-0.2890218780320050
-0.4549467600733994
0.6168708518203198
0.2478824371731943
0.4718155118698893
-0.2101179203759154
-0.2889400179686661
0.4094692823406203
0.1288138094281693
-0.7033793448767705
-0.2001560151983576
0.1750233926865723
-0.4084329248841841
-0.5441854815373032
-0.0993664603574511
0.5262859130656699
-0.5615688155143407
0.3160577081076710
0.0052578310185887
0.0416167243930286
0.5881341790614583
0.2921840559078824
-0.2995649746963570
0.0807265025940662
0.1761212727350490
0.6429794331477975
-0.1674200359758316
0.0824856111849381
-0.1407419722430931
0.6443651965820045
0.0100426855323749
0.6682559921310705
0.0175807513246888
-0.3334745946267604
0.5991932593110143
0.2476463661463632
0.5730260435897342
-0.0452593507736040
0.1043158468502051
-0.4594925915637891
-0.1649733986438737
-0.6638216407155937
-0.0093546159584657
0.0504737946475720
0.3531953674977535
-0.6280593504392026
0.0346357596454092
0.1905270725897004
-0.4519903244020562
0.5129906108296886
-0.2298367779583808
0.1494454745840657
-0.0558145944566479
0.2343156220463165
0.6319552245074394
-0.3309329252227725
-0.2260063027486546
0.1483809235887156
0.5757323994542496
0.0642756456018752
0.5078496311252233
0.4731566858910815
-0.3260905659620184
0.3587391544965127
0.2973668875920761
0.2214275236676988
-0.4760170816141608
0.2219820726380814
-0.5929971713142729
0.0550426521072735
-0.1164154677528138
0.4155202034078039
-0.6814689254027854
-0.3038692084030216
0.4323750100507149
0.2589906648035150
0.5056136935429577
0.6976214016927014
-0.2601384180307616
0.1453245761765319
0.2321080439648764
-0.2612110887728066
-0.2162927804034311
0.2937823772294202
0.1752761749045471
0.0201721545751913
0.3490744690902198
-0.3401367120176783
-0.4608909511737140
-0.6577209323211702
-0.3054108820815941
-0.0723701912418161
-0.5528538890145429
0.3943338198638238
-0.4444525588678835
-0.0013983596099247
-0.4927475336772965
-0.5606563456502311
-0.5812059339398875
-0.1553817853770424
0.5361443492262536
0.0717611644381452
-0.1711639212779083
-0.0426978844000838
-0.1142592496484809
0.8810843812846670
0.0170563149861234
0.0176776307540108
0.0962276743683939
0.4216619350389887
-0.1515690193965337
0.3695047132171180
-0.3722486385865955
-0.4145284186236239
-0.1594881601164407
-0.6124413976744226
-0.2518963733710053
-0.2984806298806789
0.5813360295306554
0.1500965882015588
-0.6948389912295765
-0.3632380530301285
-0.0401966416918678
-0.0522165109700979
0.1429475220370601
-0.4134534107412731
0.1794310430361642
0.1878074802543108
0.6403304730367151
0.1202624168317024
-0.3963408907953809
0.4242839414634819
-0.2118313163135374
-0.5223452267881542
0.2803105726059528
0.2037498929136879
-0.5722447559825546
-0.1996798624009072
-0.4414281519177390
0.1582079471726359
-0.6882667857342357
0.2096646233831896
-0.4985199436742853
0.3959513064743262
0.2265753291273974
0.0257657078137308
-0.5992281336445768
0.0170490073953627
0.1107657096578660
0.1199001098884447
0.6199269165106928
-0.4271171790321263
-0.2173739404104864
-0.0756874616541354
0.2828294399494168
-0.2490911800487850
0.4339218700918197
-0.4519380777041535
0.6776151927932068
0.0231070366138688
-0.6817137448295150
0.1577909796384558
-0.5335994869241386
0.1098574243560698
-0.0483290756203778
-0.4446979303568151
0.1161006542162742
-0.2552454635686371
-0.5088357426980713
0.3974721036375005
0.1418105293624297
0.5162137233060285
-0.1697655616679835
0.4500496492772127
-0.8495963636188973
-0.1717366515992672
-0.0265679759488730
-0.1672349956505170
-0.1283948507602123
0.0038594714086639
-0.4511308092842680
0.6198729431914386
-0.1834629795919656
-0.2771947330168849
0.1276469454225210
0.1358803695964825
-0.6828730238117955
-0.0647237610068974
0.6377650473053600
-0.3506085751888871
0.3068785485548258
0.3709848885642049
-0.4438499052223424
-0.2035393338095712
0.0097026573665289
-0.3439826700759397
0.5258847500934342
-0.2867063939796347
-0.0219104194739851
0.1037131932046640
-0.2573516173641428
-0.6674235896876990
0.1031652950653624
-0.5718513179814219
-0.2058555800246144
0.1829489817284999
0.6998205148773479
-0.2057996809233175
-0.2332249569897842
0.0825204855185007
-0.4054373457848189
-0.0394265566655954
-0.0645980735824656
-0.0559867712298273
0.9041905219206042
0.0488727444275995
0.0110939545831185
-0.3092330633032452
0.1887992650384911
-0.2006266124825108
-0.7960481892457418
-0.2158622541156712
0.3847939763863179
-0.0757223359876978
0.5475248134911426
0.4347005731988152
0.5085626292066604
0.2723046856567442
-0.2089945778027087
-0.3592403024404913
0.2229252708966559
0.2131121634849092
-0.0915113075674617
-0.4043765053961987
-0.2238034332631871
-0.0161823917147640
0.8262221283040569
0.1210573991792838
-0.7389969135783433
0.3782177015470964
0.4262869248701839
0.1200902400585230
0.2735340090789068
-0.1587985386163579
-0.3488250293366938
-0.0588607071517333
-0.4356923579829950
0.3323944563125655
0.6440059204206999
0.0285159411229990
0.3987302675176552
