-0.0481225528518539
-0.0037695019578870
0.2162701516753966
0.5586095924392003
0.4839233501847473
-0.5258702783967327
-0.1122224802186686
0.3399077990716090
-0.3586367219300478
0.3862659613369883
0.1673121256900673
-0.4029652381339722
0.2634764343412234
-0.3564351012689155
0.0427141199113073
0.5775064236342655
-0.3513840992624712
0.3385210538303841
-0.0758922293819349
0.0313563118394311
0.8364314919997115
0.1284924976699707
-0.1615000122237472
-0.1139282467684600
0.3984355120440363
-0.0588480272338090
0.5088486513580305
-0.2894844400841314
-0.0280855719948598
0.1554414562464316
0.3343520464972775
0.5985947917598170
0.0728137045388094
-0.2528753108279533
0.2796717023592536
0.3792194809672855
-0.1339729428336437
0.1691444508768550
0.8103957747076321
-0.0736794368969915
-0.4665675236069978
-0.3644300944767567
-0.0091107108813906
-0.0798009154638813
0.2675701938292230
0.4090044169929324
0.2873187250443597
-0.5671188495250401
-0.5936819953150106
0.2649118368566680
0.0599608767201222
0.3272063754065938
-0.3660412697472811
-0.2830614391734941
-0.4263636233646262
0.2660980260251159
0.0251829568507842
-0.2553325439133275
-0.4401936475055394
-0.1376915247701569
-0.2317719013357384
-0.3504561186966121
0.5342475731075801
-0.5093952617106114
0.3215128739956692
0.0037959381690262
-0.8440918130458657
0.0037791188115657
-0.3736329055430469
-0.0076946347892727
-0.2052902518023581
0.0480098856930319
-0.0653870018293101
0.2611632814252844
0.0187486995630743
-0.1065372485594185
-0.0446799322076623
-0.9140588544619148
-0.1201548107368767
-0.2527439753100161
0.0172611806975178
-0.8733275229786135
-0.3409739047525371
-0.2972733525678450
-0.0851132888607820
0.1422484284994655
-0.0574189979189142
0.0398824611398286
0.0429424792720075
0.0894416811714569
-0.6403123400685470
0.4143549116182824
0.3288256436230205
0.2899423137575527
0.4436055106815270
-0.1395977979724193
-0.3759909894867337
-0.2917569353629322
0.1127149891474422
-0.0183332229747325
-0.2560601394204983
0.4686750844579305
-0.6578027464419278
-0.2062530184773816
0.5031120366349162
0.2515839884819439
0.3989814703484915
-0.2960520991958551
0.5531332388753573
-0.2805412965918087
-0.2280387604798306
-0.0094467396245204
0.1409457161017708
0.1704028108826116
-0.2200662381173864
0.7485048365152984
-0.3734575646680067
-0.3953014223625094
0.1887250031659947
-0.1051553791317679
0.2945137954534193
0.2655157387528537
0.5017378091739466
-0.3651076472441821
-0.2701236551205055
-0.1840867141359261
0.4213202773957185
-0.4163569502355702
0.1695684529764230
-0.5604382741774873
0.2690242641027168
0.2130699940578740
0.5939044805115299
0.2258662452346918
-0.3436616032959702
-0.1324432454308884
-0.1523040039989667
0.2955054907943159
-0.0715028119903944
0.4520768469407447
-0.0653011981191206
0.1623223308304902
0.3515939338141784
0.7250950198125136
-0.6842585294352745
0.1922386777428431
-0.0618648233087096
0.2657386829174448
0.1575890635024398
-0.3427321066384924
0.5187578481216617
-0.0947678050225425
0.4738201462745743
0.3166851869701524
-0.2340936441906116
0.5141224654372847
0.3053848638292649
0.0759231819459537
-0.4915328571794141
-0.1243158208776852
-0.5036913715413762
0.0256318050292577
-0.6858903982371890
-0.4789870347862881
0.1574137226273995
0.0448746809347443
0.1247425931533090
0.0583974598022572
0.6487218045037129
0.4429274060069586
-0.0824806752210264
0.1731501926303244
-0.3145583089331256
0.3882181520886174
0.3087830951803600
0.0344095797333677
-0.6178604323493765
0.4341696189295423
0.2071844282981671
-0.4344864325016801
-0.0842517523908398
-0.0045963021913500
-0.1391416170427776
-0.4141998399448047
-0.3685642867772344
-0.2834689647656012
0.4111353910697701
0.2543490094331344
-0.4347130144618045
-0.2762393191271294
0.0324382175288276
-0.5326764306843891
-0.1774902291296893
-0.0575567048877987
-0.1698045213497146
-0.3726518218555619
-0.4472458680365735
0.2668383019613858
-0.2480049677305240
0.6817209682813284
-0.2636524232990829
0.6115812861836469
-0.3770340560968060
0.1037714073728264
-0.1286864062034598
0.5677085640331936
-0.2516787992581363
0.0365666900241332
-0.2337811980322814
0.2692642941842375
0.5429499863309947
0.0686359767218300
-0.5914849926601243
0.4469107011524947
0.1151114647679691
0.1024850510995617
-0.1764824410333327
0.4647632728671899
0.0757207395876504
-0.3096159609675291
0.2164883192373208
0.4407874678126341
0.6388159401360268
0.0447971538425929
-0.2004298251307591
-0.3166587507590132
-0.3937280171798574
0.0482662458134812
-0.1950944191875646
-0.6094880951319591
0.1740201251583874
0.5122335056423262
-0.3508047643560112
0.0613052603191824
0.2110166985067625
0.8063954458215742
0.1258845304969547
0.3641591133270352
-0.0582038448972255
-0.1628789669461967
-0.2646425701866177
-0.6078327307522631
0.4182462332538537
0.3299722165931857
-0.1926749313361590
0.0632888512552273
-0.0545300133696132
0.4822753113109987
