0.0950460669357239
0.0340607419272523
-0.2532583773779115
0.3431392669744961
0.5575485256592022
-0.4126526180980730
0.0470287442090737
-0.3131784602431522
-0.1943999144171186
0.2855802127226346
-0.2097992955947927
-0.2512441587007950
0.2012339635571610
-0.4003048158826279
-0.0909079341787176
-0.3043224421767514
-0.1828838326016893
-0.4182835035559688
0.1254914513593477
-0.2573576609477094
0.5791908286127577
0.2160163408337736
0.1152504646007465
0.1121968999093211
-0.4374229679922463
-0.4215532243334211
-0.1591622446495533
0.1002774339733859
0.1083625784519465
-0.4616712187180608
-0.0771696134965058
0.0353015331384483
-0.5282004758706895
-0.2756264983902821
0.0767287405830901
-0.0512710756070401
-0.5037645587106784
-0.1840094890360626
0.0992840053116396
-0.1176588253533304
0.1613143765088528
-0.4429434292981217
0.3265358299636811
-0.1024587319320693
-0.0195113632646210
0.4263016842366236
-0.3026124326877663
0.2750056565142317
0.1939379582286698
0.3017983035153531
0.1738161149901624
0.4521396610970155
-0.6472907730113234
0.1810043714157052
0.1273075248281721
-0.2829207341576420
-0.0210296022548840
-0.1635705009259656
0.0487520835154985
0.2430842319104926
0.2510844742412771
0.0184308064025192
-0.0045947763092694
-0.0128746196327627
0.5793999895736562
0.3864243450115754
0.0292756149091879
-0.4348290753973081
0.1755327002846357
0.0704895182623897
0.3399661698645175
-0.3318298025933135
0.2318511321645368
-0.1598584051208817
0.0733070484320080
-0.2204728278615903
0.2150032377917749
0.0314435897938932
-0.0176011656419438
0.2924658571811755
0.2444514743211491
0.3428905066415120
-0.1574761384502515
0.7290526897135243
0.1247603844107057
-0.2082676593424332
0.3364494453455241
0.1081240691358873
0.2243112009623897
-0.0094480830696051
-0.2114542387338524
-0.4178328435238470
0.3901012473318710
0.2974602872052898
-0.5513009194449856
0.0432910404387152
0.2178262312518777
0.2061242878438738
-0.6938017198862979
-0.1247662538714484
-0.2358948668104855
-0.0546273029225319
-0.4533105053437408
-0.0219919821212124
0.2621219325564247
0.0120071847312933
-0.0146994515933912
0.2818941653936507
0.0828419373191464
0.0238866302136627
0.2101038104990148
-0.0059826129153664
-0.0398706773846218
0.3538821436471037
-0.6346410561743682
-0.2048892505087077
-0.2126053450250095
-0.2786687289559492
-0.1225529525559520
0.4888144866919564
0.2913893452782181
-0.0444729327455878
-0.3708620445102704
0.0655953313868104
-0.1271306031942021
0.5965994439200908
0.2163151304281637
0.2031136758887501
-0.2169896715027355
-0.1826986851367402
-0.1521072264634703
0.4555574398270867
0.1321112473562853
-0.4171573555635421
0.2248424525866106
0.3233707365585184
0.4347725940147836
0.1035601844394060
-0.4727637924394953
0.0567498486062409
-0.1631490583529475
-0.2497748310628342
-0.0803923299020192
-0.3625707103815326
0.1893382637634486
-0.0935362665407154
-0.2191120001788609
0.1421000951451445
0.5707459796331097
-0.2325653716103773
-0.2143893364907493
-0.0354454774423030
0.5785620678358850
-0.3237906912512922
-0.0177301622827499
0.1423160268846831
0.2437820158990428
-0.2670565121886760
-0.1119160805999029
-0.2294568449871721
0.0645565679195440
-0.1548252241421728
-0.4315141642067983
0.5932350034664993
-0.0876730814839385
-0.4108406900993408
0.0966010649226231
0.2280272875554962
0.0923829900558134
0.0734785188957161
0.0401036290441929
-0.1461654888350956
-0.3140255835528009
-0.0669486784946627
-0.2998626768888427
-0.3271350206500169
0.4250178947315204
-0.5964864834592289
-0.3331517604815058
-0.1250522631236134
0.0794200902248887
-0.1556723916341555
0.1683876999600934
-0.2763062469695318
0.0082612622139947
0.1468718974942733
-0.7169499799364989
0.0438428544871261
0.5096109663202266
0.1225182195582316
0.2054955998201088
-0.1011801913859231
-0.0293572138793169
0.1193844930081144
0.5627581638505086
0.0803240706517484
0.1000713023403902
-0.0860090753699830
0.2542581876723787
-0.3849227892942072
0.5325621673219655
-0.2508475256097433
0.2192120262249926
0.1921232094061874
-0.1904970622623650
-0.1727421344923155
-0.7444926222281136
-0.1059924443800361
0.2213052078895494
0.2023696498368949
0.2841298796379208
-0.2108132815905324
0.0910726515856883
0.3664140741328089
-0.0450545224630186
0.0931796728192627
0.2446298530791824
0.2152864467560625
0.4528114052500786
0.3561583866087153
-0.1739547313867417
-0.3096341537742807
0.3185542353321819
0.2064101275719676
0.0805139416987639
0.4656515010198283
-0.2567797269927555
0.0495567652018552
-0.0237504276075798
0.2648844812190745
0.2159743299133803
-0.1864208155340728
0.5514401865461330
-0.2313885509904198
0.0213984379446908
-0.3044083210200887
-0.3131893372331362
-0.5326900461882005
0.0282926854140215
-0.1203267007740150
0.1364288729652596
0.1780807255823935
0.2558622164442387
-0.4354403205219295
0.1627189514307262
-0.5565400420840784
0.1263478846991779
0.2498854393239758
0.3038187734941646
-0.1649800496016127
-0.3978870966638776
0.0462760123613058
-0.2188424474221023
-0.0713208386694495
-0.1072630623161048
-0.4523413990269160
0.0229788644371518
-0.1846951886386991
0.3271656301995797
-0.4721726496634888
-0.3084929429732073
0.1173100982878903
0.4819259848091213
-0.1584181300125549
0.1257028498440885
0.1714667946599684
-0.1675174010822681
-0.0405639061520680
0.2708919526952400
-0.1994085237737355
-0.5358738112320719
-0.0431474810048514
-0.3968463623962282
0.1097135829593196
0.5466250393475611
-0.2336637035949664
0.0210844038779887
-0.4679639379620842
0.0261192902396079
0.0470611125257951
0.4727480208220970
0.2356951545691880
0.1495870071874013
-0.3927159248363916
-0.4467482654259142
-0.0123498347795207
-0.0953135162722247
0.3364551532716248
-0.0829397435357458
0.1085661085837966
0.2327701687103486
0.1824007417860174
0.0286921834779578
0.3692973302155394
-0.1591538169664085
0.2680654553263959
0.0355944243398988
0.4639277507194689
0.1478908790046461
-0.6489391332380861
0.0111630412251905
-0.4090400787374348
-0.0217405125586880
0.6654024532188009
0.2826939267482340
0.1558818380770880
0.3487233315904739
-0.0280579370190517
0.3402979127571406
0.2108126388287737
0.0483694912059762
0.0115787122285100
-0.3305832304077543
-0.2794056791692238
0.2619416637714432
-0.3104805832050634
0.1095543588447117
0.4033914071669230
0.2629317740626133
-0.0247524770372739
0.3903793825159157
0.4271411744995689
0.2559023880184255
0.0532099724239653
0.3608877304493049
0.0490738519071991
-0.1537552460873897
0.2913525667259930
-0.1830769126051313
-0.2164254901600907
0.3513756886161628
0.4241479566315321
0.3688386531054448
-0.2009956059179655
0.2537761043066805
0.3664120632670673
0.0789197846587394
-0.2381995571412241
-0.0736203663576841
-0.3620623198866287
-0.4118360320809740
0.4384671684927421
0.0645344977580632
-0.6182762404221318
0.0115262344760727
0.0857599924695146
-0.1092564735915569
0.1811252696172727
-0.2487679677414047
-0.1330024897767633
0.1106447431916939
0.1460699049996658
0.0040157790792815
-0.2199836579227419
0.0026801479838779
0.2473324710503649
-0.0391220753932435
0.0824274343961851
-0.6989719809721439
-0.5294998017226378
0.2241172250106617
-0.0611506084527690
0.6040108730641025
0.0538094690700705
-0.1147500386204561
0.0640438937145181
-0.1922294469313994
-0.3729779420283520
-0.1062668736482704
0.4840821701804918
0.3701680589148579
0.0481766939808009
-0.4878022718920019
-0.2370199775669188
-0.2845300731081085
-0.5451578734134697
-0.4202474509755044
-0.0132414532616974
0.0314553411246736
0.0823562652182730
0.1418983322612621
0.0868698060843095
-0.1264140974198223
-0.3154341949560834
0.0888717422818105
0.1326460762668658
0.1143538531330412
-0.2255565393997957
-0.0310403117016915
0.2246835076939622
0.3629177807103522
0.8060098141547914
-0.0861932759135236
0.0832418762869105
-0.2160096260197289
-0.1293379709095229
0.1667958256334106
0.4727660528503390
-0.5307133967432361
0.5269502117480680
-0.0790161071189229
0.2078202653279756
0.1621824547371202
0.1372711494104466
0.0554073112240153
0.1780638423655283
-0.0872719993020520
-0.2288356348387015
-0.3614694380422503
-0.1537712415492546
-0.1493800896756381
-0.3035697604732792
-0.1790611945304718
0.0136593846610640
-0.4128833876772464
-0.0815256094903068
-0.2364898995709549
0.4784858060305067
0.2440919689104435
0.4211883242821315
-0.0465043559229192
0.3174227685932128
-0.1455263792824196
0.2500659190101319
0.1798792185907853
-0.2273542134252659
-0.0919527140036157
-0.0965984634160025
0.4345089584743173
0.6123818027590786
0.3283731162615822
0.1997443183750861
-0.0840462228531394
0.1817240708452824
-0.3271663461706691
-0.0054880776357499
0.3836297737757902
0.4538300686052806
-0.1640822336137998
0.5184863478929228
0.2683177476324771
0.0474706312749316
0.3366298042343308
0.1280333978816254
0.0150922493837200
-0.3155339673262033
0.2536596537593809
0.1699360630188901
0.0870120591703683
-0.0178469656902387
-0.0011809757380024
0.2122520369922368
0.1924157129017011
-0.1582621894570159
0.8001810473194669
-0.2273470558491922
0.0326043832791848
-0.4352866415922072
0.2407427788166804
0.4264927950704303
-0.0378478239549559
-0.4955854786109319
-0.3914762104269097
0.1408400536391481
0.1367144906503176
0.1750600071816171
0.1031704929820054
0.2991677237356979
-0.1540174124871077
0.2706658307360104
-0.0675845057971399
-0.6020966266593634
0.3610981974073277
-0.0206127292776152
-0.1436090266650490
-0.4428342778057078
0.3137807140209452
0.1037732591880683
-0.0397865149795161
0.2785280882741101
-0.4557081716262552
-0.5219170412396481
0.0937653393796068
0.0813231739758762
0.0551045282515132
0.3865764350408042
-0.1387867735968801
0.4677726771428592
-0.1607798113850448
0.0207234552239345
-0.1860520395691657
0.2303940123775794
0.2791288612409270
0.2762636872898223
0.5158408028242504
-0.3240708809834003
-0.0239343455520917
0.1712094191663140
0.3545065388589451
-0.1064913302594303
-0.2831304975887248
-0.1168967407814579
-0.1917315097458289
0.4209064955849743
0.3829602224574777
0.3805852540623716
-0.4340156977175576
-0.3152175946770550
0.4324458320458903
-0.1802455884491663
0.1721771311145783
0.1931152607157589
-0.2801887381308019
0.0399563988095768
0.0056337086223346
0.2327965955140663
0.2925434650492446
-0.1794620370681337
0.1384719513795518
-0.5249257587732746
0.1596601433562528
0.5363035799153186
-0.1806684177692601
0.1727757601792398
-0.3644537912166729
0.1613198735028523
0.2302769769102967
0.0025650458792278
-0.3100234011089304
-0.4496120071795512
-0.0711137747394213
-0.0758890724343812
0.2722005939882837
-0.1136461998401386
0.3084504240017452
-0.4480210726065181
0.2545673911777354
-0.2996695683213139
-0.2076485381042439
-0.3321456361513812
0.1347502628978633
-0.2376145823898638
0.0173657771742270
-0.3767689677976158
0.4155279850276131
0.1935099469281935
0.4926126238654222
0.1981036992589807
0.1471476220308193
-0.4464041603100358
0.2087065238679284
0.1631436872916189
0.4039726281163480
-0.3554264875460779
-0.5018860342480043
0.2375223742507731
0.1039549647690184
-0.1059102505466598
0.2690590045092224
-0.2012365562045870
-0.1688614027520281
-0.3216866213615839
0.3358071628427853
-0.1499874541087393
-0.4645797438360271
0.2215760630775594
-0.2499613657237720
0.2337340265492511
0.0661906049426641
0.4691086752829250
-0.3377500449888794
-0.2606009968167191
0.3586263852704341
-0.0204501867349012
-0.2861842716027032
0.0243470914946172
-0.4582017125918532
0.0849137576173871
0.2872685101870561
-0.1718880980128753
0.2118807869700174
0.1941919226355897
-0.1187880138994212
0.2910719920590824
0.2941353813345716
-0.4761348937579283
0.0074382896010652
-0.4195941776185233
0.5210195601205189
-0.0527508008061569
-0.3594245312092047
-0.1987590412047992
-0.5283422414576144
-0.1071485565589594
0.3069090853605096
0.1035890683485407
0.0419192134968956
-0.0650901206035426
-0.3308284059317353
-0.2146467409944526
-0.0906100610803309
-0.0074250003597513
-0.3242819971775916
0.0777637587956108
-0.3240248054227153
0.3096795094445319
0.3124435410731495
-0.2051073359830876
0.5803744541470862
-0.2044483361796058
0.3432941252687367
-0.2084723625725004
-0.1693638552201446
0.3768983161693975
0.2299887401590486
0.1562459958476352
-0.1132809217861061
-0.5823501036867604
0.0175606187335965
-0.1699471638782795
-0.3419089679121380
0.0386549921614553
0.3390088867332635
0.3707806785798540
-0.1278510544202630
0.2999861855611545
0.1220578313883035
0.0630833237588561
0.6946144761772698
0.2571610128214177
0.3481628788394637
0.0785002228701025
0.1228437317498424
0.1190873518335913
-0.3898753261728005
0.1323211790995837
0.2589384302441909
-0.1099078067280672
0.4064877637197512
-0.4744637551826357
-0.2408366856385540
0.1139122701860304
0.1549829280445935
-0.1491937864743060
0.2013712330196838
-0.0747670828657125
0.1637035908772048
-0.5833753869822460
-0.5399808824532840
-0.0125868920467950
-0.1261547966874794
-0.2204397332380780
0.0356366595753207
-0.3984329555424082
-0.0404809872669670
0.2550216247431526
0.3718591077153078
-0.1802763986335887
0.3782205173428355
0.3212949445561596
-0.6941471649812162
0.1888615499856908
0.1906067521814662
-0.1691544349781699
-0.2459076087438439
0.0556617175135915
0.1679391030840977
-0.3598480087939158
-0.1305440871854109
-0.3732158450407186
-0.1101093366303737
0.1668174724708580
-0.6125206334070019
0.5503522040017850
-0.3567683338236657
-0.0918600405439852
0.1458922745556780
-0.2064521381290524
-0.0237822909344326
0.0426574975293173
-0.1808583602211464
0.2123467491194308
0.0091471131494822
-0.2050174518423336
-0.1990525997974563
-0.1665963236512367
0.0160033079967640
0.4970969381513548
0.0581174908850735
0.1981379906039123
0.0400162809586855
0.0288307083124967
0.0390008260000320
-0.7518907617182052
0.1258113127488107
0.2398002683925332
0.5230011449138450
-0.3151462306538768
-0.2016934711025898
-0.4083830326939532
0.1638954110761796
-0.1986243689846308
-0.3674758124148501
-0.3498513541489955
-0.1737992941068110
-0.0636927181599259
-0.2345678925652115
-0.0816263217866439
0.0186796276484261
-0.5596602287330381
-0.3710677024231493
0.3622061992977796
-0.2637488066054686
0.0243355574256603
-0.1669427665332620
-0.1990370886574640
-0.0361821626200415
-0.1587644691588978
-0.4934600763762630
0.0994357805700742
0.2132077072190701
0.5090902671141626
-0.1139450535361567
-0.1481471616649889
0.3724619259699719
0.0380454614547167
-0.4303463306919590
0.0586162110842521
0.1389802045044148
-0.0153483494864945
-0.3517385413053576
-0.4340026247445158
-0.0528100746444056
0.7757463099744458
-0.0112811096727236
0.0313895455205300
0.0662054114094614
0.0180727522820075
-0.0638080552582667
0.0927815164167298
0.1983971895714575
-0.4268209125738519
-0.0496912248752866
0.3910495862732019
