-0.0890627332811818
0.4531125875826628
0.0463550763216500
-0.2130185393444898
0.7485313383544365
-0.2971349502101985
-0.0999996156305455
0.2833546309475710
0.0187885116119100
0.0436685113982299
0.7608698180689443
0.0674396382686790
0.4451838927704483
-0.0241120026882968
-0.1596364211532496
0.1371415792592772
-0.3753352308365802
0.1751680734917143
-0.1224727916734890
0.3579975706175342
0.3072142901962575
0.4535910425778980
0.3869440737025354
0.2212781865333331
-0.3750291204569705
0.1663659335416210
0.4355438940922643
0.2653980099187615
-0.1036074569162949
0.7120365998297383
0.0659432339731110
0.1400118500114549
0.3481227937602740
0.0146234779283044
0.5147316528683390
0.0391080982430950
0.1372867004634264
0.0413471229933205
0.1987239628154482
-0.0351910101375751
-0.8204944811944787
-0.3927487201337105
-0.0407617298504568
0.2366906220932966
-0.2314442409304765
-0.5204673350773679
-0.2741694412137703
0.3711523160050654
0.2559642268155927
-0.3029215742754496
-0.0827465709903096
0.1878406652991373
0.1012707357218768
-0.5536468106211034
-0.3351453333452724
0.0241417809839141
0.0730385659809073
0.1503095154418938
-0.3359935137676737
-0.1784109477589803
0.6484786392617241
-0.5418775099181641
0.0170090707222342
0.1353693365718732
0.2617206819151041
-0.4641300786356978
-0.4776117539622093
-0.4352037952992676
0.4048267097900369
0.2462778504598698
0.2344500610774513
0.0272229827182641
-0.3344590924490968
-0.3998431283574592
-0.1702155098023055
0.0475895106686675
-0.1247928783001985
-0.8092681541511560
0.0882453750986010
0.1146293798084323
-0.0748943131437832
-0.1531979625940681
-0.7621657361119466
0.3594130292315484
0.2431457282472519
-0.1438489650254791
-0.1024051806684858
0.1212130364901399
0.1472543680432279
0.3738721831295554
0.1576716217546536
0.0185907641418023
-0.6725294060386275
0.0505828260004627
0.1888279990410646
0.0276632186723738
0.6906557886395724
-0.0334767769284216
0.0734318666859722
0.5541736137282032
0.2750378000783859
0.3020033770713871
0.0329000294949414
0.3657742331459816
-0.0971233513695756
-0.4891647000892002
-0.3154544195950184
-0.2072197698145607
-0.3268283370828211
-0.0209658185189001
0.4773237354781369
0.1965779711583791
0.3599902931893038
-0.2543834224854819
0.5666530159847971
0.3219943728390445
0.0847518250383971
0.0524894137853826
0.5424303538218419
-0.3943764868909114
-0.1241946768367866
-0.3170212673324571
-0.4824699434437946
-0.1694220294893090
0.2478540491122580
0.3296086429704383
0.2837042567741075
0.5626125960418470
0.0578720931402066
0.3413064591497733
-0.3594581148303735
0.1316835986660468
-0.5215164455605207
0.2215211906175719
-0.1246512570484858
0.8477577445134437
-0.1144497038669498
0.0230624051096134
0.3720199959486298
-0.1170693892805267
0.2334151039123172
-0.0612146561299803
0.1114993825938399
0.2119200814041829
0.5089148875038164
-0.4473942802012141
-0.0226792110404434
0.3420968751763271
0.0363116788928156
-0.3584091661941365
0.2397529693529262
-0.4169361397261061
-0.2494122638166533
0.3930228750469819
-0.3482923206909640
0.0320936411337620
-0.2166968741733795
-0.1864437161671379
-0.5711894793789697
-0.5296466414505444
-0.1457121771469917
0.1160243851075390
-0.1947136651132107
-0.0524331886204594
0.0936138484268048
-0.0852336917302259
-0.1162317205605737
-0.2063201201393528
0.0138815108228872
0.9390763717185023
-0.0719310880254911
-0.2719004589834332
-0.4472255420315834
0.3127994126209389
-0.2645663393539866
-0.1657235024526702
-0.1986344219260235
-0.1467249436151318
-0.6492432813905127
-0.2196717418225023
0.5836852172551000
0.2436217637180518
0.0732043587294752
-0.1870766203486960
-0.0872849381496542
0.0378299534848842
0.0956438710879516
0.4989074915426695
-0.5408301603832238
-0.1394429646720478
-0.1464151514896615
-0.0979390476251678
-0.4808596396618176
-0.5431520108383704
-0.2756292518234227
0.0959140010598236
-0.2601572004748832
0.5200320730643201
-0.5899316987318367
-0.3162929905794931
-0.2077862072205683
-0.1121305290069056
-0.4746826540712059
0.0891500806615420
-0.5122575521922825
0.0002468775064196
-0.0226219320703827
0.2880991142135437
0.0761402316256707
-0.4198589205773200
0.6505468427913434
0.4144579483997439
-0.1772470494125815
-0.2425734042851308
-0.1801898464292566
0.1311743607697628
0.3466881935686958
0.4668437271034435
0.4556964788269655
-0.5729723366425675
-0.0692500600308013
-0.0291216432186852
-0.1916559658275515
0.1764182869743045
0.2289292235539969
-0.5534048759855034
0.3191569293257885
0.4028822907787593
0.1199357119791719
-0.3477803567755062
-0.3728323081352038
-0.0128360721075234
0.0688381034681194
0.3877171993646308
-0.0799178429693910
-0.0540853087281226
0.0572458240539473
-0.0049632032375628
-0.3855962701444979
0.6779230992868067
-0.1946510964439142
0.3041879310889261
-0.4987009536124362
0.4139100001150259
0.0654795123316990
-0.5066928620757416
-0.1485172035129171
0.2738265179642654
-0.6107647269696469
-0.0030625111961468
0.0895336317407262
-0.2992586927952579
0.2566631477518279
-0.4013923363396751
0.1134041244376897
0.1879702542433089
-0.1736992608068954
0.1473414612098005
0.7127516859904681
0.3269584939724284
-0.2408674883309353
-0.3942749842707072
0.1986761017286518
-0.0558635049189827
0.2946919061577657
0.1300537410398788
-0.3951802989978688
-0.5446417284624279
0.3028442731888747
-0.3920207675406467
0.2607959869604362
0.0371462506858477
0.4420827748944388
0.1285981989953264
-0.2199084226869805
-0.0335387842664671
-0.2582195137555881
-0.3894812774739051
0.6713965932267468
0.6887045329079791
0.3457418078397028
-0.1105982114076286
-0.1869287336940550
-0.3755038142325607
-0.2444779449874089
0.1800440382694126
-0.3546271385564736
-0.0050507040231014
-0.0589374482069710
0.1156661349648293
-0.1744939295062410
-0.6818962065204596
-0.1934366746720977
-0.2473883686130681
-0.4260910012111723
0.2606195771965377
-0.3736606711377996
-0.1125584629517940
0.2402869251743178
0.6953996646161462
-0.1408585934242214
0.4294667323449517
0.1270604597982992
0.1312036206942634
-0.4294455071851489
0.1547484434768347
0.1750081377145537
0.4405631910893975
0.3541221564814934
0.0985097108195711
-0.4867726958211500
0.2068156986647829
0.4852236330982081
0.2470128334758289
0.2529661181343823
0.1696999478424741
0.2526731085130708
0.2506615413137320
-0.2549522537817897
-0.0444028103716665
0.3034510200245835
0.5158141539517638
-0.3546659805910326
-0.5418671770886097
-0.2785052625480935
-0.0951033984116716
-0.6533963212099717
-0.4962696776202010
0.2884606436551875
-0.0770003505761837
-0.0350573826046715
0.2774019454160623
0.2699265835834977
-0.4809222062989460
0.4937131275788794
-0.3127325111484510
0.1529518028110896
-0.5241723977470772
0.0304911859699303
0.0528373373120175
0.1146670305527445
-0.3348709819328572
-0.5459646998212055
0.3188223646895951
-0.4117549367344729
0.3829046179757560
0.2613145401761731
-0.2876038642803538
0.1986726930018513
0.1732424963576675
0.2522532433590996
-0.1312498333757537
0.4621702000108640
0.2579024384544688
-0.2608506216727993
-0.5542417611935267
0.1681676799254860
-0.1793259325669080
-0.5159026005805808
-0.0289463481926008
-0.1096403959034330
-0.0030518531351878
-0.0451501911194981
0.5776113292717027
-0.4606074802963190
-0.3809001080871324
-0.4092966155368882
-0.3553652461694592
0.0352698369245510
0.5256256354235526
-0.2323825743591172
-0.1274226873316617
-0.4661425388517423
-0.1180738040752777
-0.2609156644324656
0.2255865274884130
0.4494027945812035
0.3183081249813264
-0.0576147764336858
0.3934567740802132
0.2194632126804607
-0.1747106774260516
-0.0756586907846729
-0.7433734678513644
-0.1316263000025073
-0.3237533671326022
-0.2876009495143019
-0.0924122779618175
0.0223928655683237
0.0663052719201841
-0.0442161936433016
0.1122566092696478
0.0622718356399910
0.2867062316531975
0.2847841687767801
0.8971205357673430
0.0623850727632925
-0.2664746581777659
0.3902964621024633
-0.2899182200210191
0.4126796441009851
-0.3856453936219195
0.0610595651236114
0.1674231161060243
-0.5813173212959074
-0.2871356411240961
0.4956485771517269
-0.2096811127188069
-0.3956545295744209
0.1173289760671070
0.1701220880409548
0.3482969974002658
-0.3898454279716118
0.3941815142636569
0.1674572697285091
-0.1414808231027846
0.1286173852670039
-0.1380394223432647
-0.5579254637800297
0.2957962534725800
-0.3732260660064952
0.4366071528910644
0.4331791506877343
0.1075349931070867
0.2643148449422715
-0.0365507662528726
0.5612079443355467
-0.0918779332956718
-0.4585095769179701
0.3494229792432727
0.2395576027216501
-0.4518038540167972
-0.3855688566994845
-0.1793040303548151
-0.3963031941486036
-0.2915435757446843
-0.0421545682862136
0.5631480006342235
0.1512608414184123
-0.3956900190742464
-0.2806594584265527
0.2426365625489045
0.0395792267582689
-0.0169427902659122
-0.7661505311680331
0.3281055610594306
-0.1641695138245175
0.0185807696172078
-0.4532946780892909
-0.1089086319878802
-0.0657679957027822
0.4405019225302340
-0.0474112082300338
-0.4106135635401526
-0.0600013863588419
-0.3782247895488833
0.6362414494784450
0.2369683413693735
-0.1522168555691762
-0.2312422415234076
0.6342936169341133
0.5585635998316160
0.0110375670996257
0.0215546072740671
0.0043685865844302
0.0383352539217744
0.2559320723531577
-0.4057450028180559
0.2672217593971256
-0.1786500995611436
0.6353460055744466
-0.2387777221042680
-0.1820381215081036
-0.4486829757215122
0.4017865081114773
-0.1605767448097544
0.1196902101266803
0.2458296559884393
-0.1206622772076697
-0.2103789178412390
0.4128257309794552
-0.4395831853786973
-0.3980341936831391
0.3928841258708923
0.0646373305541833
0.4473516567463656
0.2887686945308248
0.2574336904139077
-0.3678430482332001
0.5245037892751073
-0.2037578710322513
0.4159222736538611
0.1866954307701434
-0.2399006059519896
-0.3647077057944169
