-0.2164810120382245
0.2227903558809316
-0.0478039912694725
0.6562432884854535
0.6043449893720374
0.3196128521541329
0.0563445831351373
-0.3873405783753748
0.6231625353639029
-0.3142065442872893
0.2183749653115442
0.0819873890138909
0.5544899407446482
-0.0322695920421325
0.2859404608540720
0.0986154430936640
0.3129394463710564
-0.3927633043979737
0.7149011831709635
0.0550691090246561
0.3770976377350431
-0.3331551910756402
0.3020141235469349
0.1983742722060894
0.0717753096311760
-0.6982910090089547
0.4427133096599806
-0.2639803649492626
-0.1638305914723197
-0.5343304643963346
0.2298244674245371
-0.4430226787019598
0.2204256637224272
0.4130264931754405
-0.4683841960958126
0.8050484247370283
-0.1311327621766999
0.2936455230104877
0.0819547885562885
-0.1478658106871833
-0.0312148360149708
-0.4678870462016556
0.4611947891562149
-0.1893428531530847
-0.7081708803208902
-0.0519219937819386
0.0163203890270556
0.2865449334462618
0.4060448340522643
-0.3074162738713363
0.0279180088622749
0.3080007666099984
-0.5407943957921483
0.3221734615284930
-0.4415579401669539
0.4675720423100100
-0.2860632188493530
0.1008635865726300
-0.4096487108781753
-0.0147545058281331
0.2031041811918713
-0.7157506102839235
0.4317572992080619
0.2927485662328607
-0.4675933660694211
-0.0511416917041058
-0.4807146161804182
0.3196530522654690
-0.2806072829922401
-0.5301265745515031
0.4111596578908754
0.1587299715968327
0.0032528965840850
0.1242383078647698
0.5908676837133353
0.6572162131031157
0.0961718406825864
-0.1250032186006548
0.2713145186387493
0.3512711278894247
0.6742302616032529
-0.1164562309827778
0.5398921164399042
-0.1665509688843872
0.3456886800030239
0.4748924948013817
-0.5906342299251757
0.5127788806415147
0.1040573090023170
0.1798672118723967
0.0023115891207758
0.5779433664656457
-0.3999969682683926
0.0995118692747207
-0.5786192524045656
-0.1582002932485100
0.3113571197112192
-0.1982686318505850
0.0080111633936621
-0.0774232149274637
0.3680391665492996
-0.6649875507112656
-0.2877252123308274
0.0835003721636297
0.5714211112426809
0.3780417375066861
-0.2521605602986760
-0.4734972726136998
0.3168095822998322
-0.0107440413498899
-0.4734495099743184
0.4946328385820405
0.4895423629275137
0.0579734974448117
0.4150987626875470
-0.1592952858865160
0.4982074738522154
-0.4950041274959550
-0.2570323021776176
-0.2380775935608145
-0.7923897530518752
-0.1606023277060093
-0.3745414960841868
-0.3477016270618161
-0.0758156560095194
-0.1507271163113088
0.5801884913570549
0.1507107657064152
-0.3167149777078232
0.4592928948268086
-0.2794762704786400
-0.3688742330337076
-0.3394614170966977
-0.0768996349316522
-0.7338165948285323
0.3730126406073976
0.0001662797887137
0.5279570443083345
-0.1907443382635042
-0.0365944037441505
-0.0520075128393960
0.2954404734934695
0.4695731228084427
0.1596669990119861
0.3689486076083729
0.4336917151423695
0.5829288963101428
-0.5402341785613437
0.2337140208922104
-0.5281902000045767
0.1325976125766408
0.5638258340108196
-0.0411640461800037
-0.1932969857880361
0.7463046044681143
-0.3507549289053422
-0.1388258652509657
0.4725675392443302
-0.1747532711861762
0.1369914855931360
0.1676375383763896
0.2058794817329369
0.5958158764801124
0.2931697479829239
-0.1174596905615472
-0.2101774504982995
0.0104350864941051
0.6771915154284812
0.3404168205673853
-0.4231805913649727
-0.0908973795004039
0.2175050927956495
-0.6899164355977321
-0.4071577785479107
0.0877589404832976
0.2094699275657599
-0.2101605859939949
0.7586456340657340
-0.4148033673806781
0.1380247731920923
0.3775632835955242
0.0523925064178463
-0.7368364104473122
-0.2107382131971646
0.2222555349660605
0.0573785897338030
0.3641846972198050
0.1234881856039534
-0.4605343186797909
-0.1771948176561841
-0.2380926513661045
0.2200712138760255
-0.5686586065886199
-0.5178382479481931
0.5101584298295740
-0.1081289109019488
0.0380413713488955
0.6450002118202279
0.3476249845889010
-0.3359655395857648
0.1903157990402849
-0.2638867285437707
-0.4929049586403987
-0.3095722541360155
0.2756529997140684
-0.8512667635291462
-0.2251049113486818
-0.0588566461975564
0.1886095404845260
0.1175391673089802
-0.7513549008738831
0.3505757924200740
0.3879260920658863
0.1946648029909825
0.1283374637712394
0.3051865883123765
0.1207146634830416
-0.2296065697451656
-0.3027039366597211
0.0201621325685835
-0.1773209816700654
-0.8198757310892918
0.0082951277353465
0.3892773871637941
0.0179422589220593
0.2978247320196238
-0.1915809525021573
-0.4766664687722778
0.6517614902528897
-0.4503846171359610
-0.1393735161333485
-0.1293376186118872
-0.4938132867470726
0.3630761025288379
0.1794158284626687
-0.0398700542072255
-0.5193312022357430
-0.5514629667305623
-0.0266331270657833
-0.1757757503908042
0.3762606397552333
0.1556158059369555
0.3312649891581684
-0.7969711680118947
0.2402200623316400
-0.2201392849780007
-0.0032490801873621
0.2300946000612768
0.3343354285463979
-0.2423140635263372
0.1367282179055850
-0.8422551418509510
0.4444520973134086
0.2852497756138995
-0.2541441361987738
-0.6019208516668849
-0.0432022933785255
-0.3220919593784342
-0.4342663659793612
-0.5532212494764227
-0.1260394277649354
-0.1671018791420859
-0.6837438387314763
-0.2750756430417841
-0.2053435470128024
0.2545565851941606
0.2281712349618895
0.1995104877878231
0.0615116444645623
-0.1496626577356513
-0.6542469429629150
0.5526880287185285
0.3852891638864310
0.1446928840304098
-0.3028112789177739
0.4085219985562721
0.2090181627798212
0.4568749943180170
0.1225443624224503
-0.6730814228607630
-0.0473594920505230
-0.3596507281659646
-0.7554479425757508
-0.1828263720468326
-0.3895771144515478
-0.2466994239918271
0.2272672921525946
-0.2667163568974728
-0.1002272411949474
-0.0020568817239590
-0.0637046313626530
-0.1150334087594605
0.3990130321082164
0.8615743086601981
-0.6522698382144897
-0.0270508007621791
-0.2286532838676356
0.6184962922222887
-0.0347397428371912
0.2779374898579212
-0.2460411075748928
0.3223737106859350
0.0603158651273335
-0.2648719226819973
-0.0417612901905550
0.1369621178303165
-0.8780970206023277
-0.1752799103652051
-0.2443936050853256
-0.3341047423674314
-0.6627395496052779
-0.2255677691652584
0.4380013275541688
-0.0595438635790984
0.3783525118122671
-0.0749702477880714
-0.3085832767732390
-0.7575547087085938
0.1643569383956834
0.1153499743204505
0.4882474976227788
-0.2157828719951768
0.3654881617381576
0.1571072673397051
-0.3656318848168265
-0.7206021328551708
-0.3084164118111795
0.2236012132822167
0.2089579274696804
0.4165607217529805
0.4073505486383378
0.3668895160057918
-0.5691039610076095
-0.3588820090144250
0.1884880015435229
-0.1942458161893470
0.3998778695455422
-0.5704975890375478
-0.1367534358091382
-0.3215877358835512
-0.3197997531960452
-0.0446579556441957
0.5368834148371325
-0.2839859304751298
0.8144911355089436
-0.2909349354401023
-0.0900602850412374
0.1503279743879187
-0.1525942627741520
0.3425181468960723
-0.0723937417269035
-0.3421160811354544
0.3941057494588084
-0.0332161454531733
-0.7571141528832274
-0.0533281953463518
-0.3810870533054835
-0.1588498690128289
0.1297618365637192
-0.6117467999504306
0.3997630348058336
0.0937021344824250
0.1123906979302999
0.6344069629596079
0.1396182988468003
-0.1583356493016778
-0.7686044631476547
0.0058268498945351
0.4159136971460026
-0.2868859337127169
-0.3306993156952093
-0.5372379903596587
0.1091336451163906
-0.1562938878416358
0.2841050780662076
-0.0767174803123804
-0.5127482014342634
-0.5705483543037461
0.0115696191205718
0.5220093118268199
-0.0215985161836845
-0.6856296251109026
-0.1875720404449765
-0.4044484854251950
0.2409483260556400
0.5266653779614270
0.1626257629912090
0.2979509536976443
-0.3600068087111256
0.4019760129217430
0.3244911705282685
-0.4592575889686554
-0.0858075973928039
-0.6912196080499814
0.3960888251116003
-0.1144913107145160
-0.2351805012938902
0.3791305745271957
0.3818481783894246
-0.2469020659854849
0.8524181610050912
0.3732339161793621
0.0608366781826391
-0.2631238911847453
0.0012661028338639
-0.0134983655799184
-0.5128206927628476
0.4082942800261134
0.0301617681668663
-0.4205035239991886
-0.3411237516084729
0.4139782572651164
0.3237813469269049
-0.3524391367302317
-0.6048003394292112
0.0043167060561444
-0.1635707957007425
0.0180150467592776
-0.2712283828160329
0.6397966767771395
-0.0603514377936439
-0.2030114888739148
-0.6139602254243991
-0.6576019558051173
0.0434537083736301
0.0966958938420322
-0.3667672668085473
0.2376457681374013
-0.5603364110011823
-0.0769712751044635
-0.0265851251295352
0.1519315835088386
0.7741526982096437
0.0228176052767131
-0.2271820738012555
-0.0370564160630536
0.5772069669066772
-0.4179157410185365
0.6038429954832311
-0.0937315739669416
-0.2564794474860761
0.5652759370707304
-0.2942354773604449
-0.3344301154859322
0.0432678242638045
0.2942243898755455
0.2928068389428668
-0.5548595818236092
0.1700602198129444
0.6237692321415150
0.2936394212443453
-0.0571929347351405
-0.0336373716820730
0.7007527535160828
0.0176190477715462
-0.3957948397609342
-0.1674001154383159
0.7748883841820920
0.1072915061815552
0.2953443047384581
-0.1027018392629565
0.3249372936450621
-0.1413592055967484
0.5219081630401132
0.5551331478981243
-0.5547442240285212
0.1705239231329017
0.1599185588922034
0.1925178550630280
-0.5250925684541198
-0.7336893782117730
-0.1124109703166801
-0.0179639109529724
0.2522134715145978
0.3187113821772457
0.0884883165533084
0.3731659177397931
-0.2749279324154461
0.5204220858110906
0.4238238083429601
0.0595746243039526
0.5158954810658704
0.2549485804073969
-0.2078288292766625
-0.2979885675856865
0.4224122170885900
0.1429325972827500
0.6026146614413699
0.5531759294136696
-0.0003791190547620
-0.2210989222177306
0.0849163724346873
-0.4470541980232032
-0.4307483223679323
-0.7132269643499782
0.0967518752188482
-0.2011200513610844
0.1795549853757356
-0.6173732346091353
0.2082805074109546
0.5829755999944650
0.1022067563074218
-0.2523867107677947
0.3594769862614722
0.4183128143618154
0.7057799016066159
-0.0679006828326135
-0.4548695134639406
0.3202867435193578
0.0909056163042986
0.0672674785531380
0.5507175290012887
-0.0968930023758125
-0.3626163010926572
-0.5608035727633214
0.4755918180708099
0.1224729928977662
0.0119795197672799
-0.4909254086799607
-0.1361759656212686
0.0626577515306526
0.0140562075288191
0.8053344351001668
-0.0909598446374409
0.2819353347985786
-0.5047251057658322
-0.4094763268710114
-0.1300759801084824
-0.5364182050531381
0.4292842591162811
-0.2404864000371619
-0.1754957842810851
0.3493262301502337
-0.2659042257371283
-0.4611165778794574
0.4931207303900565
0.5641559060359326
0.1519690653260118
0.1005141353103846
-0.1495308688903534
-0.3814141505232101
0.5759390027677939
0.1723657213907744
-0.4341341290504277
-0.4276202833294963
0.3153038843539021
-0.7250797087094663
-0.3301190838711678
-0.5560543114295080
-0.0225283444894121
-0.0949431099331061
-0.1270958373379943
-0.1743827311538130
-0.1702437539853186
0.0547937617556281
-0.0553420562417021
0.2248418786225428
0.3208748127627782
0.6941554351909855
-0.5740955326941199
-0.1049108004164978
0.4925131877515098
-0.0275152935821658
-0.0992132753941781
-0.5373589184831090
-0.2379344237553372
-0.6248653624344535
0.7916123127352382
0.2273191429393806
-0.1405016933766402
-0.0917490635996247
-0.1268972769385878
0.5179760330278468
-0.0954738046820569
-0.0508875670673326
-0.0536014688718370
-0.0476594375599019
0.6210536732736778
-0.2295856485416468
-0.7442061721564096
-0.0024195630826436
-0.8427816537443902
-0.2633598551374817
0.1978572627199458
-0.1046811155343525
-0.3711024253840155
0.1800227554296502
0.0113945537388300
-0.3410645838442512
0.5443651928549882
0.4264528282620804
0.0364953009736932
0.5230546560656703
-0.3417198041684716
0.1174264320172272
-0.0551861958616721
-0.3441081033517847
-0.2967632405437687
-0.1495654546204301
0.7973657603618449
0.2858069226053899
-0.2250068844135969
0.3405300003386081
0.4787271690072117
0.0982361513085195
-0.1124943477555532
0.3312500903658323
-0.5886285608580096
0.4199334373418327
0.3350337719518995
0.3711990713053293
-0.6961753703611961
-0.2674533248756141
0.1558440408306535
-0.3384963108298650
0.2343183226325238
0.3386950031333752
-0.2616189496775375
0.5568355487365231
-0.0656547430285403
0.1129098201747955
-0.1984680396766754
0.6710638241912983
0.3286742835905741
0.0515934662949380
0.3393010251984208
-0.0346531561273730
-0.4542612337048852
-0.6668894348828827
-0.3491282225860773
-0.5165385326243332
-0.1735968917956149
0.0674191059290931
-0.4000788604130647
-0.2747788259833354
-0.1370853859572118
-0.6664441663242988
0.2064774945944459
-0.1226262515519518
0.0950326821419287
0.3861104396386233
-0.4468643758481248
-0.0821196225234762
0.7601223332975857
-0.1614433190935320
-0.4353097218907793
-0.4335914079280305
-0.4873947749022309
-0.1591686318661274
0.4791115907586315
0.3224961322977805
-0.6980733732958855
0.4608583684563544
-0.2468806296389501
0.0495568857130639
-0.4638299296045818
-0.1438489615781826
-0.0326568853756091
-0.0612112664739989
0.0107339360168669
0.1689569566249015
-0.9590434302025206
0.0568650027008554
-0.0209399232077116
-0.2101311503598551
-0.2172188173136603
0.0274880020013894
0.1337360525626235
0.3325775869189379
0.2924429567806823
-0.2629944696397877
0.8178497649588392
0.0831129833496905
-0.5846036253424670
0.1137444617292847
-0.6673708539518649
0.3244424104630927
0.1054440025174976
0.2768173740620710
-0.2597640039216350
0.2852536906098076
-0.2868953578029315
-0.7127814686795124
0.3590535327314648
0.1231282770976207
0.3416234972163315
0.1937294596296342
0.0254155393347645
-0.2640097182986523
0.4809509262502554
-0.0918749278427907
0.7404625181895659
0.3226178525826951
0.6535713731175289
0.0087400062289769
0.2782668203815757
0.3808056660103296
-0.0734504252997551
-0.5377048756555671
0.2362227670252357
