-0.3685847096300937
-0.2434323345658487
0.3152348409467730
-0.5803076467096779
-0.1620676049422863
0.0086653281751018
0.1667212960493523
0.0928741150870317
-0.2381733773066654
0.4629217138128265
-0.0966245936078804
0.1601064314061648
-0.2471289876140995
-0.3398639644063272
-0.2111891443612713
0.5069246821726452
-0.0758722932486620
0.0534508473875702
0.4037159373011900
-0.2150247193819744
0.1657839375114768
-0.4169952558332725
-0.3203763210735356
-0.0003615419029474
-0.1049562211420429
0.5133116836568486
0.2825762421576298
0.2202199684047110
-0.0300593606045611
-0.3805142098960947
0.1193950127724158
0.0981109622812738
0.3798456943658851
-0.1439859415812318
0.4741578831874992
-0.1942503018560901
-0.0644267616407594
0.1574124745980853
-0.3097856153046046
0.0022074456986368
0.0703996789983817
0.5836834822375179
0.1148875282372280
-0.0864089728475676
-0.1801607102017541
-0.3308793045580469
0.3184402164706120
0.5152156449828927
0.4902525554683184
0.0040275262500200
-0.3135289336516719
-0.0497914111823982
-0.1358360640583609
-0.0955769022951699
0.2531657519292441
-0.0814531494738864
0.3583341622017631
0.1363382515201125
-0.5670389069573947
0.3033448983131901
-0.3581066653305893
0.4663096723049011
0.3265029475016920
-0.0235081881889354
0.1466617608152914
-0.3050799042535403
0.0802398675495068
0.5180778694668082
-0.3156669831400079
0.1682892466985410
-0.1602138940062699
-0.0640012050615676
0.6489357547290615
0.0013374805243300
0.4527999554503100
0.2898979372454000
-0.0982859987547506
0.0844512066054918
0.2232799407620010
0.2272943533171173
0.2828695876539785
-0.0896405837288173
-0.1252699852697722
-0.2603074677760793
0.2656204993237412
0.7262191301612033
0.3075365109751306
-0.0509303787511587
-0.0893338816802290
-0.2185424810833765
0.0422697307871584
-0.2659223471842316
0.0456909775709263
-0.0697941439749824
-0.4089610129478956
-0.0492761084252510
-0.4582302531094445
-0.2099347471001745
-0.0747051655031839
0.2580668635984720
-0.0974949235178692
0.1654278696716034
-0.2787843323841980
0.2473351768464264
-0.1512644310543367
0.5694604332226249
-0.2961566798499630
-0.2512591157796840
0.0945215446412845
-0.3262081478532269
-0.1900915632086625
-0.0869846820122086
0.3691856377541158
-0.4370094454570971
0.0031863194714745
0.4419937339114676
-0.2968095541643799
0.3721982002978919
-0.1197822839453202
0.2780893260772551
0.2316070616895907
-0.1865023792895565
-0.4868022791394914
-0.1758330027302370
0.3024013846729595
-0.2743493587839355
-0.3081318832131328
-0.1523241162062584
0.2175359377258742
0.3995576833365095
0.2764542657064319
-0.2746344446345878
-0.1226519072646212
-0.1220717779512530
-0.2663697428542940
-0.3857972540258662
0.0956514293341519
-0.1226509114849001
-0.2511118619440371
0.0268844375707385
-0.4419548152299420
-0.0559880470410429
-0.2117191980176990
-0.6473071206236731
0.1160424614028061
0.0455108538019175
-0.2648093312520532
-0.0369942682656301
-0.0966777409081025
-0.3988474296136871
0.2478717538412177
-0.5860105360596664
0.1336802211499903
-0.2064623012605079
-0.0385158328297374
-0.5269868939226748
-0.2078885614816609
-0.2504526569759301
0.3471957362159214
-0.0206079033537591
-0.4358973153426884
0.1569937243408626
-0.1472134665900443
0.3945017348979029
0.4932787326712689
-0.2992376421224157
0.2104488568280968
0.0630359357377147
0.2683173249037718
0.1698018576471815
-0.0760792488983607
0.2977018755912704
0.2140187193473749
0.1885861183305517
-0.0592137432729520
0.4257560205842215
-0.3495362861631331
-0.1614912309226189
-0.6197604374306497
-0.0791040954977694
-0.4982647489742027
-0.2030076639929755
-0.2746369695712446
0.2289332120164394
-0.0483853970983371
-0.3052348778515336
-0.3988205005547837
-0.0855539540177155
0.3645209764818020
-0.2625444373444659
0.1729706603162061
-0.2984518829629300
0.3997165474045309
-0.4420312904751718
-0.4286796074192497
0.2980168853037373
-0.1481314049641325
-0.0708049016644795
0.2089263626049512
0.1469891167941758
-0.1317335148437988
0.1656644523355746
-0.1856038252228393
-0.4481018499257324
-0.0911920444487538
0.0384919846132269
-0.0758057040502776
0.0132839403047577
0.3170473367977984
0.5204857092842413
-0.2950511545371814
0.0157262434380690
0.5845514180932346
0.1530343059495286
0.3956670729783808
0.0622915131905995
-0.3424508556731696
-0.0131629566575551
0.1166715060173357
0.0938813850388019
-0.3163992395354485
-0.3920304125975719
0.1239349072188323
0.2439499074280292
-0.2675817760119528
-0.0853354426681454
0.4447931040666327
0.5047151686364910
-0.0168828221836314
0.2683339401778395
0.3177509476216726
-0.4388658607469860
-0.3403637118616045
0.3100851973045723
-0.0444147603791354
0.3345618515023592
0.0781635422641996
0.0316422417469465
-0.2986908517784511
-0.4603383248460247
-0.1977790557507036
0.1082039944190458
-0.1306375622750010
0.2466634158178834
0.4994973168641829
0.4073757885950816
0.1558861680663274
-0.1492160858290701
0.1560655317054360
0.2121106375141586
-0.4451529626356426
0.3764827407585042
-0.0967281777554070
0.5843246948300237
0.0091334343904550
-0.0811621269816148
0.5730391052777396
0.2381836064015560
0.1306790456363624
0.0486563380563276
-0.0729637593950013
-0.3625333909519888
0.0773959345072365
-0.3086156201556885
0.1313681744458008
-0.6040134438483973
0.0347413741453898
0.2638802885740157
0.2840558284674470
-0.0295052521062230
-0.2455587789958224
0.2572646510925642
0.4365253148561730
-0.0292661601782015
-0.3815180137661784
0.0453987986177671
-0.2246019835105785
0.3374371182827875
-0.4200036006987828
-0.2755782825994881
-0.0970403643801353
0.1907253368178312
0.2846544200750682
-0.1636624869124385
-0.1886042185899023
-0.3028894293616857
-0.5491393421679001
0.0294892530967604
-0.1744451420583208
0.0486398290507304
0.1705439678466493
0.1538359745205223
0.2077336144188364
0.2913694469695087
0.0986229887201376
-0.2708138389456621
-0.2468077936019616
0.6330642810484189
0.4293384072742439
0.2394166453661801
-0.2391052300229914
-0.4882986454827222
-0.0070945973990531
-0.3477521676311733
0.0538828724398014
-0.0176988361125958
0.1089054168768104
-0.1187763014902125
0.2443689573292646
-0.2980205062847460
-0.0928825193400581
0.6301323941495804
0.1068838424248600
-0.1442646232931593
0.4474621122740415
0.3021379502385860
-0.2608193905492702
-0.4263971647807840
-0.1657046580308816
-0.3898618262700030
0.2979394436514738
-0.3764439258445201
-0.0839894299299334
0.0971089088375665
0.3515665543631820
-0.1076465426784482
0.0567007802302528
-0.2822287370397339
-0.3512485981642927
0.1579400239324834
0.0874599449050557
-0.4116661608702671
-0.1269469446387808
0.5468208222076621
0.1032928966044816
-0.3615360030899420
0.3956416201658659
0.2041831904483438
-0.0896457816921647
-0.3857511080276982
0.1739600313996076
-0.3300113945229443
0.4701177789421563
0.3358127348346434
-0.0508150625218412
0.0379247853909357
0.0237242696326239
-0.4091488930954843
0.5010298115944991
0.2636181029847880
-0.0424858214350468
0.2118676986909110
-0.2272127832384425
-0.5382648172650806
0.1887166243155483
-0.0719196189967565
-0.0943828165775941
0.3804998109081067
0.2390355358861780
0.1995354330839708
-0.0064949433765533
-0.3220678978080504
0.1967270931286922
0.2022165837853843
-0.2342130350965533
0.7814609463793433
0.2593066406822579
0.0187075338429176
0.1509589643841219
0.2360178542701414
-0.0691217050094259
-0.0154686834631861
0.2570718257061864
0.0368489184332296
0.4799321089527002
-0.3326964910696259
-0.1229311816964127
-0.4462711097520115
0.0552139149897955
0.3595723188164245
0.2150273823455869
-0.0034159497285163
-0.1568241603010829
0.4172306082245039
0.2410576956885589
0.3149863691430805
0.0347221904636569
0.0732198216537311
0.0457097253287604
-0.0688123946790162
-0.4848528706943628
-0.6876094802086106
-0.0572211903089594
0.0533990459781441
0.3270748388413666
0.0910532851165474
-0.1817559496759212
0.1246177979795230
0.3081689661489871
0.1725054860603462
0.1174670553006801
0.0837209912142008
0.6254272445315336
-0.1558733909769085
-0.0670859231278929
0.2178620220212507
-0.3862918687720551
-0.4350398481720070
-0.2165393331133612
0.2364049849776389
0.5698669907806214
0.1320007361042013
-0.5660210749364870
-0.0868048037349034
-0.2622330679993840
-0.0918191567215753
-0.0818457232897365
0.3553129449257357
0.1206369263876002
-0.0493930035645022
0.2133669253471457
-0.3076118945275274
-0.4717591917731696
-0.4313589275768080
-0.2201720973248675
-0.1881336124037587
0.3470368526347467
-0.1161665972516199
-0.3180857745255361
0.0153229323300032
0.2899254540417147
0.2189813531290708
-0.4117456865110504
-0.2341083002464575
-0.1582393204838201
-0.1111084957422548
-0.7229502093441704
0.2824361628515550
-0.0205632943160693
-0.0303221255727379
-0.3078786912360522
-0.1493971703776020
0.0085241191246399
-0.1316171635144634
0.1274133568618363
-0.0187756352360006
0.3490161388796177
-0.3458143099420999
0.3310975892980085
-0.1145604386410798
-0.4755038221260559
-0.0763656801876693
0.3374926124452214
-0.3609043962947127
0.1679911550031104
-0.3390485588653679
-0.2080026793819015
0.3323918470443478
-0.1564122638204164
-0.2892521514052612
0.2207332818720914
-0.3541031439692882
0.5586090218123311
-0.0659969854485364
0.1156916893635894
0.2020493787142732
-0.0190833115243902
0.4393567925771181
0.0647160598259890
0.2218661174118878
-0.0850095310000400
-0.0007715292281179
0.0063068683131304
-0.1645565438568349
-0.1901915841259912
-0.0813498290306281
-0.3597290065964328
-0.0687898438622325
-0.3457063325016867
0.7847298304002923
0.0057960709711615
-0.0096849471913762
-0.0054599718975433
0.6667976703731163
0.3806975699588733
0.2278486507617794
0.3140947281725341
0.4295203704100412
-0.0073629557183524
0.1258539857279033
0.2358514069618111
-0.0609544383549984
-0.1161271856403632
0.1126854024986079
-0.2250309810519039
-0.5283951800456299
0.3450885071140500
-0.0380663283125020
-0.3628565967611251
0.2388407744468272
0.3717210755825449
0.1262604325773038
-0.3703346449193445
0.2084828903078755
-0.5209067743884472
0.0735059705933486
0.1284568040006359
0.0208094219398053
-0.2910390689999570
-0.2607883723348879
0.0157004291047542
-0.0633178012601858
0.3170267897441565
0.1265423193917941
-0.6113303877399607
0.2431153489622897
0.0490167855503194
-0.2461766951924076
0.5021100666325407
0.5632579288041635
0.1169778134180132
-0.1206210925579190
0.0033622327985743
-0.0445182856716445
-0.3222241584418506
0.2714557246585806
-0.3149270786526041
0.2463701551149630
-0.1330231574868393
0.3292379019771214
-0.4947449382895480
0.1684410672179560
-0.4852737758888640
-0.1987222568108205
0.0045604843979807
-0.3312869109944001
0.2278359965811874
-0.1760429958535185
0.1078702330098446
0.3485296876262948
0.5082687301679089
-0.3638400443646198
-0.0804350489121613
-0.4832167388752069
-0.0838418703380145
0.3007336252498439
0.0051861582753031
0.4222321785095327
0.2659288906515642
0.1261561473705157
0.0740902274562771
0.0376180094667910
-0.0938214013583063
0.2279911329701778
0.3629675976411743
-0.0539071256032627
0.0716189668922990
0.4538817425606593
-0.2429996674763891
-0.3668385181435105
-0.5406121732940247
0.0470638819672584
-0.2712916782725968
-0.1781380862434116
-0.0923186138195449
0.1104841483842733
0.1559733599570554
-0.1514302053174745
0.2164334201112208
0.0999561561285064
0.3944752126031006
0.0170450571653585
0.7750294659265815
-0.2581304872418257
-0.2232467929617946
-0.0462027327387125
-0.7471429275043062
0.3579195761886765
-0.1533123052628354
0.1666075876918385
-0.0996789202052676
0.3060929155667375
0.2491951476763243
0.1910611660746681
0.2073771780309416
0.0230261772362825
0.1288028447681755
-0.0071588485439927
-0.6006462261543570
-0.2457513060691829
0.2608932899534565
0.0129324496933756
0.5510075417644292
-0.1973955963980110
0.0688945672399194
0.0693466964425003
0.2879589785926479
0.2502283369549544
0.1016770740335934
0.0509437921767128
0.1014976977528888
-0.1865822439676810
0.4292969074286240
0.3150827523094090
0.4975156657889833
0.3495384015351662
0.0757973688395483
-0.3965575627315634
0.0650759932575939
-0.3219069623116549
0.1684811689662104
0.0486348942733926
0.0774840025610054
-0.3861152827423645
0.1330901532402909
0.2653695716897065
0.3532766245746228
-0.4886403701038919
0.1867616895922565
0.1424613284661785
-0.0703938446972157
-0.4331898904512451
0.1609584088782961
-0.3457049201107023
-0.3540444825382083
-0.0910058462351148
-0.1986865025820950
0.0851748637582258
-0.0035102413710545
-0.4570557716412139
0.3382034945534294
-0.0112424783544635
-0.2980316419383013
0.4217356149005415
0.3150646976963876
-0.3609286732465590
0.0324995650028488
0.0725763688700044
0.6458352715642733
-0.1914713741889137
0.2405043539294827
-0.4451770472103498
0.1882180772433485
-0.3253753995588734
-0.2717698880281409
0.1117320749826688
0.2301955923898555
-0.0570866148082024
0.3343579628360348
0.2792196300151356
-0.0648050851882901
-0.0081473556451761
-0.3929932485151187
-0.0687067399026722
-0.4663221685933245
0.0270242306998330
0.6180448507534405
0.1362244553122300
-0.0151532844618642
-0.1669069416804486
0.2902383705558305
-0.5673964195488213
0.1820101611541612
0.0044151901255679
0.2302859811396903
-0.0952884858362781
0.5938422666290932
-0.1338605131538452
0.1726702047924791
0.2849817852965002
0.0531546295106986
0.1189199865512896
-0.0974626029491227
0.0374723375643628
0.3086915420820627
-0.3104562956635279
0.1442714315545834
0.2426218108918982
0.5231443486987839
0.3312961526345909
0.0814763781357390
-0.0337607108439598
0.5617448611728653
0.1047428805196980
0.4190111912864221
-0.4375930630314573
-0.0400586367630565
0.2779357511800651
-0.1315668217789428
0.0553875407547531
0.1859376197842863
0.3406527959681733
-0.2073186428256402
-0.3797737858219670
0.0170950168742532
0.4422587871617049
0.2520808423570005
-0.3683598619641269
0.1176697701110535
-0.3217959917119840
-0.1196535487832300
0.2874407190974010
0.4542852038719116
-0.1210745983321129
-0.1861685799366756
-0.4325033038866875
-0.1439534716271523
-0.3506475899796551
-0.0430021957222049
-0.0772133500235309
-0.1261117819894623
0.1344680057240892
0.6838294416099082
0.1173109873684528
-0.6372172033012304
-0.0095849940204752
-0.2594010023758799
-0.0327915229719841
-0.0145394218022529
0.0458837178002166
0.0937998907047421
-0.1532066181821203
0.5075781158652098
-0.1839827554330927
0.1262662171508977
0.0657115190004048
-0.2850378597501234
-0.3863767425584401
0.3853924714584521
0.4363109891115795
-0.2252226101285498
0.1892868834692752
-0.3210163585103806
-0.3497073872394596
0.3095789194692363
-0.0960133048773735
-0.0980402888169932
-0.3270497166119433
-0.5779810350058144
0.2525119679994529
-0.2512787938519417
-0.1757163820937604
-0.2226286518574878
0.1077821729478480
-0.0133948371192873
0.0062714282415620
0.1607183508528325
-0.0130597539890053
-0.1804768518463696
0.0933385707248293
0.3892400850098353
-0.7875400937654202
-0.1118162067197019
0.0242660981402432
-0.1605953322295151
0.3491224825320859
0.0234710477543012
0.1921667704470305
0.1586767211931189
-0.0245729323754269
0.0130997495064281
0.0673674704753630
0.2586666851264667
0.3874607500091589
0.4369020446155808
0.7222766768311976
-0.0417811492932850
-0.0261148649610115
-0.3407365384996912
-0.3150928428086984
-0.4702100865660477
-0.2490750545441897
-0.0717184944652474
0.1434156279812543
0.3407869415009863
-0.2097029747013018
0.3478249082727407
0.3641077831850445
-0.1947510333671212
-0.1554732515744106
-0.1987839077635367
0.3032701712778021
-0.4691633339063770
0.2574200890025487
0.2986366081485716
-0.3330252228098928
0.1520746464097400
0.1948700393207526
0.2747894537245668
0.1165535623530613
-0.3778057493766578
-0.2985146747248605
-0.0326863293573692
0.0621250245276157
-0.0083390524889805
0.6753058342801755
-0.4570535286088613
-0.3016277928734441
-0.0784155938589770
0.4429663197497287
0.0763680849928789
-0.0500992542102817
-0.1655338817249393
-0.0312357275263965
-0.0878770534140719
-0.1201491178742772
0.2075785717809410
-0.1628367290023308
0.5097953876112757
-0.2725884165790374
-0.0079234266117878
-0.2884487169401941
-0.0611729224428218
-0.2970825441257403
-0.6314498205281696
-0.0068471743449260
-0.0560430244315994
-0.0637677151319528
-0.0074608245745343
0.6125390020376378
-0.1377691554578266
-0.0656786428403579
0.0466618192580811
-0.4196916419060923
0.4014750486939731
0.4633190413113941
0.0268782384686916
-0.1983722575030971
-0.5988804152300058
-0.0016081121499361
0.1481904929401005
-0.4083249469603195
-0.0689496751690748
-0.3509291915975821
0.3102827448652569
-0.0126086096140108
-0.0003679669042221
-0.4362028807527707
0.0226292592671132
-0.1937139430987471
-0.3068762150033384
-0.6696737909072636
0.2382306201006734
0.0474742073776408
-0.0091995164477136
-0.0633081271268556
-0.0453467601650667
-0.5061811077078484
-0.1637585002609593
0.0615247108042583
-0.0418457138047174
-0.3219238745190332
