0.4461906185847945
-0.1325450320572110
0.3124070971787694
0.8280987573932269
0.0058101834447943
0.8392116009599451
-0.4562950899006914
-0.2957785007655285
-0.3390520529468021
-0.4156694754724551
0.7345642060415137
0.4155454484838136
0.3119321461364735
0.4442380106676861
0.8388659420954587
-0.0406799370330036
0.5509942202293657
0.1475044882155995
-0.3183409358357464
-0.7571702871886274
-0.0373208210082054
0.0564592183597217
-0.5330228751625335
0.8433896653000611
-0.5278271286375726
0.6904671813635818
0.4403735359785489
0.2252215410297072
0.5229656886417007
0.6816983905354709
-0.2101216779508049
-0.4665223181156491
-0.1099620559825565
0.8347392135210642
-0.0471032749265703
0.5374942540581400
0.4707470218309792
0.3272047453068278
-0.3252897752539793
0.7520112088268187
0.3143490871449493
-0.4230813864292539
-0.8446602961119187
0.0934653734832498
0.3210016901851639
-0.9463929939327925
0.0150441716960790
0.0327397133642365
-0.5316354991162868
0.1715435959252485
0.7196205682969772
0.4124108733536825
0.5399255725013467
0.1706707140878356
0.6485719963878797
-0.5086317420425918
-0.9970344806706660
-0.0167750305711954
0.0113215059586312
-0.0742473313051689
0.2874381464149721
0.9523533418017964
-0.0667730930928140
0.0770959038036025
-0.8374343545818096
0.2498861273355419
-0.4038447288726878
0.2704996489704536
0.8104268261204468
0.2879910532165781
0.5096246920942018
0.0234986378208465
0.3593067178156915
0.4132159361328808
0.2028837600551976
-0.8117816532567161
-0.4698305433410841
-0.7120558650522202
-0.4234935484997062
-0.3047768363371519
0.4742182908357309
-0.6667480673157468
0.2041936957988361
0.5374653123351936
0.5554475280167983
-0.1769374747864523
0.2175867753758491
-0.7828327847106056
0.7936447453770739
-0.2355383939263617
0.4425795059036754
0.3446346820562441
-0.5607859238798274
-0.0629492103453826
0.7377083588030204
-0.3705980596917577
0.0474502109383602
0.5032365673107303
-0.3229446875834849
-0.8001300916506161
-0.0355688316280138
0.5479864776703635
0.7088849396738849
0.4426373468321432
-0.4840638950163578
0.6760676339437122
0.3958496674961655
-0.3897662640846675
0.8445422278137978
-0.2637335618058037
-0.1947914220748151
-0.4233784780814950
-0.0242987194765311
-0.8407963276219679
-0.1168813347208839
0.5280244892834783
-0.7669955645161513
-0.2913160367916087
-0.1753023647521568
-0.5441707927047192
0.0524770984922019
-0.0265449594456101
-0.6394152047886462
-0.7666092323648107
-0.0078558114135463
-0.5355837490167540
0.8404940795185747
-0.0815967910546573
-0.4680583096140331
-0.1924895787666912
-0.7119005392962193
-0.4868950636607728
0.3677005242419147
-0.4511252408341055
-0.3027866458788427
-0.7547202055278710
0.0707381096405672
-0.0273732484444200
-0.0646902605061393
-0.9950185904342326
-0.0062427993086776
0.8590057993730411
0.5092928514523057
-0.0518734571804689
-0.5086223327874235
0.6735456709643730
-0.5362777961440931
-0.0067584819202731
0.7690569518612089
-0.1770976971443842
-0.2393581937097163
0.5655930211416369
0.2636079432722174
-0.3844586988737237
-0.2210936908735353
0.8566329091040296
-0.5155471108248256
-0.6961354072418897
-0.3886932152581100
0.3138857367206353
0.2825317850214400
-0.4010261090270159
0.7254116484157269
0.4828372299999542
-0.7963222049650852
-0.6023418116044313
0.0242938631589238
-0.0496497339917571
0.2822790763554781
-0.5434401768288335
0.5649057907756279
-0.5530576324473852
-0.0347589239923778
-0.5239938423946578
-0.6470794103204807
0.5527300490064511
0.8096628258979811
0.2535507139905792
-0.5157204139195315
-0.1191242983628039
0.8410526501492165
0.2672494892677352
0.1199227568995224
-0.4547820165098136
-0.2444695849116875
-0.4966471841838437
-0.2256696274112848
-0.8016541746659954
-0.0125610092965690
0.0221388967973354
0.9691374617859196
0.2452033247270389
-0.5001336501069409
-0.6388669997600505
0.5252944886893018
-0.2564780474055136
0.5105988724285482
-0.1403556615161144
0.8481686125901079
-0.0141097261504456
-0.0329999929106335
-0.0019404650187399
-0.9279081478597870
0.3713404155203536
0.8152162844328839
-0.5747519272544374
0.0048000519278514
0.0711308035540401
