0.7291235465228788
-0.5945310998111007
-0.3389861726727249
0.2284891731493830
-0.4311441728459796
-0.8728730720869258
-0.9008278951954845
0.3281348552858441
0.2843178151017124
-0.5260771024436943
-0.6817610019564642
0.5083746831774423
-0.1780920190407748
0.8825673642144134
0.4351529390657996
-0.2582265386491672
-0.2408109290940974
0.9355902688496218
0.7826431376066014
0.2197006844156335
-0.5824099315985235
-0.4018515462477502
0.0479162503355585
0.9144503090557040
0.4198489224434694
0.5042438690912058
-0.7546290498032717
0.3556734543870100
-0.9294904078516221
-0.0976932728300011
-0.8995732396682840
0.3699890118588768
-0.2321122951857575
-0.0520913442250419
-0.9079196915136938
0.4158946087874996
0.4804205805879354
-0.7965047630643667
-0.3671188202249082
0.2508141201873793
-0.6881616596105544
-0.6808272962776083
0.7633707543668247
0.0984293217047919
0.6384173869861001
-0.6604871449152051
-0.7202799915946344
0.2120223221979101
0.4890861697321541
-0.8514969104479216
0.1890707012584840
-0.5514492462465054
-0.2153044702794823
0.8059452300819410
-0.1486444088387883
0.9784209212223961
-0.1435177363090889
-0.0855366676091974
0.7477383451052084
-0.6584609675247561
0.8853735394144063
-0.0598471054297801
-0.4610119517718425
0.0912714538794941
-0.0274821416516997
-0.9954467608048958
0.6339159764061704
-0.7686198483211637
-0.0858723682203019
-0.9866745623866087
0.0459584622340547
0.1560805166837790
-0.4660362604275662
-0.8846296172128828
0.0155127146714685
-0.1128588197048510
-0.5146230089043053
0.8499564962520770
-0.8645185696980604
-0.4546208449430007
-0.2143070927210109
-0.7500313551370846
0.3385248396852512
0.5682023400403271
0.3753469899887817
-0.2405321361077166
0.8951306768320592
0.6862725406113477
0.7129396731945999
0.1440382670960159
-0.1141440179462501
-0.8153892162600093
-0.5675487372675354
0.7670735973339043
0.4919182796495677
-0.4118428127572862
-0.9840401156166521
0.0670417669138864
-0.1648346212002509
0.4213602660689577
0.7797453655674946
0.4630903702889010
0.9255195458134111
0.2376719182156303
-0.2948315275017921
-0.0586845271247801
-0.3082650335247785
-0.9494887020823934
0.9749585285991981
0.2212416743139320
0.0225386126115761
0.6785460937018906
0.5879813011321767
0.4402876199041006
-0.2349156229959032
-0.7376036619776124
0.6330525159176471
-0.8462274391220316
0.5312421548079655
0.0409987101255402
0.6794501778632336
-0.2049275712519565
0.7045226372107533
0.1667454371759616
0.9826938393611945
-0.0806769933906344
-0.5064686309087344
0.4756678894684903
-0.7191867524044254
0.3467397791523152
0.6011825790139143
0.7199659938105289
0.3707127058819085
0.3189298466871799
0.8722705099851799
0.9144397424093731
0.1749000580124174
0.3649793517577846
-0.0617542825517014
0.2537855153031362
-0.9652871701254743
0.8771236395380306
-0.1427194216329525
0.4585687381977913
0.2647930011095393
0.9364879268735240
0.2299457096436738
0.5446549688043844
-0.5836806484052386
-0.6022191176257486
-0.5273962288901768
-0.0390482701406780
-0.8487216565820864
-0.7398993487063621
0.4507761745204184
-0.4993493709504784
-0.2298762875921118
-0.0363304438721900
-0.9725415113253103
-0.2668571594582591
0.8668925356711736
-0.4210517640902032
0.5195758162076961
-0.3209524447551546
-0.7918525742951120
0.5309319670420001
-0.6948400306277224
0.4850861554509454
-0.0350162228523538
-0.6001510946971192
-0.7991198456245494
0.0454356494393562
-0.9859083276397722
-0.1609980473501825
-0.6928120669630767
0.0600634763036024
0.7186124259186422
0.7287612895781963
-0.6424547301037120
0.2369786964680390
-0.6220241013293394
-0.3839550889315395
-0.6823961511094575
0.8628557025864204
0.4944601652501159
-0.1048292969304051
0.2083712842277778
-0.5088133627595057
0.8352786180590465
0.3570201833729573
0.8782921422615070
-0.3180243725031667
