-0.2251057099869906
0.1559865173413865
-0.0704880843889941
0.3876742355270403
0.1275020331223674
-0.2838158676490155
-0.3394742671630785
0.2677075788183819
0.5068652087173403
-0.3756300855875888
-0.2966599076343667
-0.0782106233630200
0.2416172955652133
-0.1527608645099043
-0.2508755584506507
-0.5855600899020609
0.1455337550378158
-0.2683413542834523
-0.0804648434050821
0.5099144307209978
-0.0580107752810409
-0.3785622939920936
-0.6602253200738758
0.5127789218505733
-0.0381541315445082
-0.0445932459429203
-0.1865188954371267
-0.1968757119106193
-0.4457118078588401
-0.0306782004121444
-0.1390230456966297
-0.0415545734003809
0.0592647193150644
-0.0674098752520157
-0.4735300329985259
0.0837620659726952
-0.5573166318217493
-0.3154223350096372
0.1186276491893381
0.1414583970178242
-0.2098349619661153
0.4211451352608995
-0.0540201140905277
0.3093880236211489
-0.0106072713298352
-0.1128523179709291
-0.0942333258456698
-0.0272367822013146
0.1378058148991704
-0.4809991859395920
-0.2416813105676122
0.2059832879234647
-0.3801678666414022
-0.6901768954400329
0.0739506187734386
0.4854675200787736
0.1026607806648134
-0.1517046494251173
0.1775749717006472
0.4681344893693977
0.3998132227552789
-0.1899605630515343
-0.4382938414527852
-0.2050384571172702
0.2214159325618598
0.0313380845537877
-0.5801954734486202
-0.4059394025389061
-0.1737539829659471
-0.0844831977985966
0.0714756902955382
0.1116492332120416
0.5022667305818108
0.1912382941069575
-0.0775680783934130
0.3366804830347063
0.1883340727133806
0.4084225895956439
0.0590471461057346
0.4024239443134531
0.5517912295405702
0.1101045975822461
0.0243127846415436
-0.0700706017215524
-0.0295665855126171
0.4270275131619588
0.1622226801983243
0.3689429899209097
-0.3706582496438138
0.0388912069134204
-0.3764779099711911
-0.3720180045681599
0.1850397555240746
0.1659796876446453
-0.1743196521966681
-0.5549714206799485
0.0517763299959331
0.3389851412617044
0.2514072840712330
-0.0377222349455417
-0.3297950994104378
0.0913925714334559
0.6450244105005696
0.2601770643290421
0.2522044369481123
-0.0366145663963504
-0.1181625384167805
0.1779184613624915
0.1770725441462615
-0.5057581176610390
0.0239658253866930
-0.2864469188291571
0.1960699531507803
0.0026059883354758
-0.0790779892500634
0.3790520325233682
-0.7355433672918569
-0.2113292147988506
0.2741499565846198
0.2500970584564458
0.0748264186011545
-0.2661085093168118
0.2526017288666509
-0.0325414589568522
0.2229404045819207
-0.3329691859269513
0.4038974635254376
-0.0082937408303087
-0.4234719394274505
-0.3712614841901283
0.0721203714921626
-0.4670994650294544
-0.2398000027418035
-0.2761625882107687
-0.3356120997283366
0.2126308234970092
-0.2966057227098664
0.1451277884950461
0.5057556498713998
-0.1342927912767220
0.2282884363569296
-0.3822490400605892
-0.3567807944210389
0.5214103716975724
0.0796981247244641
-0.1540134529626312
0.5201021547689206
-0.3205921018764406
-0.0697552551511909
0.2621001076986053
-0.1830377252728838
-0.4164220907368256
-0.0211477654422975
0.2094136713315799
0.4794546967633492
-0.4272639986508641
-0.1784346838724478
0.3981875289557961
0.1261227417663951
-0.1382087472245506
-0.4832180535138538
0.2974996305646021
-0.1615964558349860
0.1128531903538478
0.0362332201790130
0.2679129785270429
0.4606553243165886
0.0690929559532966
-0.3010459963389865
-0.1421374472774762
-0.3609396057070735
0.0571883790272278
-0.2035756110777937
-0.4023476121620043
0.3393539425956482
-0.3851987633232724
-0.2991357002669170
0.1463067731543342
-0.2111252424275839
0.3110759000202447
0.5015397124052607
0.0909097092306327
-0.2302848172939700
0.2581269465818403
0.2940604953047638
0.4936952535969329
0.1951825378683291
0.1026352302019046
0.7913044915543382
-0.0732057555206238
-0.0388201341380384
0.0554744050313700
-0.3075558901671849
0.0680043770845393
0.0396591265878205
0.4649917385834342
0.1504349309810059
0.1171480409008528
-0.0376490487670140
-0.2041195775044363
0.5449727075318526
0.1707846847109941
-0.0912938379841283
-0.1863308183054883
0.6000957805173386
-0.1727547527831185
-0.2039981562388331
0.2594832469489891
-0.2979855607504313
-0.1262727160942242
0.4610800486991523
-0.0923381514151907
-0.3746671083739574
0.6966269006572136
0.0591432035604758
0.0154711268220877
-0.0451025157077290
-0.2535407136900550
-0.2521368765811788
0.0603503570175056
0.0482240367199958
0.3259409068856539
0.5015011389012763
-0.0350601255695095
-0.6091524029531905
0.0206536380964820
-0.1415937248419856
-0.3518264390127535
-0.0413010219702892
0.1850144442492137
0.2957099844219566
-0.1180121543481892
-0.1483983080952858
0.6173800396290789
0.0536232474804054
-0.3014833281099855
0.5657985455545874
0.0940879263262700
-0.0027244033679265
0.2295960226589874
-0.2400304488733494
-0.2231779694248331
-0.4174089897800438
0.1336440235916116
0.3141539609417986
0.0315253966900059
0.1847689513541426
0.6081577200016643
-0.1179702922554429
-0.0112386615785719
-0.2891281877294519
0.0809500461008845
0.4472535682838851
-0.4901680036250353
0.1862817935419895
-0.2080297153522123
0.0718532802185745
0.0054583754391536
-0.2813716859401615
0.1988316015616942
-0.0107113267120605
0.2046747526196408
0.4100355097210573
-0.5896827400106373
-0.2270877370292450
-0.1269229476492977
0.0060525195636258
-0.4626775074145453
-0.4170398804038180
-0.1041696374525831
-0.2486029970448117
0.1808538271923252
-0.0615252004538398
0.6596357900080002
-0.0049757689028089
-0.3585842782919562
-0.0320463389689797
-0.6014027582628662
0.3566165643343973
0.0998232181968696
0.1940689500485834
0.0410884747268391
-0.1249401569412901
-0.4418094634047809
-0.2500431778024753
0.2426659542685315
-0.1605045687294999
0.3476528410053327
0.6576654790462698
-0.0674101770200795
0.1405152227002357
-0.1467800509848187
-0.0952376651872455
0.1330038124934653
0.1812765197396027
-0.4628439087988459
0.3180769915539726
-0.0659503133969558
0.5759294255294978
-0.4439253554400988
-0.1339796466363484
-0.0968494840735458
0.3513711140062333
0.0423542431907913
0.2275747509731540
-0.3036062473285949
0.3987267729391753
0.1065371374741950
-0.1903196336611993
0.3786817700045969
0.4696442522654297
0.0584095403803550
0.3403283719613859
-0.0257834327617704
-0.2432144253840628
-0.5229400216819041
0.1719518027917332
0.2261909674386215
-0.2579993616722118
0.1573622437242556
0.1635137110612443
-0.3013404447973577
0.0432983648632578
0.1589024257863617
0.2392570835653641
0.5453993561172855
-0.0221419879790113
0.1870009480841750
0.0108796058883158
0.6635414077690067
0.1513818429658732
0.1914247678423146
0.1044067666488707
-0.2321394685430156
0.2341645456793512
0.1550644271832375
0.2055221041460500
-0.0862209879480878
0.1179314631962502
-0.2765247891059554
-0.8103859549691851
-0.1507289909819715
-0.0494545626097126
0.2897312458560147
0.6642618807255337
-0.2426148077485210
0.0771724928995679
-0.4415704032208539
-0.0685127560098904
-0.2322531657664383
-0.3414996550164573
0.1207786064812862
-0.1012989248242869
-0.2805972926122161
0.1495381017231249
0.3377610986540840
-0.0607804659511731
0.2790507570580100
0.2316206380133805
-0.7423327296966912
0.0458482476983479
-0.0305915997596458
0.2919794242677872
-0.1272752940975955
0.4432757579759836
-0.0969059004003343
-0.0034352438115079
-0.3168695970217377
0.3513982961350718
0.0719314874551376
0.3054691206590396
-0.1552642202208925
-0.6563938825238291
-0.0239272599386204
-0.1344070825438433
0.0667362868574342
0.2583627551751000
0.1378735193456426
0.3245572131952378
0.0644686891988858
0.5692434124200336
0.3539213309581615
0.5652191441812096
0.0118584169845557
-0.1153919969621449
0.2700045004355209
0.0226649258524017
-0.0375833787847232
0.2005170106907833
-0.0635898076230766
-0.2379264994798521
0.3697553028834281
0.5160897098425156
-0.0300750263479179
0.6367047120420688
0.1222564353848142
-0.4167391715166124
-0.2524378440555010
0.4271054737694946
-0.4255177020797777
0.1082040675537776
-0.3393436633637525
-0.1119966700486583
-0.2915834389616195
-0.3727002968521699
0.0031203945555145
0.1891495468941839
-0.2114138813081549
-0.0775402047328309
-0.2672389729264768
-0.0879738538090844
-0.5006843520060235
-0.4735638011213485
0.3619555307803938
-0.4424948310277498
-0.0996644622272184
0.1914685216848725
0.1475853793001716
-0.0253258845618769
-0.2051490597690505
-0.1710951390025129
0.1320381395095033
0.3293163837835874
-0.3403683651250157
0.0715018026059637
-0.5875102403935863
-0.3927183554468296
-0.1314242093903414
-0.4055664205817184
0.4995487519147221
0.0021190762612648
0.0946182434877898
-0.1423475228496260
-0.4071074788466950
0.4533963443488132
-0.2243176019150666
0.2678438073721418
-0.2833014376151584
0.1791279219813888
-0.3398840561832899
-0.3598567568977487
-0.5756122413432306
-0.4437740458839655
-0.0582268162797152
-0.0933619561092279
-0.3659316570769982
-0.4037217507646216
-0.0519252917829186
0.1717765164471593
-0.0300011496151050
-0.0114339472082264
-0.3921442384694582
0.3773441882024091
0.0029555685001904
0.5798034895705176
-0.3998887713884312
0.0583211205124861
0.3594675109602952
0.1053846501046377
0.1110421690452569
0.1243141944966261
0.1903519298775216
0.0262802744371804
-0.1361924981555121
-0.3173264245087756
-0.3393560023885189
0.1156377638565776
0.8399358201361341
0.1429974362280912
-0.0195959645451775
0.0503012818116964
-0.1287673762939692
-0.0780678900171013
0.6582260995633160
0.0354832370372741
-0.2744242229058199
-0.2134838911503106
-0.2905531384691104
-0.0391644569657909
-0.1700762888437059
-0.1381436171093088
0.2577108423703309
0.3697187787574407
0.3279083382062652
-0.0105569342652418
0.1988098059263777
-0.3779331443595559
0.5324845963781490
-0.1686856036384812
-0.1778324821183020
-0.3568132938305014
-0.4858155349417536
0.2289126175102580
0.2406901116331849
-0.0156685580508483
-0.1349960683668261
-0.0885344422960166
0.1239154925534048
-0.1940875380094816
0.4611782929491485
0.2424078468074118
-0.0152415008698193
0.1441341490734162
-0.4220984104150984
0.5195572139957222
-0.4246786871251835
-0.2024913475873215
0.0634366088418095
0.1907356516573112
0.0615174460897821
-0.3491354742329567
-0.1123429700902909
0.0601539544497707
0.3803143302329581
-0.7869309962483727
0.0694181372925791
0.0891924036545575
0.2632347790138367
0.4085181307141558
-0.6094486784617226
-0.1844035900698127
-0.0903272538496587
0.0496064558189454
0.1727624822390245
-0.4730240838987912
-0.0133791892839717
-0.2911744574842622
-0.0959581806007423
-0.4417577320111184
-0.1421977305196170
-0.2708588886684281
0.2560265067835537
-0.2814055130460152
0.3338465650155396
-0.2555396835182396
0.5403728935143487
-0.0505995917899732
0.1062706704303299
-0.2896826576978968
