-0.0751962914088238
0.5985510295770005
-0.5395506579563937
-0.2136325487866963
-0.0017080757001266
-0.0069259393301868
-0.0437536943368963
-0.5313324494893988
-0.1226742048747848
-0.1576164135000253
-0.7233657422289242
-0.3659042723573491
-0.1133871335305840
-0.3792043004798730
0.0763051914011608
-0.3821694634787158
0.0300749039419766
-0.0926288733895470
0.5693726191002865
0.0336788170029051
0.6496454520557409
-0.2667334231626485
-0.0674179135961908
-0.0207833447722198
0.3640639418361544
0.1149674993966552
-0.1753779442775221
-0.3191315729325071
0.3313728689326704
-0.1475706045611668
0.3625826961949098
0.1929552811524596
-0.5923600620739631
0.3402590204826315
-0.3105738709858644
-0.1864115124089667
-0.2150578448797551
-0.1944986140153100
0.1939201661935661
0.1511540023058859
-0.5440599739228533
-0.3212415440272677
0.5602821039167842
-0.1564632492894679
-0.3433273657175839
-0.1945007255372980
-0.3946074570526590
0.1147167445898870
0.3795539188479642
-0.5310327416335224
0.5689294236733725
0.1725624607940139
0.0974651145743846
-0.0654186560495949
0.0623887024476312
-0.5720040518898700
0.5344300728239459
-0.3322882368888748
-0.3680501949480977
-0.2429462580030140
-0.1198910402087585
-0.2476716872893618
-0.0518563672951513
-0.4187748216994169
0.3679925652630070
-0.0446409436765049
0.2251580907757505
-0.1814504492194504
0.4740328238398927
-0.2212590914121274
0.2903405260555899
-0.4956163341994928
0.0620126819808435
0.1896706729474877
0.4355510829301087
0.0276547284923965
-0.6289838727771468
-0.2510003348174874
-0.0412804948145910
0.5554345548973794
-0.0296045423743598
0.5523689482660270
-0.1948197348650249
0.2921634467118992
0.1827994834608440
0.5596082413209670
0.3357291589537743
0.1680895711261856
0.0341249212466984
0.2878621528663400
-0.0323982671063754
-0.2215663598228627
-0.0540725159166769
0.6458870704101783
-0.4689831499358547
-0.2655624966341246
-0.2911023100035945
0.1516738085608577
-0.3626990793311409
0.1478331490822662
-0.0329318209808339
-0.2460930517367701
0.5278466395320325
0.6257254083470830
-0.3415238138335697
-0.1391287626015246
-0.0312400495884099
0.3307165476250965
0.1867446648327833
-0.0946930785500242
-0.1920089614062578
-0.1224567342835169
-0.3827773798126414
0.0809369807485378
-0.2585823530870588
-0.5044644533447141
-0.6556508389639832
-0.1725321077634850
0.2898112907606381
0.1054301383602033
0.0509244741744394
0.1988573282016765
-0.1462358316131098
0.0798662268065587
-0.7000035982744335
0.5614449787692372
0.3835793097945131
0.1878141745266963
0.1072239361839490
0.2781932129564914
-0.3625280022770059
-0.2383059695533353
0.6100163257689819
0.0009400288016471
0.4103257532741967
-0.5465473802377977
0.3533976100162469
0.1960049197446490
0.2905559684950326
0.6166681045604606
0.0476120954782965
-0.2337379470193484
-0.1279664656315548
0.0002897873963213
0.1998531770260653
0.5186212255192756
-0.1394286044528098
-0.5069864236426191
-0.2651168919362337
-0.3547499210648763
0.4392592894333820
0.1091916805555843
-0.1166582326042372
0.0566320299454576
-0.2257915137048859
-0.0180603537716222
-0.4114027100848801
-0.3498400959387212
-0.3580856076353964
-0.3833835179492538
0.3017440972227692
0.5362712206650835
-0.3771675609353600
0.6057457409407850
0.0217131270193126
-0.0335859600092408
0.1340360651814421
-0.3999130568077357
-0.0383599500118726
0.5339433855391786
-0.1573343802698168
0.3421066055199647
-0.0909179599468169
-0.4667444470270631
0.4432852999106480
0.0546673064726779
0.4935434906554087
-0.3080376878908496
0.0411094676043954
-0.3423358906367892
0.0175887551871098
0.4425115421084814
-0.2538239348254255
0.2331802618238022
0.0654833502918024
-0.2123410209538650
-0.7397607797821990
0.0037106034757391
-0.2973852521057038
-0.5182351370218291
-0.1978192141036779
0.4588248763369570
0.0094419846605126
-0.0156075794668506
-0.3619293889471086
-0.1777017670203747
0.1880273721935621
-0.5324676452619395
0.2972750608861782
-0.4803524957339653
-0.2688333124858416
0.4765957459027543
-0.2609197565215245
-0.0845128091278153
-0.0618504400060197
0.1731173086062164
0.5219746635466446
-0.1155790890600226
0.2126982940912795
-0.5538534597430476
-0.0591978510497987
-0.0533655862419568
-0.4938550318189473
0.1965846946859920
0.0123308140887992
0.5878814506477806
-0.2277362696306758
-0.2073365513609539
-0.0317871486570357
0.0447164804283341
-0.6975091785095451
-0.0562400996652896
0.0485934470866283
-0.4297500458830730
0.4747729263249139
0.1740177798012701
-0.2732737602820384
0.4531965289181913
0.5678498880206857
-0.0517779527866941
-0.2953166679481526
0.1101851520534970
-0.5051359439365093
0.1000134728588521
0.2385825410779606
0.2232324934409805
0.4381335441872226
0.7230480558636050
0.2360003233861513
0.0314644162762954
-0.2360414711088956
0.2164937739505886
-0.1386175997559984
0.1715462452320702
0.0839824402143958
0.1351227290257284
-0.3296856443969215
-0.0738132659130041
0.0382442250254560
0.5219465264242598
-0.7241945101815057
-0.1810281068390129
-0.2042460725636306
-0.2942256021397716
-0.1521441689824436
-0.2171734316026133
-0.2116501065435630
-0.4147790223224024
0.4467659142967571
0.6171203625731572
0.0642492046638397
-0.1084903666232648
-0.3071439718853562
-0.7275267082246938
0.0635584725587541
-0.0902779768829690
0.3616472142912155
0.3636263063452534
0.2764966160629959
0.1137731962938490
0.1261417132171614
-0.2992813065887071
0.0285827002257197
0.3550470243880840
0.4295485505549113
-0.2660717955680592
-0.2866166991486175
-0.2686423585375493
-0.5983473913389005
0.2289154647817792
0.3921676808173920
0.1973414764859396
0.1804273321021198
-0.1309890545110977
-0.3164230550351380
0.0987532691436718
0.0816018633040754
-0.7672103917271783
0.3086472026651404
0.1080842255635467
0.0205824653148201
0.0132066527863506
-0.5316253772561002
-0.7195492376240353
-0.1325657635505302
-0.2721270513330872
-0.0212882614146949
0.3647496368163191
0.1932312629116437
0.0185695447456804
-0.5603032839496545
-0.4134163210727845
0.1203550558067137
-0.2911917933669758
-0.4326588403275987
0.2407281804309891
-0.1427649309330702
-0.2842961948018575
-0.3880425223446040
0.0159739099609602
0.0948493322349576
-0.7681114738359126
-0.3288634769678568
0.1714563329052962
-0.1068718416110703
0.1586498449446193
0.3487595149009086
-0.3299036181034135
0.6771321348308862
-0.2599361160942977
-0.1052257594906460
-0.1049331040487168
-0.3920097604534779
0.2062300867480582
-0.1839629074039221
-0.3205836458509426
0.3583261798666535
-0.1649163686579820
0.5407053804372863
-0.3254614804908480
-0.4594674606737519
0.1255815352463994
0.2874372309797312
0.4545048497610035
-0.1273145946621290
-0.2334830920031180
-0.3901391007446580
0.1560788612222017
0.5438607219312991
0.3479436125919046
0.0555267752431900
-0.3552469384190278
0.2289517042693091
0.0194515307449470
0.3645818774651627
0.2105404540220539
0.2178146720672921
-0.7648424028863469
0.1983630596512605
0.3130836513487751
0.0126142027567377
-0.3825475431170798
-0.1702251455001708
0.0079572931802847
-0.3488088117419861
0.1889059226175885
-0.4444024483512077
-0.1588112083604182
-0.6345638037594440
-0.2046427784892931
-0.4693932003289373
0.4548372317556495
0.0187792057746939
-0.4616866512936227
0.0197903371513569
-0.0596599320884587
-0.4774101451706563
-0.0831717893462008
0.3471266848648899
0.5087257375617483
0.7073970843493942
-0.0524556114803756
-0.1621746008130989
-0.0488954907707784
0.3382517560375518
-0.1743709605026519
0.1170933233514493
-0.2254200500205248
0.6706153344967204
-0.2957140892730125
0.1033403082106159
0.1065091280408405
0.0443297283730463
-0.2315446063926001
-0.5514551043560674
0.2766008667614605
-0.0679414137732993
0.1398890715316697
-0.2598107993258059
-0.1742503251075551
0.0883826991366591
-0.0159788992125459
-0.2516229644107121
-0.6576099363503533
-0.5036000233321366
0.3537251271640170
-0.1708935412476304
0.7115527325115719
0.2906156388716109
0.0419669638360051
-0.5351027196615841
0.0169856920633330
0.0209809909750888
-0.2923597903648544
0.0757069843291900
0.2201193518198739
0.0356004464687119
-0.3610658237421958
-0.0083968728289267
0.4463622759888018
-0.1474871212898866
0.7714200862428032
-0.0079991382936803
0.0607978171739359
-0.5709129299274657
-0.0085941732215886
0.1178676760275271
0.4188490182128506
-0.2384605374598989
0.1110706103109936
-0.1458595874916213
-0.5694149051073605
-0.2644783841755400
0.2701336902980848
-0.3568422371579039
-0.0501005374767227
-0.3751195481022405
0.1133624946028780
-0.5117901759446554
0.3316109879188692
-0.0450668120840941
-0.5193164388753692
0.1414444242563998
0.2115140844237417
-0.4848190991534331
0.0445838320251451
-0.6448768830177654
0.1798438701287574
-0.4209557161921301
0.2289430542267626
0.1427912497601440
0.3818962028658857
0.5403031334104780
0.0517074542351136
0.1871601353677405
-0.0398717658707086
-0.3042586547252144
-0.3072527699544724
0.2982145183857726
0.4970170891020652
-0.8117077157484300
-0.1966836660319714
0.0662081400342222
-0.1746560377805140
-0.2002996072711753
0.2161072179147683
-0.0856726683811746
0.3867162454946062
0.1544226260166148
-0.4504254186572359
0.1208532197830817
0.7152056929325192
0.3787437179119340
-0.0663751169262537
0.0862349306069453
0.3228443213696406
0.0621176458098742
0.0872712854800088
0.2017270972044037
-0.0287340655677492
0.6513717839062101
-0.0095299160108818
-0.1769322647313908
0.0873292200821505
-0.0822568862748607
-0.0840866717879041
0.6937840650130002
-0.1599848131109669
-0.1265560881464630
-0.0897860313050011
0.6214759117005005
0.1774985290190561
0.3029544912950924
0.4710878763339488
-0.1993744523671620
0.4232416151562960
-0.5851610879802724
-0.0705051641437966
-0.3159875102484399
-0.3223824683393303
0.5726484080331686
-0.2400587836674243
0.1799565193003176
0.1566525441728614
0.0797381536274302
0.4530885106664386
0.1693574959156821
-0.5411702046633318
0.2950432057036947
-0.1654506876049388
-0.3896240715907063
0.1548176349924583
0.4033771757012483
-0.1423048251421321
-0.0608254110032262
0.3837356302955213
0.6152298570827235
-0.1737537241237303
0.1769125220733860
0.3264214017690691
-0.2568773951024536
0.4781314440254728
0.0889070067280296
0.4389075003788075
-0.2588683771440188
0.2233007509044882
-0.5011484608621501
0.4367355748111251
0.0603351024691704
-0.2905048110555023
-0.3591378479043230
-0.1777161734556761
