-0.1977844065314991
0.3238215751468326
0.4190291897588093
-0.4174603408670767
0.2673327324568456
-0.3860960495048127
-0.0815731584472708
-0.4034799956851314
-0.2285130477104046
-0.2528969524895984
-0.4466762812719002
0.4557754616756712
0.2099780546373052
0.3671545026370772
0.0555325859378244
0.3066816667653250
0.1300772037409774
0.3510015712196723
0.0832498381939913
-0.4119048260527092
0.0554785996240186
-0.3274897012298166
-0.0961326786373813
0.3234641920511521
0.2625044921565945
-0.0880157568633934
0.2812160396501861
-0.4836878085681622
0.4283414308348512
-0.4501487807254170
0.4697191962447416
-0.1534517533775980
0.2327046020711888
-0.0926686298060587
0.0109953975737929
-0.3884155052685375
0.2712853794962831
0.5735333754302504
-0.0603933511292826
-0.3686548237402972
-0.4236115033902990
-0.2164079190387564
-0.0154582142596525
0.2201878546575255
0.4493918860565069
-0.3418067255321970
0.3708386345310812
0.1781401402650100
-0.2036170571505613
0.4421529664904541
0.3760578412625394
-0.0401606973157115
0.6810207455865410
0.2415417912409368
0.3218259969118391
0.3341123899021177
-0.0936376962859102
-0.0815073399211645
0.0643511410561569
0.3163547537568489
