0.0865619747636215
-0.1007698231707775
0.1366828239339010
-0.6501060945009165
-0.3329683613547422
0.6029815608810530
-0.2580264451011929
0.2159040585787703
-0.4183432116018312
0.1184260271171523
0.6881018725751424
-0.0806285002615921
0.4783801449148862
-0.2356203848407204
0.2105795206878509
-0.4370791128859940
-0.6675408834922602
-0.4523290212689129
-0.0030461526978992
0.3382253712281206
0.0002431898201084
0.3907897205034905
0.4369015228074462
-0.4849460540405436
-0.5824320180151711
-0.2416994544159844
0.0292654749061929
0.1507502188792791
-0.7151878461826293
0.1319922376625199
0.0919359512129222
-0.2950619771891151
-0.2751040439647041
0.4004835486111284
-0.3734987237560818
0.3464327755121951
0.7064249669000295
-0.4727928673375286
0.2376054888911521
-0.2149597694398825
0.0800587754644599
-0.2198670608077700
-0.5954913715522452
0.0684770199519574
0.6674987754571743
-0.1198380391408172
0.3884081790714584
0.1609128569183517
-0.0634924577579886
0.1796641893341602
0.6631297481409808
-0.2945095876715992
-0.3062175962350980
0.4306177964464253
-0.2415895066705914
-0.3219897923493338
0.2487019504774046
-0.6325461869801775
0.0763645114355927
-0.5531547768190238
0.1521487332695320
-0.0813201273342097
-0.4432366357781100
-0.4604315429649222
-0.6459331557931907
-0.0753724212231038
-0.4044885406050941
-0.4169684126516260
0.1481080411030933
-0.0753825055268572
0.2005607422163475
-0.1612616342776156
0.6848481124945331
-0.4832230427869754
0.2989598207367661
0.3748147443134999
0.0372231212334348
0.1806965615073619
0.5355272000400567
-0.5484706085311036
0.0529465581131824
0.1297908720248000
-0.4312705423120625
0.4172482152281339
0.0381179582165220
-0.2398276461353994
-0.1685614932896351
0.1230687956655424
-0.7990271032743814
-0.5089464521723933
0.0001139212150431
-0.1521167256692487
0.3003194572422382
-0.3796037952709972
-0.2899518473794841
0.1670989211828728
0.7371132687399466
-0.2953634875496707
-0.8970500357234353
0.1660002017263306
0.0358136758918292
0.3808443385142195
0.0859621817144353
-0.0356841380402901
-0.1129481406814574
0.5094424258424203
0.3739401663028302
0.0855977852828576
-0.4087360561769268
0.4160268531615284
-0.2082161282658607
0.4580531887142526
-0.2184452874663308
-0.3419762366120914
-0.1881424837494462
0.0468908299252409
-0.2834644246540066
0.8467033502410267
0.0218842980259553
0.3876584637072116
0.3629012199295858
-0.0086647042784629
0.5662672811010000
-0.3854017576926076
-0.4947267158334647
0.0632524398905989
-0.3318578423792637
0.5014337150544239
0.0843717169160410
0.2747894137551660
-0.6692347067012629
-0.0954886364606980
-0.3143463392250363
0.4280868183321785
0.2456662152726632
0.2428541529000180
-0.6810749452672642
-0.0898644618304459
-0.3811970687943524
-0.2831284853821032
0.3370757619038749
-0.2955889377809678
0.3885186108716860
-0.1047870482903708
-0.0149138201984699
0.0341118840108766
0.7973042276644998
-0.4269605542764039
0.0908183083789666
0.4728546776713443
0.4947857925870491
-0.2804481325641033
0.5117935105130245
0.0216434921296375
0.6632760568119161
0.4285783236604336
-0.1075945189920329
0.1391081302246434
-0.2289784093495211
0.1121231434281334
0.5295801443561519
-0.0001312123052354
-0.6428483599556117
0.0329840994678381
0.4421199225403787
0.3154221191842340
-0.1718070800441198
0.5110569499937722
0.3209254362699402
0.5981326026147974
0.3932096338761895
0.4371536066448197
-0.3195337907187466
0.2949228594289810
-0.0666770248565322
0.3825086021054808
0.1597412996974957
-0.4753870692780527
0.3984822759890533
0.2898233414956390
-0.4341505074060533
-0.4134061734123504
-0.0983558242404707
-0.4056999880850433
0.3893100337928448
0.2226900648611040
0.3822262479765761
0.6063460977916674
0.3329083795231225
0.5802067544237148
0.1118464415132653
-0.4010120242373245
-0.2823469798477107
-0.0719435418047964
0.0036197700766169
-0.6364990644824646
-0.5539797659844031
-0.1144047483908674
0.3455768001090029
0.0634517538284280
0.3229050543292703
-0.6692464732662448
0.0664078797832907
0.3943849267078596
-0.0793801008133935
0.3787791134817310
0.6592014060599457
0.2428794872432234
-0.3547738655846305
-0.2743798053678219
-0.6335237926704640
0.3356255721941325
-0.1630744549633370
-0.3463372857370191
0.5186446356227290
0.0479803064359512
-0.2610860359931113
-0.3371709850869752
0.6090927124948144
0.1036650110864679
0.0429542540668616
0.5355437301765514
-0.3093446134123494
0.3467407030571105
0.0052179195246109
0.2058447772734559
0.4728903277877272
0.1700023654647953
-0.6841485268997328
-0.0613767524498213
0.4829578884394635
-0.1075502874274574
0.3630462838906984
-0.1034542038434342
-0.2574572967364939
-0.1956703268658386
-0.0147620042425700
0.8608940154900847
-0.1212783216914129
0.0643546021684297
-0.5831691665762190
-0.1775396075137470
-0.6722808593991619
0.2427367347674225
-0.3141031494049280
-0.2157974402124618
0.2312343356125383
0.1946505557045327
0.2823266558041176
0.6871946795976319
-0.2768486187782996
-0.4832010782595716
-0.6583713352905651
-0.2350890786866849
0.5521002950967273
0.0206900913927874
-0.4141051008231798
-0.1698158458991838
-0.0756110982329797
0.3674077013178225
0.0878974417631952
-0.1263606722157310
-0.7462371625557064
0.4252389170003553
0.2774870630405876
-0.1631609383256618
0.0332132366951717
-0.4333168911091482
-0.6130672693943294
-0.0367294259518883
-0.1559435931016806
-0.4512537497013431
-0.4538551249081295
0.0381224297895537
-0.1954670740941830
0.7439053949278526
-0.1008257555501108
0.1551948859674309
-0.4195454985623308
-0.4434798255982185
-0.1343533716033595
-0.5716252959871256
-0.6124257617694612
0.2456318020824590
-0.4286101806108788
0.0968365507966757
0.1634300833989038
-0.1472120041478984
0.4938087022159869
0.0649019808336971
-0.1301536257620535
-0.4759845889898279
0.6794205662688966
0.1586055585735016
0.6991102433977922
0.2448438753801753
0.5916590404280020
0.0443342934836616
-0.0830988698859892
-0.2822397489619868
0.1127195479753352
-0.6331165661172254
0.2613945945777137
-0.0667037760750993
-0.0203273654855486
0.2352375178033027
0.5749861754190425
0.3742030096056800
0.1367517003577590
0.0888747977006285
0.6894602241457982
0.3455490766802609
0.3227123091890960
0.4094319047854439
-0.3268990035940512
-0.5961709405709411
0.1019242079362474
-0.4777244051533835
0.1750384779359282
0.1511464711294054
-0.2049235674453041
0.5572195843549159
-0.0180989950188290
-0.1518361542052444
-0.1189163848223969
-0.1718531148420164
0.3350139983884169
-0.6469135079574970
0.6342019734290247
0.6882019252825268
0.0431816844223811
0.2998330611282963
0.1330363666294922
0.4211272454658428
0.4006028424254493
0.2812189868115780
0.1131024493084914
-0.1440157832482283
0.6066362938448189
0.4383494413484121
-0.5323024511929821
-0.0505463363185068
-0.3469994707982941
-0.2599887064071066
0.0080646738700494
0.2674677234691222
-0.4624584773093388
0.5021176830976151
0.0857818542679249
0.6224574789028899
0.6277414842400626
-0.5637352594686179
-0.3609653881437098
0.1579468541907253
0.2395038517351885
0.0200351758740687
-0.2741103112638273
-0.3731825208887852
-0.3157116966156416
-0.3970004695089078
0.5580907217059308
0.3319276671049590
-0.2095596698376767
-0.3713422583902997
0.0725380250218340
0.0639722534902112
-0.1849211760113422
0.5456337553266971
-0.6974385990265500
0.3958738343051348
0.1248881792661659
0.2015850276662592
-0.0045046878162587
0.4356038438911801
0.7345459523359263
0.0179063087091114
0.1375882015839462
0.4591117188614516
-0.4321273239523618
-0.1130086284211183
0.0045999653969930
0.3264499141623799
0.3969938720441190
0.5725686033198017
-0.4565800912323038
0.3500565179948922
-0.7111635343487440
-0.2478689210488341
-0.1352267846183972
-0.1699622330113191
-0.4191893817376698
0.2955920802557929
0.5851114759450654
0.3053356864870139
0.0434937518673697
-0.1225487582302799
-0.7150270519774974
-0.0540729323944334
-0.1825300183592923
-0.4256535634447431
0.4695816170628448
0.2746974610401076
-0.2532422569206526
-0.0146650297255420
-0.4974791513148024
-0.4593704866026352
0.6942055218764414
0.0513546304064267
0.1471532643233077
-0.1154639281337693
0.5599846402867119
-0.2245470464909366
-0.3412494981478373
0.1162825390833725
-0.1165850089619798
-0.3196497641490380
0.3847256841204660
-0.3129784606464049
-0.3427503763498264
0.7122240839304874
0.0669858631408002
-0.1550582471522586
-0.6881032660127266
0.3647416107147789
0.0305341790322707
0.4611821748662118
-0.3890063654256247
0.1113778175620223
-0.3100742539357286
-0.7641555402537322
0.2249274625030352
0.3301050495262958
-0.2850576738787760
0.2582550378073152
0.1570826726376837
-0.3100186820943275
-0.0221980389185605
-0.8460453061300528
-0.0337754580158401
-0.1012912251353552
0.3892651331668084
-0.3521390380697144
-0.1372293936546124
0.4455897592507854
-0.7709328372499411
-0.0708981653289896
-0.1101511800838082
-0.2170683900622899
0.0994546025290712
0.2801101052354113
-0.0383399827947635
0.4441920039323541
0.1708773166035575
0.8198944484859890
0.1069797006673309
0.3478772315270893
-0.1373534276329057
0.4990237577768538
0.0693346549001877
-0.3496049416733139
0.6802868863622278
0.1458410076345617
0.1960328657852255
-0.2235351884587285
-0.0675782461102050
0.5536538077240080
0.7458790867679319
0.2028965421450228
-0.0547828258303389
0.1647265556304719
0.0224728140026422
-0.0144054469255019
-0.3884492060459931
0.1530802812732342
0.7691776367036200
0.4540837176142516
-0.3822669620980716
-0.5226905186197710
-0.2264606920825067
-0.1428316521501706
0.0690802299763502
0.3143041169256602
0.6367276571885869
0.3427722774083209
-0.3387417661484295
0.0363712743149269
-0.0969872424933139
0.3197321042073623
0.7403348621383058
-0.3266610787146143
0.0921621970168213
0.7879542523142402
-0.2108754434929249
-0.1340450779749585
0.2568515974110138
0.3674863550242650
0.3273816211727213
0.2539198700020154
-0.4267014097067210
0.5492548392233197
-0.3831524113542284
-0.5319997936302012
-0.1426968797840316
0.0397212526613527
0.1847691434529282
0.8645180866565050
0.1681428957903277
-0.1398956988415966
-0.2387192494342506
-0.3016374824466690
0.1505122939998419
0.3151506166989776
0.3703183477623505
-0.1301515078484494
0.2490071657950441
0.4376327933865677
0.3628502526318924
-0.6011802215724941
0.4662179877314001
-0.6775696538012849
0.5168600088160535
0.1459579429423675
0.1798011775591101
0.0510589806911605
-0.0125171634618248
-0.0831558919018593
-0.1311124719257535
0.1607362283516338
-0.2783653630638578
-0.5170859734317311
-0.1768087637949081
-0.7575829750031468
