-0.4837936196818973
0.1564799019913041
0.2450023260552469
-0.1991301994937567
-0.2665253285334236
-0.2740486144430237
0.4546563701727370
0.1937599515681777
0.1404213465451267
-0.4752231334717190
0.0763537094999795
0.3597602591078612
-0.0320903836059415
0.1938285725453465
-0.0007813342866699
0.2461633400050595
-0.0351752658928142
0.2214295179048615
0.6783470314389856
-0.4201029547371153
0.0165771926055363
0.2901584490931774
0.3153977208768435
0.3400557694455560
-0.1603674177423962
-0.2513945124349661
-0.3914481708960107
0.1913197178590066
0.3073006983903047
0.2268918663451342
0.4206585333865429
0.4220463006610039
-0.0717231969443639
0.0996023293030507
-0.1829714650825934
-0.6754519888880345
-0.1440370825764906
-0.0303984498007422
-0.6290481759716229
0.0069458950253625
0.0057645792095454
0.0330603443235003
-0.0050031515152721
0.2859957715534168
-0.1791387657998921
-0.0469261271716455
0.2227355027822388
0.3689392562101828
-0.0055090297480542
-0.1726554628012882
0.4343008063740483
-0.3372570249942101
-0.0696373693076283
0.5479263580835344
0.3777665357704733
-0.0895397596740667
0.2088616617290797
-0.1936543946554913
0.2801827210672873
-0.1510237013823065
0.4070303494800894
-0.2306656807452854
0.0661005992750743
0.1605110615572070
-0.2396807517623870
0.7092859670262157
0.4235892014138204
0.0024989933793067
-0.0248622379218744
0.0570547248764777
0.4804893989088213
0.0964696404507233
0.4468332417286034
-0.3218611993791085
0.3497060167678451
-0.3868929770942304
0.0357919755267250
0.2188960077126907
-0.5804002826053869
0.0023929461984797
-0.2036025866973273
-0.5145486750342031
0.3028870918766813
0.2176055786985233
-0.2268957604961013
-0.2852539318530931
-0.1666148011211133
0.0964116655317910
