0.2209591092769733
0.0775420394039614
0.7984077193682191
0.0788583528125340
-0.3405161128117176
0.0747488279969060
0.0046004459767801
-0.2593461879400225
0.0207422231322773
-0.0469558030265173
-0.0721777654329542
0.3083984774828809
-0.0224939705687665
-0.0716901133906828
-0.0638025803483602
-0.4585817951880102
-0.0267599758297661
-0.1589050780606272
0.3615413547399559
0.0311417015282716
0.5074792287663805
0.1875680836638062
-0.3322958260192434
0.1107280837540317
-0.1543616612170512
-0.1237128719458204
0.1456052313714739
0.0693518500000239
-0.0104178860584469
-0.3891069134195024
0.4830713862210610
0.0160930745205819
-0.2464594513525853
0.0465930338656305
0.1369238614357663
-0.0978581533158512
0.0757880154495884
-0.4065905426303991
-0.3867543611279098
-0.4599162692855784
-0.1775399342030546
0.1019617929587384
0.0719647028605525
0.3094203875267894
0.0121400748652295
