0.1783918768810142
-0.5690944212823219
-0.2750127359902121
-0.4055375574363442
-0.3945983107874648
-0.4518062057536301
0.2106620232650815
0.3281761771005433
0.2654330142363002
0.3006320430460444
-0.5628278447622588
0.2962035178803680
-0.4375444262661134
0.3681158168703014
0.5272551750119120
0.1932990288991599
-0.3103489882199617
0.3103758852200972
0.1632882769118331
-0.5429943139714146
0.4128945323594929
0.3468725754440051
0.4999434845377438
-0.0943233486904267
0.5994869344003398
-0.4412781441326073
0.2283873820350015
-0.1206948768021608
0.5306129473184745
-0.1940297014582170
0.2705325699314396
0.1828107970569894
0.2393594250196973
0.6801384471236802
-0.2330525146273796
0.1319257118274973
-0.3756577983441444
0.0967003803761668
-0.0730585815138942
-0.8240465549737218
0.3842007494138561
0.0111966329801964
0.1354499444794773
0.5765500433507665
0.5545407628176541
-0.3278586515117436
-0.3001216673787766
0.3403755521959467
-0.1682500380158608
-0.3849997438250568
-0.4233250136648507
-0.3378774276106049
-0.2033289404091939
-0.0865927209384509
-0.3242148233141146
-0.6359667955070316
-0.1485164450684332
-0.2882668903085034
0.3067898339209775
0.1637045176082465
0.2140858168251075
-0.8396082976843947
-0.1521547360660530
-0.3617143166339726
-0.0010241651123449
-0.0805512934109056
-0.7272403231271612
-0.3699901888771905
0.1962615373866328
0.3979740881675963
0.0372109785987450
0.1419743272208456
-0.7998401505481296
-0.5577864681259831
0.0977498506329116
-0.1342863367800455
0.0008772023933393
-0.8171802329265997
0.1056822834233571
-0.4762190748635038
-0.0852102122268931
0.1535886217215660
0.2513702271913342
0.0150292552143078
0.5262150344248024
-0.2291409704388120
-0.6242531187306705
0.0902515888631694
-0.3520422889690235
0.0518878622947338
-0.3822678696912701
-0.3271360365134333
0.1570069851016717
0.0132720874646635
0.7829521411191874
0.2191270480004883
-0.1573377500000354
0.4270465851804618
-0.6759993346639943
-0.6053864650806359
0.0486083397018709
0.0670386984736289
-0.3387595396975243
-0.0661496417733721
0.2248140760863841
0.4531552649026586
0.3821856818705997
-0.0881323064737486
-0.2674600000760796
-0.6318139917680243
-0.1506432678649761
0.3839269996133938
0.0416088914924175
0.1770855962014404
0.0949455381139803
-0.4652272599321624
0.6891515646216322
0.4939642480489009
0.1500925574572299
0.4551156488671624
-0.3436049856533712
-0.2558969931751514
-0.2349179059478839
0.5724539106291612
-0.2593336081076235
-0.3989715105751388
-0.4197714727076873
0.4395950856272243
0.0702340550897378
-0.6417571906418991
0.1894568094546068
-0.1744829255352897
-0.3839593509815970
-0.1797115633804933
0.0153649964606274
-0.2854908524056459
-0.1526898436439406
0.3619552989820466
-0.0537529608001290
0.8536670524600487
-0.2576421444217388
0.4098560672974829
-0.3269776599652636
-0.2075028942787162
-0.6809252473795715
0.1087644828264500
-0.3744032358612432
-0.7242525394087805
0.2306778236639976
0.2405329087824834
0.3265634785072103
-0.1373534476579616
-0.2255745574671425
-0.4335854755033396
-0.1607479626248236
-0.0738420122255224
-0.6973246924660127
0.1542417606829588
-0.5041655245476366
0.0898119385583151
0.4431773254929226
-0.3220980134134769
-0.2751237397487307
0.1557973517359345
0.2521882922748466
0.2057377290140404
0.6978780566933166
0.4509171241585706
0.1724515376957350
-0.8940693011511086
0.2807974249092899
0.0887318752743230
-0.0364027691706772
-0.0306696950913113
-0.2862066046754874
0.0288534402896608
-0.1669269693991531
0.4076962304223596
0.1326594107556912
-0.2754954583022876
-0.4429162342371589
0.7179245031422197
-0.1081754087337024
-0.6574418393192075
-0.4806992409270102
-0.3079369726040013
-0.0016502640371594
0.4797024685828291
-0.0073612361530044
0.1757152513579927
-0.3511641206486734
0.6787837889390147
-0.4287264115628242
-0.0265124918183460
0.3037567384679707
0.3290639365293367
0.2406878894037864
0.1049516108643003
-0.5160354931520263
0.4079764700501938
0.5562363236530968
0.3885143603435996
0.1948712729464211
