-0.6202298480651843
0.1063602532784431
0.3061855172212693
0.1278217534599147
-0.1546655647883056
0.1307583499773513
-0.4923294950538134
-0.0981933096113655
0.0771124150059919
0.0395295128236727
0.2459296260961816
-0.3641003353175854
-0.0174836381562841
-0.0592494789222718
-0.1744820690479988
0.3128541309938004
0.0257797394887386
-0.5841259747440825
-0.3568263485359753
-0.2630148670654821
-0.3652137611490566
-0.3707271733107583
0.1342750720860661
-0.0760842943106361
0.1599355168563435
0.0978798966196013
-0.2233241711106631
0.0356507026048379
0.0370867642900637
-0.4416650397578157
0.1511518827497139
-0.0092701179626547
-0.2639738613234335
-0.0956291303304035
-0.5445993427041416
0.1682034534619942
0.3522725728349588
0.3499956530857467
-0.2813861780812195
-0.4311562795560677
-0.2782691819948943
-0.1437849691132904
-0.1193174560578311
-0.1703856187253238
0.4122088037331441
0.3755731049586694
-0.1838194146155741
0.4362574744305435
0.1520138748593279
0.1584383905813838
-0.2983250480046770
0.0209356385986979
0.5362601759183538
-0.1668006762740296
0.1788756207284688
-0.0497645334814559
0.0613113799166204
0.2047762034737043
-0.0665084774104712
0.2910632332902839
-0.0200182101532337
-0.6937834179083153
0.1478173073137380
-0.1072725875192534
-0.0142293851181354
0.2464862013080446
0.0036288178108626
0.0429681329543690
-0.0810838119255519
-0.3691215190650643
-0.2480334682694289
-0.6796467376082062
0.1835591632498689
0.2310194948453489
-0.1382937997115804
-0.1912878048701850
-0.3403348259445632
0.1118552081348640
-0.2018578489971026
-0.5437944504537656
-0.0024762292243084
-0.1985900314817913
0.0038715661623481
-0.0523212946893395
0.1090039194978314
-0.4199880341716034
-0.3285054907081122
-0.4300909425380542
0.3146774666857393
-0.1207553052980210
0.1630175875391427
-0.3860892522876936
-0.2806837944768281
0.1353806111965010
0.3962204010780382
-0.2694154972325553
0.1312410008200673
0.3793024835791607
0.1351251096330890
-0.2723030892788369
0.1650562543492761
-0.2230070545144345
-0.0106680350431625
0.4400643226326703
0.2147135283401532
-0.1323840279785090
0.0871594913328008
0.3027527027904851
0.4469831519882678
0.0019195402443525
-0.2148621990978064
0.0063617329635571
0.4862504714825667
-0.2282758043119192
-0.2638956989530739
0.4817268513565016
-0.0293542461827450
-0.0275670862736740
-0.1292210726153636
0.3031481620997390
0.3332125920763588
0.1288476151726095
0.0570725828017618
0.3078446704320548
0.1144317045584126
0.4248347113367271
-0.1986185610248130
0.6045535755384204
0.1256580531407330
0.2251260756185012
-0.1859956646765444
-0.2467776528175118
-0.5006153543222874
0.0566561091322055
0.2741378779722964
0.1319590927082830
-0.0606044681177963
0.1740903171454726
-0.1379329925780114
0.4201448231894650
0.5294441003666198
-0.0665002408078792
0.2094161321484650
-0.3319229878273621
-0.1304460697886563
-0.2876668893122202
0.5184985018552333
-0.3984412769993059
-0.2143568013289750
0.1927079190525428
-0.1503184931918135
-0.0857467532397474
-0.0493113130387427
0.4402072896180713
0.0082960062979216
-0.2305349075601505
0.3705957598635135
-0.1037915457909589
-0.2808730302860296
0.2067232652789334
0.5179771343819149
-0.2162511005794971
-0.3137771880793922
-0.0139127349466654
0.0599248491748467
0.3265593747324304
-0.2109805548169852
-0.4017459648725484
-0.0200689927573609
-0.0506359582255506
-0.1037181444574805
0.0906513937041163
0.2609122651537121
-0.1684110387221701
-0.0712419624907235
-0.4502976008580335
0.0402892109466106
-0.0420647071112551
-0.0229077050609531
-0.1282015922431799
0.1656724617156977
-0.7914414700762057
0.0529847461379646
-0.3941738912281139
-0.0626809228968197
0.1356254884606128
0.0177276422465536
-0.3671205612073011
0.2063949597268650
0.1963856662303828
-0.5194112040178505
0.4765458166756998
-0.0571024848653208
0.0024061092560294
-0.3210732104727609
-0.3387021303795527
0.3375247192869417
0.3388643098036516
-0.1387966005587572
0.0944342337553641
0.2617663732581756
0.0646510905624189
-0.4542718422398462
-0.4530310709833869
-0.0753235388391116
-0.2732583954731625
-0.0653639258765601
0.2437804439295548
0.0419602946655595
0.0624214456107084
-0.3653816183721597
0.1459350489685612
0.2761856912590518
0.1879238568259288
0.1656630004927656
0.2057098143757163
-0.7001621204897419
-0.2517145089394577
-0.1098184539355236
-0.2542955997818437
0.1669548677993040
-0.1252025244512631
-0.0916979858590316
-0.0086914190967312
0.2440145924566138
0.2707967023204798
-0.3179445622439342
0.4056694241150259
-0.1508411927682050
0.4111377332032993
0.1381337391519752
-0.1171745641281994
-0.1821104719593691
-0.5652853539456949
0.4735577649944581
-0.2552442342728865
0.0901772638088893
-0.1855213986089774
0.1968692645253849
0.0830515235417759
0.3583392222229894
-0.0910321678682071
0.0020190092859580
0.2326406315176112
0.4867106276848507
-0.3767760628743780
-0.2296109812238206
-0.2507914958670691
-0.4102206024496136
0.3067772975666454
0.0734103784355649
0.0610167984731812
0.0460001197264052
-0.2138472286888319
-0.2087018971025074
0.2226754704656069
0.2188922746602535
-0.6572355609805898
-0.2106565625957063
-0.0190301377903355
-0.1792340629224984
-0.0463498957590243
-0.4934841639670406
0.1915410517320253
-0.2215206006957949
0.0338741912680046
-0.2634360746584594
-0.3960183206310220
-0.1024807206952391
0.0092082831279665
-0.1154717242348086
-0.3748837658099182
0.4945762657417327
0.3940528525705362
0.0701692500422643
0.2911306708970067
0.0391521227422509
0.2172382404415558
0.0484685526772741
-0.0191130472872344
-0.4741307895731991
-0.1090413895933112
0.4834261268624830
-0.2423666070356614
0.2730908613275768
-0.3160548465794564
-0.1067016893875802
-0.2466660153645595
-0.6034819512766165
0.4204527370672455
0.0576350924176614
0.2877356911728043
0.0811541102739499
0.0956892816075459
0.0614911829656802
0.2042585964701430
-0.4131350480925184
0.1646582616247242
-0.2040782833676158
-0.1027970090700607
-0.2903236569084690
-0.3662569530503276
-0.2839171382259560
-0.1116044708483101
0.1959304780439008
0.2969677698602753
0.2512310807456191
-0.1859141873198201
-0.2778209202054482
0.1344875380013813
-0.0116864481949041
-0.5985554360470721
-0.2253346879175728
-0.2871816042820846
-0.2905702043886523
-0.2084016313627916
0.3482345716528754
0.3078302711490892
-0.6362904897875585
0.1075013772544668
-0.0613679543260258
-0.2958519329558174
-0.0695191683611853
-0.0782552448241365
-0.0647194294649577
0.3449189112466096
-0.0881973470838871
-0.2096394317015873
-0.3994140649882547
-0.5664226728113766
-0.1486313460539141
0.2668111053994434
-0.1766988113566089
0.2908167315495745
-0.2847884175397686
0.1619557831934651
-0.1543883147858791
0.0932260008104105
0.1224969673222108
-0.2629272835682288
0.3041094201089744
-0.1328826894788491
-0.2320538383743511
-0.3601663135311586
0.0723883064714038
0.3334529197708112
0.2062658004720688
-0.1812723664535189
-0.1597958727614751
0.3617150998197617
0.5233984413355750
-0.5100646942069947
0.0979974209885128
-0.1061515199382371
-0.3784866872805763
-0.2107807880224762
-0.5035169874052335
-0.0710231537717458
-0.2516577760111031
0.0798647064172382
-0.2788831157639808
-0.0348947983082395
-0.0378900778332426
-0.3500984222032785
0.2800553318030188
-0.1430762349242690
0.3008366584538876
0.3884221250882514
0.0060784282975061
-0.1607720290642213
-0.2424524835076280
-0.5431030038522947
0.1990771728992154
-0.2588573034388082
0.2210306138589816
-0.3097932946013835
-0.1692035628242273
0.1449914035146176
-0.1669366567236835
0.3001552393238976
-0.4646400724456760
-0.3391611831729215
0.4891079460258236
-0.2875598808274794
-0.2664178643506775
-0.0731295403682661
-0.0673940298840471
0.0193491629127550
-0.1869702109655323
-0.3032785708831400
0.2766631981157752
-0.5815967107709045
0.4423222603386713
-0.0762443157930887
0.2006094165335119
-0.0863246417827122
-0.4843088476072273
0.1181038416968069
-0.0494378781290803
0.2029340094760555
0.1811948393100611
0.1050546802365119
-0.0068214693289543
-0.0189181710164955
-0.1080360662390293
-0.2503374767455878
-0.3096947850987965
0.2576703516577826
0.2577678073246424
0.1741782668210153
-0.5744541264086308
0.1726914980409054
-0.2877391517209316
-0.3955375615750492
0.0993553552076206
-0.2393305502131155
0.1825627558603107
-0.2293006542618015
0.5748980141442265
0.1994298400686282
0.4647185557962817
-0.2234191472808091
0.3717649381662646
-0.0416569229439135
-0.1662927073291111
-0.1341749251033809
-0.2000655419283262
-0.1449208592417487
0.1769284907844194
-0.1531406939937143
0.5939541346446237
0.1050235458162084
-0.2008834108118694
-0.0487725869512412
0.2742926291597372
-0.2290538164634168
0.3797680989426477
-0.2486508350719336
-0.3451278814321041
-0.0517369011836363
-0.0965561071876329
-0.3242489341587976
0.0284488715992189
-0.4568241307003051
-0.2505417475407768
0.1717273041041488
0.0726037086698253
-0.4796567985149057
-0.0499829763978093
0.1328470269029430
-0.0901259981879517
-0.4926287145863458
-0.4191141622912178
-0.0891802354903324
-0.0913062226724387
0.2091360215533807
-0.6299146114145620
-0.2403533916848145
-0.3026682648033969
-0.1630548056227257
0.1826983495129739
0.0069439562332568
0.2781783723766953
-0.1109719036912890
0.1533186257857327
-0.2364619969513179
-0.3352241002527900
0.2618855773994324
-0.0649121309407895
0.0183969931885306
0.0622180415350629
-0.2555981908601755
0.2143678822912070
0.0632451173150814
0.0124056641124312
-0.1315307545961077
0.0679583875947156
-0.3066513938306266
-0.1498083769715021
-0.8583906504382668
0.0301362564460220
-0.4270542607945393
-0.0747579515365405
0.1797030786286846
0.4247789450820881
0.1464214145508875
0.3146426075100336
0.1951952434500804
-0.0224098126617856
0.0074844805410280
-0.5914580502026354
-0.1412168388225349
-0.1134601886897388
-0.2399352452511504
0.5262826876755768
-0.3098586558847686
-0.4472095292321607
0.0764049539513829
-0.1254264809772110
0.0894718535663751
-0.3184685144925494
-0.2238387599834511
-0.3973404924559205
-0.0348923240332126
0.2206368337064185
0.0756166119715221
-0.1800601024140135
0.1633342660919934
0.0598952131498285
-0.0504189621112692
-0.1382076424158289
-0.4455864427806250
0.3556926669946963
0.1153049411971946
-0.2344831440822087
0.2071708170247147
0.2650895217676731
-0.4828773116434738
0.3086142201816000
0.3363680932498248
-0.6212664247559448
-0.5742047649673677
0.0404730578814902
-0.0122218118938706
0.1718826200893232
-0.1777418905944814
0.0570032326241190
0.2334106796876551
0.1595625076196957
0.0300600126579871
0.0702539130271410
0.3466989158821430
-0.1102914267221277
-0.1193681012165891
-0.0639220356388664
-0.1688441644946997
0.0225415450383095
0.0372392145012860
-0.4387199457194429
-0.5170548702457258
-0.1290290749068591
0.1356272141563113
-0.1986620697320365
0.4793091463552850
0.3113874145197527
0.3003861296382836
0.1332953075357287
0.2502448214196663
-0.1738487074808081
-0.1513034917369582
0.3230239463934779
-0.5356903579958944
0.2546367602794343
-0.4730010499577232
-0.3889476737261857
0.0637115732851748
0.1111087189266045
-0.1354494118249200
0.0241685755525549
0.1960487222589681
0.0871934023281590
0.4407081373883295
0.3342740749305045
-0.1534908164386668
0.2323567902787647
0.1302468874572844
-0.0581453138665249
-0.6110879510929871
-0.0778823865836241
0.2914146397028066
0.0006475189238982
-0.2927252807645176
0.1378420334859964
-0.3093287838365901
-0.1229518695417870
-0.5386028226767281
0.1116237229807810
0.3711938533408602
0.0174082445370818
0.0497580574243852
0.2925314898878427
-0.0348711868134147
0.3265456327423067
0.4704251719620758
0.1111706166413834
0.2219296492551506
-0.1501768542872085
-0.0217205079773090
0.3339528720383417
-0.4918427697346812
0.1652123720508800
-0.1247799049515235
-0.1093138874543048
0.1117077081224391
0.5897530426471095
0.0084222333118036
-0.3622595874217959
-0.1669839730660728
-0.1154323073435775
-0.2809726256163329
0.3145799914365829
-0.6618305965620979
-0.0521057131347867
-0.1617154358276244
0.4219899736040038
-0.1991979170742926
-0.0665203826064024
0.2801036802111014
-0.1785946667027636
0.0966092155650845
0.0038461052630198
0.0016605770773918
0.3930398179744464
-0.2252667693618844
0.1024823914310289
-0.0237061244096214
-0.2978975846661885
0.0096070392714656
-0.0977172111310605
0.4480273925900000
0.2047554145919230
0.4569268895411564
-0.4704129378735975
0.1122472600049669
-0.1173561133579804
-0.4534282692016398
0.4659419665728249
0.0318040551106766
-0.4199999358371994
-0.2035014168806007
0.1948950284107304
0.2227802779433907
0.0696541539873923
-0.1440519449551561
0.0591129347195380
-0.4020029148798309
-0.2576542052044999
0.2618485539951259
0.0812713746877294
-0.2051226614677024
0.2332061077234459
-0.6886537964416812
0.0131976699143694
0.0830839145380482
0.3862824651422876
-0.2838037422763647
-0.1762986186564824
-0.2681639242806906
0.0775581998599805
-0.0910036384022322
-0.3747399891568429
-0.1583878344934388
0.0981077929022885
-0.2555477313010538
0.2310195470763638
-0.4534691911988390
-0.2725237681551708
0.1530482818725472
-0.3533077630439043
0.1142275998294028
-0.1442371248349157
-0.2351824911678941
0.4345879206742310
-0.2116704555851346
-0.1266192302859994
0.0007142551989666
-0.4274576218260020
0.1185355973813677
0.0263091058468334
-0.2098344913198194
0.3198420834275230
0.1949138697073972
0.5195115641741945
0.0171867123331771
-0.3045887685103575
-0.4409273730018344
-0.2718929143112646
-0.2144404564255483
0.4115055027837274
-0.2604617040788025
0.2513720853845444
0.4556402004160076
0.1259766013505789
0.3918191701426071
-0.2556318093907596
-0.0321165552556120
0.2669345709792681
-0.2137895702683013
0.1392301379886498
0.1636435384770407
0.2773466991975360
-0.0418125415957551
-0.3170746731425829
-0.0352842985280422
-0.5652409769590709
0.2464296737577660
0.5230018337430919
-0.0030102959633643
-0.0519154813250221
-0.1296820162963112
-0.3296043881741877
-0.1041794637880350
