-0.4298920479396158
-0.4112943395470110
0.6027456634074273
-0.3192437506335510
0.4246401323896060
-0.0221730526534505
-0.2850956473018378
-0.4537721856225498
0.3048612125492643
0.4627867512896049
0.6056607470061741
0.1971659171728448
-0.5883039336165724
0.2732725365197738
-0.5918761620101567
0.3116387337486414
0.3273223595572698
-0.1569859352962816
0.3474282947695385
0.3069710726296010
-0.0900538311069792
-0.4176999106908620
0.5757753065462380
0.5205403241301775
-0.1718094496609388
-0.3981871294024016
-0.3873327165118452
0.3590838634640022
0.6420669482947394
-0.3474344580093937
0.0382826320144895
0.3699123577125145
-0.8269556872757515
0.0175661575102384
0.1949810201657912
0.3735202951183970
0.2852742153257049
0.3338577632048894
0.4433790704675638
0.2237851429633199
0.6172352175137276
-0.4236903491219958
-0.1684134093139472
0.7653241888029778
0.2664457436387792
-0.5247271383413623
-0.1253130935108872
-0.1545332785386736
0.1843749802359873
-0.3615801009949964
0.3672642538376465
-0.6124610512458002
0.2889377228116936
0.4917205691485628
-0.3725050583430611
0.1767983811146730
-0.5797355574042580
0.4619017527282939
-0.4274540106833044
0.3127600310182324
-0.2061174709859828
-0.0028538757658883
0.2282858517904693
-0.9268513401003213
0.1693655099362447
-0.1328718586384250
-0.2207066861414113
0.7039036977015368
0.5156647098552255
0.1167118549656217
-0.0784880287228702
0.4124512362961080
-0.5757694756783418
-0.3534551062746397
-0.2186038290134134
0.7038492164556628
-0.0001188547489433
-0.0191737068519164
-0.4097649775585618
-0.8532188318023446
-0.1582572875033741
0.0331677910721483
-0.2686819630174198
-0.0759922335561221
0.0638427191077512
-0.7817369195901698
0.5059677375330082
0.0866685265785495
-0.0109150662355787
0.3481056910941081
-0.4311639490924661
-0.5121966935425522
-0.1483158302019802
0.2072115084189757
0.0515246068048794
0.6958183788251782
-0.2315933787581147
-0.0170810970282260
-0.5806329765592422
-0.3402388770326998
0.7022395254197534
0.0059367554635689
0.1134714181168474
-0.3272350149993272
0.1344832644523185
-0.1290947269393754
-0.1492095976638738
-0.9072082347799885
-0.1362426231041159
-0.4431087612774238
0.0405707134602799
0.5231968822717415
-0.6233721739181647
0.3480211857112895
0.1709120628256442
-0.2805432723929145
0.1803427564732135
-0.1694785750731513
-0.3893515916766853
0.8241622291353853
0.4981541654836322
-0.2021354753874058
-0.1983116492257396
-0.0463734120022925
-0.7934163333654591
0.1999904882507096
-0.6441762359354667
0.3238378472178323
-0.2158169932965491
-0.4519951160253295
0.2407664399593510
-0.4139093954578953
-0.8983159070457400
0.1141378541195311
-0.1221025129115714
0.1306399880366718
-0.3606108493115841
-0.1341084137211900
-0.2161629276229028
0.2314887035721279
0.0693333170322557
0.8040891483049127
0.4324138488979934
-0.2476658330266802
-0.3552902506097748
-0.4418916696439538
-0.4745651705487087
-0.6653151050008018
0.0099708665578482
-0.1026882753816367
0.6720524091169170
0.4098991908586832
-0.5137347276601573
-0.2565041461018652
0.1997741999329265
-0.1034443541388361
0.1800998836060008
0.4761606784655272
-0.3800298145153054
0.2667258085278958
0.7151442082786612
-0.1176370890427150
0.2973189831716731
0.4205269594552400
0.8299642940356191
-0.1098340579975709
-0.1091445370507695
-0.1481273741710465
-0.0186195162579788
0.2733431490430717
0.4710779543042555
0.4917483423383562
-0.1426359550923767
-0.6639736060841712
0.5141880471501762
-0.1792900284986262
0.1320180772697645
0.6544590016994253
0.5074027477198928
0.0162120888147997
-0.3623112775454796
0.7269439787008939
-0.1432011601045720
-0.2131967825617089
0.4548876996305426
0.2596165063487881
0.4863321344848940
-0.2997135657781994
-0.6322357937700631
0.0527260353431543
0.4835440053136834
0.1932249845491395
-0.5637208521523028
0.1140886882922480
0.1603678669321175
0.0859463205075222
-0.4786907527206336
0.6379287676214720
0.0974171982907226
-0.3819005926852482
-0.6109276653865409
0.4082148146921528
-0.5160338210731660
-0.1962115568045682
-0.1792411206548384
-0.0611583518999775
0.8366541208323123
-0.2102928762121180
-0.1546697706980831
0.4427147241737325
0.4064273713497323
-0.2710032495278097
-0.2770614068088423
-0.7208725462788381
0.4013770042690918
-0.0620506235718372
0.2869506386156820
-0.2422869841618271
-0.5511155039657541
0.2756188488626668
-0.2253484347699602
0.6545841295744491
0.7257015635314114
-0.2411091693457140
-0.0975354785048407
-0.4181137582566290
-0.2854291450802723
-0.3865508089159544
-0.6945989751255127
0.1352576948711294
-0.4819330736128550
-0.2160429075329347
0.0250554044214566
0.4686958727200353
-0.4114040375989862
-0.0884682417596060
0.0737497871533618
-0.2308718898985635
0.6581833484718579
0.5753033175561291
0.1181936554328956
0.7985217314198410
0.1370424076750159
0.2317732957068341
-0.4846848881594185
-0.2024212966843870
-0.1258699826589470
-0.0526067067745045
-0.4264020445558003
0.5992017485594761
0.5055767948455796
0.4300231939132451
-0.2343925359626621
0.7236317658336960
-0.2775539695830899
-0.1633060802599013
-0.4149389407023557
0.3814941679357919
0.3185427705172342
-0.3659932972596349
0.0637388001963457
0.1692776992199223
0.4686345244037306
0.7157118960485807
-0.8357317151649863
-0.3793618387341367
-0.1534528825505691
-0.0760634917102807
0.3523269331355576
-0.0645707815710691
-0.0995576878902662
-0.0801599323321481
0.4742711938098726
0.5607815642891824
-0.0035821793615857
0.6665138347378899
-0.2180941724983803
-0.3573499052939734
-0.0345014187799850
-0.4192589377039926
0.5444897333812411
-0.5927043973251320
0.6242752274214269
0.3411311739010008
-0.2567331079319046
0.3628452140544733
0.2500795123974889
0.4835304147923621
-0.3091948847998321
0.1484471485292432
0.8224838886330442
0.3505651900376367
0.2850150889976356
-0.0418648638331385
-0.0397303876903244
-0.3461350019353877
-0.3038293395204925
-0.3732945015823803
-0.6869642804550563
-0.4183671612865143
0.5540261262206937
-0.7071295540767760
-0.1740346151558206
-0.2304745468854729
-0.0884844339416739
0.3190404145740706
-0.4988509018453331
-0.3182304303270402
0.3131310785196346
0.3431381867001088
0.2721828276772018
-0.5999989931265712
-0.4936602367344091
-0.2613404720057860
-0.5151882481836368
0.0077795601281230
-0.0952443080361730
-0.6430006201579583
-0.2395142994288979
0.1976224450378850
-0.0672919022207776
0.0750082166481784
-0.9451376442537108
-0.0117758367705820
0.2919014924593077
-0.2753619270554694
-0.1661556041490291
0.6286681087008062
0.0386536695222759
-0.6439285255160019
-0.0157487295726570
0.3937673168294278
-0.4828125600442467
-0.7654903010031400
0.0849057693056395
0.1356721009863880
0.0928672977134954
-0.7494859908918534
0.2195280862277818
-0.5582379319004273
-0.0774346540613056
-0.2526422758909470
