0.2098405873023637
0.0054771633791575
0.9539199555319504
-0.1550608068132058
0.1480871136536747
-0.1385766474954760
-0.4069718663689632
0.2269948672382093
-0.8710448672619470
0.0701753675957746
0.7605837618752229
0.0647983795729026
0.0276696755619651
-0.5749806486883321
-0.2931640391738058
0.4727538072714406
-0.3234798354041707
-0.0774402201528290
-0.4440861995899857
0.6845838834165270
-0.3203767306305661
-0.4530789583111078
0.7429859726466375
-0.3706585264566792
-0.0515975699184038
-0.7630936589327184
0.5228730216748022
-0.2018372743841101
0.3163360906528843
-0.0590344248805884
-0.5487990560021120
0.3541991981446788
-0.6446675531093218
-0.2195115873225243
0.3310301091502750
0.6802021788463627
0.4610738731791819
-0.4424620955631586
-0.1495299649837940
-0.3265026231533405
-0.3413383015412443
0.1856493937181501
-0.2140936225647448
-0.8785400622622404
0.1770698909763753
-0.3400664111311309
-0.3362035629647975
0.4663069240318087
0.7431814321060480
0.0395121733515719
0.1300745852039656
-0.2129169651432932
-0.1839679106769309
-0.8293840818250110
-0.4647847038088007
0.3432064832669757
-0.8001353156784222
0.1157815632805144
0.0475486561735667
0.4757378914361510
0.5328549307764382
0.4859574518673179
0.5723641722303346
0.0892898373201495
0.3799178293003448
-0.3682942163963085
-0.0488759707381345
0.6756983046566798
-0.2805802345398506
0.5715566837358177
0.5435259175155132
0.4108735208317262
0.4492486078130063
0.5141267974893335
-0.2638405794219275
0.4262998949267795
0.0118407418033755
-0.8793444364308289
-0.2118472171667263
-0.0015215504672724
-0.9644582838022131
-0.0986774198545522
-0.2354134437309622
-0.0555083340381313
-0.0397783983988610
-0.4692934230940591
0.4779470711648566
0.4272567298199879
0.6046494794366308
-0.0564001245223554
-0.0951228495742105
-0.5172341398880372
-0.3991185542912645
-0.1277766592942169
0.7401337669524510
0.6061827940708457
-0.2520021517995111
0.5483282243275477
0.1448490076506802
0.4973854230365931
-0.3639424687807808
0.2695443253358096
-0.6143910905300635
0.5964380802922991
0.2483484253051149
-0.4060284492685733
0.8522435606015613
0.2948755277002199
0.0019171215449256
0.1478734580857213
-0.1984984405202923
0.4481737046710062
-0.2199505433009879
-0.6885170891903248
-0.4871392777707013
-0.5423316246027634
-0.7010565490656236
-0.0869361786903928
0.4544801169562148
-0.0169129563974971
-0.0555427429258417
0.0174912050498360
0.8240892120950490
-0.1463951211817710
-0.5441089049601323
0.0550082925274358
-0.0658691943982126
-0.6299419635002339
-0.5995598699934974
0.4861444455070912
0.0144889010643369
0.5808383774751331
0.7888521268109838
0.1701179047983827
-0.1057784074884786
0.5752230371358503
0.3673245984282207
0.6338434386258184
-0.2129816560583547
-0.2950803389441492
-0.1586729530645857
-0.4632951375931773
0.3295328487206237
-0.4790838920426704
-0.6496670189009139
0.2398308921016298
0.1652725290221660
0.2949495740131874
-0.5131917738102530
-0.7515351531547139
0.1350110277971874
0.7839042769728687
0.2450593034572221
0.5153460795770329
0.2040354453775983
0.0041879501885687
0.6034370017699717
-0.7230200948869355
-0.2218161597943312
-0.2527563641372215
-0.0990979760984455
0.2031915671558963
-0.2801564885876429
-0.1372529742581383
0.9228037392259849
-0.1900248585761586
-0.0312010926783958
-0.7695423050528463
-0.5713771641668540
-0.2103564164492761
0.2021689317713170
-0.4831960196191043
0.5667342024034543
-0.4448804092475224
0.4544701254698448
-0.4982447777109078
0.4624809897572293
0.1221407192829692
-0.4382845855970136
0.5751971334404185
-0.3092787979845101
-0.7958499571432978
0.1344000876970058
-0.3174143141690305
0.3900695328014085
0.8468172455771275
-0.2595644415278452
-0.3853678369471393
-0.0436464337864608
-0.2551734162327892
0.0328097923218066
0.5031166985425860
0.6035145642415841
-0.5039607734264545
0.3571985649062849
-0.1533083944111325
-0.4124488973894703
0.2908839495464300
0.1296590109967168
0.8396174795756185
-0.2218738710897479
-0.3651844871942109
0.0504387419739198
0.6962626733589393
-0.5745315471194795
0.8159348197297026
0.1491674875515644
-0.3461079629114049
-0.2984312513930028
0.3211658400445718
0.1617548527960603
-0.8660672398789894
0.3792361052695078
-0.2320248155234546
-0.1615777368533049
0.7608235134762801
-0.4726849242511754
0.0043955012678865
0.4284971032430381
0.1186905885409566
0.1628804347034220
-0.4291747101074896
-0.5977271514245172
-0.2567375733255107
-0.6050513226891063
0.1123375805404925
0.7573626349309953
0.0783875732336054
-0.0789109458943242
0.6335696948160460
0.0396733686066150
-0.7117357304185605
-0.4098349881605264
0.4604329026868473
0.3345072472634746
-0.6713000699116167
-0.6500488309858663
0.1593356260186256
-0.2054452141778595
-0.2433046561889713
-0.4188307919530658
0.1073239908121904
0.4833937377832970
-0.6885830351437340
-0.3244167484767843
0.4362245479421554
-0.1308947971199553
-0.0999150086913615
0.2646114928846384
0.8441400622711590
0.5837174430960993
-0.4424510967051015
-0.5489899525739996
0.0427731288985981
0.4003641655628365
-0.2327440419141417
-0.1318854734026981
-0.3852586758267748
0.2050323876518058
-0.8590540760469123
-0.7094687207396998
-0.1482432825680033
-0.1054646184769177
-0.0602858222673021
0.6781746805569422
0.5970022859110514
0.1803939617994179
0.1853672688573496
0.6544092075125421
0.3852711433814673
0.1328623277566324
-0.8243284247284330
0.1979357974813546
0.4962054347939475
-0.1320296807698905
-0.5180605073894837
0.4882049196713015
-0.0622369323148845
0.2881533850020965
0.6374664368105624
-0.6423912215970639
-0.0937793039552503
-0.4435378573419073
0.5280618900358394
-0.3208796814399877
-0.2361604009381921
-0.2002948439137094
0.0518340849863320
-0.6202057246626577
0.7188660009067007
-0.7587060633304582
-0.1701777826119520
0.2280858552408162
-0.5459838418679509
0.2127983055126519
0.1942177503758726
0.2515061667211164
0.2467272289468173
-0.9126815601566582
-0.0718481578498603
-0.2563729180234488
-0.5556812467267175
0.5963657934172043
0.2277154450517971
-0.4668884186474468
