-0.0719471947818032
0.1316900919795825
0.4900731170554828
-0.2240908073163251
-0.3528391307111981
-0.4439450964338043
0.4526512755079060
0.4007706237059937
0.6035350563856019
0.2516817043996766
0.3466544657363750
0.2701531166816865
0.1491494089377530
-0.4539866894001862
-0.2771029230159014
0.2722393065545877
-0.0488027647989052
0.2217879559673156
-0.3466241057916033
-0.1281162941221444
0.4155800500603224
-0.5339452814552467
0.0528026641589704
-0.5926836207131547
0.2247082530112968
-0.6382922892814521
0.3076125482086662
-0.6028331834282589
-0.0420714078637632
0.1380702848311345
0.2468208304917520
-0.0479781026839162
0.4485435480010179
-0.0429265602862488
-0.6345157913458805
0.2274623337057441
0.0022110789451967
0.0894714263036985
-0.0492454392769499
0.5763518499684006
0.4151870698945352
0.1731534180509971
0.1431483423620037
-0.3729425678759832
0.5003058261172061
0.5013057430057727
-0.2180957211876320
0.2981289532014330
0.2538081703982536
-0.2571682479660823
-0.2918913290038632
-0.4089522809288472
-0.3137172661620934
-0.6655996133942049
-0.2526710072401762
0.1082560968911254
0.3823238115510860
0.7990667967292275
0.0295786525605256
-0.1053974131578901
-0.0076238949032439
0.0565919069982148
0.4260521359580595
-0.1362206145656920
0.5543034117312343
-0.1769963151042109
0.2820025892206496
0.2964956673089683
0.1675901228439760
0.0540028533518061
0.2222673699354512
-0.6431013527737953
-0.0656897730057609
0.0048560368717184
-0.3050807751096583
-0.3818059285763088
0.4742318512454619
-0.0727398505668662
0.6448695734290562
0.3328175549156989
0.0367469815277192
-0.4001294862308318
0.1741374702187641
0.6306678346349166
0.2248047145478609
-0.1693269235339952
0.4563227444086499
0.3507720964371197
-0.4174405478608830
0.0876168965275531
0.2811640863113944
0.0630588563324141
0.7581911093099549
-0.2442593276111394
-0.2176797355246362
0.2305128218373783
