-0.2858563011364710
-0.8531317785460525
0.1017486620562441
0.0088024674706687
-0.2631188238188010
0.1475035625624553
-0.2983288897777275
0.0057556041559411
-0.3150324660055634
-0.2810536414797875
0.0371485134122950
0.3754350144109915
-0.3389587506926243
0.4037120800654580
0.6332208625266166
-0.0242238493647139
0.3260968383643595
0.1218890493488002
-0.3028726231109006
-0.2535703505247651
-0.4012171407126418
0.0469151530181366
0.5906050710072702
-0.4591117376831473
-0.4206914486683206
0.1995708656237350
0.1738051136311727
0.0953363654080035
-0.6474904404207169
0.2606527074710698
-0.3936306457269746
0.3190049292947393
-0.0810334355205385
-0.1680916927726876
0.5493966083005598
-0.5658106167076760
-0.4758009915988238
0.2183183328994119
0.2619526785207460
-0.0230606610199325
-0.3858505357335159
0.4392825771963032
-0.5612478136590726
0.2378583178864485
-0.2111041814239810
0.3612212896627113
0.0072409081262245
-0.3338806185604356
-0.2947401399854369
0.2200393867783512
0.3748005023909110
-0.4725289790854652
0.6890083023301050
-0.0375204489025789
0.1365458260342123
0.0785294728526254
0.4900581196595304
0.2672163520100235
0.1316377107251023
0.4394448959869424
-0.1289835500138808
-0.1950565921215196
-0.1521312044491164
0.6325902492205498
0.5019784420029231
-0.2077457405181401
-0.0387393804165250
-0.3901134836365700
-0.3321548249666921
0.3222821738602156
-0.4463771037529035
0.3711131030551476
0.1748542075453069
-0.4155522358449326
0.3472559935872981
0.7574428705037386
0.1301868421066979
-0.2013249779263676
-0.0509497443299293
-0.2058146768009599
-0.5340942850369558
-0.1213836644794257
0.4190201699428496
-0.2313951135945658
-0.1250864213281961
-0.6301141424923210
-0.2029830922409233
-0.1303653257918596
-0.8374048637750521
-0.1605839828440035
-0.3591290471325953
-0.0397551212453739
0.0275094684393173
-0.0643181669909057
0.0946002282007885
0.3585651067598715
-0.1727915536344592
0.6073479939921386
0.3707311511405157
-0.2906811278471602
-0.1134786983657676
0.1365243402267400
-0.3013817792910261
-0.5069389522694877
-0.1571659818275469
0.4231516624760582
-0.4355865616249010
0.0187737983478531
-0.4054962172738116
-0.6205059585509010
-0.1590298215775541
0.1772233211397156
0.1117257089496440
-0.0739113314200122
-0.0647978775294368
0.2653029251809794
0.0713284279816065
0.4787477327815293
-0.7373199864744910
-0.3599196789132137
0.0361019480884288
0.3271520963045279
0.4641549847531528
0.3380819634260287
-0.5925901974649296
-0.3156344184900485
0.2810565509191585
-0.1792982941383615
-0.1120257553671946
0.4672322865386056
0.3954865682674078
0.6038081386887962
0.1508506343716255
0.4728441727285712
0.0195831361134476
0.0378061070441003
-0.1001190258951347
0.0052143291888579
0.2062977938939489
-0.1139713689623529
0.0803640115906046
0.4712743538039461
0.2496216475329010
0.8022043884740067
