-0.4644055759252396
-0.0592141307996951
-0.4420795109954423
0.7651057794326310
0.3008601385659243
0.4884490077352386
-0.7851709600696133
-0.2332537402227785
0.4500345528683709
0.1591017490179671
0.8684803117362749
0.1337814740928355
-0.7508946914342949
-0.6475507567532058
-0.0833093516666615
0.0994722661299431
-0.0143710230568687
0.0998876182182719
0.4264008007408329
0.8988872535254665
0.2864891155090553
0.5883366259535104
-0.3587701593287805
0.6656335133026882
-0.8422941896586799
0.2153407885810197
0.3420890470210759
0.3565724705424475
0.0913994982243850
-0.8628915453342255
-0.4253983986877378
-0.2571002044125043
-0.3778886137334405
0.2745549193807150
0.7841685580165183
-0.4085333088901836
-0.5414340510927557
0.7037897963162586
-0.4430819130485373
0.1233187303196684
-0.0770284751675159
0.7630039271159534
-0.0010024020530950
-0.6417870491129626
-0.8279231666018111
0.1154531703627478
-0.0843117537197566
-0.5423147829830193
