0.0315328229780090
-0.0095616839852536
-0.5547199884128639
-0.3507362358187426
-0.3175625029432348
-0.0383989855690375
0.4309242646888125
0.1258827686094157
-0.1736755244533452
0.1167110378955726
0.3147406822122494
-0.1434173702826875
0.1711648426244458
-0.2546582116517396
-0.0822092604474281
-0.2399450473176389
-0.3099389000993249
0.0548621648259034
-0.1735267941915929
-0.3129267565227312
-0.0954134457990366
-0.1843167902623408
-0.2950118071924386
-0.1333194011449961
-0.4229891503573991
-0.5636214369303522
0.2492308124793695
-0.0885323045598369
-0.0191785457518245
-0.0229462247960546
0.5322255556432461
-0.2785779415092762
0.1040562926247483
0.2281187873323262
0.2816835161305594
0.0687523710783196
0.0901522222719752
0.3757969292145523
-0.1350824100337116
-0.0870827914797839
-0.1296645109493728
-0.2841495867496064
-0.1978913970211093
0.2385637369909044
0.3512590832071309
0.3459762257824788
-0.1553292897890002
-0.1665827022619313
0.0370427593178086
0.3513444277155926
0.1554277031187137
-0.4654009976640036
0.0981694672501922
0.2070309515933023
-0.2714002711188364
0.1662773310008963
-0.0298843579491157
0.5406545460748666
0.1242659491661412
0.0201190818975021
-0.2362075927561463
0.0298512040799790
-0.1783026691012516
-0.1637560155732525
0.0542736820848706
0.1879198664394608
0.3340943078505946
-0.0816054966667671
-0.3690966711572213
-0.6464614524805357
0.1522826601898215
-0.1076592041802189
-0.3576982773847511
0.0785989736037503
-0.0715395035125243
0.1057256755951583
-0.3904236114790814
-0.2494874884295372
0.1502279212058432
-0.0561400569556899
0.1485520621708513
0.1509439225561345
-0.0575823964689700
0.2257071862363373
0.3079472261914792
-0.0790038062325145
-0.5603008961874252
0.2912548846270258
0.3452194590156034
-0.1740690156500970
0.0032873241706097
-0.4176690104470306
0.2152415429243382
-0.3161664625891427
0.0366128689276199
-0.1949073483818136
0.0765555665152344
0.0698302207124117
0.2827895306711475
0.1721674130512701
0.5233710430883324
0.0811481822320864
0.2966066118440652
0.0286362682619752
-0.3876543759399054
0.0416530605394176
-0.1290139056626217
-0.0616113232593137
-0.0125087799688806
0.4736333987365130
-0.5565493226583023
0.0975890021737823
-0.1027666563726941
-0.2357691541972123
-0.1802711346718610
0.2310372137504267
-0.4829403683126206
0.1899889349900535
0.0983045425742967
-0.0552604555378735
-0.1948746761465038
-0.0358263252305824
0.0251990687752445
0.0173356395426954
-0.5266782727918294
0.2183994624762372
0.0308039454828200
-0.1091504783506668
0.3741507758055466
0.0421563389576674
0.5259593753070627
-0.3400312809109107
-0.2936603197137838
0.0160802431522421
-0.0365831288114978
-0.5233786595546029
0.1774622620701196
-0.3319316831264638
0.0540496565512668
0.1138916595751568
0.2792891590083151
0.3013987250226346
-0.0418721172811696
0.0929363601391833
0.0894010453028464
0.2281372141683512
0.2221563232387930
-0.0565393869282615
-0.1116955269820086
0.5140149600093601
-0.0096810517272434
-0.2498390247859952
0.1284342978258979
-0.4374267616261677
-0.2373595328346923
0.1365271823600788
0.0323335375951483
-0.1765212709936583
0.2872156417723927
0.2444882540588747
-0.2916169683139167
-0.2795218832332516
-0.0056603385778536
-0.5609324732271547
-0.0484480396861890
-0.1406283690115152
0.1155695407677400
0.1012532098714713
-0.4056223213779775
-0.2463999632050084
-0.2797440649123675
-0.0298026327601753
-0.2073351351769317
-0.1284886923405302
-0.0156364596551850
0.1728912550128629
-0.0783097853855933
-0.1315303375408264
0.7053591076153417
-0.2040357130030368
0.3665343626510502
-0.3691332896701360
-0.0122495273006225
0.0624412018683932
0.0527237850369055
0.0604504986297711
0.4660553188631528
-0.0944524013342383
0.1613118531312248
0.4613446662151865
0.1220933529862839
0.3816755861221595
-0.2517565291804976
-0.0785030744671855
0.1542524120233416
-0.1758677104241580
0.0902358018308006
0.1742367447444245
0.2862279472390213
0.3311631655578220
0.0701238248113122
0.1260568507969320
-0.0496056310626048
-0.0543922826711004
0.0565360815541215
-0.4115116971220530
-0.5178758024291336
-0.1639940900386790
-0.2321584777695721
-0.4372894159414992
0.5638963723043623
0.2568882870690988
0.2652300999315852
0.2544968286925404
-0.3038767259544755
0.1809744108404288
0.1039739754943057
-0.2215604760523403
0.2291395331600561
0.0412606690355904
0.0998439566536856
0.0243624119808650
0.0691108069749718
0.4708446980707014
0.0684139521884283
-0.0202985907755257
0.2540762238165012
0.0172493552118029
0.0848396125117879
-0.2446074976516185
-0.5502673261140755
0.0304947931784219
-0.0591269559593832
-0.2461357463207891
0.0248856425905684
-0.2132903668904755
-0.1630499685841957
0.2858253430699743
-0.5488994388246206
0.2102811399020205
0.1140579941228610
-0.4660020883958794
-0.0198538357451094
-0.2143643398039047
-0.2449884113762890
-0.5055244129653659
0.1495876744501217
0.2089642864823770
0.1319071844839299
-0.2638494740213916
0.1186038583506685
-0.0781962937178240
-0.4281361994762434
-0.1719461580804162
0.1476689236825453
0.1467923470323093
-0.0358600780201308
0.1803734336644632
-0.6278924431802471
0.0509271239773470
0.0714418312948245
-0.0797352549931079
-0.3448306565022408
-0.4987773648880247
-0.1494424718991738
0.1244503547355309
0.0333494036447129
0.2994668329290886
-0.1715558522937931
-0.1029338913301184
0.1015405865492477
0.2500193300299018
0.4076616959540931
0.2839805034730511
0.3434442796218244
0.0636463819114278
0.5533093585005436
-0.2702401764851681
-0.2983409383320954
-0.0783255039552162
0.0739453767948886
0.0178302489528699
0.0280485276430695
-0.0996990463000595
0.2598198771253142
-0.0358154137400361
-0.0443484938618658
0.5152692663689012
-0.0257221675557588
-0.2156002585930581
0.1251205873009364
0.1483367978769372
0.0636108895695621
-0.2480792198237819
0.2118816948888118
-0.5653376268520437
-0.2271126296011219
0.2976645299571359
0.2020742307660017
0.1879774954187877
-0.2080325823284883
0.2287976928874500
-0.0173430954575573
0.3001254821282753
-0.2541964834411656
0.1925367597478070
0.3690004183729036
-0.2288950151604223
0.3759770436562831
-0.3406227830049240
-0.2477040811615310
-0.2034099634755751
0.3863910246192553
-0.1092712981285568
0.0490275069615506
-0.4577777090630918
-0.1505040597034972
0.0894485800250751
0.1235665753864458
0.4416066986288522
-0.1932443373151167
0.2288721198184244
0.0512224908599683
-0.0758636021314310
0.5588458276038427
-0.0390410209740847
0.0959275426919395
0.0407149282619316
0.3443751951493895
-0.0900560312051276
0.4491610563161369
0.0151738334555779
0.2781711420110086
0.1219655330870328
-0.2889612484777718
0.0868520012561425
0.1178782445900790
0.4023944867405794
-0.4762904050371059
0.1375121953867080
0.1954523368322123
0.2406150113766378
0.2102428400570482
-0.2294691977005871
-0.0139043171497191
-0.1789649577648118
0.0927738270973646
-0.0977747740572417
0.3256367204199945
0.0527413739999377
0.2730801981147155
0.5275058929353750
0.2106893187549964
0.0059847320433309
-0.0000783091093109
0.1457538326318293
0.3374708064616814
0.0199101691921258
-0.1216234664495513
-0.5416670997930109
-0.3359637557143907
-0.0004680183808894
0.5681169545336164
0.0489488989963229
-0.2338609512721965
0.3191201521039627
0.0219010853367933
-0.0230289607983224
-0.1034440042314505
-0.3329964188019074
0.3215139654070723
0.2406683204816304
0.2724805270883274
0.2165788834028129
-0.0201212007717653
-0.2633019064074217
0.1286818778944898
-0.0004001489666115
0.4264103767658873
-0.1681953036490972
-0.1705659725954325
-0.3973133164965885
0.2199230037050085
-0.3572084406002338
0.2470726596108109
-0.2458143928466161
0.2739689517416388
-0.0996499948099417
-0.0801302630250049
-0.3580548124512541
0.0332082008874419
0.1273249386249450
0.3140124584079028
-0.0391770409420831
0.1261907737678417
0.4088734984358331
-0.4619422136038088
0.2165570453189661
0.0539384384733437
0.0069980785157809
0.2933202830160935
-0.0195620533711830
-0.0916897286488697
-0.3758351652091053
-0.4473486680161422
-0.2209973163224384
0.3560744670935681
0.2029928906885574
-0.1405108299910727
0.1386261056599167
-0.5959822101732989
-0.1795848360781487
0.2469930736817944
0.3053069792552309
0.1882996691643382
0.1039355577167852
-0.1550071046439110
-0.2587282228841299
-0.1005895717230059
-0.2349382777335694
0.0670231703572183
-0.4461502293408152
-0.2334676276581041
0.0724331721191455
0.2685843022354452
0.1593688592835441
-0.2232163752803565
-0.3872352028041967
0.0069091570048474
0.2029965313402196
-0.1653345235175265
0.2387696635502350
0.0727370988653905
-0.1947934576239020
-0.5201486277366755
-0.0113607054566695
-0.0738157733478014
0.0003502098225421
-0.3620589035491505
0.3619203283068018
0.0127064774036959
-0.1286734051287694
0.4200786421837950
0.4723776709953228
0.0325764582810963
-0.2256957584346526
0.2699446702724003
-0.1739837386030000
-0.0273224880816751
0.4001715314063571
0.0377995479282003
-0.0264692951299451
0.3697453050991501
0.0212895052038762
-0.2082083978786475
-0.3933416562845582
0.2428190768829205
0.3009153261914990
0.1880710127873997
-0.0133270469083141
-0.2303292585443459
0.5663431571329276
0.0103031194610969
0.2888800062944461
-0.1422108872611795
-0.0489778667610913
-0.0825485033977103
0.0299971659880045
0.3569670120567808
-0.2836487448941822
-0.5656883968972645
-0.3063674477472767
-0.2647402809506160
0.3466998645592871
-0.2745175197862510
0.1958022907185717
0.0238956373235234
0.1939183676171021
0.1591438273181076
-0.0255330935756385
-0.1810560467816273
-0.1020189230027628
0.0817982789557700
0.2815299329427333
0.2392996120812574
-0.1330554763317673
-0.2873140120721793
-0.2129898196667799
-0.2956458558785378
0.2021194875404150
0.5095879350117726
0.2492017684920593
0.3333689723591396
-0.2852401958451038
0.1595046438918274
-0.3670111757213424
-0.5404114992735122
0.0068938277976475
0.2833462441761624
-0.5209263836805361
-0.0649680976184385
0.1786295997325436
0.1128616361464069
0.0189121993697841
0.2002963441708753
-0.0013310767759636
0.1350021934577117
0.2593079126764430
-0.1932577045825521
0.0969606153401015
-0.0714483280873056
-0.0720245999263562
-0.3258339212797851
0.2443928200621866
-0.1787381493871302
0.1151714671952275
-0.3149463966621995
-0.4187947811348484
-0.0781351966769021
0.4917717081913294
0.0724627645586996
0.0965948175152214
-0.2470750155490290
0.3696042164731942
0.2093815445238186
0.2228602811492879
0.3463835978351398
0.0677670472140526
-0.2742378654816570
0.1032287109399262
-0.2693242405347546
0.4631891318474958
-0.2475156530995277
0.1290193064427128
0.3031208722880130
-0.2110930176904189
-0.0869761789407417
0.3328730552300290
0.0660629311008217
-0.3401924319495421
-0.1410766233048894
0.0027214906258520
-0.3801662439361873
0.1032939601835903
-0.0106954902354078
-0.0102853555558279
-0.2254470201064358
0.4505869331301778
-0.3435353817021309
0.2952526762438006
-0.0486079251350781
-0.1835324981947432
0.3744632830547956
0.1304584563574030
0.4151374116996218
-0.3636781889301424
-0.1033821099792992
-0.2052817852028814
-0.4773306394447484
0.0866996426874952
0.2055239149649636
0.1938718886272248
0.1513915805345939
0.0679003015840408
-0.1350317009463683
-0.2286757214650603
0.1130857434592315
0.5255076775887251
0.3265707008609184
-0.0779154155487722
0.2716650569707650
0.2521840776989905
-0.1837539803070377
0.0300428638622678
0.1551193080819790
-0.0819550561538443
-0.0808201706542548
-0.6526622389449942
0.2558800854644782
-0.0211979615893140
-0.1157908893657192
0.3395518037514748
0.1423445807105639
-0.2199984662133716
0.3183809443613583
-0.1122520692180209
0.2409596087452018
0.5025503638123533
-0.3742269719921639
0.1267035495779099
0.1887813739485069
-0.0698896173301981
-0.2926441245509294
0.1523737290302880
0.4619325020121045
0.2479848383755925
0.1027752637886114
-0.1629563373475433
0.0423414580602695
0.2398160018177865
0.4228107011805510
0.1874263662727892
-0.3805452104593768
-0.0859467352574416
-0.2339768061589918
-0.0441755349467184
0.1066665969507632
-0.1780752812722884
-0.3324367247594761
-0.0461228820545776
-0.1440288797560944
0.4728258287654006
-0.2667602019648370
0.1364410291030649
-0.2956155251846849
-0.2087919685957918
-0.5248034545782182
0.0305464653170701
0.2054041230545990
0.4246348064551411
-0.1006272104433327
0.2479232836563042
-0.0769848229455283
0.1834484428935645
-0.4386675752289902
0.0645608594710756
0.3589366048585219
0.0956039152868343
0.0171650561931882
0.1072810528990845
-0.1242796361730790
-0.6365844571889706
0.3583549126881996
-0.0138381333892747
0.0809719969603862
0.1027506113459333
0.0531324267002022
-0.3932429753713101
-0.2677297410180022
0.0736860252274182
0.0745509740497535
-0.2902068832573818
-0.3143709980403958
0.0897362672282720
0.0485733385604080
