0.5981337539826316
-0.4235537610874707
-0.4436638690385398
0.0364042072785171
0.1330081122905189
0.4969750203806943
-0.1843511307010128
0.5185772137846925
0.0953304133744557
-0.5130822949141136
0.1861151766839409
-0.6245895819592182
-0.0304204078956769
-0.1526951363380583
-0.8996223086288250
-0.1357477569436889
-0.3767853874273851
0.0777419722251622
0.5036860774086539
0.1189550942444481
0.6551071318231009
-0.3216372478392251
-0.4304148070635151
-0.1194874113677842
0.2332491490138820
0.3737972299168879
0.1956982444731888
0.4013961222467663
-0.7742523772340922
-0.0835887067341597
-0.3640088024737033
0.0507090853239403
-0.6735564202128210
-0.4518642746629186
0.3544538750865378
0.2853577699955815
-0.1351951545120842
-0.3630905166204937
0.4985493281070143
0.4659948071297763
0.4947318627235622
-0.3733970247804853
-0.3505655887091667
-0.6205505712161155
-0.2195601098930142
0.2292097757689719
0.5625970627509697
-0.2734255628064703
-0.4130563370362876
0.6017684981631223
0.1681386289539601
0.6216291670654718
-0.2260988450588064
-0.0380135426224567
-0.1617921538983086
-0.6770549690609520
-0.2297349865858015
0.2025263255206265
0.4235323872109881
0.4921840186350180
-0.0013646854314962
0.0050813359932071
-0.4640120798209543
0.5993052347228136
0.2526703540723647
0.6013784459433250
-0.0922887436307828
-0.1657345512006135
-0.6434102991878264
0.4229514851909772
-0.4287598326396015
-0.4327991223720564
0.7006820651292629
0.2984455591936843
0.2426782294388332
0.5932527606429805
0.0721822970441049
-0.0626342298037798
-0.2642910152521417
0.9558625395990067
0.0517907736596827
0.0020945020834189
0.0869353148598813
0.0789470993976159
0.4442967860712208
-0.3048108743743629
0.2020591375771696
0.0227877644151311
-0.7961932993658866
-0.1855256033794663
-0.6053992773438472
-0.2140090438644625
0.2692418492734241
-0.1110359824038545
0.4937601389689778
-0.5089917548571291
0.4853171684672161
0.5742831440072668
0.2345228787945615
-0.1297483675264420
0.1585507078135432
0.5811128719948062
0.0659006359352724
0.2002612964827571
0.1757046697938446
0.8924529198372673
0.2298689840815374
0.2745331024817698
-0.1475470609882377
0.5400337134982374
-0.1793906484355178
0.0793505930910977
-0.3660725176306419
0.7170124430890834
-0.0676226868108207
-0.5961392158069162
-0.7082146231446891
-0.2779476045090392
0.2462606035349525
-0.0240436990480790
-0.0068058458747479
0.7739605195214730
-0.3280742447861372
0.1023052636232347
-0.5316182604419309
-0.0148910305775811
-0.1899880433744710
0.0779599124278641
0.2926950916025305
0.0057311411529027
-0.7588245806400777
-0.5443425287613138
-0.5159233688690662
0.2136763477906379
-0.0330888400780708
-0.6819193548518186
0.4673246919936417
-0.0605330508355831
0.3470129722782725
0.3165133253227922
0.2892323016935884
0.2669406840945460
0.7422249899149430
0.2712761013094127
-0.6418557353478703
0.3402288669988512
0.1879176585365052
-0.5995428340772669
-0.2780090696576174
-0.0145545170509036
0.3709176944890888
0.0428640436261245
-0.0891492155235522
0.3388684476588541
-0.5125840644708594
-0.6892466228297854
0.1719483619520274
-0.3692974141057045
0.3898530168936967
0.0572531089142710
0.4845633593457327
0.6663244241921247
-0.6392546365798421
-0.2664555746869036
-0.3839688136172921
-0.0344069087885416
0.0243526659988101
0.6092175299391364
0.6504431107426351
-0.3035926547319606
-0.3997958573572549
-0.2513075714148020
0.0961033455605833
-0.5025208290627161
0.5905042994875036
-0.2202077014338738
0.3349970565075756
-0.5290959377683253
0.1955454516853731
-0.4152224435281202
-0.5728018296637277
0.1088192493137700
-0.0560230158514307
0.4712205792415247
-0.3081809602175841
-0.5830038748295192
-0.5700322903092971
0.1220234789722581
-0.2866171546288948
-0.2771990650449365
-0.5879061780031097
0.3943996316690334
0.6104254254375028
-0.2601545371046874
-0.6151612068856536
0.2789612603503017
-0.3026998619339118
-0.1087681716093345
-0.3005285975680763
-0.1317194998813287
0.4522480123979387
0.0478881342812310
0.8119447533332106
0.1620392384782971
0.5740212988085062
0.3525191051019537
-0.4971983353398799
0.4945909587274823
0.1300274739700766
0.1936395722613453
0.2609290520487272
0.4406817391433309
-0.4288059454918779
0.1415779325167002
0.7299909080276685
-0.0301671827424292
-0.2612279674043144
0.4903120771232213
-0.7768469443630698
0.0421563023895588
-0.0775126717159092
0.2829796335409785
-0.6560955733603528
0.4842541179239764
-0.1953427991425889
-0.2353401198330053
0.1116327129841912
0.4785717334972215
0.2936524578900955
0.3780183574185212
-0.8119511462768048
0.0923158524132885
-0.1300174404335011
-0.2935624977169606
-0.6951364703641618
-0.5401134311943748
0.1793507135326457
-0.1422284995032980
0.3526403469382480
0.2197997502472142
-0.2430180637588354
0.1473907537706799
-0.1401187069774244
-0.8103783264315741
-0.0532398508511074
0.4899361393856398
-0.4041972316732333
0.3240509349226546
-0.6471204672866803
0.2974342526418414
0.1110820484980772
-0.4604827186322813
-0.0349145447225477
0.2508729896352772
0.0324536469410944
-0.5847039520494171
-0.7595976879955227
-0.1261868427695526
0.3782699930551719
0.8035960436714051
-0.3972203825422370
-0.1311102703690711
0.1062857714942046
0.1577168679131540
-0.0893221343170113
-0.1278075998000791
0.6448486472828288
-0.5319045333681304
0.4429818837518309
-0.2840802948147120
-0.0500632534342157
0.0307999639828718
0.5319784473349310
-0.7479219711896297
-0.3189464373135594
0.2289756746516057
0.2002562944441516
0.0837091420350077
-0.1257159401169843
-0.1574230504096327
0.0317342456855570
-0.9546185726908198
0.2008798671946244
0.1334840186218231
0.1562461215541766
-0.9124506232074104
0.2911435866291444
0.0092583692323581
-0.0770017847129280
0.4942754635505995
0.3542590650972638
-0.2746978452185473
0.7300292872585321
-0.1259418105966528
0.7178737766570530
-0.5627763870108748
0.2428577494134782
-0.0191801589338460
0.2877004015169942
0.1606881857237134
0.2772401439090045
0.3351811218964615
-0.4903739432397751
-0.6057788178481850
0.0373193047325824
-0.4494042804221494
-0.3583038285392082
-0.0211540595618315
0.4945637036968756
0.5203229770520411
-0.5961907257421843
-0.0199557834859495
-0.0046615853480538
-0.1842689711928439
-0.4716141037034057
-0.0146980712730337
-0.4383422099477819
0.7424576935722026
-0.5757260850714337
-0.0332628989341781
-0.0593466905661152
-0.4226709156961744
-0.2065638161680442
-0.6652756659583429
-0.0160980398139283
-0.5350411186436020
-0.6977876357983134
0.4494951587755944
-0.0332420899835880
0.1530141676204492
0.4703928207664994
0.3450097460928488
-0.0287143990510184
-0.2733773200413849
0.5665362663879823
-0.5130066786247311
0.0326929694597682
0.5253481428236355
-0.1395897112346815
-0.5115651043701238
0.5219393751968515
0.4115041235601202
-0.7101386386789003
-0.1285030708427396
0.5856839465041003
0.3401633056945392
0.0817337195585796
-0.1173580589168448
-0.7136972008016864
-0.4841152277628875
-0.0963415311183422
0.4926502186954935
-0.0187165456801859
0.0627097610805722
-0.0013330686990320
-0.4416457264064072
-0.3644847020114184
-0.4671952942142156
0.1574829764212954
0.6550006461645900
-0.1992030746464030
0.0069647699402725
0.8895375397506231
-0.0718954863764933
-0.3339781889475407
-0.2286530138693025
0.0768472224362582
0.2607887542139219
0.6366375697438019
0.3360725220342607
0.1718041513587072
0.6150731081583185
0.5913450252116915
0.1478011133371037
0.5036585090733446
0.2523529752366472
-0.3771175530514151
0.4109675478203083
0.7257023596032844
0.1462906140116917
0.6089457135789182
-0.0614243198638185
0.2654090775102490
0.0832185912918236
0.4933825553279121
-0.4942846977053741
-0.0053655709877475
-0.1353877483417612
-0.5053285778318153
0.4884062739009453
-0.9503994736114088
0.0901032593522849
-0.0705025107373025
0.0870507247658737
0.2743325517647165
-0.0285562874509980
0.0503637074377982
0.0254634230793263
0.0396623299485079
-0.0544992874853695
-0.9095602265538772
0.4061674932538366
0.6105983106448566
0.1599355586098805
-0.3223868956903845
0.3891748388419189
0.1946011910971798
-0.5552750047074290
0.2177231063293181
-0.5933120892716507
-0.4129823260022440
0.3587693801663105
0.1174089245059170
-0.5362114213681419
-0.2546532158182533
-0.7593676554546679
-0.0497652310556579
-0.4872706525502979
0.1180101386042887
-0.3235380095915833
0.0140440973997774
0.1519341411144760
0.1493411233751357
0.6465612107492258
-0.4776022712415663
0.5552212894157402
0.4050246276956807
0.7889011228525963
0.3260059986912717
0.0796836296803306
0.2835974327249219
-0.1432940105238044
0.3889001981809549
-0.5324887905715079
-0.3090614593384247
0.0053411346553389
0.6734125175824848
-0.1272021680865680
0.3941419281190344
-0.1218366504462624
0.2485629631902765
-0.3513272105040895
0.8026203065475511
0.0198559591469379
-0.5623932079021392
-0.0790052945503941
0.0303400773399173
0.4411696110605492
0.4681303435605831
0.5126157221155910
-0.1228363605741992
0.0447801546229753
0.6862213603941473
-0.0050442299219362
-0.4853220074424250
0.5257787706328422
0.5290976679806433
-0.0993032778513269
-0.0164189046879005
-0.7473176804627417
-0.3349137075223901
0.1981767627540403
-0.3547551235439173
0.5306681938617603
0.4197889301131463
0.3886279275294565
0.4970480193135072
0.1350145360247412
0.2045968106196766
-0.6095818087161625
0.3753639346193260
-0.5829545421397669
-0.3043290938377827
-0.1148907506989809
0.1176424403755025
0.7267225962460019
-0.2340923553306974
0.1338857637713373
0.1231970302715130
-0.6083850651481667
-0.0046004004236588
-0.7214309873906402
0.0471934142872893
0.6765525512606629
0.1383884858077681
-0.0203524144743988
-0.1645021699518727
-0.4743207695823932
0.3033004092177351
-0.7145180744801716
0.2464159685404714
0.2910511932318017
-0.3089232321371017
-0.2752467856243369
0.4686317950097351
0.1642447762643694
-0.1212640659678668
-0.7533316428573796
-0.8519937018391213
-0.0942343234606539
0.1496002494617585
0.0019641987359025
-0.4829901110290351
-0.0977910233142564
0.3940739550569454
-0.2736676944455581
0.6041099170109064
0.5516700608883903
0.2701183622591162
0.1660094377484543
-0.2479702604809626
0.6494671699327418
-0.5000518149685629
-0.3070515424576838
0.3713790881092084
-0.1856023993183682
-0.2306130407348366
-0.1106556402394086
-0.1172210601281126
0.3942598927111921
0.3402718853390989
-0.8059816119712753
0.1240481935423082
-0.5095337287071524
0.0424306594874802
-0.2009087921312833
-0.4150278205351853
-0.7145450507492838
-0.1351460607700591
-0.4313508687085147
-0.0904355658804517
-0.6055139343577579
-0.5401301596854233
0.3593127671589418
